model_name,workflow,y_true,y_pred,y_pred_proba
Random Forest,No SMOTE,0,0,0.0
Random Forest,No SMOTE,0,0,0.0
Random Forest,No SMOTE,0,0,0.0
Random Forest,No SMOTE,0,0,0.0
Random Forest,No SMOTE,0,0,0.0
Random Forest,No SMOTE,0,0,0.0
Random Forest,No SMOTE,0,0,0.0
Random Forest,No SMOTE,0,0,0.0
Random Forest,No SMOTE,0,0,0.0
Random Forest,No SMOTE,0,0,0.019943051711435456
Random Forest,No SMOTE,0,0,0.0
Random Forest,No SMOTE,0,0,0.0
Random Forest,No SMOTE,0,0,0.0
Random Forest,No SMOTE,0,0,0.0
Random Forest,No SMOTE,0,0,0.0
Random Forest,No SMOTE,0,0,0.008096769891022433
Random Forest,No SMOTE,0,0,0.0
Random Forest,No SMOTE,0,0,0.0
Random Forest,No SMOTE,0,0,0.0
Random Forest,No SMOTE,0,0,0.0
Random Forest,No SMOTE,0,0,0.0
Random Forest,No SMOTE,0,0,0.0
Random Forest,No SMOTE,0,0,0.0
Random Forest,No SMOTE,0,0,0.0
Random Forest,No SMOTE,0,0,0.008096769891022433
Random Forest,No SMOTE,0,0,0.0
Random Forest,No SMOTE,0,0,0.0
Random Forest,No SMOTE,0,0,0.008096769891022433
Random Forest,No SMOTE,0,0,0.0
Random Forest,No SMOTE,0,0,0.0
Random Forest,No SMOTE,0,0,0.0
Random Forest,No SMOTE,0,0,0.0
Random Forest,No SMOTE,0,0,0.0
Random Forest,No SMOTE,0,0,0.0
Random Forest,No SMOTE,0,0,0.008096769891022433
Random Forest,No SMOTE,0,0,0.0
Random Forest,No SMOTE,0,0,0.0
Random Forest,No SMOTE,0,0,0.0
Random Forest,No SMOTE,0,0,0.0
Random Forest,No SMOTE,0,0,0.0
Random Forest,No SMOTE,0,0,0.0
Random Forest,No SMOTE,0,0,0.0
Random Forest,No SMOTE,0,0,0.0
Random Forest,No SMOTE,0,0,0.0
Random Forest,No SMOTE,0,0,0.0
Random Forest,No SMOTE,0,0,0.0
Random Forest,No SMOTE,0,0,0.0
Random Forest,No SMOTE,0,0,0.0234025775214689
Random Forest,No SMOTE,0,0,0.0
Random Forest,No SMOTE,0,0,0.0
Random Forest,No SMOTE,0,0,0.0
Random Forest,No SMOTE,0,0,0.0
Random Forest,No SMOTE,0,0,0.0
Random Forest,No SMOTE,0,0,0.0
Random Forest,No SMOTE,0,0,0.0
Random Forest,No SMOTE,0,0,0.0
Random Forest,No SMOTE,0,0,0.0
Random Forest,No SMOTE,0,0,0.0
Random Forest,No SMOTE,0,0,0.0
Random Forest,No SMOTE,0,0,0.0
Random Forest,No SMOTE,0,0,0.0
Random Forest,No SMOTE,0,0,0.0
Random Forest,No SMOTE,0,0,0.0
Random Forest,No SMOTE,0,0,0.008096769891022433
Random Forest,No SMOTE,0,0,0.0
Random Forest,No SMOTE,0,0,0.0
Random Forest,No SMOTE,0,0,0.0
Random Forest,No SMOTE,0,0,0.0
Random Forest,No SMOTE,0,0,0.0
Random Forest,No SMOTE,0,0,0.0
Random Forest,No SMOTE,0,0,0.0
Random Forest,No SMOTE,0,0,0.0
Random Forest,No SMOTE,0,0,0.0
Random Forest,No SMOTE,0,0,0.0
Random Forest,No SMOTE,0,0,0.0
Random Forest,No SMOTE,0,0,0.0
Random Forest,No SMOTE,0,0,0.005421603354912019
Random Forest,No SMOTE,0,0,0.0
Random Forest,No SMOTE,0,0,0.0
Random Forest,No SMOTE,0,0,0.0
Random Forest,No SMOTE,0,0,0.0
Random Forest,No SMOTE,0,0,0.0
Random Forest,No SMOTE,0,0,0.0
Random Forest,No SMOTE,0,0,0.0
Random Forest,No SMOTE,0,0,0.0
Random Forest,No SMOTE,0,0,0.0
Random Forest,No SMOTE,0,0,0.0
Random Forest,No SMOTE,0,0,0.0
Random Forest,No SMOTE,0,0,0.0
Random Forest,No SMOTE,0,0,0.0
Random Forest,No SMOTE,0,0,0.0
Random Forest,No SMOTE,0,0,0.0
Random Forest,No SMOTE,0,0,0.0
Random Forest,No SMOTE,0,0,0.0
Random Forest,No SMOTE,0,0,0.0
Random Forest,No SMOTE,0,0,0.0
Random Forest,No SMOTE,0,0,0.0
Random Forest,No SMOTE,0,0,0.0
Random Forest,No SMOTE,0,0,0.0
Random Forest,No SMOTE,0,0,0.0
Random Forest,No SMOTE,0,0,0.008096769891022433
Random Forest,No SMOTE,0,0,0.0
Random Forest,No SMOTE,0,0,0.0
Random Forest,No SMOTE,0,0,0.0
Random Forest,No SMOTE,0,0,0.008096769891022433
Random Forest,No SMOTE,0,0,0.0
Random Forest,No SMOTE,0,0,0.0
Random Forest,No SMOTE,0,0,0.0
Random Forest,No SMOTE,0,0,0.0
Random Forest,No SMOTE,0,0,0.0
Random Forest,No SMOTE,0,0,0.0
Random Forest,No SMOTE,0,0,0.0
Random Forest,No SMOTE,0,0,0.0
Random Forest,No SMOTE,0,0,0.0
Random Forest,No SMOTE,0,0,0.0
Random Forest,No SMOTE,0,0,0.0
Random Forest,No SMOTE,0,0,0.0
Random Forest,No SMOTE,0,0,0.0
Random Forest,No SMOTE,0,0,0.0
Random Forest,No SMOTE,0,0,0.005421603354912019
Random Forest,No SMOTE,0,0,0.0
Random Forest,No SMOTE,0,0,0.0
Random Forest,No SMOTE,0,0,0.0
Random Forest,No SMOTE,0,0,0.0
Random Forest,No SMOTE,0,0,0.008096769891022433
Random Forest,No SMOTE,0,0,0.0
Random Forest,No SMOTE,0,0,0.0
Random Forest,No SMOTE,0,0,0.0
Random Forest,No SMOTE,0,0,0.0
Random Forest,No SMOTE,0,0,0.0
Random Forest,No SMOTE,0,0,0.0
Random Forest,No SMOTE,0,0,0.0
Random Forest,No SMOTE,0,0,0.0
Random Forest,No SMOTE,0,0,0.0
Random Forest,No SMOTE,0,0,0.0
Random Forest,No SMOTE,0,0,0.0
Random Forest,No SMOTE,0,0,0.0
Random Forest,No SMOTE,0,0,0.0
Random Forest,No SMOTE,0,0,0.0
Random Forest,No SMOTE,0,0,0.0
Random Forest,No SMOTE,0,0,0.0
Random Forest,No SMOTE,0,0,0.0
Random Forest,No SMOTE,0,0,0.005421603354912019
Random Forest,No SMOTE,0,0,0.0
Random Forest,No SMOTE,0,0,0.0
Random Forest,No SMOTE,0,0,0.0
Random Forest,No SMOTE,0,0,0.008096769891022433
Random Forest,No SMOTE,0,0,0.0
Random Forest,No SMOTE,0,0,0.0
Random Forest,No SMOTE,0,0,0.0
Random Forest,No SMOTE,0,0,0.0
Random Forest,No SMOTE,0,0,0.0
Random Forest,No SMOTE,0,0,0.0
Random Forest,No SMOTE,0,0,0.0
Random Forest,No SMOTE,0,0,0.0
Random Forest,No SMOTE,0,0,0.0
Random Forest,No SMOTE,0,0,0.0
Random Forest,No SMOTE,0,0,0.0
Random Forest,No SMOTE,0,0,0.0
Random Forest,No SMOTE,0,0,0.0
Random Forest,No SMOTE,0,0,0.0
Random Forest,No SMOTE,0,0,0.0
Random Forest,No SMOTE,0,0,0.0
Random Forest,No SMOTE,0,0,0.0
Random Forest,No SMOTE,0,0,0.0
Random Forest,No SMOTE,0,0,0.0
Random Forest,No SMOTE,0,0,0.008096769891022433
Random Forest,No SMOTE,0,0,0.0
Random Forest,No SMOTE,0,0,0.0
Random Forest,No SMOTE,0,0,0.0
Random Forest,No SMOTE,0,0,0.008096769891022433
Random Forest,No SMOTE,0,0,0.0
Random Forest,No SMOTE,0,0,0.0
Random Forest,No SMOTE,0,0,0.0
Random Forest,No SMOTE,0,0,0.0
Random Forest,No SMOTE,0,0,0.0
Random Forest,No SMOTE,0,0,0.0
Random Forest,No SMOTE,0,0,0.0
Random Forest,No SMOTE,0,0,0.0
Random Forest,No SMOTE,0,0,0.0
Random Forest,No SMOTE,0,0,0.0
Random Forest,No SMOTE,0,0,0.0
Random Forest,No SMOTE,0,0,0.0
Random Forest,No SMOTE,0,0,0.0
Random Forest,No SMOTE,0,0,0.0
Random Forest,No SMOTE,0,0,0.0
Random Forest,No SMOTE,0,0,0.0
Random Forest,No SMOTE,0,0,0.0
Random Forest,No SMOTE,0,0,0.0
Random Forest,No SMOTE,0,0,0.0
Random Forest,No SMOTE,0,0,0.0
Random Forest,No SMOTE,0,0,0.02983746783570099
Random Forest,No SMOTE,0,0,0.0
Random Forest,No SMOTE,0,0,0.0
Random Forest,No SMOTE,0,0,0.008096769891022433
Random Forest,No SMOTE,0,0,0.0
Random Forest,No SMOTE,0,0,0.0
Random Forest,No SMOTE,0,0,0.0
Random Forest,No SMOTE,0,0,0.0
Random Forest,No SMOTE,0,0,0.008096769891022433
Random Forest,No SMOTE,0,0,0.008096769891022433
Random Forest,No SMOTE,0,0,0.0
Random Forest,No SMOTE,0,0,0.008096769891022433
Random Forest,No SMOTE,0,0,0.0
Random Forest,No SMOTE,0,0,0.0
Random Forest,No SMOTE,0,0,0.0
Random Forest,No SMOTE,0,0,0.0
Random Forest,No SMOTE,0,0,0.0
Random Forest,No SMOTE,0,0,0.0
Random Forest,No SMOTE,0,0,0.0
Random Forest,No SMOTE,0,0,0.0
Random Forest,No SMOTE,0,0,0.0
Random Forest,No SMOTE,0,0,0.0
Random Forest,No SMOTE,0,0,0.0
Random Forest,No SMOTE,0,0,0.0
Random Forest,No SMOTE,0,0,0.013518373245934452
Random Forest,No SMOTE,0,0,0.0
Random Forest,No SMOTE,0,0,0.005421603354912019
Random Forest,No SMOTE,0,0,0.005421603354912019
Random Forest,No SMOTE,0,0,0.0
Random Forest,No SMOTE,0,0,0.0
Random Forest,No SMOTE,0,0,0.0
Random Forest,No SMOTE,0,0,0.0
Random Forest,No SMOTE,0,0,0.013518373245934452
Random Forest,No SMOTE,0,0,0.0
Random Forest,No SMOTE,0,0,0.0
Random Forest,No SMOTE,0,0,0.0
Random Forest,No SMOTE,0,0,0.013518373245934452
Random Forest,No SMOTE,0,0,0.0
Random Forest,No SMOTE,0,0,0.0
Random Forest,No SMOTE,0,0,0.0
Random Forest,No SMOTE,0,0,0.0
Random Forest,No SMOTE,0,0,0.0
Random Forest,No SMOTE,0,0,0.0
Random Forest,No SMOTE,0,0,0.0
Random Forest,No SMOTE,0,0,0.0
Random Forest,No SMOTE,0,0,0.0
Random Forest,No SMOTE,0,0,0.0
Random Forest,No SMOTE,0,0,0.017576059157889068
Random Forest,No SMOTE,0,0,0.0
Random Forest,No SMOTE,0,0,0.008096769891022433
Random Forest,No SMOTE,0,0,0.0
Random Forest,No SMOTE,0,0,0.0
Random Forest,No SMOTE,0,0,0.0
Random Forest,No SMOTE,0,0,0.008096769891022433
Random Forest,No SMOTE,0,0,0.01
Random Forest,No SMOTE,0,0,0.0
Random Forest,No SMOTE,0,0,0.0
Random Forest,No SMOTE,0,0,0.0
Random Forest,No SMOTE,0,0,0.0
Random Forest,No SMOTE,0,0,0.0
Random Forest,No SMOTE,0,0,0.008096769891022433
Random Forest,No SMOTE,0,0,0.0
Random Forest,No SMOTE,0,0,0.0
Random Forest,No SMOTE,0,0,0.0
Random Forest,No SMOTE,0,0,0.0
Random Forest,No SMOTE,0,0,0.0
Random Forest,No SMOTE,0,0,0.0
Random Forest,No SMOTE,0,0,0.0
Random Forest,No SMOTE,0,0,0.0
Random Forest,No SMOTE,0,0,0.0
Random Forest,No SMOTE,0,0,0.0
Random Forest,No SMOTE,0,0,0.0
Random Forest,No SMOTE,0,0,0.0
Random Forest,No SMOTE,0,0,0.008096769891022433
Random Forest,No SMOTE,0,0,0.0
Random Forest,No SMOTE,0,0,0.0
Random Forest,No SMOTE,0,0,0.0
Random Forest,No SMOTE,0,0,0.0
Random Forest,No SMOTE,0,0,0.0
Random Forest,No SMOTE,0,0,0.0
Random Forest,No SMOTE,0,0,0.0
Random Forest,No SMOTE,0,0,0.0
Random Forest,No SMOTE,0,0,0.0
Random Forest,No SMOTE,0,0,0.0
Random Forest,No SMOTE,0,0,0.0
Random Forest,No SMOTE,0,0,0.0
Random Forest,No SMOTE,0,0,0.0
Random Forest,No SMOTE,0,0,0.0
Random Forest,No SMOTE,0,0,0.0
Random Forest,No SMOTE,0,0,0.0
Random Forest,No SMOTE,0,0,0.0
Random Forest,No SMOTE,0,0,0.0
Random Forest,No SMOTE,0,0,0.0
Random Forest,No SMOTE,0,0,0.0
Random Forest,No SMOTE,0,0,0.0
Random Forest,No SMOTE,0,0,0.0
Random Forest,No SMOTE,0,0,0.0
Random Forest,No SMOTE,0,0,0.0
Random Forest,No SMOTE,0,0,0.0
Random Forest,No SMOTE,0,0,0.0
Random Forest,No SMOTE,0,0,0.0
Random Forest,No SMOTE,0,0,0.0
Random Forest,No SMOTE,0,0,0.0
Random Forest,No SMOTE,0,0,0.0
Random Forest,No SMOTE,0,0,0.0
Random Forest,No SMOTE,0,0,0.0
Random Forest,No SMOTE,0,0,0.0
Random Forest,No SMOTE,0,0,0.0
Random Forest,No SMOTE,0,0,0.008096769891022433
Random Forest,No SMOTE,0,0,0.0
Random Forest,No SMOTE,0,0,0.008096769891022433
Random Forest,No SMOTE,0,0,0.0
Random Forest,No SMOTE,0,0,0.005421603354912019
Random Forest,No SMOTE,0,0,0.0
Random Forest,No SMOTE,0,0,0.0
Random Forest,No SMOTE,0,0,0.0
Random Forest,No SMOTE,0,0,0.0
Random Forest,No SMOTE,0,0,0.008096769891022433
Random Forest,No SMOTE,0,0,0.0
Random Forest,No SMOTE,0,0,0.0
Random Forest,No SMOTE,0,0,0.0
Random Forest,No SMOTE,0,0,0.0
Random Forest,No SMOTE,0,0,0.0
Random Forest,No SMOTE,0,0,0.0
Random Forest,No SMOTE,0,0,0.0
Random Forest,No SMOTE,0,0,0.0
Random Forest,No SMOTE,0,0,0.0
Random Forest,No SMOTE,0,0,0.0
Random Forest,No SMOTE,0,0,0.0
Random Forest,No SMOTE,0,0,0.0
Random Forest,No SMOTE,0,0,0.0
Random Forest,No SMOTE,0,0,0.0
Random Forest,No SMOTE,0,0,0.0
Random Forest,No SMOTE,0,0,0.0
Random Forest,No SMOTE,0,0,0.0
Random Forest,No SMOTE,0,0,0.0
Random Forest,No SMOTE,0,0,0.0
Random Forest,No SMOTE,0,0,0.0
Random Forest,No SMOTE,0,0,0.0
Random Forest,No SMOTE,0,0,0.0
Random Forest,No SMOTE,0,0,0.0
Random Forest,No SMOTE,0,0,0.0
Random Forest,No SMOTE,0,0,0.0
Random Forest,No SMOTE,0,0,0.0
Random Forest,No SMOTE,0,0,0.0
Random Forest,No SMOTE,0,0,0.0
Random Forest,No SMOTE,0,0,0.0
Random Forest,No SMOTE,0,0,0.0
Random Forest,No SMOTE,0,0,0.008096769891022433
Random Forest,No SMOTE,0,0,0.0
Random Forest,No SMOTE,0,0,0.0
Random Forest,No SMOTE,0,0,0.0
Random Forest,No SMOTE,0,0,0.0
Random Forest,No SMOTE,0,0,0.0
Random Forest,No SMOTE,0,0,0.0
Random Forest,No SMOTE,0,0,0.0
Random Forest,No SMOTE,0,0,0.0
Random Forest,No SMOTE,0,0,0.0
Random Forest,No SMOTE,0,0,0.0
Random Forest,No SMOTE,0,0,0.0
Random Forest,No SMOTE,0,0,0.0
Random Forest,No SMOTE,0,0,0.0
Random Forest,No SMOTE,0,0,0.0
Random Forest,No SMOTE,0,0,0.0
Random Forest,No SMOTE,0,0,0.0
Random Forest,No SMOTE,0,0,0.0
Random Forest,No SMOTE,0,0,0.0
Random Forest,No SMOTE,0,0,0.0
Random Forest,No SMOTE,0,0,0.0
Random Forest,No SMOTE,0,0,0.0
Random Forest,No SMOTE,0,0,0.008096769891022433
Random Forest,No SMOTE,0,0,0.0
Random Forest,No SMOTE,0,0,0.0
Random Forest,No SMOTE,0,0,0.0
Random Forest,No SMOTE,0,0,0.0
Random Forest,No SMOTE,0,0,0.0
Random Forest,No SMOTE,0,0,0.0
Random Forest,No SMOTE,0,0,0.0
Random Forest,No SMOTE,0,0,0.0
Random Forest,No SMOTE,0,0,0.0
Random Forest,No SMOTE,0,0,0.0
Random Forest,No SMOTE,0,0,0.0
Random Forest,No SMOTE,0,0,0.0
Random Forest,No SMOTE,0,0,0.0
Random Forest,No SMOTE,0,0,0.008096769891022433
Random Forest,No SMOTE,0,0,0.0
Random Forest,No SMOTE,0,0,0.0
Random Forest,No SMOTE,0,0,0.0
Random Forest,No SMOTE,0,0,0.0
Random Forest,No SMOTE,0,0,0.0
Random Forest,No SMOTE,0,0,0.013518373245934452
Random Forest,No SMOTE,0,0,0.0
Random Forest,No SMOTE,0,0,0.0
Random Forest,No SMOTE,0,0,0.0
Random Forest,No SMOTE,0,0,0.0
Random Forest,No SMOTE,0,0,0.008096769891022433
Random Forest,No SMOTE,0,0,0.0
Random Forest,No SMOTE,0,0,0.0
Random Forest,No SMOTE,0,0,0.0
Random Forest,No SMOTE,0,0,0.0
Random Forest,No SMOTE,0,0,0.0
Random Forest,No SMOTE,0,0,0.0
Random Forest,No SMOTE,0,0,0.0
Random Forest,No SMOTE,0,0,0.028025941831680154
Random Forest,No SMOTE,0,0,0.008096769891022433
Random Forest,No SMOTE,0,0,0.0
Random Forest,No SMOTE,0,0,0.0
Random Forest,No SMOTE,0,0,0.013518373245934452
Random Forest,No SMOTE,0,0,0.0
Random Forest,No SMOTE,0,0,0.0
Random Forest,No SMOTE,0,0,0.0
Random Forest,No SMOTE,0,0,0.0
Random Forest,No SMOTE,0,0,0.0
Random Forest,No SMOTE,0,0,0.0
Random Forest,No SMOTE,0,0,0.0
Random Forest,No SMOTE,0,0,0.0
Random Forest,No SMOTE,0,0,0.005421603354912019
Random Forest,No SMOTE,0,0,0.0
Random Forest,No SMOTE,0,0,0.008096769891022433
Random Forest,No SMOTE,0,0,0.0
Random Forest,No SMOTE,0,0,0.0
Random Forest,No SMOTE,0,0,0.0
Random Forest,No SMOTE,0,0,0.0
Random Forest,No SMOTE,0,0,0.0
Random Forest,No SMOTE,0,0,0.0
Random Forest,No SMOTE,0,0,0.0
Random Forest,No SMOTE,0,0,0.0
Random Forest,No SMOTE,0,0,0.0
Random Forest,No SMOTE,0,0,0.013518373245934452
Random Forest,No SMOTE,0,0,0.0
Random Forest,No SMOTE,0,0,0.0
Random Forest,No SMOTE,0,0,0.0
Random Forest,No SMOTE,0,0,0.0
Random Forest,No SMOTE,0,0,0.0
Random Forest,No SMOTE,0,0,0.0
Random Forest,No SMOTE,0,0,0.0
Random Forest,No SMOTE,0,0,0.0
Random Forest,No SMOTE,0,0,0.0
Random Forest,No SMOTE,0,0,0.0
Random Forest,No SMOTE,0,0,0.0
Random Forest,No SMOTE,0,0,0.0
Random Forest,No SMOTE,0,0,0.0
Random Forest,No SMOTE,0,0,0.0
Random Forest,No SMOTE,0,0,0.008096769891022433
Random Forest,No SMOTE,0,0,0.0
Random Forest,No SMOTE,0,0,0.0
Random Forest,No SMOTE,0,0,0.0
Random Forest,No SMOTE,0,0,0.0
Random Forest,No SMOTE,0,0,0.0
Random Forest,No SMOTE,0,0,0.0
Random Forest,No SMOTE,0,0,0.0
Random Forest,No SMOTE,0,0,0.0
Random Forest,No SMOTE,0,0,0.0
Random Forest,No SMOTE,0,0,0.0
Random Forest,No SMOTE,0,0,0.0
Random Forest,No SMOTE,0,0,0.0
Random Forest,No SMOTE,0,0,0.0
Random Forest,No SMOTE,0,0,0.0
Random Forest,No SMOTE,0,0,0.0
Random Forest,No SMOTE,0,0,0.0
Random Forest,No SMOTE,0,0,0.0
Random Forest,No SMOTE,0,0,0.0
Random Forest,No SMOTE,0,0,0.0
Random Forest,No SMOTE,0,0,0.0
Random Forest,No SMOTE,0,0,0.0
Random Forest,No SMOTE,0,0,0.0
Random Forest,No SMOTE,0,0,0.008096769891022433
Random Forest,No SMOTE,0,0,0.0
Random Forest,No SMOTE,0,0,0.0
Random Forest,No SMOTE,0,0,0.0
Random Forest,No SMOTE,0,0,0.0
Random Forest,No SMOTE,0,0,0.008096769891022433
Random Forest,No SMOTE,0,0,0.0
Random Forest,No SMOTE,0,0,0.0
Random Forest,No SMOTE,0,0,0.0
Random Forest,No SMOTE,0,0,0.008096769891022433
Random Forest,No SMOTE,0,0,0.0
Random Forest,No SMOTE,0,0,0.0
Random Forest,No SMOTE,0,0,0.0
Random Forest,No SMOTE,0,0,0.0
Random Forest,No SMOTE,0,0,0.009982674174524371
Random Forest,No SMOTE,0,0,0.0
Random Forest,No SMOTE,0,0,0.017757245805125742
Random Forest,No SMOTE,0,0,0.0
Random Forest,No SMOTE,0,0,0.0
Random Forest,No SMOTE,0,0,0.0
Random Forest,No SMOTE,0,0,0.0
Random Forest,No SMOTE,0,0,0.0
Random Forest,No SMOTE,0,0,0.0
Random Forest,No SMOTE,0,0,0.0
Random Forest,No SMOTE,0,0,0.0
Random Forest,No SMOTE,0,0,0.0
Random Forest,No SMOTE,0,0,0.0
Random Forest,No SMOTE,0,0,0.008096769891022433
Random Forest,No SMOTE,0,0,0.0
Random Forest,No SMOTE,0,0,0.0
Random Forest,No SMOTE,0,0,0.0
Random Forest,No SMOTE,0,0,0.0
Random Forest,No SMOTE,0,0,0.0
Random Forest,No SMOTE,0,0,0.0
Random Forest,No SMOTE,0,0,0.0
Random Forest,No SMOTE,0,0,0.0
Random Forest,No SMOTE,0,0,0.0
Random Forest,No SMOTE,0,0,0.0
Random Forest,No SMOTE,0,0,0.0
Random Forest,No SMOTE,0,0,0.0
Random Forest,No SMOTE,0,0,0.0
Random Forest,No SMOTE,0,0,0.0
Random Forest,No SMOTE,0,0,0.0
Random Forest,No SMOTE,0,0,0.0
Random Forest,No SMOTE,0,0,0.0
Random Forest,No SMOTE,0,0,0.0
Random Forest,No SMOTE,0,0,0.0
Random Forest,No SMOTE,0,0,0.0
Random Forest,No SMOTE,0,0,0.005421603354912019
Random Forest,No SMOTE,0,0,0.0
Random Forest,No SMOTE,0,0,0.0
Random Forest,No SMOTE,0,0,0.0
Random Forest,No SMOTE,0,0,0.0
Random Forest,No SMOTE,0,0,0.0
Random Forest,No SMOTE,0,0,0.008096769891022433
Random Forest,No SMOTE,0,0,0.0
Random Forest,No SMOTE,0,0,0.0
Random Forest,No SMOTE,0,0,0.0
Random Forest,No SMOTE,0,0,0.0
Random Forest,No SMOTE,0,0,0.0
Random Forest,No SMOTE,0,0,0.0
Random Forest,No SMOTE,0,0,0.0
Random Forest,No SMOTE,0,0,0.0
Random Forest,No SMOTE,0,0,0.03799489542787359
Random Forest,No SMOTE,0,0,0.0
Random Forest,No SMOTE,0,0,0.0
Random Forest,No SMOTE,0,0,0.0
Random Forest,No SMOTE,0,0,0.0
Random Forest,No SMOTE,0,0,0.008096769891022433
Random Forest,No SMOTE,0,0,0.0
Random Forest,No SMOTE,0,0,0.0
Random Forest,No SMOTE,0,0,0.0
Random Forest,No SMOTE,0,0,0.0
Random Forest,No SMOTE,0,0,0.0
Random Forest,No SMOTE,0,0,0.0
Random Forest,No SMOTE,0,0,0.013518373245934452
Random Forest,No SMOTE,0,0,0.0
Random Forest,No SMOTE,0,0,0.0
Random Forest,No SMOTE,0,0,0.0
Random Forest,No SMOTE,0,0,0.0
Random Forest,No SMOTE,0,0,0.0
Random Forest,No SMOTE,0,0,0.0
Random Forest,No SMOTE,0,0,0.0
Random Forest,No SMOTE,0,0,0.0
Random Forest,No SMOTE,0,0,0.0
Random Forest,No SMOTE,0,0,0.0
Random Forest,No SMOTE,0,0,0.0
Random Forest,No SMOTE,0,0,0.0
Random Forest,No SMOTE,0,0,0.0
Random Forest,No SMOTE,0,0,0.0
Random Forest,No SMOTE,0,0,0.0
Random Forest,No SMOTE,0,0,0.0
Random Forest,No SMOTE,0,0,0.0
Random Forest,No SMOTE,0,0,0.0
Random Forest,No SMOTE,0,0,0.0
Random Forest,No SMOTE,0,0,0.0
Random Forest,No SMOTE,0,0,0.0
Random Forest,No SMOTE,0,0,0.0
Random Forest,No SMOTE,0,0,0.0
Random Forest,No SMOTE,0,0,0.0
Random Forest,No SMOTE,0,0,0.0
Random Forest,No SMOTE,0,0,0.0
Random Forest,No SMOTE,0,0,0.0
Random Forest,No SMOTE,0,0,0.005421603354912019
Random Forest,No SMOTE,0,0,0.0
Random Forest,No SMOTE,0,0,0.0
Random Forest,No SMOTE,0,0,0.0
Random Forest,No SMOTE,0,0,0.0
Random Forest,No SMOTE,0,0,0.0
Random Forest,No SMOTE,0,0,0.0
Random Forest,No SMOTE,0,0,0.0
Random Forest,No SMOTE,0,0,0.0
Random Forest,No SMOTE,0,0,0.0
Random Forest,No SMOTE,0,0,0.008096769891022433
Random Forest,No SMOTE,0,0,0.005421603354912019
Random Forest,No SMOTE,0,0,0.0
Random Forest,No SMOTE,0,0,0.0
Random Forest,No SMOTE,0,0,0.0
Random Forest,No SMOTE,0,0,0.0
Random Forest,No SMOTE,0,0,0.0
Random Forest,No SMOTE,0,0,0.0
Random Forest,No SMOTE,0,0,0.0
Random Forest,No SMOTE,0,0,0.0
Random Forest,No SMOTE,0,0,0.0
Random Forest,No SMOTE,0,0,0.0
Random Forest,No SMOTE,0,0,0.0
Random Forest,No SMOTE,0,0,0.0
Random Forest,No SMOTE,0,0,0.0
Random Forest,No SMOTE,0,0,0.0
Random Forest,No SMOTE,0,0,0.0
Random Forest,No SMOTE,0,0,0.0
Random Forest,No SMOTE,0,0,0.0
Random Forest,No SMOTE,0,0,0.0
Random Forest,No SMOTE,0,0,0.0
Random Forest,No SMOTE,0,0,0.0
Random Forest,No SMOTE,0,0,0.0
Random Forest,No SMOTE,0,0,0.0
Random Forest,No SMOTE,0,0,0.0
Random Forest,No SMOTE,0,0,0.0
Random Forest,No SMOTE,0,0,0.009479289266866635
Random Forest,No SMOTE,0,0,0.0
Random Forest,No SMOTE,0,0,0.0
Random Forest,No SMOTE,0,0,0.013518373245934452
Random Forest,No SMOTE,0,0,0.0
Random Forest,No SMOTE,0,0,0.0
Random Forest,No SMOTE,0,0,0.0
Random Forest,No SMOTE,0,0,0.008096769891022433
Random Forest,No SMOTE,0,0,0.0
Random Forest,No SMOTE,0,0,0.0
Random Forest,No SMOTE,0,0,0.0
Random Forest,No SMOTE,0,0,0.0
Random Forest,No SMOTE,0,0,0.0
Random Forest,No SMOTE,0,0,0.0
Random Forest,No SMOTE,0,0,0.0
Random Forest,No SMOTE,0,0,0.0
Random Forest,No SMOTE,0,0,0.005421603354912019
Random Forest,No SMOTE,0,0,0.0
Random Forest,No SMOTE,0,0,0.0
Random Forest,No SMOTE,0,0,0.0
Random Forest,No SMOTE,0,0,0.05
Random Forest,No SMOTE,0,0,0.0
Random Forest,No SMOTE,0,0,0.008096769891022433
Random Forest,No SMOTE,0,0,0.0
Random Forest,No SMOTE,0,0,0.005421603354912019
Random Forest,No SMOTE,0,0,0.0
Random Forest,No SMOTE,0,0,0.0
Random Forest,No SMOTE,0,0,0.0
Random Forest,No SMOTE,0,0,0.0
Random Forest,No SMOTE,0,0,0.0
Random Forest,No SMOTE,0,0,0.0
Random Forest,No SMOTE,0,0,0.013518373245934452
Random Forest,No SMOTE,0,0,0.0
Random Forest,No SMOTE,0,0,0.005421603354912019
Random Forest,No SMOTE,0,0,0.0
Random Forest,No SMOTE,0,0,0.0
Random Forest,No SMOTE,0,0,0.0
Random Forest,No SMOTE,0,0,0.013518373245934452
Random Forest,No SMOTE,0,0,0.0
Random Forest,No SMOTE,0,0,0.0
Random Forest,No SMOTE,0,0,0.0
Random Forest,No SMOTE,0,0,0.0
Random Forest,No SMOTE,0,0,0.0
Random Forest,No SMOTE,0,0,0.0
Random Forest,No SMOTE,0,0,0.0
Random Forest,No SMOTE,0,0,0.0
Random Forest,No SMOTE,0,0,0.0
Random Forest,No SMOTE,0,0,0.0
Random Forest,No SMOTE,0,0,0.0
Random Forest,No SMOTE,0,0,0.0
Random Forest,No SMOTE,0,0,0.0
Random Forest,No SMOTE,0,0,0.0
Random Forest,No SMOTE,0,0,0.0
Random Forest,No SMOTE,0,0,0.0
Random Forest,No SMOTE,0,0,0.0
Random Forest,No SMOTE,0,0,0.0
Random Forest,No SMOTE,0,0,0.0
Random Forest,No SMOTE,0,0,0.0
Random Forest,No SMOTE,0,0,0.0
Random Forest,No SMOTE,0,0,0.008096769891022433
Random Forest,No SMOTE,0,0,0.0
Random Forest,No SMOTE,0,0,0.0
Random Forest,No SMOTE,0,0,0.0
Random Forest,No SMOTE,0,0,0.0
Random Forest,No SMOTE,0,0,0.0
Random Forest,No SMOTE,0,0,0.0
Random Forest,No SMOTE,0,0,0.0
Random Forest,No SMOTE,0,0,0.0
Random Forest,No SMOTE,0,0,0.0
Random Forest,No SMOTE,0,0,0.0
Random Forest,No SMOTE,0,0,0.008096769891022433
Random Forest,No SMOTE,0,0,0.0
Random Forest,No SMOTE,0,0,0.0
Random Forest,No SMOTE,0,0,0.0
Random Forest,No SMOTE,0,0,0.0
Random Forest,No SMOTE,0,0,0.0
Random Forest,No SMOTE,0,0,0.0
Random Forest,No SMOTE,0,0,0.0
Random Forest,No SMOTE,0,0,0.0
Random Forest,No SMOTE,0,0,0.013518373245934452
Random Forest,No SMOTE,0,0,0.0
Random Forest,No SMOTE,0,0,0.0
Random Forest,No SMOTE,0,0,0.008096769891022433
Random Forest,No SMOTE,0,0,0.0
Random Forest,No SMOTE,0,0,0.0
Random Forest,No SMOTE,0,0,0.0
Random Forest,No SMOTE,0,0,0.0
Random Forest,No SMOTE,0,0,0.0
Random Forest,No SMOTE,0,0,0.0
Random Forest,No SMOTE,0,0,0.0
Random Forest,No SMOTE,0,0,0.0
Random Forest,No SMOTE,0,0,0.0
Random Forest,No SMOTE,0,0,0.0
Random Forest,No SMOTE,0,0,0.0
Random Forest,No SMOTE,0,0,0.0
Random Forest,No SMOTE,0,0,0.0
Random Forest,No SMOTE,0,0,0.0
Random Forest,No SMOTE,0,0,0.0
Random Forest,No SMOTE,0,0,0.0
Random Forest,No SMOTE,0,0,0.0
Random Forest,No SMOTE,0,0,0.0
Random Forest,No SMOTE,0,0,0.0
Random Forest,No SMOTE,0,0,0.0
Random Forest,No SMOTE,0,0,0.0
Random Forest,No SMOTE,0,0,0.0
Random Forest,No SMOTE,0,0,0.0
Random Forest,No SMOTE,0,0,0.0
Random Forest,No SMOTE,0,0,0.0
Random Forest,No SMOTE,0,0,0.0
Random Forest,No SMOTE,0,0,0.0
Random Forest,No SMOTE,0,0,0.0
Random Forest,No SMOTE,0,0,0.008096769891022433
Random Forest,No SMOTE,0,0,0.0
Random Forest,No SMOTE,0,0,0.0
Random Forest,No SMOTE,0,0,0.0
Random Forest,No SMOTE,0,0,0.0
Random Forest,No SMOTE,0,0,0.0
Random Forest,No SMOTE,0,0,0.0
Random Forest,No SMOTE,0,0,0.013518373245934452
Random Forest,No SMOTE,0,0,0.0
Random Forest,No SMOTE,0,0,0.005421603354912019
Random Forest,No SMOTE,0,0,0.0
Random Forest,No SMOTE,0,0,0.0
Random Forest,No SMOTE,0,0,0.0
Random Forest,No SMOTE,0,0,0.0
Random Forest,No SMOTE,0,0,0.0
Random Forest,No SMOTE,0,0,0.0
Random Forest,No SMOTE,0,0,0.0
Random Forest,No SMOTE,0,0,0.0
Random Forest,No SMOTE,0,0,0.0
Random Forest,No SMOTE,0,0,0.0
Random Forest,No SMOTE,0,0,0.0
Random Forest,No SMOTE,0,0,0.0
Random Forest,No SMOTE,0,0,0.0
Random Forest,No SMOTE,0,0,0.0
Random Forest,No SMOTE,0,0,0.0
Random Forest,No SMOTE,0,0,0.0
Random Forest,No SMOTE,0,0,0.0
Random Forest,No SMOTE,0,0,0.0
Random Forest,No SMOTE,0,0,0.0
Random Forest,No SMOTE,0,0,0.0
Random Forest,No SMOTE,0,0,0.0
Random Forest,No SMOTE,0,0,0.0
Random Forest,No SMOTE,0,0,0.0
Random Forest,No SMOTE,0,0,0.0
Random Forest,No SMOTE,0,0,0.0
Random Forest,No SMOTE,0,0,0.0
Random Forest,No SMOTE,0,0,0.0
Random Forest,No SMOTE,0,0,0.0
Random Forest,No SMOTE,0,0,0.0
Random Forest,No SMOTE,0,0,0.0
Random Forest,No SMOTE,0,0,0.0
Random Forest,No SMOTE,0,0,0.0
Random Forest,No SMOTE,0,0,0.0
Random Forest,No SMOTE,0,0,0.0
Random Forest,No SMOTE,0,0,0.0
Random Forest,No SMOTE,0,0,0.0
Random Forest,No SMOTE,0,0,0.0
Random Forest,No SMOTE,0,0,0.017576059157889068
Random Forest,No SMOTE,0,0,0.0
Random Forest,No SMOTE,0,0,0.0
Random Forest,No SMOTE,0,0,0.0
Random Forest,No SMOTE,0,0,0.009993736518690378
Random Forest,No SMOTE,0,0,0.008096769891022433
Random Forest,No SMOTE,0,0,0.0
Random Forest,No SMOTE,0,0,0.0
Random Forest,No SMOTE,0,0,0.0
Random Forest,No SMOTE,0,0,0.0
Random Forest,No SMOTE,0,0,0.0
Random Forest,No SMOTE,0,0,0.0
Random Forest,No SMOTE,0,0,0.0
Random Forest,No SMOTE,0,0,0.0
Random Forest,No SMOTE,0,0,0.0
Random Forest,No SMOTE,0,0,0.0
Random Forest,No SMOTE,0,0,0.0
Random Forest,No SMOTE,0,0,0.0
Random Forest,No SMOTE,0,0,0.0
Random Forest,No SMOTE,0,0,0.0
Random Forest,No SMOTE,0,0,0.0
Random Forest,No SMOTE,0,0,0.0
Random Forest,No SMOTE,0,0,0.0
Random Forest,No SMOTE,0,0,0.0
Random Forest,No SMOTE,0,0,0.008096769891022433
Random Forest,No SMOTE,0,0,0.0
Random Forest,No SMOTE,0,0,0.0
Random Forest,No SMOTE,0,0,0.0
Random Forest,No SMOTE,0,0,0.0
Random Forest,No SMOTE,0,0,0.0
Random Forest,No SMOTE,0,0,0.0
Random Forest,No SMOTE,0,0,0.0
Random Forest,No SMOTE,0,0,0.0
Random Forest,No SMOTE,0,0,0.0
Random Forest,No SMOTE,0,0,0.0
Random Forest,No SMOTE,0,0,0.0
Random Forest,No SMOTE,0,0,0.0
Random Forest,No SMOTE,0,0,0.0
Random Forest,No SMOTE,0,0,0.0
Random Forest,No SMOTE,0,0,0.0
Random Forest,No SMOTE,0,0,0.0
Random Forest,No SMOTE,0,0,0.0
Random Forest,No SMOTE,0,0,0.0
Random Forest,No SMOTE,0,0,0.0
Random Forest,No SMOTE,0,0,0.0
Random Forest,No SMOTE,0,0,0.005421603354912019
Random Forest,No SMOTE,0,0,0.0
Random Forest,No SMOTE,0,0,0.0
Random Forest,No SMOTE,0,0,0.0
Random Forest,No SMOTE,0,0,0.0
Random Forest,No SMOTE,0,0,0.0
Random Forest,No SMOTE,0,0,0.0
Random Forest,No SMOTE,0,0,0.013518373245934452
Random Forest,No SMOTE,0,0,0.0
Random Forest,No SMOTE,0,0,0.0
Random Forest,No SMOTE,0,0,0.0
Random Forest,No SMOTE,0,0,0.0
Random Forest,No SMOTE,0,0,0.008096769891022433
Random Forest,No SMOTE,0,0,0.0
Random Forest,No SMOTE,0,0,0.0
Random Forest,No SMOTE,0,0,0.0
Random Forest,No SMOTE,0,0,0.0
Random Forest,No SMOTE,0,0,0.0
Random Forest,No SMOTE,0,0,0.0
Random Forest,No SMOTE,0,0,0.008096769891022433
Random Forest,No SMOTE,0,0,0.0
Random Forest,No SMOTE,0,0,0.005421603354912019
Random Forest,No SMOTE,0,0,0.0
Random Forest,No SMOTE,0,0,0.0
Random Forest,No SMOTE,0,0,0.0
Random Forest,No SMOTE,0,0,0.0
Random Forest,No SMOTE,0,0,0.0
Random Forest,No SMOTE,0,0,0.008096769891022433
Random Forest,No SMOTE,0,0,0.0
Random Forest,No SMOTE,0,0,0.0
Random Forest,No SMOTE,0,0,0.0
Random Forest,No SMOTE,0,0,0.0
Random Forest,No SMOTE,0,0,0.0
Random Forest,No SMOTE,0,0,0.0
Random Forest,No SMOTE,0,0,0.0
Random Forest,No SMOTE,0,0,0.0
Random Forest,No SMOTE,0,0,0.0
Random Forest,No SMOTE,0,0,0.0
Random Forest,No SMOTE,0,0,0.0
Random Forest,No SMOTE,0,0,0.0
Random Forest,No SMOTE,0,0,0.0
Random Forest,No SMOTE,0,0,0.0
Random Forest,No SMOTE,0,0,0.0
Random Forest,No SMOTE,0,0,0.0
Random Forest,No SMOTE,0,0,0.0
Random Forest,No SMOTE,0,0,0.0
Random Forest,No SMOTE,0,0,0.0
Random Forest,No SMOTE,0,0,0.0
Random Forest,No SMOTE,0,0,0.0
Random Forest,No SMOTE,0,0,0.0
Random Forest,No SMOTE,0,0,0.0
Random Forest,No SMOTE,0,0,0.0
Random Forest,No SMOTE,0,0,0.0
Random Forest,No SMOTE,0,0,0.0
Random Forest,No SMOTE,0,0,0.0
Random Forest,No SMOTE,0,0,0.0
Random Forest,No SMOTE,0,0,0.013518373245934452
Random Forest,No SMOTE,0,0,0.0
Random Forest,No SMOTE,0,0,0.0
Random Forest,No SMOTE,0,0,0.0
Random Forest,No SMOTE,0,0,0.0
Random Forest,No SMOTE,0,0,0.0
Random Forest,No SMOTE,0,0,0.0
Random Forest,No SMOTE,0,0,0.0
Random Forest,No SMOTE,0,0,0.0
Random Forest,No SMOTE,0,0,0.013518373245934452
Random Forest,No SMOTE,0,0,0.0
Random Forest,No SMOTE,0,0,0.008096769891022433
Random Forest,No SMOTE,0,0,0.0
Random Forest,No SMOTE,0,0,0.0
Random Forest,No SMOTE,0,0,0.0
Random Forest,No SMOTE,0,0,0.0
Random Forest,No SMOTE,0,0,0.0
Random Forest,No SMOTE,0,0,0.0
Random Forest,No SMOTE,0,0,0.0
Random Forest,No SMOTE,0,0,0.0
Random Forest,No SMOTE,0,0,0.0
Random Forest,No SMOTE,0,0,0.0
Random Forest,No SMOTE,0,0,0.0
Random Forest,No SMOTE,0,0,0.0
Random Forest,No SMOTE,0,0,0.0
Random Forest,No SMOTE,0,0,0.0
Random Forest,No SMOTE,0,0,0.0
Random Forest,No SMOTE,0,0,0.0
Random Forest,No SMOTE,0,0,0.0
Random Forest,No SMOTE,0,0,0.0
Random Forest,No SMOTE,0,0,0.0
Random Forest,No SMOTE,0,0,0.0
Random Forest,No SMOTE,0,0,0.0
Random Forest,No SMOTE,0,0,0.0
Random Forest,No SMOTE,0,0,0.0
Random Forest,No SMOTE,0,0,0.0
Random Forest,No SMOTE,0,0,0.0
Random Forest,No SMOTE,0,0,0.0
Random Forest,No SMOTE,0,0,0.0
Random Forest,No SMOTE,0,0,0.0
Random Forest,No SMOTE,0,0,0.0
Random Forest,No SMOTE,0,0,0.0
Random Forest,No SMOTE,0,0,0.0
Random Forest,No SMOTE,0,0,0.0
Random Forest,No SMOTE,0,0,0.0
Random Forest,No SMOTE,0,0,0.0
Random Forest,No SMOTE,0,0,0.0
Random Forest,No SMOTE,0,0,0.0
Random Forest,No SMOTE,0,0,0.0
Random Forest,No SMOTE,0,0,0.0
Random Forest,No SMOTE,0,0,0.0
Random Forest,No SMOTE,0,0,0.0
Random Forest,No SMOTE,0,0,0.0
Random Forest,No SMOTE,0,0,0.0
Random Forest,No SMOTE,0,0,0.0
Random Forest,No SMOTE,0,0,0.0
Random Forest,No SMOTE,0,0,0.0
Random Forest,No SMOTE,0,0,0.0
Random Forest,No SMOTE,0,0,0.0
Random Forest,No SMOTE,0,0,0.0
Random Forest,No SMOTE,0,0,0.0
Random Forest,No SMOTE,0,0,0.0
Random Forest,No SMOTE,0,0,0.008096769891022433
Random Forest,No SMOTE,0,0,0.0
Random Forest,No SMOTE,0,0,0.0
Random Forest,No SMOTE,0,0,0.0
Random Forest,No SMOTE,0,0,0.0
Random Forest,No SMOTE,0,0,0.0
Random Forest,No SMOTE,0,0,0.0
Random Forest,No SMOTE,0,0,0.0
Random Forest,No SMOTE,0,0,0.0
Random Forest,No SMOTE,0,0,0.0
Random Forest,No SMOTE,0,0,0.0
Random Forest,No SMOTE,0,0,0.0
Random Forest,No SMOTE,0,0,0.0
Random Forest,No SMOTE,0,0,0.0
Random Forest,No SMOTE,0,0,0.0
Random Forest,No SMOTE,0,0,0.0
Random Forest,No SMOTE,0,0,0.0
Random Forest,No SMOTE,0,0,0.005421603354912019
Random Forest,No SMOTE,0,0,0.0
Random Forest,No SMOTE,0,0,0.0
Random Forest,No SMOTE,0,0,0.0
Random Forest,No SMOTE,0,0,0.0
Random Forest,No SMOTE,0,0,0.0
Random Forest,No SMOTE,0,0,0.0
Random Forest,No SMOTE,0,0,0.0
Random Forest,No SMOTE,0,0,0.0
Random Forest,No SMOTE,0,0,0.0
Random Forest,No SMOTE,0,0,0.0
Random Forest,No SMOTE,0,0,0.0
Random Forest,No SMOTE,0,0,0.0
Random Forest,No SMOTE,0,0,0.0
Random Forest,No SMOTE,0,0,0.0
Random Forest,No SMOTE,0,0,0.0
Random Forest,No SMOTE,0,0,0.0
Random Forest,No SMOTE,0,0,0.0
Random Forest,No SMOTE,0,0,0.0
Random Forest,No SMOTE,0,0,0.0
Random Forest,No SMOTE,0,0,0.0
Random Forest,No SMOTE,0,0,0.008096769891022433
Random Forest,No SMOTE,0,0,0.0
Random Forest,No SMOTE,0,0,0.0
Random Forest,No SMOTE,0,0,0.0
Random Forest,No SMOTE,0,0,0.0
Random Forest,No SMOTE,0,0,0.0
Random Forest,No SMOTE,0,0,0.0
Random Forest,No SMOTE,0,0,0.0
Random Forest,No SMOTE,0,0,0.0
Random Forest,No SMOTE,0,0,0.0
Random Forest,No SMOTE,0,0,0.0
Random Forest,No SMOTE,0,0,0.0
Random Forest,No SMOTE,0,0,0.0
Random Forest,No SMOTE,0,0,0.0
Random Forest,No SMOTE,0,0,0.0
Random Forest,No SMOTE,0,0,0.0
Random Forest,No SMOTE,0,0,0.0
Random Forest,No SMOTE,0,0,0.0
Random Forest,No SMOTE,0,0,0.0
Random Forest,No SMOTE,0,0,0.0
Random Forest,No SMOTE,0,0,0.0
Random Forest,No SMOTE,0,0,0.0
Random Forest,No SMOTE,0,0,0.0
Random Forest,No SMOTE,0,0,0.0
Random Forest,No SMOTE,0,0,0.0
Random Forest,No SMOTE,0,0,0.0
Random Forest,No SMOTE,0,0,0.0
Random Forest,No SMOTE,0,0,0.0
Random Forest,No SMOTE,0,0,0.0
Random Forest,No SMOTE,0,0,0.0
Random Forest,No SMOTE,0,0,0.0
Random Forest,No SMOTE,0,0,0.0
Random Forest,No SMOTE,0,0,0.0
Random Forest,No SMOTE,0,0,0.0
Random Forest,No SMOTE,0,0,0.0
Random Forest,No SMOTE,0,0,0.0
Random Forest,No SMOTE,0,0,0.0
Random Forest,No SMOTE,0,0,0.0
Random Forest,No SMOTE,0,0,0.0
Random Forest,No SMOTE,0,0,0.0
Random Forest,No SMOTE,0,0,0.0
Random Forest,No SMOTE,0,0,0.009479289266866635
Random Forest,No SMOTE,0,0,0.0
Random Forest,No SMOTE,0,0,0.0
Random Forest,No SMOTE,0,0,0.0
Random Forest,No SMOTE,0,0,0.0
Random Forest,No SMOTE,0,0,0.0
Random Forest,No SMOTE,0,0,0.0
Random Forest,No SMOTE,0,0,0.0
Random Forest,No SMOTE,0,0,0.0
Random Forest,No SMOTE,0,0,0.0
Random Forest,No SMOTE,0,0,0.0
Random Forest,No SMOTE,0,0,0.005421603354912019
Random Forest,No SMOTE,0,0,0.0
Random Forest,No SMOTE,0,0,0.0
Random Forest,No SMOTE,0,0,0.0
Random Forest,No SMOTE,0,0,0.0
Random Forest,No SMOTE,0,0,0.0
Random Forest,No SMOTE,0,0,0.0
Random Forest,No SMOTE,0,0,0.027753813171149746
Random Forest,No SMOTE,0,0,0.0
Random Forest,No SMOTE,0,0,0.0
Random Forest,No SMOTE,0,0,0.0
Random Forest,No SMOTE,0,0,0.0
Random Forest,No SMOTE,0,0,0.0
Random Forest,No SMOTE,0,0,0.0
Random Forest,No SMOTE,0,0,0.0
Random Forest,No SMOTE,0,0,0.0
Random Forest,No SMOTE,0,0,0.0
Random Forest,No SMOTE,0,0,0.0
Random Forest,No SMOTE,0,0,0.013518373245934452
Random Forest,No SMOTE,0,0,0.0
Random Forest,No SMOTE,0,0,0.0
Random Forest,No SMOTE,0,0,0.0
Random Forest,No SMOTE,0,0,0.0
Random Forest,No SMOTE,0,0,0.0
Random Forest,No SMOTE,0,0,0.008096769891022433
Random Forest,No SMOTE,0,0,0.0
Random Forest,No SMOTE,0,0,0.0
Random Forest,No SMOTE,0,0,0.0
Random Forest,No SMOTE,0,0,0.0
Random Forest,No SMOTE,0,0,0.0
Random Forest,No SMOTE,0,0,0.0
Random Forest,No SMOTE,0,0,0.0
Random Forest,No SMOTE,0,0,0.0
Random Forest,No SMOTE,0,0,0.0
Random Forest,No SMOTE,0,0,0.0
Random Forest,No SMOTE,0,0,0.0
Random Forest,No SMOTE,0,0,0.0
Random Forest,No SMOTE,0,0,0.0
Random Forest,No SMOTE,0,0,0.0
Random Forest,No SMOTE,0,0,0.0
Random Forest,No SMOTE,0,0,0.0
Random Forest,No SMOTE,0,0,0.0
Random Forest,No SMOTE,0,0,0.0
Random Forest,No SMOTE,0,0,0.0
Random Forest,No SMOTE,0,0,0.0
Random Forest,No SMOTE,0,0,0.0
Random Forest,No SMOTE,0,0,0.0
Random Forest,No SMOTE,0,0,0.0
Random Forest,No SMOTE,0,0,0.0
Random Forest,No SMOTE,0,0,0.008096769891022433
Random Forest,No SMOTE,0,0,0.0
Random Forest,No SMOTE,0,0,0.0
Random Forest,No SMOTE,0,0,0.0
Random Forest,No SMOTE,0,0,0.008096769891022433
Random Forest,No SMOTE,0,0,0.0
Random Forest,No SMOTE,0,0,0.0
Random Forest,No SMOTE,0,0,0.0
Random Forest,No SMOTE,0,0,0.0
Random Forest,No SMOTE,0,0,0.0
Random Forest,No SMOTE,0,0,0.0
Random Forest,No SMOTE,0,0,0.0
Random Forest,No SMOTE,0,0,0.0
Random Forest,No SMOTE,0,0,0.0
Random Forest,No SMOTE,0,0,0.0
Random Forest,No SMOTE,0,0,0.0
Random Forest,No SMOTE,0,0,0.0
Random Forest,No SMOTE,0,0,0.0
Random Forest,No SMOTE,0,0,0.0
Random Forest,No SMOTE,0,0,0.013518373245934452
Random Forest,No SMOTE,0,0,0.0
Random Forest,No SMOTE,0,0,0.0
Random Forest,No SMOTE,0,0,0.0
Random Forest,No SMOTE,0,0,0.0
Random Forest,No SMOTE,0,0,0.0
Random Forest,No SMOTE,0,0,0.0
Random Forest,No SMOTE,0,0,0.0
Random Forest,No SMOTE,0,0,0.0
Random Forest,No SMOTE,0,0,0.03784857493202624
Random Forest,No SMOTE,0,0,0.0
Random Forest,No SMOTE,0,0,0.0
Random Forest,No SMOTE,0,0,0.0
Random Forest,No SMOTE,0,0,0.005421603354912019
Random Forest,No SMOTE,0,0,0.005421603354912019
Random Forest,No SMOTE,0,0,0.0
Random Forest,No SMOTE,0,0,0.0
Random Forest,No SMOTE,0,0,0.0
Random Forest,No SMOTE,0,0,0.0
Random Forest,No SMOTE,0,0,0.0
Random Forest,No SMOTE,0,0,0.0
Random Forest,No SMOTE,0,0,0.005421603354912019
Random Forest,No SMOTE,0,0,0.0
Random Forest,No SMOTE,0,0,0.0
Random Forest,No SMOTE,0,0,0.0
Random Forest,No SMOTE,0,0,0.0
Random Forest,No SMOTE,0,0,0.0
Random Forest,No SMOTE,0,0,0.0
Random Forest,No SMOTE,0,0,0.0
Random Forest,No SMOTE,0,0,0.0
Random Forest,No SMOTE,0,0,0.013518373245934452
Random Forest,No SMOTE,0,0,0.0
Random Forest,No SMOTE,0,0,0.029829829183677457
Random Forest,No SMOTE,0,0,0.0
Random Forest,No SMOTE,0,0,0.0
Random Forest,No SMOTE,0,0,0.0
Random Forest,No SMOTE,0,0,0.0
Random Forest,No SMOTE,0,0,0.0
Random Forest,No SMOTE,0,0,0.0
Random Forest,No SMOTE,0,0,0.0
Random Forest,No SMOTE,0,0,0.0
Random Forest,No SMOTE,0,0,0.0
Random Forest,No SMOTE,0,0,0.0
Random Forest,No SMOTE,0,0,0.0
Random Forest,No SMOTE,0,0,0.0
Random Forest,No SMOTE,0,0,0.0
Random Forest,No SMOTE,0,0,0.0
Random Forest,No SMOTE,0,0,0.0
Random Forest,No SMOTE,0,0,0.0
Random Forest,No SMOTE,0,0,0.0
Random Forest,No SMOTE,0,0,0.0
Random Forest,No SMOTE,0,0,0.0
Random Forest,No SMOTE,0,0,0.0
Random Forest,No SMOTE,0,0,0.0
Random Forest,No SMOTE,0,0,0.0
Random Forest,No SMOTE,0,0,0.008096769891022433
Random Forest,No SMOTE,0,0,0.0
Random Forest,No SMOTE,0,0,0.0
Random Forest,No SMOTE,0,0,0.0
Random Forest,No SMOTE,0,0,0.0
Random Forest,No SMOTE,0,0,0.0
Random Forest,No SMOTE,0,0,0.0
Random Forest,No SMOTE,0,0,0.0
Random Forest,No SMOTE,0,0,0.009955937475077758
Random Forest,No SMOTE,0,0,0.0
Random Forest,No SMOTE,0,0,0.0
Random Forest,No SMOTE,0,0,0.0
Random Forest,No SMOTE,0,0,0.0
Random Forest,No SMOTE,0,0,0.0
Random Forest,No SMOTE,0,0,0.0
Random Forest,No SMOTE,0,0,0.0
Random Forest,No SMOTE,0,0,0.0
Random Forest,No SMOTE,0,0,0.0
Random Forest,No SMOTE,0,0,0.0
Random Forest,No SMOTE,0,0,0.0
Random Forest,No SMOTE,0,0,0.0
Random Forest,No SMOTE,0,0,0.013518373245934452
Random Forest,No SMOTE,0,0,0.0
Random Forest,No SMOTE,0,0,0.0
Random Forest,No SMOTE,0,0,0.0
Random Forest,No SMOTE,0,0,0.0
Random Forest,No SMOTE,0,0,0.0
Random Forest,No SMOTE,0,0,0.0
Random Forest,No SMOTE,0,0,0.0
Random Forest,No SMOTE,0,0,0.008096769891022433
Random Forest,No SMOTE,0,0,0.0
Random Forest,No SMOTE,0,0,0.0
Random Forest,No SMOTE,0,0,0.005421603354912019
Random Forest,No SMOTE,0,0,0.0
Random Forest,No SMOTE,0,0,0.0
Random Forest,No SMOTE,0,0,0.0
Random Forest,No SMOTE,0,0,0.0
Random Forest,No SMOTE,0,0,0.0
Random Forest,No SMOTE,0,0,0.0
Random Forest,No SMOTE,0,0,0.0
Random Forest,No SMOTE,0,0,0.0
Random Forest,No SMOTE,0,0,0.0
Random Forest,No SMOTE,0,0,0.0
Random Forest,No SMOTE,0,0,0.0
Random Forest,No SMOTE,0,0,0.0
Random Forest,No SMOTE,0,0,0.0
Random Forest,No SMOTE,0,0,0.008096769891022433
Random Forest,No SMOTE,0,0,0.0
Random Forest,No SMOTE,0,0,0.0
Random Forest,No SMOTE,0,0,0.008096769891022433
Random Forest,No SMOTE,0,0,0.0
Random Forest,No SMOTE,0,0,0.0
Random Forest,No SMOTE,0,0,0.005421603354912019
Random Forest,No SMOTE,0,0,0.0
Random Forest,No SMOTE,0,0,0.0
Random Forest,No SMOTE,0,0,0.01798097416655688
Random Forest,No SMOTE,0,0,0.0
Random Forest,No SMOTE,0,0,0.0
Random Forest,No SMOTE,0,0,0.0
Random Forest,No SMOTE,0,0,0.0
Random Forest,No SMOTE,0,0,0.0
Random Forest,No SMOTE,0,0,0.0
Random Forest,No SMOTE,0,0,0.0
Random Forest,No SMOTE,0,0,0.013518373245934452
Random Forest,No SMOTE,0,0,0.0
Random Forest,No SMOTE,0,0,0.0
Random Forest,No SMOTE,0,0,0.0
Random Forest,No SMOTE,0,0,0.0
Random Forest,No SMOTE,0,0,0.0
Random Forest,No SMOTE,0,0,0.0
Random Forest,No SMOTE,0,0,0.008096769891022433
Random Forest,No SMOTE,1,1,0.9999735422642072
Random Forest,No SMOTE,0,0,0.0
Random Forest,No SMOTE,0,0,0.0
Random Forest,No SMOTE,0,0,0.0
Random Forest,No SMOTE,0,0,0.0
Random Forest,No SMOTE,0,0,0.0
Random Forest,No SMOTE,0,0,0.0
Random Forest,No SMOTE,0,0,0.027978300251645667
Random Forest,No SMOTE,0,0,0.008096769891022433
Random Forest,No SMOTE,0,0,0.008096769891022433
Random Forest,No SMOTE,0,0,0.0
Random Forest,No SMOTE,0,0,0.0
Random Forest,No SMOTE,0,0,0.0
Random Forest,No SMOTE,0,0,0.0
Random Forest,No SMOTE,0,0,0.0
Random Forest,No SMOTE,0,0,0.0
Random Forest,No SMOTE,0,0,0.0
Random Forest,No SMOTE,0,0,0.0
Random Forest,No SMOTE,0,0,0.0
Random Forest,No SMOTE,0,0,0.0
Random Forest,No SMOTE,0,0,0.0
Random Forest,No SMOTE,0,0,0.008096769891022433
Random Forest,No SMOTE,0,0,0.0
Random Forest,No SMOTE,0,0,0.0
Random Forest,No SMOTE,0,0,0.0
Random Forest,No SMOTE,0,0,0.0
Random Forest,No SMOTE,0,0,0.0
Random Forest,No SMOTE,0,0,0.0
Random Forest,No SMOTE,0,0,0.0
Random Forest,No SMOTE,0,0,0.0
Random Forest,No SMOTE,0,0,0.0
Random Forest,No SMOTE,0,0,0.0
Random Forest,No SMOTE,0,0,0.0
Random Forest,No SMOTE,0,0,0.0
Random Forest,No SMOTE,0,0,0.0
Random Forest,No SMOTE,0,0,0.0
Random Forest,No SMOTE,0,0,0.0
Random Forest,No SMOTE,0,0,0.0
Random Forest,No SMOTE,0,0,0.0
Random Forest,No SMOTE,0,0,0.0
Random Forest,No SMOTE,0,0,0.0
Random Forest,No SMOTE,0,0,0.0
Random Forest,No SMOTE,0,0,0.0
Random Forest,No SMOTE,0,0,0.008096769891022433
Random Forest,No SMOTE,0,0,0.0
Random Forest,No SMOTE,0,0,0.0
Random Forest,No SMOTE,0,0,0.0
Random Forest,No SMOTE,0,0,0.0
Random Forest,No SMOTE,0,0,0.0
Random Forest,No SMOTE,0,0,0.0
Random Forest,No SMOTE,0,0,0.0
Random Forest,No SMOTE,0,0,0.0
Random Forest,No SMOTE,0,0,0.0
Random Forest,No SMOTE,0,0,0.008096769891022433
Random Forest,No SMOTE,0,0,0.0
Random Forest,No SMOTE,0,0,0.0
Random Forest,No SMOTE,0,0,0.0
Random Forest,No SMOTE,0,0,0.0
Random Forest,No SMOTE,0,0,0.0
Random Forest,No SMOTE,0,0,0.0
Random Forest,No SMOTE,0,0,0.0
Random Forest,No SMOTE,0,0,0.0
Random Forest,No SMOTE,0,0,0.0
Random Forest,No SMOTE,0,0,0.0
Random Forest,No SMOTE,0,0,0.0
Random Forest,No SMOTE,0,0,0.0
Random Forest,No SMOTE,0,0,0.013518373245934452
Random Forest,No SMOTE,0,0,0.0
Random Forest,No SMOTE,0,0,0.0
Random Forest,No SMOTE,0,0,0.0
Random Forest,No SMOTE,0,0,0.0
Random Forest,No SMOTE,0,0,0.0
Random Forest,No SMOTE,0,0,0.0
Random Forest,No SMOTE,0,0,0.0
Random Forest,No SMOTE,0,0,0.0
Random Forest,No SMOTE,0,0,0.0
Random Forest,No SMOTE,0,0,0.0
Random Forest,No SMOTE,0,0,0.0
Random Forest,No SMOTE,0,0,0.0
Random Forest,No SMOTE,0,0,0.0
Random Forest,No SMOTE,0,0,0.0
Random Forest,No SMOTE,0,0,0.0
Random Forest,No SMOTE,0,0,0.0
Random Forest,No SMOTE,0,0,0.0
Random Forest,No SMOTE,0,0,0.0
Random Forest,No SMOTE,0,0,0.0
Random Forest,No SMOTE,0,0,0.0
Random Forest,No SMOTE,0,0,0.0
Random Forest,No SMOTE,0,0,0.0
Random Forest,No SMOTE,0,0,0.0
Random Forest,No SMOTE,0,0,0.0
Random Forest,No SMOTE,0,0,0.0
Random Forest,No SMOTE,0,0,0.0
Random Forest,No SMOTE,0,0,0.0
Random Forest,No SMOTE,0,0,0.008096769891022433
Random Forest,No SMOTE,0,0,0.0
Random Forest,No SMOTE,0,0,0.0
Random Forest,No SMOTE,0,0,0.0
Random Forest,No SMOTE,0,0,0.0
Random Forest,No SMOTE,0,0,0.0
Random Forest,No SMOTE,0,0,0.0
Random Forest,No SMOTE,0,0,0.008096769891022433
Random Forest,No SMOTE,0,0,0.005421603354912019
Random Forest,No SMOTE,0,0,0.0
Random Forest,No SMOTE,0,0,0.013518373245934452
Random Forest,No SMOTE,0,0,0.0
Random Forest,No SMOTE,0,0,0.0
Random Forest,No SMOTE,0,0,0.0
Random Forest,No SMOTE,0,0,0.0
Random Forest,No SMOTE,0,0,0.0
Random Forest,No SMOTE,0,0,0.0
Random Forest,No SMOTE,1,1,0.9479523340077627
Random Forest,No SMOTE,0,0,0.0
Random Forest,No SMOTE,0,0,0.0
Random Forest,No SMOTE,0,0,0.0
Random Forest,No SMOTE,0,0,0.0
Random Forest,No SMOTE,0,0,0.0
Random Forest,No SMOTE,0,0,0.0
Random Forest,No SMOTE,0,0,0.0
Random Forest,No SMOTE,0,0,0.0
Random Forest,No SMOTE,0,0,0.0
Random Forest,No SMOTE,0,0,0.0
Random Forest,No SMOTE,0,0,0.0
Random Forest,No SMOTE,0,0,0.0096726392251816
Random Forest,No SMOTE,0,0,0.0
Random Forest,No SMOTE,0,0,0.0
Random Forest,No SMOTE,0,0,0.0
Random Forest,No SMOTE,0,0,0.0
Random Forest,No SMOTE,0,0,0.0
Random Forest,No SMOTE,0,0,0.0
Random Forest,No SMOTE,0,0,0.0
Random Forest,No SMOTE,0,0,0.0
Random Forest,No SMOTE,0,0,0.008096769891022433
Random Forest,No SMOTE,0,0,0.0
Random Forest,No SMOTE,0,0,0.0
Random Forest,No SMOTE,0,0,0.0
Random Forest,No SMOTE,0,0,0.0
Random Forest,No SMOTE,0,0,0.0
Random Forest,No SMOTE,0,0,0.0
Random Forest,No SMOTE,0,0,0.0
Random Forest,No SMOTE,0,0,0.0
Random Forest,No SMOTE,0,0,0.0
Random Forest,No SMOTE,0,0,0.0
Random Forest,No SMOTE,0,0,0.0
Random Forest,No SMOTE,0,0,0.0
Random Forest,No SMOTE,0,0,0.0
Random Forest,No SMOTE,0,0,0.0
Random Forest,No SMOTE,0,0,0.0
Random Forest,No SMOTE,0,0,0.0
Random Forest,No SMOTE,0,0,0.0
Random Forest,No SMOTE,0,0,0.0
Random Forest,No SMOTE,0,0,0.0
Random Forest,No SMOTE,0,0,0.0
Random Forest,No SMOTE,0,0,0.0
Random Forest,No SMOTE,0,0,0.0
Random Forest,No SMOTE,0,0,0.0
Random Forest,No SMOTE,0,0,0.0
Random Forest,No SMOTE,0,0,0.0
Random Forest,No SMOTE,0,0,0.0
Random Forest,No SMOTE,0,0,0.017769409116204032
Random Forest,No SMOTE,0,0,0.0
Random Forest,No SMOTE,0,0,0.0
Random Forest,No SMOTE,0,0,0.0
Random Forest,No SMOTE,0,0,0.0
Random Forest,No SMOTE,0,0,0.0
Random Forest,No SMOTE,0,0,0.0
Random Forest,No SMOTE,0,0,0.0
Random Forest,No SMOTE,0,0,0.0
Random Forest,No SMOTE,0,0,0.0
Random Forest,No SMOTE,0,0,0.0
Random Forest,No SMOTE,0,0,0.0
Random Forest,No SMOTE,0,0,0.0
Random Forest,No SMOTE,0,0,0.0
Random Forest,No SMOTE,0,0,0.0
Random Forest,No SMOTE,0,0,0.008096769891022433
Random Forest,No SMOTE,0,0,0.0
Random Forest,No SMOTE,0,0,0.0
Random Forest,No SMOTE,0,0,0.0
Random Forest,No SMOTE,0,0,0.0
Random Forest,No SMOTE,0,0,0.0
Random Forest,No SMOTE,0,0,0.008096769891022433
Random Forest,No SMOTE,0,0,0.0
Random Forest,No SMOTE,0,0,0.0
Random Forest,No SMOTE,0,0,0.0
Random Forest,No SMOTE,0,0,0.0
Random Forest,No SMOTE,0,0,0.0
Random Forest,No SMOTE,0,0,0.0
Random Forest,No SMOTE,0,0,0.0
Random Forest,No SMOTE,0,0,0.0
Random Forest,No SMOTE,0,0,0.0
Random Forest,No SMOTE,0,0,0.0
Random Forest,No SMOTE,0,0,0.0
Random Forest,No SMOTE,0,0,0.0
Random Forest,No SMOTE,0,0,0.0
Random Forest,No SMOTE,0,0,0.0
Random Forest,No SMOTE,0,0,0.0
Random Forest,No SMOTE,0,0,0.0
Random Forest,No SMOTE,0,0,0.008096769891022433
Random Forest,No SMOTE,0,0,0.0
Random Forest,No SMOTE,0,0,0.0
Random Forest,No SMOTE,0,0,0.0
Random Forest,No SMOTE,0,0,0.0
Random Forest,No SMOTE,0,0,0.0
Random Forest,No SMOTE,0,0,0.0
Random Forest,No SMOTE,0,0,0.0
Random Forest,No SMOTE,0,0,0.008096769891022433
Random Forest,No SMOTE,0,0,0.0
Random Forest,No SMOTE,0,0,0.008096769891022433
Random Forest,No SMOTE,0,0,0.0
Random Forest,No SMOTE,0,0,0.0
Random Forest,No SMOTE,0,0,0.0
Random Forest,No SMOTE,0,0,0.0
Random Forest,No SMOTE,0,0,0.0
Random Forest,No SMOTE,0,0,0.0
Random Forest,No SMOTE,0,0,0.013518373245934452
Random Forest,No SMOTE,0,0,0.0
Random Forest,No SMOTE,0,0,0.0
Random Forest,No SMOTE,0,0,0.0
Random Forest,No SMOTE,0,0,0.0
Random Forest,No SMOTE,0,0,0.0
Random Forest,No SMOTE,0,0,0.0
Random Forest,No SMOTE,0,0,0.0
Random Forest,No SMOTE,0,0,0.008096769891022433
Random Forest,No SMOTE,0,0,0.0
Random Forest,No SMOTE,0,0,0.0
Random Forest,No SMOTE,0,0,0.0
Random Forest,No SMOTE,0,0,0.0
Random Forest,No SMOTE,0,0,0.0
Random Forest,No SMOTE,0,0,0.0
Random Forest,No SMOTE,0,0,0.0
Random Forest,No SMOTE,0,0,0.0
Random Forest,No SMOTE,0,0,0.0
Random Forest,No SMOTE,0,0,0.0
Random Forest,No SMOTE,0,0,0.0
Random Forest,No SMOTE,0,0,0.0
Random Forest,No SMOTE,0,0,0.013518373245934452
Random Forest,No SMOTE,0,0,0.0
Random Forest,No SMOTE,0,0,0.008096769891022433
Random Forest,No SMOTE,0,0,0.008096769891022433
Random Forest,No SMOTE,0,0,0.0
Random Forest,No SMOTE,0,0,0.0
Random Forest,No SMOTE,0,0,0.0
Random Forest,No SMOTE,0,0,0.0
Random Forest,No SMOTE,0,0,0.0
Random Forest,No SMOTE,0,0,0.0
Random Forest,No SMOTE,0,0,0.0
Random Forest,No SMOTE,0,0,0.0
Random Forest,No SMOTE,0,0,0.0
Random Forest,No SMOTE,0,0,0.0
Random Forest,No SMOTE,0,0,0.0
Random Forest,No SMOTE,0,0,0.009961101137043687
Random Forest,No SMOTE,0,0,0.0
Random Forest,No SMOTE,0,0,0.0
Random Forest,No SMOTE,0,0,0.0
Random Forest,No SMOTE,0,0,0.0
Random Forest,No SMOTE,0,0,0.0
Random Forest,No SMOTE,0,0,0.0
Random Forest,No SMOTE,0,0,0.0
Random Forest,No SMOTE,0,0,0.0
Random Forest,No SMOTE,0,0,0.0
Random Forest,No SMOTE,0,0,0.0
Random Forest,No SMOTE,0,0,0.0
Random Forest,No SMOTE,0,0,0.0
Random Forest,No SMOTE,0,0,0.0
Random Forest,No SMOTE,0,0,0.0
Random Forest,No SMOTE,0,0,0.0
Random Forest,No SMOTE,0,0,0.0
Random Forest,No SMOTE,0,0,0.0
Random Forest,No SMOTE,0,0,0.0
Random Forest,No SMOTE,0,0,0.0
Random Forest,No SMOTE,0,0,0.0
Random Forest,No SMOTE,0,0,0.0
Random Forest,No SMOTE,0,0,0.0
Random Forest,No SMOTE,0,0,0.0
Random Forest,No SMOTE,0,0,0.0
Random Forest,No SMOTE,0,0,0.0
Random Forest,No SMOTE,0,0,0.0
Random Forest,No SMOTE,0,0,0.0
Random Forest,No SMOTE,0,0,0.00999512103584162
Random Forest,No SMOTE,0,0,0.0
Random Forest,No SMOTE,0,0,0.0
Random Forest,No SMOTE,0,0,0.0
Random Forest,No SMOTE,0,0,0.0
Random Forest,No SMOTE,0,0,0.0
Random Forest,No SMOTE,0,0,0.0
Random Forest,No SMOTE,0,0,0.0
Random Forest,No SMOTE,0,0,0.0
Random Forest,No SMOTE,0,0,0.0
Random Forest,No SMOTE,0,0,0.0
Random Forest,No SMOTE,0,0,0.0
Random Forest,No SMOTE,0,0,0.0
Random Forest,No SMOTE,0,0,0.0
Random Forest,No SMOTE,0,0,0.0
Random Forest,No SMOTE,0,0,0.0
Random Forest,No SMOTE,0,0,0.0
Random Forest,No SMOTE,0,0,0.0
Random Forest,No SMOTE,0,0,0.0
Random Forest,No SMOTE,0,0,0.0
Random Forest,No SMOTE,0,0,0.0
Random Forest,No SMOTE,0,0,0.0
Random Forest,No SMOTE,0,0,0.0
Random Forest,No SMOTE,0,0,0.0
Random Forest,No SMOTE,0,0,0.0
Random Forest,No SMOTE,0,0,0.0
Random Forest,No SMOTE,0,0,0.009918233580508477
Random Forest,No SMOTE,0,0,0.0
Random Forest,No SMOTE,0,0,0.0
Random Forest,No SMOTE,0,0,0.0
Random Forest,No SMOTE,0,0,0.0
Random Forest,No SMOTE,0,0,0.0
Random Forest,No SMOTE,0,0,0.0
Random Forest,No SMOTE,0,0,0.0
Random Forest,No SMOTE,0,0,0.0
Random Forest,No SMOTE,0,0,0.0
Random Forest,No SMOTE,0,0,0.0
Random Forest,No SMOTE,0,0,0.0
Random Forest,No SMOTE,0,0,0.0
Random Forest,No SMOTE,0,0,0.0
Random Forest,No SMOTE,0,0,0.0
Random Forest,No SMOTE,0,0,0.0
Random Forest,No SMOTE,0,0,0.0
Random Forest,No SMOTE,0,0,0.0
Random Forest,No SMOTE,0,0,0.009783503134796239
Random Forest,No SMOTE,0,0,0.0
Random Forest,No SMOTE,0,0,0.0
Random Forest,No SMOTE,0,0,0.005421603354912019
Random Forest,No SMOTE,1,1,0.9899711478045183
Random Forest,No SMOTE,0,0,0.0
Random Forest,No SMOTE,0,0,0.0
Random Forest,No SMOTE,0,0,0.0
Random Forest,No SMOTE,0,0,0.0
Random Forest,No SMOTE,0,0,0.0
Random Forest,No SMOTE,0,0,0.0
Random Forest,No SMOTE,0,0,0.0
Random Forest,No SMOTE,0,0,0.0
Random Forest,No SMOTE,0,0,0.0
Random Forest,No SMOTE,0,0,0.013518373245934452
Random Forest,No SMOTE,0,0,0.0
Random Forest,No SMOTE,0,0,0.0
Random Forest,No SMOTE,0,0,0.0
Random Forest,No SMOTE,0,0,0.0
Random Forest,No SMOTE,0,0,0.0
Random Forest,No SMOTE,0,0,0.0
Random Forest,No SMOTE,0,0,0.0
Random Forest,No SMOTE,0,0,0.0
Random Forest,No SMOTE,0,0,0.0
Random Forest,No SMOTE,0,0,0.008096769891022433
Random Forest,No SMOTE,0,0,0.0
Random Forest,No SMOTE,0,0,0.0
Random Forest,No SMOTE,0,0,0.0
Random Forest,No SMOTE,0,0,0.0
Random Forest,No SMOTE,0,0,0.0
Random Forest,No SMOTE,0,0,0.0
Random Forest,No SMOTE,0,0,0.0
Random Forest,No SMOTE,0,0,0.0
Random Forest,No SMOTE,0,0,0.0
Random Forest,No SMOTE,0,0,0.0
Random Forest,No SMOTE,0,0,0.0
Random Forest,No SMOTE,0,0,0.0
Random Forest,No SMOTE,0,0,0.0
Random Forest,No SMOTE,0,0,0.0
Random Forest,No SMOTE,0,0,0.0
Random Forest,No SMOTE,0,0,0.009479289266866635
Random Forest,No SMOTE,0,0,0.005421603354912019
Random Forest,No SMOTE,0,0,0.009879967023907666
Random Forest,No SMOTE,0,0,0.0
Random Forest,No SMOTE,0,0,0.0
Random Forest,No SMOTE,0,0,0.0
Random Forest,No SMOTE,0,0,0.0
Random Forest,No SMOTE,0,0,0.0
Random Forest,No SMOTE,0,0,0.008096769891022433
Random Forest,No SMOTE,0,0,0.008096769891022433
Random Forest,No SMOTE,0,0,0.0
Random Forest,No SMOTE,0,0,0.0
Random Forest,No SMOTE,0,0,0.0
Random Forest,No SMOTE,0,0,0.0
Random Forest,No SMOTE,0,0,0.0
Random Forest,No SMOTE,0,0,0.0
Random Forest,No SMOTE,0,0,0.0
Random Forest,No SMOTE,0,0,0.0
Random Forest,No SMOTE,0,0,0.013518373245934452
Random Forest,No SMOTE,0,0,0.0
Random Forest,No SMOTE,0,0,0.0
Random Forest,No SMOTE,0,0,0.0
Random Forest,No SMOTE,0,0,0.0
Random Forest,No SMOTE,0,0,0.0
Random Forest,No SMOTE,0,0,0.008096769891022433
Random Forest,No SMOTE,0,0,0.0
Random Forest,No SMOTE,0,0,0.0
Random Forest,No SMOTE,0,0,0.0
Random Forest,No SMOTE,0,0,0.0
Random Forest,No SMOTE,0,0,0.0
Random Forest,No SMOTE,0,0,0.0
Random Forest,No SMOTE,0,0,0.005421603354912019
Random Forest,No SMOTE,0,0,0.0
Random Forest,No SMOTE,0,0,0.0
Random Forest,No SMOTE,0,0,0.0
Random Forest,No SMOTE,0,0,0.0
Random Forest,No SMOTE,0,0,0.008096769891022433
Random Forest,No SMOTE,0,0,0.0
Random Forest,No SMOTE,0,0,0.0
Random Forest,No SMOTE,0,0,0.0
Random Forest,No SMOTE,0,0,0.0
Random Forest,No SMOTE,0,0,0.0
Random Forest,No SMOTE,0,0,0.0
Random Forest,No SMOTE,0,0,0.0
Random Forest,No SMOTE,0,0,0.0
Random Forest,No SMOTE,0,0,0.0
Random Forest,No SMOTE,0,0,0.0
Random Forest,No SMOTE,0,0,0.0
Random Forest,No SMOTE,0,0,0.0
Random Forest,No SMOTE,0,0,0.0
Random Forest,No SMOTE,0,0,0.0
Random Forest,No SMOTE,0,0,0.0
Random Forest,No SMOTE,0,0,0.0
Random Forest,No SMOTE,0,0,0.0
Random Forest,No SMOTE,0,0,0.0
Random Forest,No SMOTE,0,0,0.0
Random Forest,No SMOTE,0,0,0.0
Random Forest,No SMOTE,0,0,0.0
Random Forest,No SMOTE,0,0,0.0
Random Forest,No SMOTE,0,0,0.0
Random Forest,No SMOTE,0,0,0.0
Random Forest,No SMOTE,0,0,0.0
Random Forest,No SMOTE,0,0,0.0
Random Forest,No SMOTE,0,0,0.0
Random Forest,No SMOTE,0,0,0.0
Random Forest,No SMOTE,0,0,0.008096769891022433
Random Forest,No SMOTE,0,0,0.0
Random Forest,No SMOTE,0,0,0.0
Random Forest,No SMOTE,0,0,0.0
Random Forest,No SMOTE,0,0,0.0
Random Forest,No SMOTE,0,0,0.0
Random Forest,No SMOTE,0,0,0.008096769891022433
Random Forest,No SMOTE,0,0,0.008096769891022433
Random Forest,No SMOTE,0,0,0.0
Random Forest,No SMOTE,0,0,0.0
Random Forest,No SMOTE,0,0,0.0
Random Forest,No SMOTE,0,0,0.0
Random Forest,No SMOTE,0,0,0.0
Random Forest,No SMOTE,0,0,0.0
Random Forest,No SMOTE,0,0,0.0
Random Forest,No SMOTE,0,0,0.0
Random Forest,No SMOTE,0,0,0.0
Random Forest,No SMOTE,0,0,0.0
Random Forest,No SMOTE,0,0,0.0
Random Forest,No SMOTE,0,0,0.0
Random Forest,No SMOTE,0,0,0.0
Random Forest,No SMOTE,0,0,0.0
Random Forest,No SMOTE,0,0,0.0
Random Forest,No SMOTE,0,0,0.0
Random Forest,No SMOTE,0,0,0.0
Random Forest,No SMOTE,0,0,0.0
Random Forest,No SMOTE,0,0,0.0
Random Forest,No SMOTE,0,0,0.008096769891022433
Random Forest,No SMOTE,0,0,0.0
Random Forest,No SMOTE,0,0,0.0
Random Forest,No SMOTE,0,0,0.0
Random Forest,No SMOTE,0,0,0.0
Random Forest,No SMOTE,0,0,0.0
Random Forest,No SMOTE,0,0,0.0
Random Forest,No SMOTE,0,0,0.0
Random Forest,No SMOTE,0,0,0.0
Random Forest,No SMOTE,0,0,0.0
Random Forest,No SMOTE,0,0,0.0
Random Forest,No SMOTE,0,0,0.0
Random Forest,No SMOTE,0,0,0.0
Random Forest,No SMOTE,0,0,0.0
Random Forest,No SMOTE,0,0,0.0
Random Forest,No SMOTE,0,0,0.0
Random Forest,No SMOTE,0,0,0.013518373245934452
Random Forest,No SMOTE,0,0,0.0
Random Forest,No SMOTE,0,0,0.0
Random Forest,No SMOTE,0,0,0.0
Random Forest,No SMOTE,0,0,0.0
Random Forest,No SMOTE,0,0,0.0
Random Forest,No SMOTE,0,0,0.0
Random Forest,No SMOTE,0,0,0.0
Random Forest,No SMOTE,0,0,0.0
Random Forest,No SMOTE,0,0,0.0
Random Forest,No SMOTE,0,0,0.0
Random Forest,No SMOTE,0,0,0.0
Random Forest,No SMOTE,0,0,0.0
Random Forest,No SMOTE,0,0,0.017576059157889068
Random Forest,No SMOTE,0,0,0.0
Random Forest,No SMOTE,0,0,0.013518373245934452
Random Forest,No SMOTE,0,0,0.0
Random Forest,No SMOTE,0,0,0.0
Random Forest,No SMOTE,0,0,0.0
Random Forest,No SMOTE,0,0,0.0
Random Forest,No SMOTE,0,0,0.0
Random Forest,No SMOTE,0,0,0.0
Random Forest,No SMOTE,0,0,0.0
Random Forest,No SMOTE,0,0,0.005421603354912019
Random Forest,No SMOTE,0,0,0.0
Random Forest,No SMOTE,0,0,0.0
Random Forest,No SMOTE,0,0,0.0
Random Forest,No SMOTE,0,0,0.0
Random Forest,No SMOTE,0,0,0.0
Random Forest,No SMOTE,0,0,0.0
Random Forest,No SMOTE,0,0,0.0
Random Forest,No SMOTE,0,0,0.0
Random Forest,No SMOTE,0,0,0.0
Random Forest,No SMOTE,0,0,0.0
Random Forest,No SMOTE,0,0,0.0
Random Forest,No SMOTE,0,0,0.0
Random Forest,No SMOTE,0,0,0.0
Random Forest,No SMOTE,0,0,0.0
Random Forest,No SMOTE,0,0,0.0
Random Forest,No SMOTE,0,0,0.0
Random Forest,No SMOTE,0,0,0.0
Random Forest,No SMOTE,0,0,0.0
Random Forest,No SMOTE,0,0,0.0
Random Forest,No SMOTE,0,0,0.0
Random Forest,No SMOTE,0,0,0.0
Random Forest,No SMOTE,0,0,0.0
Random Forest,No SMOTE,0,0,0.0
Random Forest,No SMOTE,0,0,0.0
Random Forest,No SMOTE,0,0,0.0
Random Forest,No SMOTE,0,0,0.0
Random Forest,No SMOTE,0,0,0.0
Random Forest,No SMOTE,0,0,0.0
Random Forest,No SMOTE,0,0,0.0
Random Forest,No SMOTE,0,0,0.0
Random Forest,No SMOTE,0,0,0.0
Random Forest,No SMOTE,0,0,0.0
Random Forest,No SMOTE,0,0,0.0
Random Forest,No SMOTE,0,0,0.0
Random Forest,No SMOTE,0,0,0.0
Random Forest,No SMOTE,0,0,0.013518373245934452
Random Forest,No SMOTE,0,0,0.0
Random Forest,No SMOTE,0,0,0.0
Random Forest,No SMOTE,0,0,0.0
Random Forest,No SMOTE,0,0,0.0
Random Forest,No SMOTE,0,0,0.0
Random Forest,No SMOTE,0,0,0.0
Random Forest,No SMOTE,0,0,0.0
Random Forest,No SMOTE,0,0,0.0
Random Forest,No SMOTE,0,0,0.0
Random Forest,No SMOTE,0,0,0.0
Random Forest,No SMOTE,0,0,0.0
Random Forest,No SMOTE,0,0,0.0
Random Forest,No SMOTE,0,0,0.008096769891022433
Random Forest,No SMOTE,0,0,0.0
Random Forest,No SMOTE,0,0,0.0
Random Forest,No SMOTE,0,0,0.0
Random Forest,No SMOTE,0,0,0.0
Random Forest,No SMOTE,0,0,0.0
Random Forest,No SMOTE,0,0,0.0
Random Forest,No SMOTE,0,0,0.0
Random Forest,No SMOTE,0,0,0.0
Random Forest,No SMOTE,0,0,0.0
Random Forest,No SMOTE,0,0,0.0
Random Forest,No SMOTE,0,0,0.0
Random Forest,No SMOTE,0,0,0.0
Random Forest,No SMOTE,0,0,0.0
Random Forest,No SMOTE,0,0,0.0
Random Forest,No SMOTE,0,0,0.0
Random Forest,No SMOTE,0,0,0.0
Random Forest,No SMOTE,0,0,0.0
Random Forest,No SMOTE,0,0,0.0
Random Forest,No SMOTE,0,0,0.0
Random Forest,No SMOTE,0,0,0.0
Random Forest,No SMOTE,0,0,0.0
Random Forest,No SMOTE,0,0,0.0
Random Forest,No SMOTE,0,0,0.0
Random Forest,No SMOTE,0,0,0.0
Random Forest,No SMOTE,0,0,0.0
Random Forest,No SMOTE,0,0,0.0
Random Forest,No SMOTE,0,0,0.0
Random Forest,No SMOTE,0,0,0.0
Random Forest,No SMOTE,0,0,0.0
Random Forest,No SMOTE,0,0,0.0
Random Forest,No SMOTE,0,0,0.0
Random Forest,No SMOTE,0,0,0.0
Random Forest,No SMOTE,0,0,0.008096769891022433
Random Forest,No SMOTE,0,0,0.0
Random Forest,No SMOTE,0,0,0.0
Random Forest,No SMOTE,0,0,0.0
Random Forest,No SMOTE,0,0,0.0
Random Forest,No SMOTE,0,0,0.0
Random Forest,No SMOTE,0,0,0.0
Random Forest,No SMOTE,0,0,0.0
Random Forest,No SMOTE,0,0,0.0
Random Forest,No SMOTE,0,0,0.0
Random Forest,No SMOTE,0,0,0.0
Random Forest,No SMOTE,0,0,0.0
Random Forest,No SMOTE,0,0,0.017576059157889068
Random Forest,No SMOTE,0,0,0.0
Random Forest,No SMOTE,0,0,0.008096769891022433
Random Forest,No SMOTE,0,0,0.008096769891022433
Random Forest,No SMOTE,0,0,0.0
Random Forest,No SMOTE,0,0,0.0
Random Forest,No SMOTE,0,0,0.0
Random Forest,No SMOTE,0,0,0.0
Random Forest,No SMOTE,0,0,0.0
Random Forest,No SMOTE,0,0,0.0
Random Forest,No SMOTE,0,0,0.0
Random Forest,No SMOTE,0,0,0.0
Random Forest,No SMOTE,0,0,0.005421603354912019
Random Forest,No SMOTE,0,0,0.0
Random Forest,No SMOTE,0,0,0.0
Random Forest,No SMOTE,0,0,0.0
Random Forest,No SMOTE,0,0,0.0
Random Forest,No SMOTE,0,0,0.0
Random Forest,No SMOTE,0,0,0.0
Random Forest,No SMOTE,0,0,0.0
Random Forest,No SMOTE,0,0,0.0
Random Forest,No SMOTE,0,0,0.0
Random Forest,No SMOTE,0,0,0.0
Random Forest,No SMOTE,0,0,0.0
Random Forest,No SMOTE,0,0,0.0
Random Forest,No SMOTE,0,0,0.0
Random Forest,No SMOTE,0,0,0.0
Random Forest,No SMOTE,0,0,0.0
Random Forest,No SMOTE,0,0,0.0
Random Forest,No SMOTE,0,0,0.0
Random Forest,No SMOTE,0,0,0.0
Random Forest,No SMOTE,0,0,0.0
Random Forest,No SMOTE,0,0,0.01807080364713948
Random Forest,No SMOTE,0,0,0.0
Random Forest,No SMOTE,0,0,0.0
Random Forest,No SMOTE,0,0,0.0
Random Forest,No SMOTE,0,0,0.0
Random Forest,No SMOTE,0,0,0.0
Random Forest,No SMOTE,0,0,0.0
Random Forest,No SMOTE,0,0,0.0
Random Forest,No SMOTE,0,0,0.0
Random Forest,No SMOTE,0,0,0.0
Random Forest,No SMOTE,0,0,0.0
Random Forest,No SMOTE,0,0,0.0
Random Forest,No SMOTE,0,0,0.0
Random Forest,No SMOTE,0,0,0.0
Random Forest,No SMOTE,0,0,0.0
Random Forest,No SMOTE,0,0,0.10986730126134285
Random Forest,No SMOTE,0,0,0.0
Random Forest,No SMOTE,0,0,0.0
Random Forest,No SMOTE,0,0,0.0
Random Forest,No SMOTE,0,0,0.0
Random Forest,No SMOTE,0,0,0.0
Random Forest,No SMOTE,0,0,0.008096769891022433
Random Forest,No SMOTE,0,0,0.0
Random Forest,No SMOTE,0,0,0.0
Random Forest,No SMOTE,0,0,0.008096769891022433
Random Forest,No SMOTE,0,0,0.0
Random Forest,No SMOTE,0,0,0.0
Random Forest,No SMOTE,0,0,0.008096769891022433
Random Forest,No SMOTE,0,0,0.0
Random Forest,No SMOTE,0,0,0.0
Random Forest,No SMOTE,0,0,0.0
Random Forest,No SMOTE,0,0,0.0
Random Forest,No SMOTE,0,0,0.0
Random Forest,No SMOTE,0,0,0.008096769891022433
Random Forest,No SMOTE,0,0,0.0
Random Forest,No SMOTE,0,0,0.0
Random Forest,No SMOTE,0,0,0.0
Random Forest,No SMOTE,0,0,0.0
Random Forest,No SMOTE,0,0,0.0
Random Forest,No SMOTE,0,0,0.0
Random Forest,No SMOTE,0,0,0.013518373245934452
Random Forest,No SMOTE,0,0,0.0
Random Forest,No SMOTE,0,0,0.0
Random Forest,No SMOTE,0,0,0.008096769891022433
Random Forest,No SMOTE,0,0,0.0
Random Forest,No SMOTE,0,0,0.0
Random Forest,No SMOTE,0,0,0.0
Random Forest,No SMOTE,0,0,0.0
Random Forest,No SMOTE,0,0,0.0
Random Forest,No SMOTE,0,0,0.0
Random Forest,No SMOTE,0,0,0.0
Random Forest,No SMOTE,0,0,0.0
Random Forest,No SMOTE,0,0,0.0
Random Forest,No SMOTE,0,0,0.0
Random Forest,No SMOTE,0,0,0.0
Random Forest,No SMOTE,0,0,0.0
Random Forest,No SMOTE,0,0,0.0
Random Forest,No SMOTE,0,0,0.0
Random Forest,No SMOTE,0,0,0.0
Random Forest,No SMOTE,0,0,0.0
Random Forest,No SMOTE,0,0,0.008096769891022433
Random Forest,No SMOTE,0,0,0.0
Random Forest,No SMOTE,0,0,0.0
Random Forest,No SMOTE,0,0,0.0
Random Forest,No SMOTE,0,0,0.0
Random Forest,No SMOTE,0,0,0.0
Random Forest,No SMOTE,0,0,0.0
Random Forest,No SMOTE,0,0,0.0
Random Forest,No SMOTE,0,0,0.0
Random Forest,No SMOTE,0,0,0.0
Random Forest,No SMOTE,0,0,0.0
Random Forest,No SMOTE,0,0,0.0
Random Forest,No SMOTE,0,0,0.0
Random Forest,No SMOTE,0,0,0.0
Random Forest,No SMOTE,0,0,0.0
Random Forest,No SMOTE,0,0,0.0
Random Forest,No SMOTE,0,0,0.008096769891022433
Random Forest,No SMOTE,0,0,0.0
Random Forest,No SMOTE,0,0,0.0
Random Forest,No SMOTE,0,0,0.013518373245934452
Random Forest,No SMOTE,0,0,0.0
Random Forest,No SMOTE,0,0,0.0
Random Forest,No SMOTE,0,0,0.0
Random Forest,No SMOTE,0,0,0.0
Random Forest,No SMOTE,0,0,0.0
Random Forest,No SMOTE,0,0,0.0
Random Forest,No SMOTE,0,0,0.0
Random Forest,No SMOTE,0,0,0.0
Random Forest,No SMOTE,0,0,0.0
Random Forest,No SMOTE,0,0,0.0
Random Forest,No SMOTE,0,0,0.0
Random Forest,No SMOTE,0,0,0.0
Random Forest,No SMOTE,0,0,0.0
Random Forest,No SMOTE,0,0,0.0
Random Forest,No SMOTE,0,0,0.0
Random Forest,No SMOTE,0,0,0.008096769891022433
Random Forest,No SMOTE,0,0,0.0
Random Forest,No SMOTE,0,0,0.0
Random Forest,No SMOTE,0,0,0.0
Random Forest,No SMOTE,0,0,0.0
Random Forest,No SMOTE,0,0,0.0
Random Forest,No SMOTE,0,0,0.0
Random Forest,No SMOTE,0,0,0.0
Random Forest,No SMOTE,0,0,0.0
Random Forest,No SMOTE,0,0,0.0
Random Forest,No SMOTE,0,0,0.0
Random Forest,No SMOTE,0,0,0.0
Random Forest,No SMOTE,0,0,0.0
Random Forest,No SMOTE,0,0,0.0
Random Forest,No SMOTE,0,0,0.0
Random Forest,No SMOTE,0,0,0.0
Random Forest,No SMOTE,0,0,0.0
Random Forest,No SMOTE,0,0,0.0
Random Forest,No SMOTE,0,0,0.0
Random Forest,No SMOTE,0,0,0.017576059157889068
Random Forest,No SMOTE,0,0,0.0
Random Forest,No SMOTE,0,0,0.0
Random Forest,No SMOTE,0,0,0.0
Random Forest,No SMOTE,0,0,0.0
Random Forest,No SMOTE,0,0,0.0
Random Forest,No SMOTE,0,0,0.0
Random Forest,No SMOTE,0,0,0.0
Random Forest,No SMOTE,0,0,0.0
Random Forest,No SMOTE,0,0,0.008096769891022433
Random Forest,No SMOTE,0,0,0.0
Random Forest,No SMOTE,0,0,0.0
Random Forest,No SMOTE,0,0,0.0
Random Forest,No SMOTE,0,0,0.0
Random Forest,No SMOTE,0,0,0.0
Random Forest,No SMOTE,0,0,0.0
Random Forest,No SMOTE,0,0,0.0
Random Forest,No SMOTE,0,0,0.008096769891022433
Random Forest,No SMOTE,0,0,0.0
Random Forest,No SMOTE,0,0,0.0
Random Forest,No SMOTE,0,0,0.0
Random Forest,No SMOTE,0,0,0.008096769891022433
Random Forest,No SMOTE,0,0,0.0
Random Forest,No SMOTE,0,0,0.0
Random Forest,No SMOTE,0,0,0.0
Random Forest,No SMOTE,0,0,0.0
Random Forest,No SMOTE,0,0,0.0
Random Forest,No SMOTE,0,0,0.0
Random Forest,No SMOTE,0,0,0.0
Random Forest,No SMOTE,0,0,0.008096769891022433
Random Forest,No SMOTE,0,0,0.0
Random Forest,No SMOTE,0,0,0.0
Random Forest,No SMOTE,0,0,0.0
Random Forest,No SMOTE,0,0,0.0
Random Forest,No SMOTE,0,0,0.0
Random Forest,No SMOTE,0,0,0.0
Random Forest,No SMOTE,0,0,0.0
Random Forest,No SMOTE,0,0,0.0
Random Forest,No SMOTE,0,0,0.0
Random Forest,No SMOTE,0,0,0.005421603354912019
Random Forest,No SMOTE,0,0,0.0
Random Forest,No SMOTE,0,0,0.008096769891022433
Random Forest,No SMOTE,0,0,0.0
Random Forest,No SMOTE,0,0,0.0
Random Forest,No SMOTE,0,0,0.0
Random Forest,No SMOTE,0,0,0.008096769891022433
Random Forest,No SMOTE,0,0,0.0
Random Forest,No SMOTE,0,0,0.0
Random Forest,No SMOTE,0,0,0.0
Random Forest,No SMOTE,0,0,0.0
Random Forest,No SMOTE,0,0,0.0
Random Forest,No SMOTE,0,0,0.0
Random Forest,No SMOTE,0,0,0.0
Random Forest,No SMOTE,0,0,0.0
Random Forest,No SMOTE,0,0,0.0
Random Forest,No SMOTE,0,0,0.0
Random Forest,No SMOTE,0,0,0.0
Random Forest,No SMOTE,0,0,0.0
Random Forest,No SMOTE,0,0,0.0
Random Forest,No SMOTE,0,0,0.0
Random Forest,No SMOTE,0,0,0.0
Random Forest,No SMOTE,0,0,0.0
Random Forest,No SMOTE,0,0,0.0
Random Forest,No SMOTE,0,0,0.0
Random Forest,No SMOTE,0,0,0.0
Random Forest,No SMOTE,0,0,0.0
Random Forest,No SMOTE,0,0,0.0
Random Forest,No SMOTE,0,0,0.0
Random Forest,No SMOTE,0,0,0.0
Random Forest,No SMOTE,0,0,0.0
Random Forest,No SMOTE,0,0,0.0
Random Forest,No SMOTE,0,0,0.008096769891022433
Random Forest,No SMOTE,0,0,0.0
Random Forest,No SMOTE,0,0,0.0
Random Forest,No SMOTE,0,0,0.0
Random Forest,No SMOTE,0,0,0.0
Random Forest,No SMOTE,0,0,0.0
Random Forest,No SMOTE,0,0,0.008096769891022433
Random Forest,No SMOTE,0,0,0.0
Random Forest,No SMOTE,0,0,0.0
Random Forest,No SMOTE,0,0,0.0
Random Forest,No SMOTE,0,0,0.0
Random Forest,No SMOTE,0,0,0.0
Random Forest,No SMOTE,0,0,0.008096769891022433
Random Forest,No SMOTE,0,0,0.0
Random Forest,No SMOTE,0,0,0.0
Random Forest,No SMOTE,0,0,0.0
Random Forest,No SMOTE,0,0,0.0
Random Forest,No SMOTE,0,0,0.0
Random Forest,No SMOTE,0,0,0.0
Random Forest,No SMOTE,0,0,0.0
Random Forest,No SMOTE,0,0,0.0
Random Forest,No SMOTE,0,0,0.0
Random Forest,No SMOTE,0,0,0.0
Random Forest,No SMOTE,0,0,0.0
Random Forest,No SMOTE,0,0,0.0
Random Forest,No SMOTE,0,0,0.008096769891022433
Random Forest,No SMOTE,0,0,0.0
Random Forest,No SMOTE,0,0,0.0
Random Forest,No SMOTE,0,0,0.008096769891022433
Random Forest,No SMOTE,0,0,0.0
Random Forest,No SMOTE,0,0,0.0
Random Forest,No SMOTE,0,0,0.0
Random Forest,No SMOTE,0,0,0.0
Random Forest,No SMOTE,0,0,0.0
Random Forest,No SMOTE,0,0,0.0
Random Forest,No SMOTE,0,0,0.005421603354912019
Random Forest,No SMOTE,0,0,0.0
Random Forest,No SMOTE,0,0,0.009479289266866635
Random Forest,No SMOTE,0,0,0.0
Random Forest,No SMOTE,0,0,0.0
Random Forest,No SMOTE,0,0,0.0
Random Forest,No SMOTE,0,0,0.0
Random Forest,No SMOTE,0,0,0.0
Random Forest,No SMOTE,0,0,0.0
Random Forest,No SMOTE,0,0,0.0
Random Forest,No SMOTE,0,0,0.0
Random Forest,No SMOTE,0,0,0.0
Random Forest,No SMOTE,0,0,0.0
Random Forest,No SMOTE,0,0,0.0
Random Forest,No SMOTE,0,0,0.0
Random Forest,No SMOTE,0,0,0.0
Random Forest,No SMOTE,0,0,0.0
Random Forest,No SMOTE,0,0,0.0
Random Forest,No SMOTE,0,0,0.0
Random Forest,No SMOTE,0,0,0.0
Random Forest,No SMOTE,0,0,0.0
Random Forest,No SMOTE,0,0,0.008096769891022433
Random Forest,No SMOTE,0,0,0.0
Random Forest,No SMOTE,0,0,0.0
Random Forest,No SMOTE,0,0,0.0
Random Forest,No SMOTE,0,0,0.0
Random Forest,No SMOTE,0,0,0.0
Random Forest,No SMOTE,0,0,0.0
Random Forest,No SMOTE,0,0,0.0
Random Forest,No SMOTE,0,0,0.0
Random Forest,No SMOTE,0,0,0.0
Random Forest,No SMOTE,0,0,0.0
Random Forest,No SMOTE,0,0,0.0
Random Forest,No SMOTE,0,0,0.0
Random Forest,No SMOTE,0,0,0.0
Random Forest,No SMOTE,0,0,0.0
Random Forest,No SMOTE,0,0,0.0
Random Forest,No SMOTE,0,0,0.005421603354912019
Random Forest,No SMOTE,0,0,0.0
Random Forest,No SMOTE,0,0,0.0
Random Forest,No SMOTE,0,0,0.0
Random Forest,No SMOTE,0,0,0.0
Random Forest,No SMOTE,0,0,0.0
Random Forest,No SMOTE,0,0,0.0
Random Forest,No SMOTE,0,0,0.0
Random Forest,No SMOTE,0,0,0.0
Random Forest,No SMOTE,0,0,0.0
Random Forest,No SMOTE,0,0,0.008096769891022433
Random Forest,No SMOTE,0,0,0.0
Random Forest,No SMOTE,0,0,0.0
Random Forest,No SMOTE,0,0,0.0
Random Forest,No SMOTE,0,0,0.0
Random Forest,No SMOTE,0,0,0.0
Random Forest,No SMOTE,0,0,0.0
Random Forest,No SMOTE,0,0,0.0
Random Forest,No SMOTE,0,0,0.0
Random Forest,No SMOTE,0,0,0.0
Random Forest,No SMOTE,0,0,0.0179767369149301
Random Forest,No SMOTE,0,0,0.0
Random Forest,No SMOTE,0,0,0.008096769891022433
Random Forest,No SMOTE,0,0,0.0
Random Forest,No SMOTE,0,0,0.0
Random Forest,No SMOTE,0,0,0.0
Random Forest,No SMOTE,0,0,0.0
Random Forest,No SMOTE,0,0,0.0
Random Forest,No SMOTE,0,0,0.0
Random Forest,No SMOTE,0,0,0.0
Random Forest,No SMOTE,0,0,0.0
Random Forest,No SMOTE,0,0,0.0
Random Forest,No SMOTE,0,0,0.0
Random Forest,No SMOTE,0,0,0.0
Random Forest,No SMOTE,0,0,0.0
Random Forest,No SMOTE,0,0,0.0
Random Forest,No SMOTE,0,0,0.0
Random Forest,No SMOTE,0,0,0.0
Random Forest,No SMOTE,0,0,0.0
Random Forest,No SMOTE,0,0,0.0
Random Forest,No SMOTE,0,0,0.0
Random Forest,No SMOTE,0,0,0.0
Random Forest,No SMOTE,0,0,0.0
Random Forest,No SMOTE,0,0,0.0
Random Forest,No SMOTE,0,0,0.0
Random Forest,No SMOTE,0,0,0.013518373245934452
Random Forest,No SMOTE,0,0,0.0
Random Forest,No SMOTE,0,0,0.0
Random Forest,No SMOTE,0,0,0.0
Random Forest,No SMOTE,0,0,0.0
Random Forest,No SMOTE,0,0,0.0
Random Forest,No SMOTE,0,0,0.0
Random Forest,No SMOTE,0,0,0.0
Random Forest,No SMOTE,0,0,0.0
Random Forest,No SMOTE,0,0,0.0
Random Forest,No SMOTE,0,0,0.0
Random Forest,No SMOTE,0,0,0.0
Random Forest,No SMOTE,0,0,0.0
Random Forest,No SMOTE,0,0,0.0
Random Forest,No SMOTE,0,0,0.0
Random Forest,No SMOTE,0,0,0.0
Random Forest,No SMOTE,0,0,0.0
Random Forest,No SMOTE,0,0,0.0
Random Forest,No SMOTE,0,0,0.0
Random Forest,No SMOTE,0,0,0.0
Random Forest,No SMOTE,0,0,0.0
Random Forest,No SMOTE,0,0,0.0
Random Forest,No SMOTE,0,0,0.0
Random Forest,No SMOTE,0,0,0.0
Random Forest,No SMOTE,0,0,0.0
Random Forest,No SMOTE,0,0,0.0
Random Forest,No SMOTE,0,0,0.005421603354912019
Random Forest,No SMOTE,0,0,0.0
Random Forest,No SMOTE,0,0,0.0
Random Forest,No SMOTE,0,0,0.0
Random Forest,No SMOTE,0,0,0.0
Random Forest,No SMOTE,0,0,0.0
Random Forest,No SMOTE,0,0,0.008096769891022433
Random Forest,No SMOTE,0,0,0.013518373245934452
Random Forest,No SMOTE,0,0,0.0
Random Forest,No SMOTE,0,0,0.0
Random Forest,No SMOTE,0,0,0.0
Random Forest,No SMOTE,0,0,0.0
Random Forest,No SMOTE,0,0,0.0
Random Forest,No SMOTE,0,0,0.013518373245934452
Random Forest,No SMOTE,0,0,0.0
Random Forest,No SMOTE,0,0,0.0
Random Forest,No SMOTE,0,0,0.0
Random Forest,No SMOTE,0,0,0.0
Random Forest,No SMOTE,0,0,0.0
Random Forest,No SMOTE,0,0,0.0
Random Forest,No SMOTE,0,0,0.0
Random Forest,No SMOTE,0,0,0.0
Random Forest,No SMOTE,0,0,0.0
Random Forest,No SMOTE,0,0,0.008096769891022433
Random Forest,No SMOTE,0,0,0.0
Random Forest,No SMOTE,0,0,0.0
Random Forest,No SMOTE,0,0,0.0
Random Forest,No SMOTE,0,0,0.0
Random Forest,No SMOTE,0,0,0.0
Random Forest,No SMOTE,0,0,0.013518373245934452
Random Forest,No SMOTE,0,0,0.0
Random Forest,No SMOTE,0,0,0.008096769891022433
Random Forest,No SMOTE,0,0,0.0
Random Forest,No SMOTE,0,0,0.0
Random Forest,No SMOTE,0,0,0.0
Random Forest,No SMOTE,0,0,0.0
Random Forest,No SMOTE,0,0,0.0
Random Forest,No SMOTE,0,0,0.0
Random Forest,No SMOTE,0,0,0.0
Random Forest,No SMOTE,0,0,0.0
Random Forest,No SMOTE,0,0,0.0
Random Forest,No SMOTE,0,0,0.0
Random Forest,No SMOTE,0,0,0.0
Random Forest,No SMOTE,0,0,0.0
Random Forest,No SMOTE,0,0,0.0
Random Forest,No SMOTE,0,0,0.0
Random Forest,No SMOTE,0,0,0.0
Random Forest,No SMOTE,0,0,0.0
Random Forest,No SMOTE,0,0,0.0
Random Forest,No SMOTE,0,0,0.0
Random Forest,No SMOTE,0,0,0.0
Random Forest,No SMOTE,0,0,0.0
Random Forest,No SMOTE,0,0,0.0
Random Forest,No SMOTE,0,0,0.013518373245934452
Random Forest,No SMOTE,0,0,0.0
Random Forest,No SMOTE,0,0,0.0
Random Forest,No SMOTE,0,0,0.0
Random Forest,No SMOTE,0,0,0.0
Random Forest,No SMOTE,0,0,0.0
Random Forest,No SMOTE,0,0,0.0
Random Forest,No SMOTE,0,0,0.0
Random Forest,No SMOTE,0,0,0.0
Random Forest,No SMOTE,0,0,0.0
Random Forest,No SMOTE,0,0,0.0
Random Forest,No SMOTE,0,0,0.005421603354912019
Random Forest,No SMOTE,0,0,0.0
Random Forest,No SMOTE,0,0,0.0
Random Forest,No SMOTE,0,0,0.0
Random Forest,No SMOTE,0,0,0.0
Random Forest,No SMOTE,0,0,0.0
Random Forest,No SMOTE,0,0,0.0
Random Forest,No SMOTE,0,0,0.008096769891022433
Random Forest,No SMOTE,0,0,0.0
Random Forest,No SMOTE,0,0,0.008096769891022433
Random Forest,No SMOTE,0,0,0.0
Random Forest,No SMOTE,0,0,0.0
Random Forest,No SMOTE,0,0,0.0
Random Forest,No SMOTE,0,0,0.0
Random Forest,No SMOTE,0,0,0.0
Random Forest,No SMOTE,0,0,0.0
Random Forest,No SMOTE,0,0,0.0
Random Forest,No SMOTE,0,0,0.0
Random Forest,No SMOTE,0,0,0.0
Random Forest,No SMOTE,0,0,0.0
Random Forest,No SMOTE,0,0,0.0
Random Forest,No SMOTE,0,0,0.0
Random Forest,No SMOTE,0,0,0.0
Random Forest,No SMOTE,0,0,0.0
Random Forest,No SMOTE,0,0,0.0
Random Forest,No SMOTE,0,0,0.0
Random Forest,No SMOTE,0,0,0.0
Random Forest,No SMOTE,0,0,0.0
Random Forest,No SMOTE,0,0,0.0
Random Forest,No SMOTE,0,0,0.0
Random Forest,No SMOTE,0,0,0.027550092914006116
Random Forest,No SMOTE,0,0,0.0
Random Forest,No SMOTE,0,0,0.005421603354912019
Random Forest,No SMOTE,0,0,0.0
Random Forest,No SMOTE,0,0,0.0
Random Forest,No SMOTE,0,0,0.008096769891022433
Random Forest,No SMOTE,0,0,0.0
Random Forest,No SMOTE,0,0,0.0
Random Forest,No SMOTE,0,0,0.0
Random Forest,No SMOTE,0,0,0.0
Random Forest,No SMOTE,0,0,0.0
Random Forest,No SMOTE,0,0,0.0
Random Forest,No SMOTE,0,0,0.0
Random Forest,No SMOTE,0,0,0.0
Random Forest,No SMOTE,0,0,0.013518373245934452
Random Forest,No SMOTE,0,0,0.0
Random Forest,No SMOTE,0,0,0.0
Random Forest,No SMOTE,0,0,0.0
Random Forest,No SMOTE,0,0,0.0
Random Forest,No SMOTE,0,0,0.0
Random Forest,No SMOTE,0,0,0.0
Random Forest,No SMOTE,0,0,0.0
Random Forest,No SMOTE,0,0,0.0
Random Forest,No SMOTE,0,0,0.0
Random Forest,No SMOTE,0,0,0.0
Random Forest,No SMOTE,0,0,0.0
Random Forest,No SMOTE,0,0,0.0
Random Forest,No SMOTE,0,0,0.0
Random Forest,No SMOTE,0,0,0.0
Random Forest,No SMOTE,0,0,0.0
Random Forest,No SMOTE,0,0,0.0
Random Forest,No SMOTE,0,0,0.0
Random Forest,No SMOTE,0,0,0.0
Random Forest,No SMOTE,0,0,0.0
Random Forest,No SMOTE,0,0,0.0
Random Forest,No SMOTE,0,0,0.005421603354912019
Random Forest,No SMOTE,0,0,0.0
Random Forest,No SMOTE,0,0,0.0
Random Forest,No SMOTE,0,0,0.0
Random Forest,No SMOTE,0,0,0.0
Random Forest,No SMOTE,0,0,0.0
Random Forest,No SMOTE,0,0,0.0
Random Forest,No SMOTE,0,0,0.008096769891022433
Random Forest,No SMOTE,0,0,0.0
Random Forest,No SMOTE,0,0,0.0
Random Forest,No SMOTE,0,0,0.0
Random Forest,No SMOTE,0,0,0.0
Random Forest,No SMOTE,0,0,0.008096769891022433
Random Forest,No SMOTE,0,0,0.008096769891022433
Random Forest,No SMOTE,0,0,0.0
Random Forest,No SMOTE,0,0,0.0
Random Forest,No SMOTE,0,0,0.0
Random Forest,No SMOTE,0,0,0.0
Random Forest,No SMOTE,0,0,0.0
Random Forest,No SMOTE,0,0,0.0
Random Forest,No SMOTE,0,0,0.0
Random Forest,No SMOTE,0,0,0.0
Random Forest,No SMOTE,0,0,0.0
Random Forest,No SMOTE,0,0,0.005421603354912019
Random Forest,No SMOTE,0,0,0.0
Random Forest,No SMOTE,0,0,0.0
Random Forest,No SMOTE,0,0,0.0
Random Forest,No SMOTE,0,0,0.008096769891022433
Random Forest,No SMOTE,0,0,0.0
Random Forest,No SMOTE,0,0,0.0
Random Forest,No SMOTE,0,0,0.0
Random Forest,No SMOTE,0,0,0.008096769891022433
Random Forest,No SMOTE,0,0,0.0
Random Forest,No SMOTE,0,0,0.0
Random Forest,No SMOTE,0,0,0.0
Random Forest,No SMOTE,0,0,0.0
Random Forest,No SMOTE,0,0,0.0
Random Forest,No SMOTE,0,0,0.0
Random Forest,No SMOTE,0,0,0.0
Random Forest,No SMOTE,0,0,0.0
Random Forest,No SMOTE,0,0,0.0
Random Forest,No SMOTE,0,0,0.0
Random Forest,No SMOTE,0,0,0.0
Random Forest,No SMOTE,0,0,0.0
Random Forest,No SMOTE,0,0,0.013518373245934452
Random Forest,No SMOTE,0,0,0.0
Random Forest,No SMOTE,0,0,0.0
Random Forest,No SMOTE,0,0,0.0
Random Forest,No SMOTE,0,0,0.0
Random Forest,No SMOTE,0,0,0.009918233580508477
Random Forest,No SMOTE,0,0,0.0
Random Forest,No SMOTE,0,0,0.0
Random Forest,No SMOTE,0,0,0.0
Random Forest,No SMOTE,0,0,0.0
Random Forest,No SMOTE,0,0,0.0
Random Forest,No SMOTE,0,0,0.0
Random Forest,No SMOTE,0,0,0.0
Random Forest,No SMOTE,0,0,0.0
Random Forest,No SMOTE,0,0,0.0
Random Forest,No SMOTE,0,0,0.0
Random Forest,No SMOTE,0,0,0.013518373245934452
Random Forest,No SMOTE,0,0,0.0
Random Forest,No SMOTE,0,0,0.0
Random Forest,No SMOTE,0,0,0.0
Random Forest,No SMOTE,0,0,0.0
Random Forest,No SMOTE,0,0,0.0
Random Forest,No SMOTE,0,0,0.005421603354912019
Random Forest,No SMOTE,0,0,0.0
Random Forest,No SMOTE,0,0,0.0
Random Forest,No SMOTE,0,0,0.0
Random Forest,No SMOTE,0,0,0.0
Random Forest,No SMOTE,0,0,0.0
Random Forest,No SMOTE,0,0,0.0
Random Forest,No SMOTE,0,0,0.0
Random Forest,No SMOTE,0,0,0.008096769891022433
Random Forest,No SMOTE,0,0,0.0
Random Forest,No SMOTE,0,0,0.0
Random Forest,No SMOTE,0,0,0.0
Random Forest,No SMOTE,0,0,0.0
Random Forest,No SMOTE,0,0,0.0
Random Forest,No SMOTE,0,0,0.0
Random Forest,No SMOTE,0,0,0.0
Random Forest,No SMOTE,0,0,0.0
Random Forest,No SMOTE,0,0,0.0
Random Forest,No SMOTE,0,0,0.0
Random Forest,No SMOTE,0,0,0.0
Random Forest,No SMOTE,0,0,0.0
Random Forest,No SMOTE,0,0,0.008096769891022433
Random Forest,No SMOTE,0,0,0.0
Random Forest,No SMOTE,0,0,0.0
Random Forest,No SMOTE,0,0,0.0
Random Forest,No SMOTE,0,0,0.0
Random Forest,No SMOTE,0,0,0.0
Random Forest,No SMOTE,0,0,0.0
Random Forest,No SMOTE,0,0,0.0
Random Forest,No SMOTE,0,0,0.0
Random Forest,No SMOTE,0,0,0.0
Random Forest,No SMOTE,0,0,0.0
Random Forest,No SMOTE,0,0,0.0
Random Forest,No SMOTE,0,0,0.0
Random Forest,No SMOTE,0,0,0.0
Random Forest,No SMOTE,0,0,0.0
Random Forest,No SMOTE,0,0,0.0
Random Forest,No SMOTE,0,0,0.0
Random Forest,No SMOTE,0,0,0.0
Random Forest,No SMOTE,0,0,0.0
Random Forest,No SMOTE,0,0,0.0
Random Forest,No SMOTE,0,0,0.0
Random Forest,No SMOTE,0,0,0.0
Random Forest,No SMOTE,0,0,0.0
Random Forest,No SMOTE,0,0,0.0
Random Forest,No SMOTE,0,0,0.0
Random Forest,No SMOTE,0,0,0.0
Random Forest,No SMOTE,0,0,0.0
Random Forest,No SMOTE,0,0,0.0
Random Forest,No SMOTE,0,0,0.0
Random Forest,No SMOTE,0,0,0.008096769891022433
Random Forest,No SMOTE,0,0,0.0
Random Forest,No SMOTE,0,0,0.0
Random Forest,No SMOTE,0,0,0.0
Random Forest,No SMOTE,0,0,0.0
Random Forest,No SMOTE,0,0,0.0
Random Forest,No SMOTE,0,0,0.0
Random Forest,No SMOTE,0,0,0.0
Random Forest,No SMOTE,0,0,0.0
Random Forest,No SMOTE,0,0,0.0
Random Forest,No SMOTE,0,0,0.029396110501573484
Random Forest,No SMOTE,0,0,0.008096769891022433
Random Forest,No SMOTE,0,0,0.0
Random Forest,No SMOTE,0,0,0.0
Random Forest,No SMOTE,0,0,0.0
Random Forest,No SMOTE,0,0,0.0
Random Forest,No SMOTE,0,0,0.0
Random Forest,No SMOTE,0,0,0.0
Random Forest,No SMOTE,0,0,0.0
Random Forest,No SMOTE,0,0,0.0
Random Forest,No SMOTE,0,0,0.008096769891022433
Random Forest,No SMOTE,0,0,0.0
Random Forest,No SMOTE,0,0,0.0
Random Forest,No SMOTE,0,0,0.0
Random Forest,No SMOTE,0,0,0.0
Random Forest,No SMOTE,0,0,0.0
Random Forest,No SMOTE,0,0,0.0
Random Forest,No SMOTE,0,0,0.0
Random Forest,No SMOTE,0,0,0.0
Random Forest,No SMOTE,0,0,0.0
Random Forest,No SMOTE,0,0,0.0
Random Forest,No SMOTE,0,0,0.0
Random Forest,No SMOTE,0,0,0.0
Random Forest,No SMOTE,0,0,0.0
Random Forest,No SMOTE,0,0,0.0
Random Forest,No SMOTE,0,0,0.0
Random Forest,No SMOTE,0,0,0.013518373245934452
Random Forest,No SMOTE,0,0,0.0
Random Forest,No SMOTE,0,0,0.0
Random Forest,No SMOTE,0,0,0.0
Random Forest,No SMOTE,0,0,0.0
Random Forest,No SMOTE,0,0,0.0
Random Forest,No SMOTE,0,0,0.013518373245934452
Random Forest,No SMOTE,0,0,0.013518373245934452
Random Forest,No SMOTE,0,0,0.0
Random Forest,No SMOTE,0,0,0.0
Random Forest,No SMOTE,0,0,0.0
Random Forest,No SMOTE,0,0,0.0
Random Forest,No SMOTE,0,0,0.0
Random Forest,No SMOTE,0,0,0.0
Random Forest,No SMOTE,0,0,0.0
Random Forest,No SMOTE,0,0,0.0
Random Forest,No SMOTE,0,0,0.0
Random Forest,No SMOTE,0,0,0.0
Random Forest,No SMOTE,0,0,0.0
Random Forest,No SMOTE,0,0,0.0
Random Forest,No SMOTE,0,0,0.0
Random Forest,No SMOTE,0,0,0.0
Random Forest,No SMOTE,0,0,0.0
Random Forest,No SMOTE,0,0,0.0
Random Forest,No SMOTE,0,0,0.0
Random Forest,No SMOTE,0,0,0.0
Random Forest,No SMOTE,0,0,0.0
Random Forest,No SMOTE,0,0,0.0
Random Forest,No SMOTE,0,0,0.0
Random Forest,No SMOTE,0,0,0.0
Random Forest,No SMOTE,0,0,0.0
Random Forest,No SMOTE,0,0,0.0
Random Forest,No SMOTE,0,0,0.0
Random Forest,No SMOTE,0,0,0.0
Random Forest,No SMOTE,0,0,0.0
Random Forest,No SMOTE,0,0,0.009967563251659265
Random Forest,No SMOTE,0,0,0.0
Random Forest,No SMOTE,0,0,0.0
Random Forest,No SMOTE,0,0,0.0
Random Forest,No SMOTE,0,0,0.0
Random Forest,No SMOTE,0,0,0.029396110501573484
Random Forest,No SMOTE,0,0,0.0
Random Forest,No SMOTE,0,0,0.0
Random Forest,No SMOTE,0,0,0.0
Random Forest,No SMOTE,0,0,0.0
Random Forest,No SMOTE,0,0,0.0
Random Forest,No SMOTE,0,0,0.0
Random Forest,No SMOTE,0,0,0.0
Random Forest,No SMOTE,0,0,0.008096769891022433
Random Forest,No SMOTE,0,0,0.0
Random Forest,No SMOTE,0,0,0.0
Random Forest,No SMOTE,0,0,0.0
Random Forest,No SMOTE,0,0,0.0
Random Forest,No SMOTE,0,0,0.0
Random Forest,No SMOTE,0,0,0.0
Random Forest,No SMOTE,0,0,0.0
Random Forest,No SMOTE,0,0,0.0
Random Forest,No SMOTE,0,0,0.0
Random Forest,No SMOTE,0,0,0.0
Random Forest,No SMOTE,0,0,0.0
Random Forest,No SMOTE,0,0,0.0
Random Forest,No SMOTE,0,0,0.0
Random Forest,No SMOTE,0,0,0.0
Random Forest,No SMOTE,0,0,0.0
Random Forest,No SMOTE,0,0,0.013518373245934452
Random Forest,No SMOTE,0,0,0.0
Random Forest,No SMOTE,0,0,0.0
Random Forest,No SMOTE,0,0,0.0
Random Forest,No SMOTE,0,0,0.0
Random Forest,No SMOTE,0,0,0.0
Random Forest,No SMOTE,0,0,0.0
Random Forest,No SMOTE,0,0,0.0
Random Forest,No SMOTE,0,0,0.0
Random Forest,No SMOTE,0,0,0.013518373245934452
Random Forest,No SMOTE,0,0,0.0
Random Forest,No SMOTE,0,0,0.0
Random Forest,No SMOTE,0,0,0.0
Random Forest,No SMOTE,0,0,0.0
Random Forest,No SMOTE,0,0,0.0
Random Forest,No SMOTE,0,0,0.009993736518690378
Random Forest,No SMOTE,0,0,0.0
Random Forest,No SMOTE,0,0,0.0
Random Forest,No SMOTE,0,0,0.0
Random Forest,No SMOTE,0,0,0.0
Random Forest,No SMOTE,0,0,0.0
Random Forest,No SMOTE,0,0,0.0
Random Forest,No SMOTE,0,0,0.0
Random Forest,No SMOTE,0,0,0.0
Random Forest,No SMOTE,0,0,0.0
Random Forest,No SMOTE,0,0,0.0
Random Forest,No SMOTE,0,0,0.0
Random Forest,No SMOTE,0,0,0.0
Random Forest,No SMOTE,0,0,0.0
Random Forest,No SMOTE,0,0,0.0
Random Forest,No SMOTE,0,0,0.0
Random Forest,No SMOTE,0,0,0.0
Random Forest,No SMOTE,0,0,0.0
Random Forest,No SMOTE,0,0,0.0
Random Forest,No SMOTE,0,0,0.0
Random Forest,No SMOTE,0,0,0.0
Random Forest,No SMOTE,0,0,0.0
Random Forest,No SMOTE,0,0,0.0
Random Forest,No SMOTE,0,0,0.0
Random Forest,No SMOTE,0,0,0.0
Random Forest,No SMOTE,0,0,0.0
Random Forest,No SMOTE,0,0,0.0
Random Forest,No SMOTE,0,0,0.008096769891022433
Random Forest,No SMOTE,0,0,0.0
Random Forest,No SMOTE,0,0,0.0
Random Forest,No SMOTE,0,0,0.0
Random Forest,No SMOTE,0,0,0.0
Random Forest,No SMOTE,0,0,0.0
Random Forest,No SMOTE,0,0,0.0
Random Forest,No SMOTE,0,0,0.0
Random Forest,No SMOTE,0,0,0.0
Random Forest,No SMOTE,0,0,0.0
Random Forest,No SMOTE,0,0,0.0
Random Forest,No SMOTE,0,0,0.0
Random Forest,No SMOTE,0,0,0.0
Random Forest,No SMOTE,0,0,0.0
Random Forest,No SMOTE,0,0,0.0
Random Forest,No SMOTE,0,0,0.0
Random Forest,No SMOTE,0,0,0.0
Random Forest,No SMOTE,0,0,0.0
Random Forest,No SMOTE,0,0,0.0
Random Forest,No SMOTE,0,0,0.0
Random Forest,No SMOTE,0,0,0.0
Random Forest,No SMOTE,0,0,0.0
Random Forest,No SMOTE,0,0,0.0
Random Forest,No SMOTE,0,0,0.0
Random Forest,No SMOTE,0,0,0.0
Random Forest,No SMOTE,0,0,0.04974281958356034
Random Forest,No SMOTE,0,0,0.0
Random Forest,No SMOTE,0,0,0.0
Random Forest,No SMOTE,0,0,0.0
Random Forest,No SMOTE,0,0,0.0
Random Forest,No SMOTE,0,0,0.0
Random Forest,No SMOTE,0,0,0.0
Random Forest,No SMOTE,0,0,0.0
Random Forest,No SMOTE,0,0,0.0
Random Forest,No SMOTE,0,0,0.008096769891022433
Random Forest,No SMOTE,0,0,0.0
Random Forest,No SMOTE,0,0,0.0
Random Forest,No SMOTE,0,0,0.0
Random Forest,No SMOTE,0,0,0.0
Random Forest,No SMOTE,0,0,0.008096769891022433
Random Forest,No SMOTE,0,0,0.008096769891022433
Random Forest,No SMOTE,0,0,0.0
Random Forest,No SMOTE,0,0,0.02804171873133249
Random Forest,No SMOTE,0,0,0.0
Random Forest,No SMOTE,0,0,0.0
Random Forest,No SMOTE,0,0,0.0
Random Forest,No SMOTE,0,0,0.0
Random Forest,No SMOTE,0,0,0.0
Random Forest,No SMOTE,0,0,0.0
Random Forest,No SMOTE,0,0,0.0
Random Forest,No SMOTE,0,0,0.0
Random Forest,No SMOTE,0,0,0.013518373245934452
Random Forest,No SMOTE,0,0,0.0
Random Forest,No SMOTE,0,0,0.0
Random Forest,No SMOTE,0,0,0.0
Random Forest,No SMOTE,0,0,0.0
Random Forest,No SMOTE,0,0,0.0
Random Forest,No SMOTE,0,0,0.0
Random Forest,No SMOTE,0,0,0.0
Random Forest,No SMOTE,0,0,0.0
Random Forest,No SMOTE,0,0,0.008096769891022433
Random Forest,No SMOTE,0,0,0.008096769891022433
Random Forest,No SMOTE,0,0,0.0
Random Forest,No SMOTE,0,0,0.0
Random Forest,No SMOTE,0,0,0.0
Random Forest,No SMOTE,0,0,0.0
Random Forest,No SMOTE,0,0,0.0
Random Forest,No SMOTE,0,0,0.0
Random Forest,No SMOTE,0,0,0.0
Random Forest,No SMOTE,0,0,0.0
Random Forest,No SMOTE,0,0,0.0
Random Forest,No SMOTE,0,0,0.0
Random Forest,No SMOTE,0,0,0.0
Random Forest,No SMOTE,0,0,0.0
Random Forest,No SMOTE,0,0,0.0
Random Forest,No SMOTE,0,0,0.0
Random Forest,No SMOTE,0,0,0.0
Random Forest,No SMOTE,0,0,0.0
Random Forest,No SMOTE,0,0,0.0
Random Forest,No SMOTE,0,0,0.0
Random Forest,No SMOTE,0,0,0.0
Random Forest,No SMOTE,0,0,0.0
Random Forest,No SMOTE,0,0,0.0
Random Forest,No SMOTE,0,0,0.0
Random Forest,No SMOTE,0,0,0.0
Random Forest,No SMOTE,0,0,0.0
Random Forest,No SMOTE,0,0,0.0
Random Forest,No SMOTE,0,0,0.0
Random Forest,No SMOTE,0,0,0.0
Random Forest,No SMOTE,0,0,0.0
Random Forest,No SMOTE,0,0,0.0
Random Forest,No SMOTE,0,0,0.0
Random Forest,No SMOTE,0,0,0.0
Random Forest,No SMOTE,0,0,0.0
Random Forest,No SMOTE,0,0,0.0
Random Forest,No SMOTE,0,0,0.0
Random Forest,No SMOTE,0,0,0.0
Random Forest,No SMOTE,0,0,0.0
Random Forest,No SMOTE,0,0,0.0
Random Forest,No SMOTE,0,0,0.0
Random Forest,No SMOTE,0,0,0.0
Random Forest,No SMOTE,0,0,0.0
Random Forest,No SMOTE,0,0,0.009985377376176371
Random Forest,No SMOTE,0,0,0.0
Random Forest,No SMOTE,0,0,0.0
Random Forest,No SMOTE,0,0,0.0
Random Forest,No SMOTE,0,0,0.0
Random Forest,No SMOTE,0,0,0.0
Random Forest,No SMOTE,0,0,0.0
Random Forest,No SMOTE,0,0,0.0
Random Forest,No SMOTE,0,0,0.0
Random Forest,No SMOTE,0,0,0.0
Random Forest,No SMOTE,0,0,0.0
Random Forest,No SMOTE,0,0,0.0
Random Forest,No SMOTE,0,0,0.0
Random Forest,No SMOTE,0,0,0.0
Random Forest,No SMOTE,0,0,0.013518373245934452
Random Forest,No SMOTE,0,0,0.0
Random Forest,No SMOTE,0,0,0.0
Random Forest,No SMOTE,0,0,0.0
Random Forest,No SMOTE,0,0,0.0
Random Forest,No SMOTE,0,0,0.0
Random Forest,No SMOTE,0,0,0.0
Random Forest,No SMOTE,0,0,0.0
Random Forest,No SMOTE,0,0,0.013518373245934452
Random Forest,No SMOTE,0,0,0.013518373245934452
Random Forest,No SMOTE,0,0,0.0
Random Forest,No SMOTE,0,0,0.0
Random Forest,No SMOTE,0,0,0.008096769891022433
Random Forest,No SMOTE,0,0,0.0
Random Forest,No SMOTE,0,0,0.0
Random Forest,No SMOTE,0,0,0.0
Random Forest,No SMOTE,0,0,0.0
Random Forest,No SMOTE,0,0,0.0
Random Forest,No SMOTE,0,0,0.0
Random Forest,No SMOTE,0,0,0.0
Random Forest,No SMOTE,0,0,0.0
Random Forest,No SMOTE,0,0,0.0
Random Forest,No SMOTE,0,0,0.0
Random Forest,No SMOTE,0,0,0.0
Random Forest,No SMOTE,0,0,0.0
Random Forest,No SMOTE,0,0,0.0
Random Forest,No SMOTE,0,0,0.0
Random Forest,No SMOTE,0,0,0.0
Random Forest,No SMOTE,0,0,0.0
Random Forest,No SMOTE,0,0,0.005421603354912019
Random Forest,No SMOTE,0,0,0.0
Random Forest,No SMOTE,0,0,0.0
Random Forest,No SMOTE,0,0,0.0
Random Forest,No SMOTE,0,0,0.0
Random Forest,No SMOTE,0,0,0.0
Random Forest,No SMOTE,0,0,0.0
Random Forest,No SMOTE,0,0,0.0
Random Forest,No SMOTE,0,0,0.0
Random Forest,No SMOTE,0,0,0.0
Random Forest,No SMOTE,0,0,0.0
Random Forest,No SMOTE,0,0,0.0
Random Forest,No SMOTE,0,0,0.0
Random Forest,No SMOTE,0,0,0.0
Random Forest,No SMOTE,0,0,0.0
Random Forest,No SMOTE,0,0,0.0
Random Forest,No SMOTE,0,0,0.0
Random Forest,No SMOTE,0,0,0.0
Random Forest,No SMOTE,0,0,0.0
Random Forest,No SMOTE,0,0,0.008096769891022433
Random Forest,No SMOTE,0,0,0.0
Random Forest,No SMOTE,0,0,0.0
Random Forest,No SMOTE,0,0,0.0
Random Forest,No SMOTE,0,0,0.0
Random Forest,No SMOTE,0,0,0.0
Random Forest,No SMOTE,0,0,0.0
Random Forest,No SMOTE,0,0,0.0
Random Forest,No SMOTE,0,0,0.0
Random Forest,No SMOTE,0,0,0.008096769891022433
Random Forest,No SMOTE,0,0,0.0
Random Forest,No SMOTE,0,0,0.0
Random Forest,No SMOTE,0,0,0.0
Random Forest,No SMOTE,0,0,0.0
Random Forest,No SMOTE,0,0,0.0
Random Forest,No SMOTE,0,0,0.0
Random Forest,No SMOTE,0,0,0.0
Random Forest,No SMOTE,0,0,0.0
Random Forest,No SMOTE,0,0,0.0
Random Forest,No SMOTE,0,0,0.0
Random Forest,No SMOTE,0,0,0.0
Random Forest,No SMOTE,0,0,0.0
Random Forest,No SMOTE,0,0,0.0
Random Forest,No SMOTE,0,0,0.0
Random Forest,No SMOTE,0,0,0.0
Random Forest,No SMOTE,0,0,0.0
Random Forest,No SMOTE,0,0,0.0
Random Forest,No SMOTE,0,0,0.0
Random Forest,No SMOTE,0,0,0.0
Random Forest,No SMOTE,0,0,0.0
Random Forest,No SMOTE,0,0,0.0
Random Forest,No SMOTE,0,0,0.0
Random Forest,No SMOTE,0,0,0.0
Random Forest,No SMOTE,0,0,0.0
Random Forest,No SMOTE,0,0,0.0
Random Forest,No SMOTE,0,0,0.0
Random Forest,No SMOTE,0,0,0.013518373245934452
Random Forest,No SMOTE,0,0,0.0
Random Forest,No SMOTE,0,0,0.0
Random Forest,No SMOTE,0,0,0.0
Random Forest,No SMOTE,0,0,0.0
Random Forest,No SMOTE,0,0,0.0
Random Forest,No SMOTE,0,0,0.0
Random Forest,No SMOTE,0,0,0.0
Random Forest,No SMOTE,0,0,0.0
Random Forest,No SMOTE,0,0,0.0
Random Forest,No SMOTE,0,0,0.0
Random Forest,No SMOTE,0,0,0.0
Random Forest,No SMOTE,0,0,0.0
Random Forest,No SMOTE,0,0,0.0
Random Forest,No SMOTE,0,0,0.0
Random Forest,No SMOTE,0,0,0.0
Random Forest,No SMOTE,0,0,0.0
Random Forest,No SMOTE,0,0,0.0
Random Forest,No SMOTE,0,0,0.0
Random Forest,No SMOTE,0,0,0.0
Random Forest,No SMOTE,0,0,0.0
Random Forest,No SMOTE,0,0,0.0
Random Forest,No SMOTE,0,0,0.0
Random Forest,No SMOTE,0,0,0.0
Random Forest,No SMOTE,0,0,0.0
Random Forest,No SMOTE,0,0,0.005421603354912019
Random Forest,No SMOTE,0,0,0.0
Random Forest,No SMOTE,0,0,0.0
Random Forest,No SMOTE,0,0,0.0
Random Forest,No SMOTE,0,0,0.0
Random Forest,No SMOTE,0,0,0.0
Random Forest,No SMOTE,0,0,0.0
Random Forest,No SMOTE,0,0,0.0
Random Forest,No SMOTE,0,0,0.0
Random Forest,No SMOTE,0,0,0.0
Random Forest,No SMOTE,0,0,0.0
Random Forest,No SMOTE,0,0,0.0
Random Forest,No SMOTE,0,0,0.0
Random Forest,No SMOTE,0,0,0.0
Random Forest,No SMOTE,0,0,0.0
Random Forest,No SMOTE,0,0,0.0
Random Forest,No SMOTE,0,0,0.0
Random Forest,No SMOTE,0,0,0.0
Random Forest,No SMOTE,0,0,0.0
Random Forest,No SMOTE,0,0,0.008096769891022433
Random Forest,No SMOTE,0,0,0.0
Random Forest,No SMOTE,0,0,0.0
Random Forest,No SMOTE,0,0,0.0
Random Forest,No SMOTE,0,0,0.0
Random Forest,No SMOTE,0,0,0.0
Random Forest,No SMOTE,0,0,0.008096769891022433
Random Forest,No SMOTE,0,0,0.0
Random Forest,No SMOTE,0,0,0.008096769891022433
Random Forest,No SMOTE,0,0,0.0
Random Forest,No SMOTE,0,0,0.0
Random Forest,No SMOTE,0,0,0.0
Random Forest,No SMOTE,0,0,0.0
Random Forest,No SMOTE,0,0,0.0
Random Forest,No SMOTE,0,0,0.008096769891022433
Random Forest,No SMOTE,0,0,0.0
Random Forest,No SMOTE,0,0,0.0
Random Forest,No SMOTE,0,0,0.0
Random Forest,No SMOTE,0,0,0.0
Random Forest,No SMOTE,0,0,0.0
Random Forest,No SMOTE,0,0,0.0
Random Forest,No SMOTE,0,0,0.013518373245934452
Random Forest,No SMOTE,0,0,0.0
Random Forest,No SMOTE,0,0,0.0
Random Forest,No SMOTE,0,0,0.0
Random Forest,No SMOTE,0,0,0.0
Random Forest,No SMOTE,0,0,0.0
Random Forest,No SMOTE,0,0,0.0
Random Forest,No SMOTE,0,0,0.0
Random Forest,No SMOTE,0,0,0.0
Random Forest,No SMOTE,0,0,0.0
Random Forest,No SMOTE,0,0,0.013518373245934452
Random Forest,No SMOTE,0,0,0.0
Random Forest,No SMOTE,0,0,0.0
Random Forest,No SMOTE,0,0,0.0
Random Forest,No SMOTE,0,0,0.0
Random Forest,No SMOTE,0,0,0.0
Random Forest,No SMOTE,0,0,0.0
Random Forest,No SMOTE,0,0,0.0
Random Forest,No SMOTE,0,0,0.0
Random Forest,No SMOTE,0,0,0.0
Random Forest,No SMOTE,0,0,0.008096769891022433
Random Forest,No SMOTE,0,0,0.0
Random Forest,No SMOTE,0,0,0.0
Random Forest,No SMOTE,0,0,0.0
Random Forest,No SMOTE,0,0,0.0
Random Forest,No SMOTE,0,0,0.0
Random Forest,No SMOTE,0,0,0.0
Random Forest,No SMOTE,0,0,0.0
Random Forest,No SMOTE,0,0,0.0
Random Forest,No SMOTE,0,0,0.0
Random Forest,No SMOTE,0,0,0.0
Random Forest,No SMOTE,0,0,0.008096769891022433
Random Forest,No SMOTE,0,0,0.0
Random Forest,No SMOTE,0,0,0.0
Random Forest,No SMOTE,0,0,0.0
Random Forest,No SMOTE,0,0,0.0
Random Forest,No SMOTE,0,0,0.0
Random Forest,No SMOTE,0,0,0.0
Random Forest,No SMOTE,0,0,0.009967563251659265
Random Forest,No SMOTE,0,0,0.0
Random Forest,No SMOTE,0,0,0.0
Random Forest,No SMOTE,0,0,0.0
Random Forest,No SMOTE,0,0,0.0
Random Forest,No SMOTE,0,0,0.0
Random Forest,No SMOTE,0,0,0.0
Random Forest,No SMOTE,0,0,0.0
Random Forest,No SMOTE,0,0,0.0
Random Forest,No SMOTE,0,0,0.0
Random Forest,No SMOTE,0,0,0.0
Random Forest,No SMOTE,0,0,0.0
Random Forest,No SMOTE,0,0,0.013518373245934452
Random Forest,No SMOTE,0,0,0.0
Random Forest,No SMOTE,0,0,0.0
Random Forest,No SMOTE,0,0,0.0
Random Forest,No SMOTE,0,0,0.0
Random Forest,No SMOTE,0,0,0.0
Random Forest,No SMOTE,0,0,0.0
Random Forest,No SMOTE,0,0,0.0
Random Forest,No SMOTE,0,0,0.0
Random Forest,No SMOTE,0,0,0.0
Random Forest,No SMOTE,0,0,0.0
Random Forest,No SMOTE,0,0,0.0
Random Forest,No SMOTE,0,0,0.0
Random Forest,No SMOTE,0,0,0.0
Random Forest,No SMOTE,0,0,0.0
Random Forest,No SMOTE,0,0,0.0
Random Forest,No SMOTE,0,0,0.0
Random Forest,No SMOTE,0,0,0.0
Random Forest,No SMOTE,0,0,0.0
Random Forest,No SMOTE,0,0,0.0
Random Forest,No SMOTE,0,0,0.0
Random Forest,No SMOTE,0,0,0.0
Random Forest,No SMOTE,0,0,0.0
Random Forest,No SMOTE,0,0,0.0
Random Forest,No SMOTE,0,0,0.0
Random Forest,No SMOTE,0,0,0.0
Random Forest,No SMOTE,0,0,0.0
Random Forest,No SMOTE,0,0,0.0
Random Forest,No SMOTE,0,0,0.0
Random Forest,No SMOTE,0,0,0.0
Random Forest,No SMOTE,0,0,0.0
Random Forest,No SMOTE,0,0,0.0
Random Forest,No SMOTE,0,0,0.0
Random Forest,No SMOTE,0,0,0.0
Random Forest,No SMOTE,0,0,0.0
Random Forest,No SMOTE,0,0,0.008096769891022433
Random Forest,No SMOTE,0,0,0.0
Random Forest,No SMOTE,0,0,0.0
Random Forest,No SMOTE,0,0,0.0
Random Forest,No SMOTE,0,0,0.0
Random Forest,No SMOTE,0,0,0.0
Random Forest,No SMOTE,0,0,0.0
Random Forest,No SMOTE,0,0,0.0
Random Forest,No SMOTE,0,0,0.0
Random Forest,No SMOTE,0,0,0.0
Random Forest,No SMOTE,0,0,0.0
Random Forest,No SMOTE,0,0,0.0
Random Forest,No SMOTE,0,0,0.0
Random Forest,No SMOTE,0,0,0.0
Random Forest,No SMOTE,0,0,0.0
Random Forest,No SMOTE,0,0,0.0
Random Forest,No SMOTE,0,0,0.0
Random Forest,No SMOTE,0,0,0.0
Random Forest,No SMOTE,0,0,0.005421603354912019
Random Forest,No SMOTE,0,0,0.0
Random Forest,No SMOTE,0,0,0.0
Random Forest,No SMOTE,0,0,0.0
Random Forest,No SMOTE,0,0,0.0
Random Forest,No SMOTE,0,0,0.0
Random Forest,No SMOTE,0,0,0.0
Random Forest,No SMOTE,0,0,0.0
Random Forest,No SMOTE,0,0,0.0
Random Forest,No SMOTE,0,0,0.02983746783570099
Random Forest,No SMOTE,0,0,0.0
Random Forest,No SMOTE,0,0,0.0
Random Forest,No SMOTE,0,0,0.0
Random Forest,No SMOTE,0,0,0.0
Random Forest,No SMOTE,0,0,0.008096769891022433
Random Forest,No SMOTE,0,0,0.0
Random Forest,No SMOTE,0,0,0.0
Random Forest,No SMOTE,0,0,0.0
Random Forest,No SMOTE,0,0,0.0
Random Forest,No SMOTE,0,0,0.0
Random Forest,No SMOTE,0,0,0.0
Random Forest,No SMOTE,0,0,0.0
Random Forest,No SMOTE,0,0,0.0
Random Forest,No SMOTE,0,0,0.0
Random Forest,No SMOTE,0,0,0.0
Random Forest,No SMOTE,0,0,0.0
Random Forest,No SMOTE,0,0,0.0
Random Forest,No SMOTE,0,0,0.0
Random Forest,No SMOTE,0,0,0.0
Random Forest,No SMOTE,0,0,0.0
Random Forest,No SMOTE,0,0,0.0
Random Forest,No SMOTE,0,0,0.0
Random Forest,No SMOTE,0,0,0.0
Random Forest,No SMOTE,0,0,0.0
Random Forest,No SMOTE,0,0,0.0
Random Forest,No SMOTE,0,0,0.0
Random Forest,No SMOTE,0,0,0.0
Random Forest,No SMOTE,0,0,0.0
Random Forest,No SMOTE,0,0,0.0
Random Forest,No SMOTE,0,0,0.0
Random Forest,No SMOTE,0,0,0.0
Random Forest,No SMOTE,0,0,0.0
Random Forest,No SMOTE,0,0,0.0
Random Forest,No SMOTE,0,0,0.0
Random Forest,No SMOTE,0,0,0.0
Random Forest,No SMOTE,0,0,0.0
Random Forest,No SMOTE,0,0,0.0
Random Forest,No SMOTE,0,0,0.0
Random Forest,No SMOTE,0,0,0.0
Random Forest,No SMOTE,0,0,0.0
Random Forest,No SMOTE,0,0,0.0
Random Forest,No SMOTE,0,0,0.0
Random Forest,No SMOTE,0,0,0.0
Random Forest,No SMOTE,0,0,0.0
Random Forest,No SMOTE,0,0,0.0
Random Forest,No SMOTE,0,0,0.0
Random Forest,No SMOTE,0,0,0.0
Random Forest,No SMOTE,0,0,0.0
Random Forest,No SMOTE,0,0,0.0
Random Forest,No SMOTE,0,0,0.0
Random Forest,No SMOTE,0,0,0.0
Random Forest,No SMOTE,0,0,0.0
Random Forest,No SMOTE,0,0,0.0
Random Forest,No SMOTE,0,0,0.0
Random Forest,No SMOTE,0,0,0.0
Random Forest,No SMOTE,0,0,0.0
Random Forest,No SMOTE,0,0,0.0
Random Forest,No SMOTE,0,0,0.0
Random Forest,No SMOTE,0,0,0.0
Random Forest,No SMOTE,0,0,0.0
Random Forest,No SMOTE,0,0,0.0
Random Forest,No SMOTE,0,0,0.0
Random Forest,No SMOTE,0,0,0.0
Random Forest,No SMOTE,0,0,0.0
Random Forest,No SMOTE,0,0,0.0
Random Forest,No SMOTE,0,0,0.0
Random Forest,No SMOTE,0,0,0.0
Random Forest,No SMOTE,0,0,0.0
Random Forest,No SMOTE,0,0,0.0
Random Forest,No SMOTE,0,0,0.0
Random Forest,No SMOTE,0,0,0.0
Random Forest,No SMOTE,0,0,0.0
Random Forest,No SMOTE,0,0,0.0
Random Forest,No SMOTE,0,0,0.0
Random Forest,No SMOTE,0,0,0.0
Random Forest,No SMOTE,0,0,0.0
Random Forest,No SMOTE,0,0,0.0
Random Forest,No SMOTE,0,0,0.0
Random Forest,No SMOTE,0,0,0.0
Random Forest,No SMOTE,0,0,0.008096769891022433
Random Forest,No SMOTE,0,0,0.0
Random Forest,No SMOTE,0,0,0.0
Random Forest,No SMOTE,0,0,0.0
Random Forest,No SMOTE,0,0,0.008096769891022433
Random Forest,No SMOTE,0,0,0.0
Random Forest,No SMOTE,0,0,0.0
Random Forest,No SMOTE,0,0,0.0
Random Forest,No SMOTE,0,0,0.0
Random Forest,No SMOTE,0,0,0.0
Random Forest,No SMOTE,0,0,0.0
Random Forest,No SMOTE,0,0,0.0
Random Forest,No SMOTE,0,0,0.0
Random Forest,No SMOTE,0,0,0.0
Random Forest,No SMOTE,0,0,0.0
Random Forest,No SMOTE,0,0,0.0
Random Forest,No SMOTE,0,0,0.0
Random Forest,No SMOTE,0,0,0.008096769891022433
Random Forest,No SMOTE,0,0,0.0
Random Forest,No SMOTE,0,0,0.0
Random Forest,No SMOTE,0,0,0.0
Random Forest,No SMOTE,0,0,0.0
Random Forest,No SMOTE,0,0,0.0
Random Forest,No SMOTE,0,0,0.0
Random Forest,No SMOTE,0,0,0.0
Random Forest,No SMOTE,0,0,0.0
Random Forest,No SMOTE,0,0,0.0
Random Forest,No SMOTE,0,0,0.013518373245934452
Random Forest,No SMOTE,0,0,0.0
Random Forest,No SMOTE,0,0,0.0
Random Forest,No SMOTE,0,0,0.0
Random Forest,No SMOTE,0,0,0.0
Random Forest,No SMOTE,0,0,0.0
Random Forest,No SMOTE,0,0,0.0
Random Forest,No SMOTE,0,0,0.0
Random Forest,No SMOTE,0,0,0.0
Random Forest,No SMOTE,0,0,0.0
Random Forest,No SMOTE,0,0,0.0
Random Forest,No SMOTE,0,0,0.0
Random Forest,No SMOTE,0,0,0.0
Random Forest,No SMOTE,0,0,0.0
Random Forest,No SMOTE,0,0,0.0
Random Forest,No SMOTE,0,0,0.0
Random Forest,No SMOTE,0,0,0.0
Random Forest,No SMOTE,0,0,0.0
Random Forest,No SMOTE,0,0,0.0
Random Forest,No SMOTE,0,0,0.0
Random Forest,No SMOTE,0,0,0.0
Random Forest,No SMOTE,0,0,0.0
Random Forest,No SMOTE,0,0,0.0
Random Forest,No SMOTE,0,0,0.0
Random Forest,No SMOTE,0,0,0.0
Random Forest,No SMOTE,0,0,0.0
Random Forest,No SMOTE,0,0,0.0
Random Forest,No SMOTE,0,0,0.0
Random Forest,No SMOTE,0,0,0.0
Random Forest,No SMOTE,0,0,0.0
Random Forest,No SMOTE,0,0,0.0
Random Forest,No SMOTE,0,0,0.0
Random Forest,No SMOTE,0,0,0.0
Random Forest,No SMOTE,0,0,0.0
Random Forest,No SMOTE,0,0,0.0
Random Forest,No SMOTE,0,0,0.0
Random Forest,No SMOTE,0,0,0.0
Random Forest,No SMOTE,0,0,0.0
Random Forest,No SMOTE,0,0,0.0
Random Forest,No SMOTE,0,0,0.0
Random Forest,No SMOTE,0,0,0.008096769891022433
Random Forest,No SMOTE,0,0,0.0
Random Forest,No SMOTE,0,0,0.0
Random Forest,No SMOTE,0,0,0.0
Random Forest,No SMOTE,0,0,0.0
Random Forest,No SMOTE,0,0,0.0
Random Forest,No SMOTE,0,0,0.0
Random Forest,No SMOTE,0,0,0.0
Random Forest,No SMOTE,0,0,0.0
Random Forest,No SMOTE,0,0,0.0
Random Forest,No SMOTE,0,0,0.0
Random Forest,No SMOTE,0,0,0.0
Random Forest,No SMOTE,0,0,0.0
Random Forest,No SMOTE,0,0,0.0
Random Forest,No SMOTE,0,0,0.0
Random Forest,No SMOTE,0,0,0.0
Random Forest,No SMOTE,0,0,0.009961101137043689
Random Forest,No SMOTE,0,0,0.0
Random Forest,No SMOTE,0,0,0.0
Random Forest,No SMOTE,0,0,0.0
Random Forest,No SMOTE,0,0,0.0
Random Forest,No SMOTE,0,0,0.0
Random Forest,No SMOTE,0,0,0.0
Random Forest,No SMOTE,0,0,0.0
Random Forest,No SMOTE,0,0,0.0
Random Forest,No SMOTE,0,0,0.0
Random Forest,No SMOTE,0,0,0.0
Random Forest,No SMOTE,0,0,0.0
Random Forest,No SMOTE,0,0,0.0
Random Forest,No SMOTE,0,0,0.0
Random Forest,No SMOTE,0,0,0.0
Random Forest,No SMOTE,0,0,0.008096769891022433
Random Forest,No SMOTE,0,0,0.005421603354912019
Random Forest,No SMOTE,0,0,0.0
Random Forest,No SMOTE,0,0,0.0
Random Forest,No SMOTE,0,0,0.0
Random Forest,No SMOTE,0,0,0.0
Random Forest,No SMOTE,0,0,0.0
Random Forest,No SMOTE,0,0,0.0
Random Forest,No SMOTE,0,0,0.0
Random Forest,No SMOTE,0,0,0.0
Random Forest,No SMOTE,0,0,0.0
Random Forest,No SMOTE,0,0,0.0
Random Forest,No SMOTE,0,0,0.0
Random Forest,No SMOTE,0,0,0.0
Random Forest,No SMOTE,0,0,0.0
Random Forest,No SMOTE,0,0,0.0
Random Forest,No SMOTE,0,0,0.0
Random Forest,No SMOTE,0,0,0.0
Random Forest,No SMOTE,0,0,0.005421603354912019
Random Forest,No SMOTE,0,0,0.0
Random Forest,No SMOTE,0,0,0.0
Random Forest,No SMOTE,0,0,0.0
Random Forest,No SMOTE,0,0,0.0
Random Forest,No SMOTE,0,0,0.0
Random Forest,No SMOTE,0,0,0.0
Random Forest,No SMOTE,0,0,0.0
Random Forest,No SMOTE,0,0,0.0
Random Forest,No SMOTE,0,0,0.0
Random Forest,No SMOTE,0,0,0.0
Random Forest,No SMOTE,0,0,0.008096769891022433
Random Forest,No SMOTE,0,0,0.0
Random Forest,No SMOTE,0,0,0.0
Random Forest,No SMOTE,0,0,0.0
Random Forest,No SMOTE,0,0,0.0
Random Forest,No SMOTE,0,0,0.0
Random Forest,No SMOTE,0,0,0.0
Random Forest,No SMOTE,0,0,0.0
Random Forest,No SMOTE,0,0,0.0
Random Forest,No SMOTE,0,0,0.013518373245934452
Random Forest,No SMOTE,0,0,0.0
Random Forest,No SMOTE,0,0,0.0
Random Forest,No SMOTE,0,0,0.005421603354912019
Random Forest,No SMOTE,0,0,0.0
Random Forest,No SMOTE,0,0,0.0
Random Forest,No SMOTE,0,0,0.0
Random Forest,No SMOTE,0,0,0.0
Random Forest,No SMOTE,0,0,0.0
Random Forest,No SMOTE,0,0,0.0
Random Forest,No SMOTE,0,0,0.0
Random Forest,No SMOTE,0,0,0.0
Random Forest,No SMOTE,0,0,0.0
Random Forest,No SMOTE,0,0,0.008096769891022433
Random Forest,No SMOTE,0,0,0.009913967108963967
Random Forest,No SMOTE,0,0,0.0
Random Forest,No SMOTE,0,0,0.0
Random Forest,No SMOTE,0,0,0.0
Random Forest,No SMOTE,0,0,0.0
Random Forest,No SMOTE,0,0,0.0
Random Forest,No SMOTE,0,0,0.008096769891022433
Random Forest,No SMOTE,0,0,0.005421603354912019
Random Forest,No SMOTE,0,0,0.0
Random Forest,No SMOTE,0,0,0.0
Random Forest,No SMOTE,0,0,0.0
Random Forest,No SMOTE,0,0,0.0
Random Forest,No SMOTE,0,0,0.0
Random Forest,No SMOTE,0,0,0.0
Random Forest,No SMOTE,0,0,0.0
Random Forest,No SMOTE,0,0,0.0
Random Forest,No SMOTE,0,0,0.0
Random Forest,No SMOTE,0,0,0.0
Random Forest,No SMOTE,0,0,0.0
Random Forest,No SMOTE,0,0,0.0
Random Forest,No SMOTE,0,0,0.0
Random Forest,No SMOTE,0,0,0.0
Random Forest,No SMOTE,0,0,0.0
Random Forest,No SMOTE,0,0,0.0
Random Forest,No SMOTE,0,0,0.0
Random Forest,No SMOTE,0,0,0.0
Random Forest,No SMOTE,0,0,0.0
Random Forest,No SMOTE,0,0,0.0
Random Forest,No SMOTE,0,0,0.005421603354912019
Random Forest,No SMOTE,0,0,0.0
Random Forest,No SMOTE,0,0,0.0
Random Forest,No SMOTE,0,0,0.0
Random Forest,No SMOTE,0,0,0.0
Random Forest,No SMOTE,0,0,0.0
Random Forest,No SMOTE,0,0,0.0
Random Forest,No SMOTE,0,0,0.0
Random Forest,No SMOTE,0,0,0.013518373245934452
Random Forest,No SMOTE,0,0,0.008096769891022433
Random Forest,No SMOTE,0,0,0.0
Random Forest,No SMOTE,0,0,0.0
Random Forest,No SMOTE,0,0,0.0
Random Forest,No SMOTE,0,0,0.0
Random Forest,No SMOTE,0,0,0.0
Random Forest,No SMOTE,0,0,0.0
Random Forest,No SMOTE,0,0,0.005421603354912019
Random Forest,No SMOTE,0,0,0.0
Random Forest,No SMOTE,0,0,0.0
Random Forest,No SMOTE,0,0,0.0
Random Forest,No SMOTE,0,0,0.0
Random Forest,No SMOTE,0,0,0.0
Random Forest,No SMOTE,0,0,0.0
Random Forest,No SMOTE,0,0,0.0
Random Forest,No SMOTE,0,0,0.0
Random Forest,No SMOTE,0,0,0.0
Random Forest,No SMOTE,0,0,0.0
Random Forest,No SMOTE,0,0,0.0
Random Forest,No SMOTE,0,0,0.0
Random Forest,No SMOTE,0,0,0.0
Random Forest,No SMOTE,0,0,0.0
Random Forest,No SMOTE,0,0,0.0
Random Forest,No SMOTE,0,0,0.0
Random Forest,No SMOTE,0,0,0.0
Random Forest,No SMOTE,0,0,0.0
Random Forest,No SMOTE,0,0,0.0
Random Forest,No SMOTE,0,0,0.0
Random Forest,No SMOTE,0,0,0.0
Random Forest,No SMOTE,0,0,0.0
Random Forest,No SMOTE,0,0,0.0
Random Forest,No SMOTE,0,0,0.0
Random Forest,No SMOTE,0,0,0.0
Random Forest,No SMOTE,0,0,0.013518373245934452
Random Forest,No SMOTE,0,0,0.0
Random Forest,No SMOTE,0,0,0.0
Random Forest,No SMOTE,0,0,0.008096769891022433
Random Forest,No SMOTE,0,0,0.0
Random Forest,No SMOTE,0,0,0.0
Random Forest,No SMOTE,0,0,0.0
Random Forest,No SMOTE,0,0,0.0
Random Forest,No SMOTE,0,0,0.0
Random Forest,No SMOTE,0,0,0.0
Random Forest,No SMOTE,0,0,0.013518373245934452
Random Forest,No SMOTE,0,0,0.0
Random Forest,No SMOTE,0,0,0.0
Random Forest,No SMOTE,0,0,0.0
Random Forest,No SMOTE,0,0,0.0
Random Forest,No SMOTE,0,0,0.0
Random Forest,No SMOTE,0,0,0.0
Random Forest,No SMOTE,0,0,0.0
Random Forest,No SMOTE,0,0,0.0
Random Forest,No SMOTE,0,0,0.0
Random Forest,No SMOTE,0,0,0.0
Random Forest,No SMOTE,0,0,0.0
Random Forest,No SMOTE,0,0,0.0
Random Forest,No SMOTE,0,0,0.0
Random Forest,No SMOTE,0,0,0.0
Random Forest,No SMOTE,0,0,0.0
Random Forest,No SMOTE,0,0,0.0
Random Forest,No SMOTE,0,0,0.0
Random Forest,No SMOTE,0,0,0.0
Random Forest,No SMOTE,0,0,0.0
Random Forest,No SMOTE,0,0,0.008096769891022433
Random Forest,No SMOTE,0,0,0.0
Random Forest,No SMOTE,0,0,0.0
Random Forest,No SMOTE,0,0,0.0
Random Forest,No SMOTE,0,0,0.0
Random Forest,No SMOTE,0,0,0.0
Random Forest,No SMOTE,0,0,0.0
Random Forest,No SMOTE,0,0,0.0
Random Forest,No SMOTE,0,0,0.0
Random Forest,No SMOTE,0,0,0.0
Random Forest,No SMOTE,0,0,0.0
Random Forest,No SMOTE,0,0,0.0
Random Forest,No SMOTE,0,0,0.0
Random Forest,No SMOTE,0,0,0.0
Random Forest,No SMOTE,0,0,0.0
Random Forest,No SMOTE,0,0,0.0
Random Forest,No SMOTE,0,0,0.0
Random Forest,No SMOTE,0,0,0.0
Random Forest,No SMOTE,0,0,0.0
Random Forest,No SMOTE,0,0,0.005421603354912019
Random Forest,No SMOTE,0,0,0.0
Random Forest,No SMOTE,0,0,0.005421603354912019
Random Forest,No SMOTE,0,0,0.017880273025818672
Random Forest,No SMOTE,0,0,0.0
Random Forest,No SMOTE,0,0,0.0
Random Forest,No SMOTE,0,0,0.0
Random Forest,No SMOTE,0,0,0.0
Random Forest,No SMOTE,0,0,0.0
Random Forest,No SMOTE,0,0,0.0
Random Forest,No SMOTE,0,0,0.0
Random Forest,No SMOTE,0,0,0.0
Random Forest,No SMOTE,0,0,0.0
Random Forest,No SMOTE,0,0,0.0
Random Forest,No SMOTE,0,0,0.0
Random Forest,No SMOTE,0,0,0.0
Random Forest,No SMOTE,0,0,0.0
Random Forest,No SMOTE,0,0,0.0
Random Forest,No SMOTE,0,0,0.0
Random Forest,No SMOTE,0,0,0.0
Random Forest,No SMOTE,0,0,0.0
Random Forest,No SMOTE,0,0,0.0
Random Forest,No SMOTE,0,0,0.0
Random Forest,No SMOTE,0,0,0.0
Random Forest,No SMOTE,0,0,0.0
Random Forest,No SMOTE,0,0,0.0
Random Forest,No SMOTE,0,0,0.0
Random Forest,No SMOTE,0,0,0.013518373245934452
Random Forest,No SMOTE,0,0,0.0
Random Forest,No SMOTE,0,0,0.0
Random Forest,No SMOTE,0,0,0.0
Random Forest,No SMOTE,0,0,0.0
Random Forest,No SMOTE,0,0,0.0
Random Forest,No SMOTE,0,0,0.0
Random Forest,No SMOTE,0,0,0.0
Random Forest,No SMOTE,0,0,0.0
Random Forest,No SMOTE,0,0,0.013518373245934452
Random Forest,No SMOTE,0,0,0.0
Random Forest,No SMOTE,0,0,0.0
Random Forest,No SMOTE,0,0,0.0
Random Forest,No SMOTE,0,0,0.008096769891022433
Random Forest,No SMOTE,0,0,0.0
Random Forest,No SMOTE,0,0,0.0
Random Forest,No SMOTE,0,0,0.0
Random Forest,No SMOTE,0,0,0.0
Random Forest,No SMOTE,0,0,0.0
Random Forest,No SMOTE,0,0,0.0
Random Forest,No SMOTE,0,0,0.0
Random Forest,No SMOTE,0,0,0.005421603354912019
Random Forest,No SMOTE,0,0,0.0
Random Forest,No SMOTE,0,0,0.0
Random Forest,No SMOTE,0,0,0.0
Random Forest,No SMOTE,0,0,0.0
Random Forest,No SMOTE,0,0,0.0
Random Forest,No SMOTE,0,0,0.0
Random Forest,No SMOTE,0,0,0.0
Random Forest,No SMOTE,0,0,0.005421603354912019
Random Forest,No SMOTE,0,0,0.0
Random Forest,No SMOTE,0,0,0.0
Random Forest,No SMOTE,0,0,0.0
Random Forest,No SMOTE,0,0,0.0
Random Forest,No SMOTE,0,0,0.0
Random Forest,No SMOTE,0,0,0.0
Random Forest,No SMOTE,0,0,0.0
Random Forest,No SMOTE,0,0,0.0
Random Forest,No SMOTE,0,0,0.0
Random Forest,No SMOTE,0,0,0.0
Random Forest,No SMOTE,0,0,0.0
Random Forest,No SMOTE,0,0,0.0
Random Forest,No SMOTE,0,0,0.0
Random Forest,No SMOTE,0,0,0.0
Random Forest,No SMOTE,0,0,0.0
Random Forest,No SMOTE,0,0,0.0
Random Forest,No SMOTE,0,0,0.0
Random Forest,No SMOTE,0,0,0.0
Random Forest,No SMOTE,0,0,0.0
Random Forest,No SMOTE,0,0,0.0
Random Forest,No SMOTE,0,0,0.0
Random Forest,No SMOTE,0,0,0.0
Random Forest,No SMOTE,0,0,0.0
Random Forest,No SMOTE,0,0,0.0
Random Forest,No SMOTE,0,0,0.0
Random Forest,No SMOTE,0,0,0.0
Random Forest,No SMOTE,0,0,0.0
Random Forest,No SMOTE,0,0,0.0
Random Forest,No SMOTE,0,0,0.0
Random Forest,No SMOTE,0,0,0.0
Random Forest,No SMOTE,0,0,0.0
Random Forest,No SMOTE,0,0,0.0
Random Forest,No SMOTE,0,0,0.0
Random Forest,No SMOTE,0,0,0.0
Random Forest,No SMOTE,0,0,0.0
Random Forest,No SMOTE,0,0,0.0
Random Forest,No SMOTE,0,0,0.0
Random Forest,No SMOTE,0,0,0.0
Random Forest,No SMOTE,0,0,0.0
Random Forest,No SMOTE,0,0,0.0
Random Forest,No SMOTE,0,0,0.008096769891022433
Random Forest,No SMOTE,0,0,0.0
Random Forest,No SMOTE,0,0,0.0
Random Forest,No SMOTE,0,0,0.0
Random Forest,No SMOTE,0,0,0.0
Random Forest,No SMOTE,0,0,0.0
Random Forest,No SMOTE,0,0,0.0
Random Forest,No SMOTE,0,0,0.0
Random Forest,No SMOTE,0,0,0.0
Random Forest,No SMOTE,0,0,0.0
Random Forest,No SMOTE,0,0,0.0
Random Forest,No SMOTE,0,0,0.0
Random Forest,No SMOTE,0,0,0.01809676989102243
Random Forest,No SMOTE,0,0,0.008096769891022433
Random Forest,No SMOTE,0,0,0.0
Random Forest,No SMOTE,0,0,0.008096769891022433
Random Forest,No SMOTE,0,0,0.0
Random Forest,No SMOTE,0,0,0.0
Random Forest,No SMOTE,0,0,0.0
Random Forest,No SMOTE,0,0,0.0
Random Forest,No SMOTE,0,0,0.0
Random Forest,No SMOTE,0,0,0.0
Random Forest,No SMOTE,0,0,0.0
Random Forest,No SMOTE,0,0,0.0
Random Forest,No SMOTE,0,0,0.0
Random Forest,No SMOTE,0,0,0.0
Random Forest,No SMOTE,0,0,0.0
Random Forest,No SMOTE,0,0,0.008096769891022433
Random Forest,No SMOTE,0,0,0.0
Random Forest,No SMOTE,0,0,0.0
Random Forest,No SMOTE,0,0,0.008096769891022433
Random Forest,No SMOTE,0,0,0.0
Random Forest,No SMOTE,0,0,0.0
Random Forest,No SMOTE,0,0,0.01
Random Forest,No SMOTE,0,0,0.0
Random Forest,No SMOTE,0,0,0.0
Random Forest,No SMOTE,0,0,0.008096769891022433
Random Forest,No SMOTE,0,0,0.0
Random Forest,No SMOTE,0,0,0.0
Random Forest,No SMOTE,0,0,0.0
Random Forest,No SMOTE,0,0,0.0
Random Forest,No SMOTE,0,0,0.0
Random Forest,No SMOTE,0,0,0.0
Random Forest,No SMOTE,0,0,0.0
Random Forest,No SMOTE,0,0,0.0
Random Forest,No SMOTE,0,0,0.0
Random Forest,No SMOTE,0,0,0.0
Random Forest,No SMOTE,0,0,0.0
Random Forest,No SMOTE,0,0,0.0
Random Forest,No SMOTE,0,0,0.0
Random Forest,No SMOTE,0,0,0.0
Random Forest,No SMOTE,0,0,0.0
Random Forest,No SMOTE,0,0,0.0
Random Forest,No SMOTE,0,0,0.0
Random Forest,No SMOTE,0,0,0.0
Random Forest,No SMOTE,0,0,0.0
Random Forest,No SMOTE,0,0,0.0
Random Forest,No SMOTE,0,0,0.0
Random Forest,No SMOTE,0,0,0.0
Random Forest,No SMOTE,0,0,0.008096769891022433
Random Forest,No SMOTE,0,0,0.0
Random Forest,No SMOTE,0,0,0.0
Random Forest,No SMOTE,0,0,0.0
Random Forest,No SMOTE,0,0,0.0
Random Forest,No SMOTE,0,0,0.0
Random Forest,No SMOTE,0,0,0.008096769891022433
Random Forest,No SMOTE,0,0,0.0
Random Forest,No SMOTE,0,0,0.0
Random Forest,No SMOTE,0,0,0.0
Random Forest,No SMOTE,0,0,0.0
Random Forest,No SMOTE,0,0,0.0
Random Forest,No SMOTE,0,0,0.0
Random Forest,No SMOTE,0,0,0.0
Random Forest,No SMOTE,0,0,0.0
Random Forest,No SMOTE,0,0,0.0
Random Forest,No SMOTE,0,0,0.005421603354912019
Random Forest,No SMOTE,0,0,0.005421603354912019
Random Forest,No SMOTE,0,0,0.0
Random Forest,No SMOTE,0,0,0.0
Random Forest,No SMOTE,0,0,0.0
Random Forest,No SMOTE,0,0,0.0
Random Forest,No SMOTE,0,0,0.0
Random Forest,No SMOTE,0,0,0.0
Random Forest,No SMOTE,0,0,0.008096769891022433
Random Forest,No SMOTE,0,0,0.0
Random Forest,No SMOTE,0,0,0.0
Random Forest,No SMOTE,0,0,0.0
Random Forest,No SMOTE,0,0,0.0
Random Forest,No SMOTE,0,0,0.0
Random Forest,No SMOTE,0,0,0.0
Random Forest,No SMOTE,0,0,0.0
Random Forest,No SMOTE,0,0,0.0
Random Forest,No SMOTE,0,0,0.0
Random Forest,No SMOTE,0,0,0.0
Random Forest,No SMOTE,0,0,0.0
Random Forest,No SMOTE,0,0,0.013518373245934452
Random Forest,No SMOTE,0,0,0.0
Random Forest,No SMOTE,0,0,0.0
Random Forest,No SMOTE,0,0,0.0
Random Forest,No SMOTE,0,0,0.0
Random Forest,No SMOTE,0,0,0.0
Random Forest,No SMOTE,0,0,0.0
Random Forest,No SMOTE,0,0,0.0
Random Forest,No SMOTE,0,0,0.0
Random Forest,No SMOTE,0,0,0.0
Random Forest,No SMOTE,0,0,0.0
Random Forest,No SMOTE,0,0,0.0
Random Forest,No SMOTE,0,0,0.0
Random Forest,No SMOTE,0,0,0.0
Random Forest,No SMOTE,0,0,0.0
Random Forest,No SMOTE,0,0,0.0
Random Forest,No SMOTE,0,0,0.008096769891022433
Random Forest,No SMOTE,0,0,0.0
Random Forest,No SMOTE,0,0,0.0
Random Forest,No SMOTE,0,0,0.0
Random Forest,No SMOTE,0,0,0.013518373245934452
Random Forest,No SMOTE,0,0,0.0
Random Forest,No SMOTE,0,0,0.0
Random Forest,No SMOTE,0,0,0.0
Random Forest,No SMOTE,0,0,0.0
Random Forest,No SMOTE,0,0,0.0
Random Forest,No SMOTE,0,0,0.0
Random Forest,No SMOTE,0,0,0.0
Random Forest,No SMOTE,0,0,0.0
Random Forest,No SMOTE,0,0,0.0
Random Forest,No SMOTE,0,0,0.0
Random Forest,No SMOTE,0,0,0.0
Random Forest,No SMOTE,0,0,0.0
Random Forest,No SMOTE,0,0,0.0
Random Forest,No SMOTE,0,0,0.0
Random Forest,No SMOTE,0,0,0.0
Random Forest,No SMOTE,0,0,0.0
Random Forest,No SMOTE,0,0,0.0
Random Forest,No SMOTE,0,0,0.013518373245934452
Random Forest,No SMOTE,0,0,0.0
Random Forest,No SMOTE,0,0,0.0
Random Forest,No SMOTE,0,0,0.0
Random Forest,No SMOTE,0,0,0.0
Random Forest,No SMOTE,0,0,0.0
Random Forest,No SMOTE,0,0,0.0
Random Forest,No SMOTE,0,0,0.0
Random Forest,No SMOTE,0,0,0.0
Random Forest,No SMOTE,0,0,0.0
Random Forest,No SMOTE,0,0,0.0
Random Forest,No SMOTE,0,0,0.0
Random Forest,No SMOTE,0,0,0.0
Random Forest,No SMOTE,0,0,0.0
Random Forest,No SMOTE,0,0,0.0
Random Forest,No SMOTE,0,0,0.0
Random Forest,No SMOTE,0,0,0.0
Random Forest,No SMOTE,0,0,0.0
Random Forest,No SMOTE,0,0,0.013518373245934452
Random Forest,No SMOTE,0,0,0.0
Random Forest,No SMOTE,0,0,0.0
Random Forest,No SMOTE,0,0,0.0
Random Forest,No SMOTE,0,0,0.0
Random Forest,No SMOTE,0,0,0.0
Random Forest,No SMOTE,0,0,0.0
Random Forest,No SMOTE,0,0,0.0
Random Forest,No SMOTE,0,0,0.0
Random Forest,No SMOTE,0,0,0.0
Random Forest,No SMOTE,0,0,0.0
Random Forest,No SMOTE,0,0,0.0
Random Forest,No SMOTE,0,0,0.0
Random Forest,No SMOTE,0,0,0.0
Random Forest,No SMOTE,0,0,0.008096769891022433
Random Forest,No SMOTE,0,0,0.0
Random Forest,No SMOTE,0,0,0.0
Random Forest,No SMOTE,0,0,0.0
Random Forest,No SMOTE,0,0,0.0
Random Forest,No SMOTE,0,0,0.0
Random Forest,No SMOTE,0,0,0.0
Random Forest,No SMOTE,0,0,0.0
Random Forest,No SMOTE,0,0,0.0
Random Forest,No SMOTE,0,0,0.0
Random Forest,No SMOTE,0,0,0.0
Random Forest,No SMOTE,0,0,0.008096769891022433
Random Forest,No SMOTE,0,0,0.0
Random Forest,No SMOTE,0,0,0.0
Random Forest,No SMOTE,0,0,0.0
Random Forest,No SMOTE,0,0,0.0
Random Forest,No SMOTE,0,0,0.0
Random Forest,No SMOTE,0,0,0.0
Random Forest,No SMOTE,0,0,0.0
Random Forest,No SMOTE,0,0,0.017769409116204032
Random Forest,No SMOTE,0,0,0.0
Random Forest,No SMOTE,0,0,0.0
Random Forest,No SMOTE,0,0,0.0
Random Forest,No SMOTE,0,0,0.013518373245934452
Random Forest,No SMOTE,0,0,0.0
Random Forest,No SMOTE,0,0,0.0
Random Forest,No SMOTE,0,0,0.0
Random Forest,No SMOTE,0,0,0.0
Random Forest,No SMOTE,0,0,0.0
Random Forest,No SMOTE,0,0,0.0
Random Forest,No SMOTE,0,0,0.0
Random Forest,No SMOTE,0,0,0.0
Random Forest,No SMOTE,0,0,0.0
Random Forest,No SMOTE,0,0,0.0
Random Forest,No SMOTE,0,0,0.0
Random Forest,No SMOTE,0,0,0.0
Random Forest,No SMOTE,0,0,0.0
Random Forest,No SMOTE,0,0,0.008096769891022433
Random Forest,No SMOTE,0,0,0.0
Random Forest,No SMOTE,0,0,0.0
Random Forest,No SMOTE,0,0,0.0
Random Forest,No SMOTE,0,0,0.0
Random Forest,No SMOTE,0,0,0.0
Random Forest,No SMOTE,0,0,0.0
Random Forest,No SMOTE,0,0,0.0
Random Forest,No SMOTE,0,0,0.0
Random Forest,No SMOTE,0,0,0.01997362090814212
Random Forest,No SMOTE,0,0,0.0
Random Forest,No SMOTE,0,0,0.0
Random Forest,No SMOTE,0,0,0.01
Random Forest,No SMOTE,0,0,0.0
Random Forest,No SMOTE,0,0,0.005421603354912019
Random Forest,No SMOTE,0,0,0.0
Random Forest,No SMOTE,0,0,0.013518373245934452
Random Forest,No SMOTE,0,0,0.0
Random Forest,No SMOTE,0,0,0.0
Random Forest,No SMOTE,0,0,0.0
Random Forest,No SMOTE,0,0,0.0
Random Forest,No SMOTE,0,0,0.0
Random Forest,No SMOTE,0,0,0.0
Random Forest,No SMOTE,0,0,0.0
Random Forest,No SMOTE,0,0,0.0
Random Forest,No SMOTE,0,0,0.0
Random Forest,No SMOTE,0,0,0.0
Random Forest,No SMOTE,0,0,0.0
Random Forest,No SMOTE,0,0,0.0
Random Forest,No SMOTE,0,0,0.0
Random Forest,No SMOTE,0,0,0.0
Random Forest,No SMOTE,0,0,0.0
Random Forest,No SMOTE,0,0,0.0
Random Forest,No SMOTE,0,0,0.0
Random Forest,No SMOTE,0,0,0.0
Random Forest,No SMOTE,0,0,0.018093516719179886
Random Forest,No SMOTE,0,0,0.0
Random Forest,No SMOTE,0,0,0.0
Random Forest,No SMOTE,0,0,0.0
Random Forest,No SMOTE,1,1,0.999952213053009
Random Forest,No SMOTE,0,0,0.0
Random Forest,No SMOTE,0,0,0.0
Random Forest,No SMOTE,0,0,0.005421603354912019
Random Forest,No SMOTE,0,0,0.0
Random Forest,No SMOTE,0,0,0.0
Random Forest,No SMOTE,0,0,0.0
Random Forest,No SMOTE,0,0,0.0
Random Forest,No SMOTE,0,0,0.0
Random Forest,No SMOTE,0,0,0.0
Random Forest,No SMOTE,0,0,0.0
Random Forest,No SMOTE,0,0,0.0
Random Forest,No SMOTE,0,0,0.008096769891022433
Random Forest,No SMOTE,0,0,0.0
Random Forest,No SMOTE,0,0,0.0
Random Forest,No SMOTE,0,0,0.0
Random Forest,No SMOTE,0,0,0.0
Random Forest,No SMOTE,0,0,0.0
Random Forest,No SMOTE,0,0,0.0
Random Forest,No SMOTE,0,0,0.0
Random Forest,No SMOTE,0,0,0.0
Random Forest,No SMOTE,0,0,0.0
Random Forest,No SMOTE,0,0,0.0
Random Forest,No SMOTE,0,0,0.0
Random Forest,No SMOTE,0,0,0.0
Random Forest,No SMOTE,0,0,0.0
Random Forest,No SMOTE,0,0,0.0
Random Forest,No SMOTE,0,0,0.0
Random Forest,No SMOTE,0,0,0.0
Random Forest,No SMOTE,0,0,0.008096769891022433
Random Forest,No SMOTE,0,0,0.0
Random Forest,No SMOTE,0,0,0.0298382533116781
Random Forest,No SMOTE,0,0,0.0
Random Forest,No SMOTE,0,0,0.0
Random Forest,No SMOTE,0,0,0.005421603354912019
Random Forest,No SMOTE,0,0,0.0
Random Forest,No SMOTE,0,0,0.008096769891022433
Random Forest,No SMOTE,0,0,0.0
Random Forest,No SMOTE,0,0,0.0
Random Forest,No SMOTE,0,0,0.013518373245934452
Random Forest,No SMOTE,0,0,0.0
Random Forest,No SMOTE,0,0,0.0
Random Forest,No SMOTE,0,0,0.013518373245934452
Random Forest,No SMOTE,0,0,0.0
Random Forest,No SMOTE,0,0,0.0
Random Forest,No SMOTE,0,0,0.0
Random Forest,No SMOTE,0,0,0.0
Random Forest,No SMOTE,0,0,0.0
Random Forest,No SMOTE,0,0,0.0
Random Forest,No SMOTE,0,0,0.008096769891022433
Random Forest,No SMOTE,0,0,0.0
Random Forest,No SMOTE,0,0,0.0
Random Forest,No SMOTE,0,0,0.0
Random Forest,No SMOTE,0,0,0.0
Random Forest,No SMOTE,0,0,0.0
Random Forest,No SMOTE,0,0,0.0
Random Forest,No SMOTE,0,0,0.0
Random Forest,No SMOTE,0,0,0.0
Random Forest,No SMOTE,0,0,0.0
Random Forest,No SMOTE,0,0,0.013518373245934452
Random Forest,No SMOTE,0,0,0.0
Random Forest,No SMOTE,0,0,0.0
Random Forest,No SMOTE,0,0,0.0
Random Forest,No SMOTE,0,0,0.0
Random Forest,No SMOTE,0,0,0.0
Random Forest,No SMOTE,0,0,0.0
Random Forest,No SMOTE,0,0,0.0
Random Forest,No SMOTE,0,0,0.0
Random Forest,No SMOTE,0,0,0.0
Random Forest,No SMOTE,0,0,0.0
Random Forest,No SMOTE,0,0,0.0
Random Forest,No SMOTE,0,0,0.0
Random Forest,No SMOTE,0,0,0.0
Random Forest,No SMOTE,0,0,0.0
Random Forest,No SMOTE,0,0,0.0
Random Forest,No SMOTE,0,0,0.0
Random Forest,No SMOTE,0,0,0.0
Random Forest,No SMOTE,0,0,0.0
Random Forest,No SMOTE,0,0,0.0
Random Forest,No SMOTE,0,0,0.0
Random Forest,No SMOTE,0,0,0.0
Random Forest,No SMOTE,0,0,0.0
Random Forest,No SMOTE,0,0,0.0
Random Forest,No SMOTE,0,0,0.0
Random Forest,No SMOTE,0,0,0.0
Random Forest,No SMOTE,0,0,0.0
Random Forest,No SMOTE,0,0,0.0
Random Forest,No SMOTE,0,0,0.013518373245934452
Random Forest,No SMOTE,0,0,0.0
Random Forest,No SMOTE,0,0,0.005421603354912019
Random Forest,No SMOTE,0,0,0.0
Random Forest,No SMOTE,0,0,0.0
Random Forest,No SMOTE,0,0,0.0
Random Forest,No SMOTE,0,0,0.0
Random Forest,No SMOTE,0,0,0.0
Random Forest,No SMOTE,0,0,0.0
Random Forest,No SMOTE,0,0,0.0
Random Forest,No SMOTE,0,0,0.0
Random Forest,No SMOTE,0,0,0.008096769891022433
Random Forest,No SMOTE,0,0,0.0
Random Forest,No SMOTE,0,0,0.0
Random Forest,No SMOTE,0,0,0.0
Random Forest,No SMOTE,0,0,0.0
Random Forest,No SMOTE,0,0,0.0
Random Forest,No SMOTE,0,0,0.0
Random Forest,No SMOTE,0,0,0.0
Random Forest,No SMOTE,0,0,0.0
Random Forest,No SMOTE,0,0,0.0
Random Forest,No SMOTE,0,0,0.0
Random Forest,No SMOTE,0,0,0.0
Random Forest,No SMOTE,0,0,0.0
Random Forest,No SMOTE,0,0,0.0
Random Forest,No SMOTE,0,0,0.0
Random Forest,No SMOTE,0,0,0.0
Random Forest,No SMOTE,0,0,0.0
Random Forest,No SMOTE,0,0,0.0
Random Forest,No SMOTE,0,0,0.0
Random Forest,No SMOTE,0,0,0.0
Random Forest,No SMOTE,0,0,0.0
Random Forest,No SMOTE,0,0,0.005421603354912019
Random Forest,No SMOTE,0,0,0.0
Random Forest,No SMOTE,0,0,0.008096769891022433
Random Forest,No SMOTE,0,0,0.0
Random Forest,No SMOTE,0,0,0.0
Random Forest,No SMOTE,0,0,0.0
Random Forest,No SMOTE,0,0,0.0
Random Forest,No SMOTE,0,0,0.0
Random Forest,No SMOTE,0,0,0.0
Random Forest,No SMOTE,0,0,0.0
Random Forest,No SMOTE,0,0,0.0
Random Forest,No SMOTE,0,0,0.008096769891022433
Random Forest,No SMOTE,0,0,0.0
Random Forest,No SMOTE,0,0,0.0
Random Forest,No SMOTE,0,0,0.0
Random Forest,No SMOTE,0,0,0.0
Random Forest,No SMOTE,0,0,0.0
Random Forest,No SMOTE,0,0,0.0
Random Forest,No SMOTE,0,0,0.01804497190317504
Random Forest,No SMOTE,0,0,0.0
Random Forest,No SMOTE,0,0,0.0
Random Forest,No SMOTE,0,0,0.0
Random Forest,No SMOTE,0,0,0.0
Random Forest,No SMOTE,0,0,0.0
Random Forest,No SMOTE,0,0,0.0
Random Forest,No SMOTE,0,0,0.0
Random Forest,No SMOTE,0,0,0.0
Random Forest,No SMOTE,0,0,0.0
Random Forest,No SMOTE,0,0,0.0
Random Forest,No SMOTE,0,0,0.0
Random Forest,No SMOTE,0,0,0.0
Random Forest,No SMOTE,0,0,0.0
Random Forest,No SMOTE,0,0,0.0
Random Forest,No SMOTE,0,0,0.0
Random Forest,No SMOTE,0,0,0.0
Random Forest,No SMOTE,0,0,0.0
Random Forest,No SMOTE,0,0,0.0
Random Forest,No SMOTE,0,0,0.0
Random Forest,No SMOTE,0,0,0.0
Random Forest,No SMOTE,0,0,0.0
Random Forest,No SMOTE,0,0,0.0
Random Forest,No SMOTE,0,0,0.008096769891022433
Random Forest,No SMOTE,0,0,0.0
Random Forest,No SMOTE,0,0,0.0
Random Forest,No SMOTE,0,0,0.0
Random Forest,No SMOTE,0,0,0.0
Random Forest,No SMOTE,0,0,0.0
Random Forest,No SMOTE,0,0,0.0
Random Forest,No SMOTE,0,0,0.0
Random Forest,No SMOTE,0,0,0.0
Random Forest,No SMOTE,0,0,0.0
Random Forest,No SMOTE,0,0,0.0
Random Forest,No SMOTE,0,0,0.0
Random Forest,No SMOTE,0,0,0.0
Random Forest,No SMOTE,0,0,0.0
Random Forest,No SMOTE,0,0,0.0
Random Forest,No SMOTE,0,0,0.0
Random Forest,No SMOTE,0,0,0.44
Random Forest,No SMOTE,0,0,0.0
Random Forest,No SMOTE,0,0,0.0
Random Forest,No SMOTE,0,0,0.0
Random Forest,No SMOTE,0,0,0.0
Random Forest,No SMOTE,0,0,0.0
Random Forest,No SMOTE,0,0,0.0
Random Forest,No SMOTE,0,0,0.0
Random Forest,No SMOTE,0,0,0.0
Random Forest,No SMOTE,0,0,0.0
Random Forest,No SMOTE,0,0,0.0
Random Forest,No SMOTE,0,0,0.0
Random Forest,No SMOTE,0,0,0.0
Random Forest,No SMOTE,0,0,0.0
Random Forest,No SMOTE,0,0,0.0
Random Forest,No SMOTE,0,0,0.0
Random Forest,No SMOTE,0,0,0.0
Random Forest,No SMOTE,0,0,0.0
Random Forest,No SMOTE,0,0,0.0
Random Forest,No SMOTE,0,0,0.0
Random Forest,No SMOTE,0,0,0.0
Random Forest,No SMOTE,0,0,0.0
Random Forest,No SMOTE,0,0,0.0
Random Forest,No SMOTE,0,0,0.0
Random Forest,No SMOTE,0,0,0.0
Random Forest,No SMOTE,0,0,0.0
Random Forest,No SMOTE,0,0,0.0
Random Forest,No SMOTE,0,0,0.008096769891022433
Random Forest,No SMOTE,0,0,0.0
Random Forest,No SMOTE,0,0,0.0
Random Forest,No SMOTE,0,0,0.0
Random Forest,No SMOTE,0,0,0.0
Random Forest,No SMOTE,0,0,0.0
Random Forest,No SMOTE,0,0,0.0
Random Forest,No SMOTE,0,0,0.0
Random Forest,No SMOTE,0,0,0.0
Random Forest,No SMOTE,0,0,0.0
Random Forest,No SMOTE,0,0,0.0
Random Forest,No SMOTE,0,0,0.0
Random Forest,No SMOTE,0,0,0.008096769891022433
Random Forest,No SMOTE,0,0,0.0
Random Forest,No SMOTE,0,0,0.0
Random Forest,No SMOTE,0,0,0.0
Random Forest,No SMOTE,0,0,0.0
Random Forest,No SMOTE,0,0,0.0
Random Forest,No SMOTE,0,0,0.0
Random Forest,No SMOTE,0,0,0.0
Random Forest,No SMOTE,0,0,0.0
Random Forest,No SMOTE,0,0,0.0
Random Forest,No SMOTE,0,0,0.0
Random Forest,No SMOTE,0,0,0.0
Random Forest,No SMOTE,0,0,0.0
Random Forest,No SMOTE,0,0,0.0
Random Forest,No SMOTE,0,0,0.008096769891022433
Random Forest,No SMOTE,0,0,0.0
Random Forest,No SMOTE,0,0,0.0
Random Forest,No SMOTE,0,0,0.0
Random Forest,No SMOTE,0,0,0.0
Random Forest,No SMOTE,0,0,0.0
Random Forest,No SMOTE,0,0,0.0
Random Forest,No SMOTE,0,0,0.0
Random Forest,No SMOTE,0,0,0.0
Random Forest,No SMOTE,0,0,0.0
Random Forest,No SMOTE,0,0,0.0
Random Forest,No SMOTE,0,0,0.0
Random Forest,No SMOTE,0,0,0.0
Random Forest,No SMOTE,0,0,0.005421603354912019
Random Forest,No SMOTE,0,0,0.0
Random Forest,No SMOTE,0,0,0.0
Random Forest,No SMOTE,0,0,0.0
Random Forest,No SMOTE,0,0,0.0
Random Forest,No SMOTE,0,0,0.0
Random Forest,No SMOTE,0,0,0.0
Random Forest,No SMOTE,0,0,0.0
Random Forest,No SMOTE,0,0,0.0
Random Forest,No SMOTE,0,0,0.0
Random Forest,No SMOTE,0,0,0.0
Random Forest,No SMOTE,0,0,0.0
Random Forest,No SMOTE,0,0,0.0
Random Forest,No SMOTE,0,0,0.0
Random Forest,No SMOTE,0,0,0.013518373245934452
Random Forest,No SMOTE,0,0,0.0
Random Forest,No SMOTE,0,0,0.0
Random Forest,No SMOTE,0,0,0.0
Random Forest,No SMOTE,0,0,0.0
Random Forest,No SMOTE,0,0,0.0
Random Forest,No SMOTE,0,0,0.0
Random Forest,No SMOTE,0,0,0.0
Random Forest,No SMOTE,0,0,0.0
Random Forest,No SMOTE,0,0,0.0
Random Forest,No SMOTE,0,0,0.0
Random Forest,No SMOTE,0,0,0.009961101137043689
Random Forest,No SMOTE,0,0,0.0
Random Forest,No SMOTE,0,0,0.0
Random Forest,No SMOTE,0,0,0.0
Random Forest,No SMOTE,0,0,0.0
Random Forest,No SMOTE,0,0,0.0
Random Forest,No SMOTE,0,0,0.0
Random Forest,No SMOTE,0,0,0.0
Random Forest,No SMOTE,0,0,0.0
Random Forest,No SMOTE,0,0,0.0
Random Forest,No SMOTE,0,0,0.0
Random Forest,No SMOTE,0,0,0.0
Random Forest,No SMOTE,0,0,0.0
Random Forest,No SMOTE,0,0,0.0
Random Forest,No SMOTE,0,0,0.0
Random Forest,No SMOTE,0,0,0.0
Random Forest,No SMOTE,0,0,0.0
Random Forest,No SMOTE,0,0,0.0
Random Forest,No SMOTE,0,0,0.0
Random Forest,No SMOTE,0,0,0.0
Random Forest,No SMOTE,0,0,0.0
Random Forest,No SMOTE,0,0,0.0
Random Forest,No SMOTE,0,0,0.0
Random Forest,No SMOTE,0,0,0.0
Random Forest,No SMOTE,0,0,0.0
Random Forest,No SMOTE,0,0,0.0
Random Forest,No SMOTE,0,0,0.0
Random Forest,No SMOTE,0,0,0.0
Random Forest,No SMOTE,0,0,0.0
Random Forest,No SMOTE,0,0,0.0
Random Forest,No SMOTE,0,0,0.0
Random Forest,No SMOTE,0,0,0.0
Random Forest,No SMOTE,0,0,0.0
Random Forest,No SMOTE,0,0,0.0
Random Forest,No SMOTE,0,0,0.0
Random Forest,No SMOTE,0,0,0.0
Random Forest,No SMOTE,0,0,0.0
Random Forest,No SMOTE,0,0,0.0596277831997877
Random Forest,No SMOTE,0,0,0.0
Random Forest,No SMOTE,0,0,0.0
Random Forest,No SMOTE,0,0,0.013518373245934452
Random Forest,No SMOTE,0,0,0.0
Random Forest,No SMOTE,0,0,0.0
Random Forest,No SMOTE,0,0,0.0
Random Forest,No SMOTE,0,0,0.0
Random Forest,No SMOTE,0,0,0.0
Random Forest,No SMOTE,0,0,0.0
Random Forest,No SMOTE,0,0,0.0
Random Forest,No SMOTE,0,0,0.0
Random Forest,No SMOTE,0,0,0.0
Random Forest,No SMOTE,0,0,0.005421603354912019
Random Forest,No SMOTE,0,0,0.0
Random Forest,No SMOTE,0,0,0.0
Random Forest,No SMOTE,0,0,0.0
Random Forest,No SMOTE,0,0,0.0
Random Forest,No SMOTE,0,0,0.0
Random Forest,No SMOTE,0,0,0.0
Random Forest,No SMOTE,0,0,0.0
Random Forest,No SMOTE,0,0,0.0
Random Forest,No SMOTE,0,0,0.0
Random Forest,No SMOTE,0,0,0.008096769891022433
Random Forest,No SMOTE,0,0,0.0
Random Forest,No SMOTE,0,0,0.0
Random Forest,No SMOTE,0,0,0.0
Random Forest,No SMOTE,0,0,0.0
Random Forest,No SMOTE,0,0,0.0
Random Forest,No SMOTE,0,0,0.0
Random Forest,No SMOTE,0,0,0.0
Random Forest,No SMOTE,0,0,0.0
Random Forest,No SMOTE,0,0,0.0
Random Forest,No SMOTE,0,0,0.0
Random Forest,No SMOTE,0,0,0.0
Random Forest,No SMOTE,0,0,0.008096769891022433
Random Forest,No SMOTE,0,0,0.0
Random Forest,No SMOTE,0,0,0.0
Random Forest,No SMOTE,0,0,0.0
Random Forest,No SMOTE,0,0,0.0
Random Forest,No SMOTE,0,0,0.0
Random Forest,No SMOTE,0,0,0.0
Random Forest,No SMOTE,0,0,0.0
Random Forest,No SMOTE,0,0,0.008096769891022433
Random Forest,No SMOTE,0,0,0.0
Random Forest,No SMOTE,0,0,0.0
Random Forest,No SMOTE,0,0,0.008096769891022433
Random Forest,No SMOTE,0,0,0.0
Random Forest,No SMOTE,0,0,0.0
Random Forest,No SMOTE,0,0,0.0
Random Forest,No SMOTE,0,0,0.0
Random Forest,No SMOTE,0,0,0.0
Random Forest,No SMOTE,0,0,0.0
Random Forest,No SMOTE,0,0,0.0
Random Forest,No SMOTE,0,0,0.008096769891022433
Random Forest,No SMOTE,0,0,0.0
Random Forest,No SMOTE,0,0,0.0
Random Forest,No SMOTE,0,0,0.0
Random Forest,No SMOTE,0,0,0.0
Random Forest,No SMOTE,0,0,0.0
Random Forest,No SMOTE,0,0,0.0
Random Forest,No SMOTE,0,0,0.0
Random Forest,No SMOTE,0,0,0.0
Random Forest,No SMOTE,0,0,0.0
Random Forest,No SMOTE,0,0,0.0
Random Forest,No SMOTE,0,0,0.0
Random Forest,No SMOTE,0,0,0.005421603354912019
Random Forest,No SMOTE,0,0,0.0
Random Forest,No SMOTE,0,0,0.008096769891022433
Random Forest,No SMOTE,0,0,0.0
Random Forest,No SMOTE,0,0,0.0
Random Forest,No SMOTE,0,0,0.0
Random Forest,No SMOTE,0,0,0.0
Random Forest,No SMOTE,0,0,0.0
Random Forest,No SMOTE,0,0,0.0
Random Forest,No SMOTE,0,0,0.0
Random Forest,No SMOTE,0,0,0.0
Random Forest,No SMOTE,0,0,0.005421603354912019
Random Forest,No SMOTE,0,0,0.0
Random Forest,No SMOTE,0,0,0.0
Random Forest,No SMOTE,0,0,0.0
Random Forest,No SMOTE,0,0,0.0
Random Forest,No SMOTE,0,0,0.009479289266866635
Random Forest,No SMOTE,0,0,0.0
Random Forest,No SMOTE,0,0,0.0
Random Forest,No SMOTE,0,0,0.0
Random Forest,No SMOTE,0,0,0.0
Random Forest,No SMOTE,0,0,0.0
Random Forest,No SMOTE,0,0,0.0
Random Forest,No SMOTE,0,0,0.008096769891022433
Random Forest,No SMOTE,0,0,0.0
Random Forest,No SMOTE,0,0,0.0
Random Forest,No SMOTE,0,0,0.013518373245934452
Random Forest,No SMOTE,0,0,0.0
Random Forest,No SMOTE,0,0,0.0
Random Forest,No SMOTE,0,0,0.0
Random Forest,No SMOTE,0,0,0.0
Random Forest,No SMOTE,0,0,0.0
Random Forest,No SMOTE,0,0,0.0
Random Forest,No SMOTE,0,0,0.0
Random Forest,No SMOTE,0,0,0.0
Random Forest,No SMOTE,0,0,0.013518373245934452
Random Forest,No SMOTE,0,0,0.0
Random Forest,No SMOTE,0,0,0.0
Random Forest,No SMOTE,0,0,0.0
Random Forest,No SMOTE,0,0,0.0
Random Forest,No SMOTE,0,0,0.0
Random Forest,No SMOTE,0,0,0.0
Random Forest,No SMOTE,0,0,0.0
Random Forest,No SMOTE,0,0,0.005421603354912019
Random Forest,No SMOTE,0,0,0.0
Random Forest,No SMOTE,0,0,0.0
Random Forest,No SMOTE,0,0,0.005421603354912019
Random Forest,No SMOTE,0,0,0.0
Random Forest,No SMOTE,0,0,0.0
Random Forest,No SMOTE,0,0,0.0
Random Forest,No SMOTE,0,0,0.0
Random Forest,No SMOTE,0,0,0.0
Random Forest,No SMOTE,0,0,0.0
Random Forest,No SMOTE,0,0,0.005421603354912019
Random Forest,No SMOTE,0,0,0.0
Random Forest,No SMOTE,0,0,0.0
Random Forest,No SMOTE,0,0,0.0
Random Forest,No SMOTE,0,0,0.0
Random Forest,No SMOTE,0,0,0.0
Random Forest,No SMOTE,0,0,0.0
Random Forest,No SMOTE,0,0,0.0
Random Forest,No SMOTE,0,0,0.0
Random Forest,No SMOTE,0,0,0.01798097416655688
Random Forest,No SMOTE,0,0,0.008096769891022433
Random Forest,No SMOTE,0,0,0.0
Random Forest,No SMOTE,0,0,0.0
Random Forest,No SMOTE,0,0,0.0
Random Forest,No SMOTE,0,0,0.0
Random Forest,No SMOTE,0,0,0.0
Random Forest,No SMOTE,0,0,0.0
Random Forest,No SMOTE,0,0,0.0
Random Forest,No SMOTE,0,0,0.008096769891022433
Random Forest,No SMOTE,0,0,0.0
Random Forest,No SMOTE,0,0,0.0
Random Forest,No SMOTE,0,0,0.008096769891022433
Random Forest,No SMOTE,0,0,0.0
Random Forest,No SMOTE,0,0,0.0
Random Forest,No SMOTE,0,0,0.0
Random Forest,No SMOTE,0,0,0.008096769891022433
Random Forest,No SMOTE,0,0,0.0
Random Forest,No SMOTE,0,0,0.0
Random Forest,No SMOTE,0,0,0.0
Random Forest,No SMOTE,0,0,0.0
Random Forest,No SMOTE,0,0,0.0
Random Forest,No SMOTE,0,0,0.0
Random Forest,No SMOTE,0,0,0.0
Random Forest,No SMOTE,0,0,0.0
Random Forest,No SMOTE,0,0,0.0
Random Forest,No SMOTE,0,0,0.0
Random Forest,No SMOTE,0,0,0.0
Random Forest,No SMOTE,0,0,0.0
Random Forest,No SMOTE,0,0,0.0
Random Forest,No SMOTE,0,0,0.0
Random Forest,No SMOTE,0,0,0.0
Random Forest,No SMOTE,0,0,0.0
Random Forest,No SMOTE,0,0,0.0
Random Forest,No SMOTE,0,0,0.0
Random Forest,No SMOTE,0,0,0.0
Random Forest,No SMOTE,0,0,0.0
Random Forest,No SMOTE,0,0,0.0
Random Forest,No SMOTE,0,0,0.0
Random Forest,No SMOTE,0,0,0.0
Random Forest,No SMOTE,0,0,0.008096769891022433
Random Forest,No SMOTE,0,0,0.0
Random Forest,No SMOTE,0,0,0.0
Random Forest,No SMOTE,0,0,0.0
Random Forest,No SMOTE,0,0,0.0
Random Forest,No SMOTE,0,0,0.0
Random Forest,No SMOTE,0,0,0.0
Random Forest,No SMOTE,0,0,0.0
Random Forest,No SMOTE,0,0,0.0
Random Forest,No SMOTE,0,0,0.0
Random Forest,No SMOTE,0,0,0.009697057966792896
Random Forest,No SMOTE,0,0,0.0
Random Forest,No SMOTE,0,0,0.0
Random Forest,No SMOTE,0,0,0.0
Random Forest,No SMOTE,0,0,0.0
Random Forest,No SMOTE,0,0,0.0
Random Forest,No SMOTE,0,0,0.0
Random Forest,No SMOTE,0,0,0.0
Random Forest,No SMOTE,0,0,0.0
Random Forest,No SMOTE,0,0,0.0
Random Forest,No SMOTE,0,0,0.0
Random Forest,No SMOTE,0,0,0.0
Random Forest,No SMOTE,0,0,0.0
Random Forest,No SMOTE,0,0,0.0
Random Forest,No SMOTE,0,0,0.0
Random Forest,No SMOTE,0,0,0.008096769891022433
Random Forest,No SMOTE,0,0,0.0
Random Forest,No SMOTE,0,0,0.0
Random Forest,No SMOTE,0,0,0.0
Random Forest,No SMOTE,0,0,0.0
Random Forest,No SMOTE,0,0,0.0
Random Forest,No SMOTE,0,0,0.005421603354912019
Random Forest,No SMOTE,0,0,0.0
Random Forest,No SMOTE,0,0,0.0
Random Forest,No SMOTE,0,0,0.008096769891022433
Random Forest,No SMOTE,0,0,0.0
Random Forest,No SMOTE,0,0,0.0
Random Forest,No SMOTE,0,0,0.0
Random Forest,No SMOTE,0,0,0.0
Random Forest,No SMOTE,0,0,0.0
Random Forest,No SMOTE,0,0,0.0
Random Forest,No SMOTE,0,0,0.0
Random Forest,No SMOTE,0,0,0.0
Random Forest,No SMOTE,0,0,0.0
Random Forest,No SMOTE,0,0,0.0
Random Forest,No SMOTE,0,0,0.0
Random Forest,No SMOTE,0,0,0.008096769891022433
Random Forest,No SMOTE,0,0,0.0
Random Forest,No SMOTE,0,0,0.0
Random Forest,No SMOTE,0,0,0.0
Random Forest,No SMOTE,0,0,0.0
Random Forest,No SMOTE,0,0,0.0
Random Forest,No SMOTE,0,0,0.0
Random Forest,No SMOTE,0,0,0.0
Random Forest,No SMOTE,0,0,0.0
Random Forest,No SMOTE,0,0,0.0
Random Forest,No SMOTE,0,0,0.008096769891022433
Random Forest,No SMOTE,0,0,0.0
Random Forest,No SMOTE,0,0,0.0
Random Forest,No SMOTE,0,0,0.0
Random Forest,No SMOTE,0,0,0.013518373245934452
Random Forest,No SMOTE,0,0,0.0
Random Forest,No SMOTE,0,0,0.008096769891022433
Random Forest,No SMOTE,0,0,0.005421603354912019
Random Forest,No SMOTE,0,0,0.008096769891022433
Random Forest,No SMOTE,0,0,0.0
Random Forest,No SMOTE,0,0,0.0
Random Forest,No SMOTE,0,0,0.0
Random Forest,No SMOTE,0,0,0.0
Random Forest,No SMOTE,0,0,0.0
Random Forest,No SMOTE,0,0,0.0
Random Forest,No SMOTE,0,0,0.0
Random Forest,No SMOTE,0,0,0.0
Random Forest,No SMOTE,0,0,0.0
Random Forest,No SMOTE,0,0,0.0
Random Forest,No SMOTE,0,0,0.0
Random Forest,No SMOTE,0,0,0.0
Random Forest,No SMOTE,0,0,0.005421603354912019
Random Forest,No SMOTE,0,0,0.0
Random Forest,No SMOTE,0,0,0.0
Random Forest,No SMOTE,0,0,0.0
Random Forest,No SMOTE,0,0,0.0
Random Forest,No SMOTE,0,0,0.0
Random Forest,No SMOTE,0,0,0.0
Random Forest,No SMOTE,0,0,0.0
Random Forest,No SMOTE,0,0,0.0
Random Forest,No SMOTE,0,0,0.0
Random Forest,No SMOTE,0,0,0.0
Random Forest,No SMOTE,0,0,0.0
Random Forest,No SMOTE,0,0,0.0
Random Forest,No SMOTE,0,0,0.0
Random Forest,No SMOTE,0,0,0.0
Random Forest,No SMOTE,0,0,0.0
Random Forest,No SMOTE,0,0,0.013518373245934452
Random Forest,No SMOTE,0,0,0.0
Random Forest,No SMOTE,0,0,0.0
Random Forest,No SMOTE,0,0,0.0
Random Forest,No SMOTE,0,0,0.0
Random Forest,No SMOTE,0,0,0.0
Random Forest,No SMOTE,0,0,0.0
Random Forest,No SMOTE,0,0,0.0
Random Forest,No SMOTE,0,0,0.0
Random Forest,No SMOTE,0,0,0.013518373245934452
Random Forest,No SMOTE,0,0,0.0
Random Forest,No SMOTE,0,0,0.0
Random Forest,No SMOTE,0,0,0.0
Random Forest,No SMOTE,0,0,0.0
Random Forest,No SMOTE,0,0,0.0
Random Forest,No SMOTE,0,0,0.0
Random Forest,No SMOTE,0,0,0.0
Random Forest,No SMOTE,0,0,0.0
Random Forest,No SMOTE,0,0,0.0
Random Forest,No SMOTE,0,0,0.0
Random Forest,No SMOTE,0,0,0.0
Random Forest,No SMOTE,0,0,0.0
Random Forest,No SMOTE,0,0,0.0
Random Forest,No SMOTE,0,0,0.0
Random Forest,No SMOTE,0,0,0.0
Random Forest,No SMOTE,0,0,0.0
Random Forest,No SMOTE,0,0,0.0
Random Forest,No SMOTE,0,0,0.0
Random Forest,No SMOTE,0,0,0.008096769891022433
Random Forest,No SMOTE,0,0,0.008096769891022433
Random Forest,No SMOTE,0,0,0.0
Random Forest,No SMOTE,0,0,0.008096769891022433
Random Forest,No SMOTE,0,0,0.0
Random Forest,No SMOTE,0,0,0.0
Random Forest,No SMOTE,0,0,0.0
Random Forest,No SMOTE,0,0,0.0
Random Forest,No SMOTE,0,0,0.0
Random Forest,No SMOTE,0,0,0.0
Random Forest,No SMOTE,0,0,0.0
Random Forest,No SMOTE,0,0,0.0
Random Forest,No SMOTE,0,0,0.0
Random Forest,No SMOTE,0,0,0.0
Random Forest,No SMOTE,0,0,0.0
Random Forest,No SMOTE,0,0,0.0
Random Forest,No SMOTE,0,0,0.0
Random Forest,No SMOTE,0,0,0.0
Random Forest,No SMOTE,0,0,0.0
Random Forest,No SMOTE,0,0,0.0
Random Forest,No SMOTE,0,0,0.0
Random Forest,No SMOTE,0,0,0.0
Random Forest,No SMOTE,0,0,0.0
Random Forest,No SMOTE,0,0,0.0
Random Forest,No SMOTE,0,0,0.0
Random Forest,No SMOTE,0,0,0.0
Random Forest,No SMOTE,0,0,0.008096769891022433
Random Forest,No SMOTE,0,0,0.0
Random Forest,No SMOTE,0,0,0.0
Random Forest,No SMOTE,0,0,0.0
Random Forest,No SMOTE,0,0,0.0
Random Forest,No SMOTE,0,0,0.0
Random Forest,No SMOTE,0,0,0.0
Random Forest,No SMOTE,0,0,0.0
Random Forest,No SMOTE,0,0,0.0
Random Forest,No SMOTE,0,0,0.0
Random Forest,No SMOTE,0,0,0.0
Random Forest,No SMOTE,0,0,0.0
Random Forest,No SMOTE,0,0,0.0
Random Forest,No SMOTE,0,0,0.0
Random Forest,No SMOTE,0,0,0.0
Random Forest,No SMOTE,0,0,0.008096769891022433
Random Forest,No SMOTE,0,0,0.0
Random Forest,No SMOTE,0,0,0.0
Random Forest,No SMOTE,0,0,0.0
Random Forest,No SMOTE,0,0,0.0
Random Forest,No SMOTE,0,0,0.0
Random Forest,No SMOTE,0,0,0.0
Random Forest,No SMOTE,0,0,0.0
Random Forest,No SMOTE,0,0,0.0
Random Forest,No SMOTE,0,0,0.0
Random Forest,No SMOTE,0,0,0.0
Random Forest,No SMOTE,0,0,0.0
Random Forest,No SMOTE,0,0,0.0
Random Forest,No SMOTE,0,0,0.0
Random Forest,No SMOTE,0,0,0.0
Random Forest,No SMOTE,0,0,0.0
Random Forest,No SMOTE,0,0,0.013518373245934452
Random Forest,No SMOTE,0,0,0.0
Random Forest,No SMOTE,0,0,0.0
Random Forest,No SMOTE,0,0,0.0
Random Forest,No SMOTE,0,0,0.0
Random Forest,No SMOTE,0,0,0.0
Random Forest,No SMOTE,0,0,0.0
Random Forest,No SMOTE,0,0,0.0
Random Forest,No SMOTE,0,0,0.008096769891022433
Random Forest,No SMOTE,0,0,0.0
Random Forest,No SMOTE,0,0,0.0
Random Forest,No SMOTE,0,0,0.0
Random Forest,No SMOTE,0,0,0.0
Random Forest,No SMOTE,0,0,0.0
Random Forest,No SMOTE,0,0,0.0
Random Forest,No SMOTE,0,0,0.0
Random Forest,No SMOTE,0,0,0.0
Random Forest,No SMOTE,0,0,0.0
Random Forest,No SMOTE,0,0,0.0
Random Forest,No SMOTE,0,0,0.0
Random Forest,No SMOTE,0,0,0.0
Random Forest,No SMOTE,0,0,0.0
Random Forest,No SMOTE,0,0,0.0
Random Forest,No SMOTE,0,0,0.0
Random Forest,No SMOTE,0,0,0.0
Random Forest,No SMOTE,0,0,0.005421603354912019
Random Forest,No SMOTE,0,0,0.0
Random Forest,No SMOTE,0,0,0.0
Random Forest,No SMOTE,0,0,0.005421603354912019
Random Forest,No SMOTE,0,0,0.0
Random Forest,No SMOTE,0,0,0.013518373245934452
Random Forest,No SMOTE,0,0,0.0
Random Forest,No SMOTE,0,0,0.0
Random Forest,No SMOTE,0,0,0.0
Random Forest,No SMOTE,0,0,0.0
Random Forest,No SMOTE,0,0,0.0
Random Forest,No SMOTE,0,0,0.0
Random Forest,No SMOTE,0,0,0.0
Random Forest,No SMOTE,0,0,0.0
Random Forest,No SMOTE,0,0,0.0
Random Forest,No SMOTE,0,0,0.0
Random Forest,No SMOTE,0,0,0.005421603354912019
Random Forest,No SMOTE,0,0,0.0
Random Forest,No SMOTE,0,0,0.0
Random Forest,No SMOTE,0,0,0.0
Random Forest,No SMOTE,0,0,0.0
Random Forest,No SMOTE,0,0,0.0
Random Forest,No SMOTE,0,0,0.0
Random Forest,No SMOTE,0,0,0.008096769891022433
Random Forest,No SMOTE,0,0,0.0
Random Forest,No SMOTE,0,0,0.0
Random Forest,No SMOTE,0,0,0.0
Random Forest,No SMOTE,0,0,0.0
Random Forest,No SMOTE,0,0,0.0
Random Forest,No SMOTE,0,0,0.0
Random Forest,No SMOTE,0,0,0.0
Random Forest,No SMOTE,0,0,0.0
Random Forest,No SMOTE,0,0,0.0
Random Forest,No SMOTE,0,0,0.0
Random Forest,No SMOTE,0,0,0.0
Random Forest,No SMOTE,0,0,0.0
Random Forest,No SMOTE,0,0,0.0
Random Forest,No SMOTE,0,0,0.0
Random Forest,No SMOTE,0,0,0.0
Random Forest,No SMOTE,0,0,0.017576059157889068
Random Forest,No SMOTE,0,0,0.0
Random Forest,No SMOTE,0,0,0.0
Random Forest,No SMOTE,0,0,0.008096769891022433
Random Forest,No SMOTE,0,0,0.0
Random Forest,No SMOTE,0,0,0.0
Random Forest,No SMOTE,0,0,0.0
Random Forest,No SMOTE,0,0,0.0
Random Forest,No SMOTE,0,0,0.0
Random Forest,No SMOTE,0,0,0.0
Random Forest,No SMOTE,0,0,0.0
Random Forest,No SMOTE,0,0,0.0
Random Forest,No SMOTE,0,0,0.0
Random Forest,No SMOTE,0,0,0.0
Random Forest,No SMOTE,0,0,0.0
Random Forest,No SMOTE,0,0,0.0
Random Forest,No SMOTE,0,0,0.0
Random Forest,No SMOTE,0,0,0.0
Random Forest,No SMOTE,0,0,0.008096769891022433
Random Forest,No SMOTE,0,0,0.2879809741665569
Random Forest,No SMOTE,0,0,0.008096769891022433
Random Forest,No SMOTE,0,0,0.0
Random Forest,No SMOTE,0,0,0.0
Random Forest,No SMOTE,0,0,0.0
Random Forest,No SMOTE,0,0,0.0
Random Forest,No SMOTE,0,0,0.0
Random Forest,No SMOTE,0,0,0.0
Random Forest,No SMOTE,0,0,0.0
Random Forest,No SMOTE,0,0,0.0
Random Forest,No SMOTE,0,0,0.0
Random Forest,No SMOTE,0,0,0.0
Random Forest,No SMOTE,0,0,0.013518373245934452
Random Forest,No SMOTE,0,0,0.0
Random Forest,No SMOTE,0,0,0.0
Random Forest,No SMOTE,0,0,0.0
Random Forest,No SMOTE,0,0,0.0
Random Forest,No SMOTE,0,0,0.0
Random Forest,No SMOTE,0,0,0.0
Random Forest,No SMOTE,0,0,0.0
Random Forest,No SMOTE,0,0,0.0
Random Forest,No SMOTE,0,0,0.0
Random Forest,No SMOTE,0,0,0.0
Random Forest,No SMOTE,0,0,0.0
Random Forest,No SMOTE,0,0,0.0
Random Forest,No SMOTE,0,0,0.0
Random Forest,No SMOTE,0,0,0.0
Random Forest,No SMOTE,0,0,0.0
Random Forest,No SMOTE,0,0,0.0
Random Forest,No SMOTE,0,0,0.0
Random Forest,No SMOTE,0,0,0.0
Random Forest,No SMOTE,0,0,0.0
Random Forest,No SMOTE,0,0,0.0
Random Forest,No SMOTE,0,0,0.0
Random Forest,No SMOTE,0,0,0.0
Random Forest,No SMOTE,0,0,0.0
Random Forest,No SMOTE,0,0,0.0
Random Forest,No SMOTE,0,0,0.0
Random Forest,No SMOTE,0,0,0.0
Random Forest,No SMOTE,0,0,0.008096769891022433
Random Forest,No SMOTE,0,0,0.0
Random Forest,No SMOTE,0,0,0.0
Random Forest,No SMOTE,0,0,0.0
Random Forest,No SMOTE,0,0,0.0
Random Forest,No SMOTE,0,0,0.0
Random Forest,No SMOTE,0,0,0.0
Random Forest,No SMOTE,0,0,0.0
Random Forest,No SMOTE,0,0,0.0
Random Forest,No SMOTE,0,0,0.0
Random Forest,No SMOTE,0,0,0.0
Random Forest,No SMOTE,0,0,0.0
Random Forest,No SMOTE,0,0,0.0
Random Forest,No SMOTE,0,0,0.0
Random Forest,No SMOTE,0,0,0.0
Random Forest,No SMOTE,0,0,0.0
Random Forest,No SMOTE,0,0,0.0
Random Forest,No SMOTE,0,0,0.0
Random Forest,No SMOTE,0,0,0.0
Random Forest,No SMOTE,0,0,0.0
Random Forest,No SMOTE,0,0,0.013518373245934452
Random Forest,No SMOTE,0,0,0.0
Random Forest,No SMOTE,0,0,0.008096769891022433
Random Forest,No SMOTE,0,0,0.0
Random Forest,No SMOTE,0,0,0.0
Random Forest,No SMOTE,0,0,0.0
Random Forest,No SMOTE,0,0,0.0
Random Forest,No SMOTE,0,0,0.0
Random Forest,No SMOTE,0,0,0.0
Random Forest,No SMOTE,0,0,0.0
Random Forest,No SMOTE,0,0,0.0
Random Forest,No SMOTE,0,0,0.0
Random Forest,No SMOTE,0,0,0.0
Random Forest,No SMOTE,0,0,0.0
Random Forest,No SMOTE,0,0,0.0
Random Forest,No SMOTE,0,0,0.0
Random Forest,No SMOTE,0,0,0.0
Random Forest,No SMOTE,0,0,0.013518373245934452
Random Forest,No SMOTE,0,0,0.0
Random Forest,No SMOTE,0,0,0.0
Random Forest,No SMOTE,0,0,0.0
Random Forest,No SMOTE,0,0,0.0
Random Forest,No SMOTE,0,0,0.0
Random Forest,No SMOTE,0,0,0.0
Random Forest,No SMOTE,0,0,0.0
Random Forest,No SMOTE,0,0,0.0
Random Forest,No SMOTE,0,0,0.0
Random Forest,No SMOTE,0,0,0.0
Random Forest,No SMOTE,0,0,0.0
Random Forest,No SMOTE,0,0,0.0
Random Forest,No SMOTE,0,0,0.0
Random Forest,No SMOTE,0,0,0.0
Random Forest,No SMOTE,0,0,0.0
Random Forest,No SMOTE,0,0,0.0
Random Forest,No SMOTE,0,0,0.0
Random Forest,No SMOTE,0,0,0.0
Random Forest,No SMOTE,0,0,0.0
Random Forest,No SMOTE,0,0,0.0
Random Forest,No SMOTE,0,0,0.0
Random Forest,No SMOTE,0,0,0.0
Random Forest,No SMOTE,0,0,0.0
Random Forest,No SMOTE,0,0,0.0
Random Forest,No SMOTE,0,0,0.0
Random Forest,No SMOTE,0,0,0.0
Random Forest,No SMOTE,0,0,0.01930659553992937
Random Forest,No SMOTE,0,0,0.0
Random Forest,No SMOTE,0,0,0.0
Random Forest,No SMOTE,0,0,0.009955937475077758
Random Forest,No SMOTE,0,0,0.0
Random Forest,No SMOTE,0,0,0.0
Random Forest,No SMOTE,0,0,0.005421603354912019
Random Forest,No SMOTE,0,0,0.0
Random Forest,No SMOTE,0,0,0.0
Random Forest,No SMOTE,0,0,0.0
Random Forest,No SMOTE,0,0,0.0
Random Forest,No SMOTE,0,0,0.0
Random Forest,No SMOTE,0,0,0.0
Random Forest,No SMOTE,0,0,0.0
Random Forest,No SMOTE,0,0,0.0
Random Forest,No SMOTE,0,0,0.0
Random Forest,No SMOTE,0,0,0.0
Random Forest,No SMOTE,0,0,0.0
Random Forest,No SMOTE,0,0,0.0
Random Forest,No SMOTE,0,0,0.0
Random Forest,No SMOTE,0,0,0.0
Random Forest,No SMOTE,0,0,0.0
Random Forest,No SMOTE,0,0,0.008096769891022433
Random Forest,No SMOTE,0,0,0.0
Random Forest,No SMOTE,0,0,0.0
Random Forest,No SMOTE,0,0,0.0
Random Forest,No SMOTE,0,0,0.0
Random Forest,No SMOTE,0,0,0.0
Random Forest,No SMOTE,0,0,0.0
Random Forest,No SMOTE,0,0,0.0
Random Forest,No SMOTE,0,0,0.0
Random Forest,No SMOTE,0,0,0.0
Random Forest,No SMOTE,0,0,0.0
Random Forest,No SMOTE,0,0,0.013518373245934452
Random Forest,No SMOTE,0,0,0.0
Random Forest,No SMOTE,0,0,0.0
Random Forest,No SMOTE,0,0,0.0
Random Forest,No SMOTE,0,0,0.0
Random Forest,No SMOTE,0,0,0.0
Random Forest,No SMOTE,0,0,0.0
Random Forest,No SMOTE,0,0,0.0
Random Forest,No SMOTE,0,0,0.0
Random Forest,No SMOTE,0,0,0.008096769891022433
Random Forest,No SMOTE,0,0,0.0
Random Forest,No SMOTE,0,0,0.0
Random Forest,No SMOTE,0,0,0.0
Random Forest,No SMOTE,0,0,0.0
Random Forest,No SMOTE,0,0,0.0
Random Forest,No SMOTE,0,0,0.0
Random Forest,No SMOTE,0,0,0.008096769891022433
Random Forest,No SMOTE,0,0,0.0
Random Forest,No SMOTE,0,0,0.0
Random Forest,No SMOTE,0,0,0.0
Random Forest,No SMOTE,0,0,0.0
Random Forest,No SMOTE,0,0,0.0
Random Forest,No SMOTE,0,0,0.008096769891022433
Random Forest,No SMOTE,0,0,0.0
Random Forest,No SMOTE,0,0,0.0
Random Forest,No SMOTE,0,0,0.0
Random Forest,No SMOTE,0,0,0.0
Random Forest,No SMOTE,0,0,0.0
Random Forest,No SMOTE,0,0,0.0
Random Forest,No SMOTE,0,0,0.0
Random Forest,No SMOTE,0,0,0.0
Random Forest,No SMOTE,0,0,0.0
Random Forest,No SMOTE,0,0,0.0
Random Forest,No SMOTE,0,0,0.0
Random Forest,No SMOTE,0,0,0.0
Random Forest,No SMOTE,0,0,0.0
Random Forest,No SMOTE,0,0,0.008096769891022433
Random Forest,No SMOTE,0,0,0.0
Random Forest,No SMOTE,0,0,0.0
Random Forest,No SMOTE,0,0,0.0
Random Forest,No SMOTE,0,0,0.0
Random Forest,No SMOTE,0,0,0.0
Random Forest,No SMOTE,0,0,0.0
Random Forest,No SMOTE,0,0,0.0
Random Forest,No SMOTE,0,0,0.0
Random Forest,No SMOTE,0,0,0.0
Random Forest,No SMOTE,0,0,0.0
Random Forest,No SMOTE,0,0,0.0
Random Forest,No SMOTE,0,0,0.0
Random Forest,No SMOTE,0,0,0.0
Random Forest,No SMOTE,0,0,0.0
Random Forest,No SMOTE,0,0,0.0
Random Forest,No SMOTE,0,0,0.0
Random Forest,No SMOTE,0,0,0.0
Random Forest,No SMOTE,0,0,0.0
Random Forest,No SMOTE,0,0,0.013518373245934452
Random Forest,No SMOTE,0,0,0.0
Random Forest,No SMOTE,0,0,0.0
Random Forest,No SMOTE,0,0,0.0
Random Forest,No SMOTE,0,0,0.0
Random Forest,No SMOTE,0,0,0.0
Random Forest,No SMOTE,0,0,0.0
Random Forest,No SMOTE,0,0,0.0
Random Forest,No SMOTE,0,0,0.0
Random Forest,No SMOTE,0,0,0.0
Random Forest,No SMOTE,0,0,0.0
Random Forest,No SMOTE,0,0,0.0
Random Forest,No SMOTE,0,0,0.0
Random Forest,No SMOTE,0,0,0.0
Random Forest,No SMOTE,0,0,0.0
Random Forest,No SMOTE,0,0,0.0
Random Forest,No SMOTE,0,0,0.0
Random Forest,No SMOTE,0,0,0.0
Random Forest,No SMOTE,0,0,0.0
Random Forest,No SMOTE,0,0,0.0
Random Forest,No SMOTE,0,0,0.0
Random Forest,No SMOTE,0,0,0.0
Random Forest,No SMOTE,0,0,0.0
Random Forest,No SMOTE,0,0,0.0
Random Forest,No SMOTE,0,0,0.0
Random Forest,No SMOTE,0,0,0.0
Random Forest,No SMOTE,0,0,0.0
Random Forest,No SMOTE,0,0,0.0
Random Forest,No SMOTE,0,0,0.008096769891022433
Random Forest,No SMOTE,0,0,0.0
Random Forest,No SMOTE,0,0,0.0
Random Forest,No SMOTE,0,0,0.0
Random Forest,No SMOTE,0,0,0.0
Random Forest,No SMOTE,0,0,0.0
Random Forest,No SMOTE,0,0,0.0
Random Forest,No SMOTE,0,0,0.0
Random Forest,No SMOTE,0,0,0.0
Random Forest,No SMOTE,0,0,0.0
Random Forest,No SMOTE,0,0,0.0
Random Forest,No SMOTE,0,0,0.0
Random Forest,No SMOTE,0,0,0.0
Random Forest,No SMOTE,0,0,0.0
Random Forest,No SMOTE,0,0,0.0
Random Forest,No SMOTE,0,0,0.0
Random Forest,No SMOTE,0,0,0.0
Random Forest,No SMOTE,0,0,0.0
Random Forest,No SMOTE,0,0,0.0
Random Forest,No SMOTE,0,0,0.0
Random Forest,No SMOTE,0,0,0.0
Random Forest,No SMOTE,0,0,0.0
Random Forest,No SMOTE,0,0,0.0
Random Forest,No SMOTE,0,0,0.0
Random Forest,No SMOTE,0,0,0.0
Random Forest,No SMOTE,0,0,0.0
Random Forest,No SMOTE,0,0,0.0
Random Forest,No SMOTE,0,0,0.0
Random Forest,No SMOTE,0,0,0.0
Random Forest,No SMOTE,0,0,0.0
Random Forest,No SMOTE,0,0,0.0
Random Forest,No SMOTE,0,0,0.0
Random Forest,No SMOTE,0,0,0.0
Random Forest,No SMOTE,0,0,0.005421603354912019
Random Forest,No SMOTE,0,0,0.0
Random Forest,No SMOTE,0,0,0.0
Random Forest,No SMOTE,0,0,0.0
Random Forest,No SMOTE,0,0,0.0
Random Forest,No SMOTE,0,0,0.0
Random Forest,No SMOTE,0,0,0.0
Random Forest,No SMOTE,0,0,0.0
Random Forest,No SMOTE,0,0,0.0
Random Forest,No SMOTE,0,0,0.0
Random Forest,No SMOTE,0,0,0.0
Random Forest,No SMOTE,0,0,0.0
Random Forest,No SMOTE,0,0,0.0
Random Forest,No SMOTE,0,0,0.0
Random Forest,No SMOTE,0,0,0.008096769891022433
Random Forest,No SMOTE,0,0,0.0
Random Forest,No SMOTE,0,0,0.0
Random Forest,No SMOTE,0,0,0.0
Random Forest,No SMOTE,0,0,0.0
Random Forest,No SMOTE,0,0,0.0
Random Forest,No SMOTE,0,0,0.0
Random Forest,No SMOTE,0,0,0.0
Random Forest,No SMOTE,0,0,0.0
Random Forest,No SMOTE,0,0,0.008096769891022433
Random Forest,No SMOTE,0,0,0.005421603354912019
Random Forest,No SMOTE,0,0,0.0
Random Forest,No SMOTE,0,0,0.0
Random Forest,No SMOTE,0,0,0.013518373245934452
Random Forest,No SMOTE,0,0,0.0
Random Forest,No SMOTE,0,0,0.0
Random Forest,No SMOTE,0,0,0.0
Random Forest,No SMOTE,0,0,0.013518373245934452
Random Forest,No SMOTE,0,0,0.0
Random Forest,No SMOTE,0,0,0.0
Random Forest,No SMOTE,0,0,0.0
Random Forest,No SMOTE,0,0,0.0
Random Forest,No SMOTE,0,0,0.0
Random Forest,No SMOTE,0,0,0.0
Random Forest,No SMOTE,0,0,0.0
Random Forest,No SMOTE,0,0,0.0
Random Forest,No SMOTE,0,0,0.0
Random Forest,No SMOTE,0,0,0.0
Random Forest,No SMOTE,0,0,0.0
Random Forest,No SMOTE,0,0,0.0
Random Forest,No SMOTE,0,0,0.0
Random Forest,No SMOTE,0,0,0.0
Random Forest,No SMOTE,0,0,0.0
Random Forest,No SMOTE,0,0,0.0
Random Forest,No SMOTE,0,0,0.009955937475077758
Random Forest,No SMOTE,0,0,0.0
Random Forest,No SMOTE,0,0,0.0
Random Forest,No SMOTE,0,0,0.0
Random Forest,No SMOTE,0,0,0.0
Random Forest,No SMOTE,0,0,0.0
Random Forest,No SMOTE,0,0,0.0
Random Forest,No SMOTE,0,0,0.0
Random Forest,No SMOTE,0,0,0.0
Random Forest,No SMOTE,0,0,0.0
Random Forest,No SMOTE,0,0,0.0
Random Forest,No SMOTE,0,0,0.0
Random Forest,No SMOTE,0,0,0.0
Random Forest,No SMOTE,0,0,0.0
Random Forest,No SMOTE,0,0,0.0
Random Forest,No SMOTE,0,0,0.0
Random Forest,No SMOTE,0,0,0.0
Random Forest,No SMOTE,0,0,0.0
Random Forest,No SMOTE,0,0,0.0
Random Forest,No SMOTE,0,0,0.0
Random Forest,No SMOTE,0,0,0.0
Random Forest,No SMOTE,0,0,0.0
Random Forest,No SMOTE,0,0,0.0
Random Forest,No SMOTE,0,0,0.0
Random Forest,No SMOTE,0,0,0.0
Random Forest,No SMOTE,0,0,0.0
Random Forest,No SMOTE,0,0,0.0
Random Forest,No SMOTE,0,0,0.0
Random Forest,No SMOTE,0,0,0.0
Random Forest,No SMOTE,0,0,0.0
Random Forest,No SMOTE,0,0,0.0
Random Forest,No SMOTE,0,0,0.0
Random Forest,No SMOTE,0,0,0.005421603354912019
Random Forest,No SMOTE,0,0,0.0
Random Forest,No SMOTE,0,0,0.0
Random Forest,No SMOTE,0,0,0.008096769891022433
Random Forest,No SMOTE,0,0,0.008096769891022433
Random Forest,No SMOTE,0,0,0.0
Random Forest,No SMOTE,0,0,0.0
Random Forest,No SMOTE,0,0,0.0
Random Forest,No SMOTE,0,0,0.0
Random Forest,No SMOTE,0,0,0.0
Random Forest,No SMOTE,0,0,0.0
Random Forest,No SMOTE,0,0,0.0
Random Forest,No SMOTE,0,0,0.0
Random Forest,No SMOTE,0,0,0.0
Random Forest,No SMOTE,0,0,0.0
Random Forest,No SMOTE,0,0,0.0
Random Forest,No SMOTE,0,0,0.0
Random Forest,No SMOTE,0,0,0.0
Random Forest,No SMOTE,0,0,0.0
Random Forest,No SMOTE,0,0,0.0
Random Forest,No SMOTE,0,0,0.0
Random Forest,No SMOTE,0,0,0.0
Random Forest,No SMOTE,0,0,0.0
Random Forest,No SMOTE,0,0,0.0
Random Forest,No SMOTE,0,0,0.0
Random Forest,No SMOTE,0,0,0.0
Random Forest,No SMOTE,0,0,0.0
Random Forest,No SMOTE,0,0,0.0
Random Forest,No SMOTE,0,0,0.0
Random Forest,No SMOTE,0,0,0.0
Random Forest,No SMOTE,0,0,0.0
Random Forest,No SMOTE,0,0,0.0
Random Forest,No SMOTE,0,0,0.0
Random Forest,No SMOTE,0,0,0.0
Random Forest,No SMOTE,0,0,0.0
Random Forest,No SMOTE,0,0,0.0
Random Forest,No SMOTE,0,0,0.0
Random Forest,No SMOTE,0,0,0.0
Random Forest,No SMOTE,0,0,0.0
Random Forest,No SMOTE,0,0,0.0
Random Forest,No SMOTE,0,0,0.005421603354912019
Random Forest,No SMOTE,0,0,0.0
Random Forest,No SMOTE,0,0,0.0
Random Forest,No SMOTE,0,0,0.0
Random Forest,No SMOTE,0,0,0.0
Random Forest,No SMOTE,0,0,0.0
Random Forest,No SMOTE,0,0,0.013518373245934452
Random Forest,No SMOTE,0,0,0.0
Random Forest,No SMOTE,0,0,0.0
Random Forest,No SMOTE,0,0,0.0
Random Forest,No SMOTE,0,0,0.0
Random Forest,No SMOTE,0,0,0.0
Random Forest,No SMOTE,0,0,0.05772443630894781
Random Forest,No SMOTE,0,0,0.0
Random Forest,No SMOTE,0,0,0.0
Random Forest,No SMOTE,0,0,0.0
Random Forest,No SMOTE,0,0,0.0
Random Forest,No SMOTE,0,0,0.0
Random Forest,No SMOTE,0,0,0.0
Random Forest,No SMOTE,0,0,0.0
Random Forest,No SMOTE,0,0,0.0
Random Forest,No SMOTE,0,0,0.0
Random Forest,No SMOTE,0,0,0.0
Random Forest,No SMOTE,0,0,0.0
Random Forest,No SMOTE,0,0,0.008096769891022433
Random Forest,No SMOTE,0,0,0.0
Random Forest,No SMOTE,0,0,0.0
Random Forest,No SMOTE,0,0,0.0
Random Forest,No SMOTE,0,0,0.0
Random Forest,No SMOTE,0,0,0.0
Random Forest,No SMOTE,0,0,0.0
Random Forest,No SMOTE,0,0,0.0
Random Forest,No SMOTE,0,0,0.0
Random Forest,No SMOTE,0,0,0.0
Random Forest,No SMOTE,0,0,0.0
Random Forest,No SMOTE,0,0,0.008096769891022433
Random Forest,No SMOTE,0,0,0.0
Random Forest,No SMOTE,0,0,0.0
Random Forest,No SMOTE,0,0,0.005421603354912019
Random Forest,No SMOTE,0,0,0.0
Random Forest,No SMOTE,0,0,0.0
Random Forest,No SMOTE,0,0,0.0
Random Forest,No SMOTE,0,0,0.0
Random Forest,No SMOTE,0,0,0.0
Random Forest,No SMOTE,0,0,0.0
Random Forest,No SMOTE,0,0,0.0
Random Forest,No SMOTE,0,0,0.0
Random Forest,No SMOTE,0,0,0.0
Random Forest,No SMOTE,0,0,0.0
Random Forest,No SMOTE,0,0,0.0
Random Forest,No SMOTE,0,0,0.0
Random Forest,No SMOTE,0,0,0.0
Random Forest,No SMOTE,0,0,0.0
Random Forest,No SMOTE,0,0,0.0
Random Forest,No SMOTE,0,0,0.0
Random Forest,No SMOTE,0,0,0.0
Random Forest,No SMOTE,0,0,0.0
Random Forest,No SMOTE,0,0,0.0
Random Forest,No SMOTE,0,0,0.0
Random Forest,No SMOTE,0,0,0.008096769891022433
Random Forest,No SMOTE,0,0,0.0
Random Forest,No SMOTE,0,0,0.0
Random Forest,No SMOTE,0,0,0.0
Random Forest,No SMOTE,0,0,0.0
Random Forest,No SMOTE,0,0,0.008096769891022433
Random Forest,No SMOTE,0,0,0.0
Random Forest,No SMOTE,0,0,0.0
Random Forest,No SMOTE,0,0,0.0
Random Forest,No SMOTE,0,0,0.0
Random Forest,No SMOTE,0,0,0.0
Random Forest,No SMOTE,0,0,0.008096769891022433
Random Forest,No SMOTE,0,0,0.0
Random Forest,No SMOTE,0,0,0.0
Random Forest,No SMOTE,0,0,0.013518373245934452
Random Forest,No SMOTE,0,0,0.0
Random Forest,No SMOTE,0,0,0.0
Random Forest,No SMOTE,0,0,0.0
Random Forest,No SMOTE,0,0,0.0
Random Forest,No SMOTE,0,0,0.0
Random Forest,No SMOTE,0,0,0.0
Random Forest,No SMOTE,0,0,0.0
Random Forest,No SMOTE,0,0,0.013518373245934452
Random Forest,No SMOTE,0,0,0.0
Random Forest,No SMOTE,0,0,0.0
Random Forest,No SMOTE,0,0,0.0
Random Forest,No SMOTE,0,0,0.008096769891022433
Random Forest,No SMOTE,0,0,0.0
Random Forest,No SMOTE,0,0,0.0
Random Forest,No SMOTE,0,0,0.0
Random Forest,No SMOTE,0,0,0.0
Random Forest,No SMOTE,0,0,0.0
Random Forest,No SMOTE,0,0,0.0
Random Forest,No SMOTE,0,0,0.0
Random Forest,No SMOTE,0,0,0.0
Random Forest,No SMOTE,0,0,0.008096769891022433
Random Forest,No SMOTE,0,0,0.0
Random Forest,No SMOTE,0,0,0.0
Random Forest,No SMOTE,0,0,0.0
Random Forest,No SMOTE,0,0,0.0
Random Forest,No SMOTE,0,0,0.008096769891022433
Random Forest,No SMOTE,0,0,0.0
Random Forest,No SMOTE,0,0,0.0
Random Forest,No SMOTE,0,0,0.0
Random Forest,No SMOTE,0,0,0.0
Random Forest,No SMOTE,0,0,0.0
Random Forest,No SMOTE,0,0,0.0
Random Forest,No SMOTE,0,0,0.0
Random Forest,No SMOTE,0,0,0.0
Random Forest,No SMOTE,0,0,0.0
Random Forest,No SMOTE,0,0,0.0
Random Forest,No SMOTE,0,0,0.0
Random Forest,No SMOTE,0,0,0.0
Random Forest,No SMOTE,0,0,0.0
Random Forest,No SMOTE,0,0,0.0
Random Forest,No SMOTE,0,0,0.0
Random Forest,No SMOTE,0,0,0.0
Random Forest,No SMOTE,0,0,0.0
Random Forest,No SMOTE,0,0,0.013518373245934452
Random Forest,No SMOTE,0,0,0.0
Random Forest,No SMOTE,0,0,0.008096769891022433
Random Forest,No SMOTE,0,0,0.0
Random Forest,No SMOTE,0,0,0.0
Random Forest,No SMOTE,0,0,0.0
Random Forest,No SMOTE,0,0,0.0
Random Forest,No SMOTE,0,0,0.0
Random Forest,No SMOTE,0,0,0.0
Random Forest,No SMOTE,0,0,0.008096769891022433
Random Forest,No SMOTE,0,0,0.0
Random Forest,No SMOTE,0,0,0.0
Random Forest,No SMOTE,0,0,0.0
Random Forest,No SMOTE,0,0,0.0
Random Forest,No SMOTE,0,0,0.0
Random Forest,No SMOTE,0,0,0.0
Random Forest,No SMOTE,0,0,0.0
Random Forest,No SMOTE,0,0,0.0
Random Forest,No SMOTE,0,0,0.0
Random Forest,No SMOTE,0,0,0.0
Random Forest,No SMOTE,0,0,0.0
Random Forest,No SMOTE,0,0,0.0
Random Forest,No SMOTE,0,0,0.0
Random Forest,No SMOTE,0,0,0.0
Random Forest,No SMOTE,0,0,0.0
Random Forest,No SMOTE,0,0,0.0
Random Forest,No SMOTE,0,0,0.023518373245934452
Random Forest,No SMOTE,0,0,0.0
Random Forest,No SMOTE,0,0,0.0
Random Forest,No SMOTE,0,0,0.0
Random Forest,No SMOTE,0,0,0.0
Random Forest,No SMOTE,0,0,0.008096769891022433
Random Forest,No SMOTE,0,0,0.0
Random Forest,No SMOTE,0,0,0.0
Random Forest,No SMOTE,0,0,0.0
Random Forest,No SMOTE,0,0,0.0
Random Forest,No SMOTE,0,0,0.0
Random Forest,No SMOTE,0,0,0.0
Random Forest,No SMOTE,0,0,0.0
Random Forest,No SMOTE,0,0,0.0
Random Forest,No SMOTE,0,0,0.0
Random Forest,No SMOTE,0,0,0.0
Random Forest,No SMOTE,0,0,0.0
Random Forest,No SMOTE,0,0,0.0
Random Forest,No SMOTE,0,0,0.0
Random Forest,No SMOTE,0,0,0.0
Random Forest,No SMOTE,0,0,0.0
Random Forest,No SMOTE,0,0,0.0
Random Forest,No SMOTE,0,0,0.0
Random Forest,No SMOTE,0,0,0.0
Random Forest,No SMOTE,0,0,0.0
Random Forest,No SMOTE,0,0,0.008096769891022433
Random Forest,No SMOTE,0,0,0.013518373245934452
Random Forest,No SMOTE,0,0,0.0
Random Forest,No SMOTE,0,0,0.0
Random Forest,No SMOTE,0,0,0.013518373245934452
Random Forest,No SMOTE,0,0,0.008096769891022433
Random Forest,No SMOTE,0,0,0.0
Random Forest,No SMOTE,0,0,0.0
Random Forest,No SMOTE,0,0,0.0
Random Forest,No SMOTE,0,0,0.0
Random Forest,No SMOTE,0,0,0.0
Random Forest,No SMOTE,0,0,0.0
Random Forest,No SMOTE,0,0,0.0
Random Forest,No SMOTE,0,0,0.0
Random Forest,No SMOTE,0,0,0.013518373245934452
Random Forest,No SMOTE,0,0,0.0
Random Forest,No SMOTE,0,0,0.0
Random Forest,No SMOTE,0,0,0.0
Random Forest,No SMOTE,0,0,0.0
Random Forest,No SMOTE,0,0,0.008096769891022433
Random Forest,No SMOTE,0,0,0.0
Random Forest,No SMOTE,0,0,0.0
Random Forest,No SMOTE,0,0,0.0
Random Forest,No SMOTE,0,0,0.008096769891022433
Random Forest,No SMOTE,0,0,0.0
Random Forest,No SMOTE,0,0,0.0
Random Forest,No SMOTE,0,0,0.0
Random Forest,No SMOTE,0,0,0.0
Random Forest,No SMOTE,0,0,0.0
Random Forest,No SMOTE,0,0,0.0
Random Forest,No SMOTE,0,0,0.008096769891022433
Random Forest,No SMOTE,0,0,0.0
Random Forest,No SMOTE,0,0,0.0
Random Forest,No SMOTE,0,0,0.008096769891022433
Random Forest,No SMOTE,0,0,0.0
Random Forest,No SMOTE,0,0,0.0
Random Forest,No SMOTE,0,0,0.0
Random Forest,No SMOTE,0,0,0.0
Random Forest,No SMOTE,0,0,0.0
Random Forest,No SMOTE,0,0,0.0
Random Forest,No SMOTE,0,0,0.0
Random Forest,No SMOTE,0,0,0.0
Random Forest,No SMOTE,0,0,0.0
Random Forest,No SMOTE,0,0,0.0
Random Forest,No SMOTE,0,0,0.0
Random Forest,No SMOTE,0,0,0.0
Random Forest,No SMOTE,0,0,0.0
Random Forest,No SMOTE,0,0,0.0
Random Forest,No SMOTE,0,0,0.0
Random Forest,No SMOTE,0,0,0.0
Random Forest,No SMOTE,0,0,0.0
Random Forest,No SMOTE,0,0,0.0
Random Forest,No SMOTE,0,0,0.0
Random Forest,No SMOTE,0,0,0.0
Random Forest,No SMOTE,0,0,0.0
Random Forest,No SMOTE,0,0,0.0
Random Forest,No SMOTE,0,0,0.0
Random Forest,No SMOTE,0,0,0.0
Random Forest,No SMOTE,0,0,0.0
Random Forest,No SMOTE,0,0,0.0
Random Forest,No SMOTE,0,0,0.0
Random Forest,No SMOTE,0,0,0.0
Random Forest,No SMOTE,0,0,0.008096769891022433
Random Forest,No SMOTE,0,0,0.0
Random Forest,No SMOTE,0,0,0.0
Random Forest,No SMOTE,0,0,0.0
Random Forest,No SMOTE,0,0,0.0
Random Forest,No SMOTE,0,0,0.013518373245934452
Random Forest,No SMOTE,0,0,0.0
Random Forest,No SMOTE,0,0,0.0
Random Forest,No SMOTE,0,0,0.0
Random Forest,No SMOTE,0,0,0.0
Random Forest,No SMOTE,0,0,0.0
Random Forest,No SMOTE,0,0,0.0
Random Forest,No SMOTE,0,0,0.0
Random Forest,No SMOTE,0,0,0.0
Random Forest,No SMOTE,0,0,0.0
Random Forest,No SMOTE,0,0,0.0
Random Forest,No SMOTE,0,0,0.0
Random Forest,No SMOTE,0,0,0.0
Random Forest,No SMOTE,0,0,0.0
Random Forest,No SMOTE,0,0,0.0
Random Forest,No SMOTE,0,0,0.0
Random Forest,No SMOTE,0,0,0.008096769891022433
Random Forest,No SMOTE,0,0,0.0
Random Forest,No SMOTE,0,0,0.0
Random Forest,No SMOTE,0,0,0.0
Random Forest,No SMOTE,0,0,0.0
Random Forest,No SMOTE,0,0,0.0
Random Forest,No SMOTE,0,0,0.0
Random Forest,No SMOTE,0,0,0.0
Random Forest,No SMOTE,0,0,0.0
Random Forest,No SMOTE,0,0,0.0
Random Forest,No SMOTE,0,0,0.0
Random Forest,No SMOTE,0,0,0.0
Random Forest,No SMOTE,0,0,0.0
Random Forest,No SMOTE,0,0,0.0
Random Forest,No SMOTE,0,0,0.0
Random Forest,No SMOTE,0,0,0.0
Random Forest,No SMOTE,0,0,0.0
Random Forest,No SMOTE,0,0,0.0
Random Forest,No SMOTE,0,0,0.005421603354912019
Random Forest,No SMOTE,0,0,0.0
Random Forest,No SMOTE,0,0,0.0
Random Forest,No SMOTE,0,0,0.0
Random Forest,No SMOTE,0,0,0.0
Random Forest,No SMOTE,0,0,0.0
Random Forest,No SMOTE,0,0,0.0
Random Forest,No SMOTE,0,0,0.0
Random Forest,No SMOTE,0,0,0.0
Random Forest,No SMOTE,0,0,0.0
Random Forest,No SMOTE,0,0,0.0
Random Forest,No SMOTE,0,0,0.0
Random Forest,No SMOTE,0,0,0.0
Random Forest,No SMOTE,0,0,0.0
Random Forest,No SMOTE,0,0,0.0
Random Forest,No SMOTE,0,0,0.0
Random Forest,No SMOTE,0,0,0.0
Random Forest,No SMOTE,0,0,0.0
Random Forest,No SMOTE,0,0,0.013518373245934452
Random Forest,No SMOTE,0,0,0.0234025775214689
Random Forest,No SMOTE,0,0,0.009827306273062737
Random Forest,No SMOTE,0,0,0.0
Random Forest,No SMOTE,0,0,0.0
Random Forest,No SMOTE,0,0,0.0
Random Forest,No SMOTE,0,0,0.0
Random Forest,No SMOTE,0,0,0.0
Random Forest,No SMOTE,0,0,0.0
Random Forest,No SMOTE,0,0,0.0
Random Forest,No SMOTE,0,0,0.0
Random Forest,No SMOTE,0,0,0.0
Random Forest,No SMOTE,0,0,0.0
Random Forest,No SMOTE,0,0,0.0
Random Forest,No SMOTE,0,0,0.0
Random Forest,No SMOTE,0,0,0.0
Random Forest,No SMOTE,0,0,0.0
Random Forest,No SMOTE,0,0,0.0
Random Forest,No SMOTE,0,0,0.0
Random Forest,No SMOTE,0,0,0.0
Random Forest,No SMOTE,0,0,0.0
Random Forest,No SMOTE,0,0,0.0
Random Forest,No SMOTE,0,0,0.0
Random Forest,No SMOTE,0,0,0.008096769891022433
Random Forest,No SMOTE,0,0,0.009612127045235808
Random Forest,No SMOTE,0,0,0.005421603354912019
Random Forest,No SMOTE,0,0,0.0
Random Forest,No SMOTE,0,0,0.0
Random Forest,No SMOTE,0,0,0.0
Random Forest,No SMOTE,0,0,0.0
Random Forest,No SMOTE,0,0,0.0
Random Forest,No SMOTE,0,0,0.008096769891022433
Random Forest,No SMOTE,0,0,0.0
Random Forest,No SMOTE,0,0,0.0
Random Forest,No SMOTE,0,0,0.0
Random Forest,No SMOTE,0,0,0.0
Random Forest,No SMOTE,0,0,0.0
Random Forest,No SMOTE,0,0,0.0
Random Forest,No SMOTE,0,0,0.0
Random Forest,No SMOTE,0,0,0.0
Random Forest,No SMOTE,0,0,0.0
Random Forest,No SMOTE,0,0,0.0
Random Forest,No SMOTE,0,0,0.0
Random Forest,No SMOTE,0,0,0.0
Random Forest,No SMOTE,0,0,0.015376250750875141
Random Forest,No SMOTE,0,0,0.0
Random Forest,No SMOTE,0,0,0.0
Random Forest,No SMOTE,0,0,0.0
Random Forest,No SMOTE,0,0,0.0
Random Forest,No SMOTE,0,0,0.0
Random Forest,No SMOTE,0,0,0.0
Random Forest,No SMOTE,0,0,0.0
Random Forest,No SMOTE,0,0,0.0
Random Forest,No SMOTE,0,0,0.0
Random Forest,No SMOTE,0,0,0.0
Random Forest,No SMOTE,0,0,0.0
Random Forest,No SMOTE,0,0,0.0
Random Forest,No SMOTE,0,0,0.0
Random Forest,No SMOTE,0,0,0.0
Random Forest,No SMOTE,0,0,0.0
Random Forest,No SMOTE,0,0,0.0
Random Forest,No SMOTE,0,0,0.0
Random Forest,No SMOTE,0,0,0.0
Random Forest,No SMOTE,0,0,0.013518373245934452
Random Forest,No SMOTE,0,0,0.0
Random Forest,No SMOTE,0,0,0.0
Random Forest,No SMOTE,0,0,0.005421603354912019
Random Forest,No SMOTE,0,0,0.0
Random Forest,No SMOTE,0,0,0.0
Random Forest,No SMOTE,0,0,0.0
Random Forest,No SMOTE,0,0,0.0
Random Forest,No SMOTE,0,0,0.0
Random Forest,No SMOTE,0,0,0.0
Random Forest,No SMOTE,0,0,0.0
Random Forest,No SMOTE,0,0,0.0
Random Forest,No SMOTE,0,0,0.0
Random Forest,No SMOTE,0,0,0.013518373245934452
Random Forest,No SMOTE,0,0,0.0
Random Forest,No SMOTE,0,0,0.0
Random Forest,No SMOTE,0,0,0.0
Random Forest,No SMOTE,0,0,0.0
Random Forest,No SMOTE,0,0,0.0
Random Forest,No SMOTE,0,0,0.0
Random Forest,No SMOTE,0,0,0.0
Random Forest,No SMOTE,0,0,0.0
Random Forest,No SMOTE,0,0,0.0
Random Forest,No SMOTE,0,0,0.0
Random Forest,No SMOTE,0,0,0.0
Random Forest,No SMOTE,0,0,0.0
Random Forest,No SMOTE,0,0,0.0
Random Forest,No SMOTE,0,0,0.0
Random Forest,No SMOTE,0,0,0.0
Random Forest,No SMOTE,0,0,0.0
Random Forest,No SMOTE,0,0,0.0
Random Forest,No SMOTE,0,0,0.0
Random Forest,No SMOTE,0,0,0.005421603354912019
Random Forest,No SMOTE,0,0,0.0
Random Forest,No SMOTE,0,0,0.0
Random Forest,No SMOTE,0,0,0.0
Random Forest,No SMOTE,0,0,0.0
Random Forest,No SMOTE,0,0,0.0
Random Forest,No SMOTE,0,0,0.0
Random Forest,No SMOTE,0,0,0.0
Random Forest,No SMOTE,0,0,0.005421603354912019
Random Forest,No SMOTE,0,0,0.0
Random Forest,No SMOTE,0,0,0.0
Random Forest,No SMOTE,0,0,0.008096769891022433
Random Forest,No SMOTE,0,0,0.0
Random Forest,No SMOTE,0,0,0.0
Random Forest,No SMOTE,0,0,0.0
Random Forest,No SMOTE,0,0,0.0
Random Forest,No SMOTE,0,0,0.0
Random Forest,No SMOTE,0,0,0.0
Random Forest,No SMOTE,0,0,0.0
Random Forest,No SMOTE,0,0,0.0
Random Forest,No SMOTE,0,0,0.0
Random Forest,No SMOTE,0,0,0.0
Random Forest,No SMOTE,0,0,0.0
Random Forest,No SMOTE,0,0,0.0
Random Forest,No SMOTE,0,0,0.0
Random Forest,No SMOTE,0,0,0.0
Random Forest,No SMOTE,0,0,0.0
Random Forest,No SMOTE,0,0,0.0
Random Forest,No SMOTE,0,0,0.008096769891022433
Random Forest,No SMOTE,0,0,0.0
Random Forest,No SMOTE,0,0,0.0
Random Forest,No SMOTE,0,0,0.008096769891022433
Random Forest,No SMOTE,0,0,0.0
Random Forest,No SMOTE,0,0,0.0
Random Forest,No SMOTE,0,0,0.0
Random Forest,No SMOTE,0,0,0.0
Random Forest,No SMOTE,0,0,0.0
Random Forest,No SMOTE,0,0,0.0
Random Forest,No SMOTE,0,0,0.008096769891022433
Random Forest,No SMOTE,0,0,0.0
Random Forest,No SMOTE,0,0,0.0
Random Forest,No SMOTE,0,0,0.0
Random Forest,No SMOTE,0,0,0.0
Random Forest,No SMOTE,0,0,0.0
Random Forest,No SMOTE,0,0,0.0
Random Forest,No SMOTE,0,0,0.0
Random Forest,No SMOTE,0,0,0.0
Random Forest,No SMOTE,0,0,0.0
Random Forest,No SMOTE,0,0,0.0
Random Forest,No SMOTE,0,0,0.0
Random Forest,No SMOTE,0,0,0.0
Random Forest,No SMOTE,0,0,0.0
Random Forest,No SMOTE,0,0,0.005421603354912019
Random Forest,No SMOTE,0,0,0.0
Random Forest,No SMOTE,0,0,0.0
Random Forest,No SMOTE,0,0,0.0
Random Forest,No SMOTE,0,0,0.0
Random Forest,No SMOTE,0,0,0.0
Random Forest,No SMOTE,0,0,0.0
Random Forest,No SMOTE,0,0,0.0
Random Forest,No SMOTE,0,0,0.0
Random Forest,No SMOTE,0,0,0.0
Random Forest,No SMOTE,0,0,0.0
Random Forest,No SMOTE,0,0,0.0
Random Forest,No SMOTE,0,0,0.0
Random Forest,No SMOTE,0,0,0.0
Random Forest,No SMOTE,0,0,0.0
Random Forest,No SMOTE,0,0,0.0
Random Forest,No SMOTE,0,0,0.013518373245934452
Random Forest,No SMOTE,0,0,0.0
Random Forest,No SMOTE,0,0,0.0
Random Forest,No SMOTE,0,0,0.0
Random Forest,No SMOTE,0,0,0.0
Random Forest,No SMOTE,1,1,0.9999831164257241
Random Forest,No SMOTE,0,0,0.0
Random Forest,No SMOTE,0,0,0.0
Random Forest,No SMOTE,0,0,0.0
Random Forest,No SMOTE,0,0,0.0
Random Forest,No SMOTE,0,0,0.0
Random Forest,No SMOTE,0,0,0.0
Random Forest,No SMOTE,0,0,0.0
Random Forest,No SMOTE,0,0,0.0
Random Forest,No SMOTE,0,0,0.0
Random Forest,No SMOTE,0,0,0.0
Random Forest,No SMOTE,0,0,0.0
Random Forest,No SMOTE,0,0,0.0
Random Forest,No SMOTE,0,0,0.0
Random Forest,No SMOTE,0,0,0.0
Random Forest,No SMOTE,0,0,0.0
Random Forest,No SMOTE,0,0,0.0
Random Forest,No SMOTE,0,0,0.0
Random Forest,No SMOTE,0,0,0.0
Random Forest,No SMOTE,0,0,0.0
Random Forest,No SMOTE,0,0,0.008096769891022433
Random Forest,No SMOTE,0,0,0.0
Random Forest,No SMOTE,0,0,0.0
Random Forest,No SMOTE,0,0,0.0
Random Forest,No SMOTE,0,0,0.0
Random Forest,No SMOTE,0,0,0.0
Random Forest,No SMOTE,0,0,0.0
Random Forest,No SMOTE,0,0,0.0
Random Forest,No SMOTE,0,0,0.0
Random Forest,No SMOTE,0,0,0.0
Random Forest,No SMOTE,0,0,0.0
Random Forest,No SMOTE,0,0,0.0
Random Forest,No SMOTE,0,0,0.0
Random Forest,No SMOTE,0,0,0.0
Random Forest,No SMOTE,0,0,0.0
Random Forest,No SMOTE,0,0,0.0
Random Forest,No SMOTE,0,0,0.0
Random Forest,No SMOTE,0,0,0.0
Random Forest,No SMOTE,0,0,0.0
Random Forest,No SMOTE,0,0,0.0
Random Forest,No SMOTE,0,0,0.0
Random Forest,No SMOTE,0,0,0.0
Random Forest,No SMOTE,0,0,0.0
Random Forest,No SMOTE,0,0,0.0
Random Forest,No SMOTE,0,0,0.0
Random Forest,No SMOTE,0,0,0.0
Random Forest,No SMOTE,0,0,0.0
Random Forest,No SMOTE,0,0,0.0
Random Forest,No SMOTE,0,0,0.0
Random Forest,No SMOTE,0,0,0.0
Random Forest,No SMOTE,0,0,0.008096769891022433
Random Forest,No SMOTE,0,0,0.0
Random Forest,No SMOTE,0,0,0.0
Random Forest,No SMOTE,0,0,0.0
Random Forest,No SMOTE,0,0,0.0
Random Forest,No SMOTE,0,0,0.0
Random Forest,No SMOTE,0,0,0.0
Random Forest,No SMOTE,0,0,0.0
Random Forest,No SMOTE,0,0,0.0
Random Forest,No SMOTE,0,0,0.0
Random Forest,No SMOTE,0,0,0.0
Random Forest,No SMOTE,0,0,0.0
Random Forest,No SMOTE,0,0,0.0
Random Forest,No SMOTE,0,0,0.0
Random Forest,No SMOTE,0,0,0.0
Random Forest,No SMOTE,0,0,0.0
Random Forest,No SMOTE,0,0,0.013518373245934452
Random Forest,No SMOTE,0,0,0.0
Random Forest,No SMOTE,0,0,0.0
Random Forest,No SMOTE,0,0,0.0
Random Forest,No SMOTE,0,0,0.0
Random Forest,No SMOTE,0,0,0.0
Random Forest,No SMOTE,0,0,0.0
Random Forest,No SMOTE,0,0,0.0
Random Forest,No SMOTE,0,0,0.0
Random Forest,No SMOTE,0,0,0.0
Random Forest,No SMOTE,0,0,0.0
Random Forest,No SMOTE,0,0,0.017576059157889068
Random Forest,No SMOTE,0,0,0.0
Random Forest,No SMOTE,0,0,0.0
Random Forest,No SMOTE,0,0,0.0
Random Forest,No SMOTE,0,0,0.0
Random Forest,No SMOTE,0,0,0.0
Random Forest,No SMOTE,0,0,0.0
Random Forest,No SMOTE,0,0,0.0
Random Forest,No SMOTE,0,0,0.0
Random Forest,No SMOTE,0,0,0.008096769891022433
Random Forest,No SMOTE,0,0,0.0
Random Forest,No SMOTE,0,0,0.0
Random Forest,No SMOTE,0,0,0.0
Random Forest,No SMOTE,0,0,0.0
Random Forest,No SMOTE,0,0,0.0
Random Forest,No SMOTE,0,0,0.0
Random Forest,No SMOTE,0,0,0.0
Random Forest,No SMOTE,0,0,0.0
Random Forest,No SMOTE,0,0,0.0
Random Forest,No SMOTE,0,0,0.0
Random Forest,No SMOTE,0,0,0.0
Random Forest,No SMOTE,0,0,0.0
Random Forest,No SMOTE,0,0,0.0
Random Forest,No SMOTE,0,0,0.0
Random Forest,No SMOTE,0,0,0.0
Random Forest,No SMOTE,0,0,0.0
Random Forest,No SMOTE,0,0,0.009918233580508477
Random Forest,No SMOTE,0,0,0.0
Random Forest,No SMOTE,0,0,0.0
Random Forest,No SMOTE,0,0,0.0
Random Forest,No SMOTE,0,0,0.0
Random Forest,No SMOTE,0,0,0.0
Random Forest,No SMOTE,0,0,0.0
Random Forest,No SMOTE,0,0,0.0
Random Forest,No SMOTE,0,0,0.0
Random Forest,No SMOTE,0,0,0.0
Random Forest,No SMOTE,0,0,0.0
Random Forest,No SMOTE,0,0,0.0
Random Forest,No SMOTE,0,0,0.0
Random Forest,No SMOTE,0,0,0.0
Random Forest,No SMOTE,0,0,0.0
Random Forest,No SMOTE,0,0,0.0
Random Forest,No SMOTE,0,0,0.0
Random Forest,No SMOTE,0,0,0.0
Random Forest,No SMOTE,0,0,0.0
Random Forest,No SMOTE,0,0,0.0
Random Forest,No SMOTE,0,0,0.0
Random Forest,No SMOTE,0,0,0.02954667052438288
Random Forest,No SMOTE,0,0,0.0
Random Forest,No SMOTE,0,0,0.0
Random Forest,No SMOTE,0,0,0.0
Random Forest,No SMOTE,0,0,0.0
Random Forest,No SMOTE,0,0,0.0
Random Forest,No SMOTE,0,0,0.0
Random Forest,No SMOTE,0,0,0.0
Random Forest,No SMOTE,0,0,0.0
Random Forest,No SMOTE,0,0,0.0
Random Forest,No SMOTE,0,0,0.0
Random Forest,No SMOTE,0,0,0.008096769891022433
Random Forest,No SMOTE,0,0,0.0
Random Forest,No SMOTE,0,0,0.0
Random Forest,No SMOTE,0,0,0.0
Random Forest,No SMOTE,0,0,0.0
Random Forest,No SMOTE,0,0,0.0
Random Forest,No SMOTE,0,0,0.0
Random Forest,No SMOTE,0,0,0.0
Random Forest,No SMOTE,0,0,0.0
Random Forest,No SMOTE,0,0,0.0
Random Forest,No SMOTE,0,0,0.0
Random Forest,No SMOTE,0,0,0.0
Random Forest,No SMOTE,0,0,0.0
Random Forest,No SMOTE,0,0,0.0
Random Forest,No SMOTE,0,0,0.0
Random Forest,No SMOTE,0,0,0.0
Random Forest,No SMOTE,0,0,0.0
Random Forest,No SMOTE,0,0,0.0
Random Forest,No SMOTE,0,0,0.0
Random Forest,No SMOTE,0,0,0.0
Random Forest,No SMOTE,0,0,0.008096769891022433
Random Forest,No SMOTE,0,0,0.03795233400776271
Random Forest,No SMOTE,0,0,0.009612127045235808
Random Forest,No SMOTE,0,0,0.0
Random Forest,No SMOTE,0,0,0.0
Random Forest,No SMOTE,0,0,0.013518373245934452
Random Forest,No SMOTE,0,0,0.0
Random Forest,No SMOTE,0,0,0.0
Random Forest,No SMOTE,0,0,0.0
Random Forest,No SMOTE,0,0,0.005421603354912019
Random Forest,No SMOTE,0,0,0.0
Random Forest,No SMOTE,0,0,0.0
Random Forest,No SMOTE,0,0,0.0
Random Forest,No SMOTE,0,0,0.0
Random Forest,No SMOTE,0,0,0.0
Random Forest,No SMOTE,0,0,0.0
Random Forest,No SMOTE,0,0,0.0
Random Forest,No SMOTE,0,0,0.0
Random Forest,No SMOTE,0,0,0.0
Random Forest,No SMOTE,0,0,0.0
Random Forest,No SMOTE,0,0,0.0
Random Forest,No SMOTE,0,0,0.0
Random Forest,No SMOTE,0,0,0.0
Random Forest,No SMOTE,0,0,0.0
Random Forest,No SMOTE,0,0,0.0
Random Forest,No SMOTE,0,0,0.0
Random Forest,No SMOTE,0,0,0.0
Random Forest,No SMOTE,0,0,0.0
Random Forest,No SMOTE,0,0,0.0
Random Forest,No SMOTE,0,0,0.0
Random Forest,No SMOTE,0,0,0.0
Random Forest,No SMOTE,0,0,0.0
Random Forest,No SMOTE,0,0,0.0
Random Forest,No SMOTE,0,0,0.0
Random Forest,No SMOTE,0,0,0.0
Random Forest,No SMOTE,0,0,0.0
Random Forest,No SMOTE,0,0,0.0
Random Forest,No SMOTE,0,0,0.0
Random Forest,No SMOTE,0,0,0.0
Random Forest,No SMOTE,0,0,0.0
Random Forest,No SMOTE,0,0,0.0
Random Forest,No SMOTE,0,0,0.0
Random Forest,No SMOTE,0,0,0.0
Random Forest,No SMOTE,0,0,0.0
Random Forest,No SMOTE,0,0,0.0
Random Forest,No SMOTE,0,0,0.0
Random Forest,No SMOTE,0,0,0.0
Random Forest,No SMOTE,0,0,0.0
Random Forest,No SMOTE,0,0,0.0
Random Forest,No SMOTE,0,0,0.0
Random Forest,No SMOTE,0,0,0.013518373245934452
Random Forest,No SMOTE,0,0,0.0
Random Forest,No SMOTE,0,0,0.0
Random Forest,No SMOTE,0,0,0.0
Random Forest,No SMOTE,0,0,0.005421603354912019
Random Forest,No SMOTE,0,0,0.0
Random Forest,No SMOTE,0,0,0.0
Random Forest,No SMOTE,0,0,0.0
Random Forest,No SMOTE,0,0,0.0
Random Forest,No SMOTE,0,0,0.0
Random Forest,No SMOTE,0,0,0.0
Random Forest,No SMOTE,0,0,0.0
Random Forest,No SMOTE,0,0,0.0
Random Forest,No SMOTE,0,0,0.0
Random Forest,No SMOTE,0,0,0.005421603354912019
Random Forest,No SMOTE,0,0,0.0
Random Forest,No SMOTE,0,0,0.0
Random Forest,No SMOTE,0,0,0.0
Random Forest,No SMOTE,0,0,0.0
Random Forest,No SMOTE,0,0,0.0
Random Forest,No SMOTE,0,0,0.0
Random Forest,No SMOTE,0,0,0.0
Random Forest,No SMOTE,0,0,0.0
Random Forest,No SMOTE,0,0,0.0
Random Forest,No SMOTE,0,0,0.0
Random Forest,No SMOTE,0,0,0.008096769891022433
Random Forest,No SMOTE,0,0,0.0
Random Forest,No SMOTE,0,0,0.0
Random Forest,No SMOTE,0,0,0.0
Random Forest,No SMOTE,0,0,0.0
Random Forest,No SMOTE,0,0,0.0
Random Forest,No SMOTE,0,0,0.0
Random Forest,No SMOTE,0,0,0.0
Random Forest,No SMOTE,0,0,0.0
Random Forest,No SMOTE,0,0,0.0
Random Forest,No SMOTE,0,0,0.0
Random Forest,No SMOTE,0,0,0.0
Random Forest,No SMOTE,0,0,0.0
Random Forest,No SMOTE,0,0,0.0
Random Forest,No SMOTE,0,0,0.0
Random Forest,No SMOTE,0,0,0.0
Random Forest,No SMOTE,0,0,0.0
Random Forest,No SMOTE,0,0,0.0
Random Forest,No SMOTE,0,0,0.0
Random Forest,No SMOTE,0,0,0.0
Random Forest,No SMOTE,0,0,0.0
Random Forest,No SMOTE,0,0,0.0
Random Forest,No SMOTE,0,0,0.0
Random Forest,No SMOTE,0,0,0.0
Random Forest,No SMOTE,0,0,0.0
Random Forest,No SMOTE,0,0,0.0
Random Forest,No SMOTE,0,0,0.0
Random Forest,No SMOTE,0,0,0.0
Random Forest,No SMOTE,0,0,0.0
Random Forest,No SMOTE,0,0,0.0
Random Forest,No SMOTE,0,0,0.0
Random Forest,No SMOTE,0,0,0.0
Random Forest,No SMOTE,0,0,0.0
Random Forest,No SMOTE,0,0,0.0
Random Forest,No SMOTE,0,0,0.0
Random Forest,No SMOTE,0,0,0.0
Random Forest,No SMOTE,0,0,0.0
Random Forest,No SMOTE,0,0,0.0
Random Forest,No SMOTE,0,0,0.0
Random Forest,No SMOTE,0,0,0.0
Random Forest,No SMOTE,0,0,0.0
Random Forest,No SMOTE,0,0,0.0
Random Forest,No SMOTE,0,0,0.0
Random Forest,No SMOTE,0,0,0.013518373245934452
Random Forest,No SMOTE,0,0,0.0
Random Forest,No SMOTE,0,0,0.0
Random Forest,No SMOTE,0,0,0.0
Random Forest,No SMOTE,0,0,0.0
Random Forest,No SMOTE,0,0,0.0
Random Forest,No SMOTE,0,0,0.0
Random Forest,No SMOTE,0,0,0.0
Random Forest,No SMOTE,0,0,0.0
Random Forest,No SMOTE,0,0,0.0
Random Forest,No SMOTE,0,0,0.019632394218285137
Random Forest,No SMOTE,0,0,0.0
Random Forest,No SMOTE,0,0,0.0
Random Forest,No SMOTE,0,0,0.0
Random Forest,No SMOTE,0,0,0.0
Random Forest,No SMOTE,0,0,0.0
Random Forest,No SMOTE,0,0,0.0
Random Forest,No SMOTE,0,0,0.0
Random Forest,No SMOTE,0,0,0.0
Random Forest,No SMOTE,0,0,0.008096769891022433
Random Forest,No SMOTE,0,0,0.0
Random Forest,No SMOTE,0,0,0.0
Random Forest,No SMOTE,0,0,0.0
Random Forest,No SMOTE,0,0,0.0
Random Forest,No SMOTE,0,0,0.008096769891022433
Random Forest,No SMOTE,0,0,0.0
Random Forest,No SMOTE,0,0,0.0
Random Forest,No SMOTE,0,0,0.005421603354912019
Random Forest,No SMOTE,0,0,0.0
Random Forest,No SMOTE,0,0,0.0
Random Forest,No SMOTE,0,0,0.0
Random Forest,No SMOTE,0,0,0.0
Random Forest,No SMOTE,0,0,0.0
Random Forest,No SMOTE,0,0,0.0
Random Forest,No SMOTE,0,0,0.0
Random Forest,No SMOTE,0,0,0.0
Random Forest,No SMOTE,0,0,0.013518373245934452
Random Forest,No SMOTE,0,0,0.0
Random Forest,No SMOTE,0,0,0.0
Random Forest,No SMOTE,0,0,0.0
Random Forest,No SMOTE,0,0,0.0
Random Forest,No SMOTE,0,0,0.0
Random Forest,No SMOTE,0,0,0.0
Random Forest,No SMOTE,0,0,0.0
Random Forest,No SMOTE,0,0,0.0
Random Forest,No SMOTE,0,0,0.0
Random Forest,No SMOTE,0,0,0.0
Random Forest,No SMOTE,0,0,0.0
Random Forest,No SMOTE,0,0,0.0
Random Forest,No SMOTE,0,0,0.005421603354912019
Random Forest,No SMOTE,0,0,0.0
Random Forest,No SMOTE,0,0,0.0
Random Forest,No SMOTE,0,0,0.005421603354912019
Random Forest,No SMOTE,0,0,0.0
Random Forest,No SMOTE,0,0,0.0
Random Forest,No SMOTE,0,0,0.0
Random Forest,No SMOTE,0,0,0.0
Random Forest,No SMOTE,0,0,0.0
Random Forest,No SMOTE,0,0,0.008096769891022433
Random Forest,No SMOTE,0,0,0.0
Random Forest,No SMOTE,0,0,0.0
Random Forest,No SMOTE,0,0,0.0
Random Forest,No SMOTE,0,0,0.0
Random Forest,No SMOTE,0,0,0.0
Random Forest,No SMOTE,0,0,0.0
Random Forest,No SMOTE,0,0,0.0
Random Forest,No SMOTE,0,0,0.0
Random Forest,No SMOTE,0,0,0.0
Random Forest,No SMOTE,0,0,0.0
Random Forest,No SMOTE,0,0,0.0
Random Forest,No SMOTE,0,0,0.0
Random Forest,No SMOTE,0,0,0.0
Random Forest,No SMOTE,0,0,0.0
Random Forest,No SMOTE,0,0,0.0
Random Forest,No SMOTE,0,0,0.0
Random Forest,No SMOTE,0,0,0.0
Random Forest,No SMOTE,0,0,0.0
Random Forest,No SMOTE,0,0,0.0
Random Forest,No SMOTE,0,0,0.0
Random Forest,No SMOTE,0,0,0.0
Random Forest,No SMOTE,0,0,0.0
Random Forest,No SMOTE,0,0,0.009961101137043687
Random Forest,No SMOTE,0,0,0.0
Random Forest,No SMOTE,0,0,0.0
Random Forest,No SMOTE,0,0,0.013518373245934452
Random Forest,No SMOTE,0,0,0.0
Random Forest,No SMOTE,0,0,0.0
Random Forest,No SMOTE,0,0,0.0
Random Forest,No SMOTE,0,0,0.0
Random Forest,No SMOTE,0,0,0.0
Random Forest,No SMOTE,0,0,0.0
Random Forest,No SMOTE,0,0,0.0
Random Forest,No SMOTE,0,0,0.0
Random Forest,No SMOTE,0,0,0.0
Random Forest,No SMOTE,0,0,0.008096769891022433
Random Forest,No SMOTE,0,0,0.0
Random Forest,No SMOTE,0,0,0.0
Random Forest,No SMOTE,0,0,0.0
Random Forest,No SMOTE,0,0,0.0
Random Forest,No SMOTE,0,0,0.0
Random Forest,No SMOTE,0,0,0.0
Random Forest,No SMOTE,0,0,0.0
Random Forest,No SMOTE,0,0,0.0
Random Forest,No SMOTE,0,0,0.0
Random Forest,No SMOTE,0,0,0.0
Random Forest,No SMOTE,0,0,0.0
Random Forest,No SMOTE,0,0,0.0
Random Forest,No SMOTE,0,0,0.0
Random Forest,No SMOTE,0,0,0.0
Random Forest,No SMOTE,0,0,0.0
Random Forest,No SMOTE,0,0,0.008096769891022433
Random Forest,No SMOTE,0,0,0.008096769891022433
Random Forest,No SMOTE,0,0,0.0
Random Forest,No SMOTE,0,0,0.0
Random Forest,No SMOTE,0,0,0.0
Random Forest,No SMOTE,0,0,0.0
Random Forest,No SMOTE,0,0,0.013518373245934452
Random Forest,No SMOTE,0,0,0.0
Random Forest,No SMOTE,0,0,0.0
Random Forest,No SMOTE,0,0,0.0
Random Forest,No SMOTE,0,0,0.0
Random Forest,No SMOTE,0,0,0.0
Random Forest,No SMOTE,0,0,0.0
Random Forest,No SMOTE,0,0,0.0
Random Forest,No SMOTE,0,0,0.0
Random Forest,No SMOTE,0,0,0.0
Random Forest,No SMOTE,0,0,0.0
Random Forest,No SMOTE,0,0,0.0
Random Forest,No SMOTE,0,0,0.008096769891022433
Random Forest,No SMOTE,0,0,0.0
Random Forest,No SMOTE,0,0,0.0
Random Forest,No SMOTE,0,0,0.0
Random Forest,No SMOTE,0,0,0.0
Random Forest,No SMOTE,0,0,0.0
Random Forest,No SMOTE,0,0,0.0
Random Forest,No SMOTE,0,0,0.0
Random Forest,No SMOTE,0,0,0.008096769891022433
Random Forest,No SMOTE,0,0,0.0
Random Forest,No SMOTE,0,0,0.0
Random Forest,No SMOTE,0,0,0.0
Random Forest,No SMOTE,0,0,0.0
Random Forest,No SMOTE,0,0,0.0
Random Forest,No SMOTE,0,0,0.0
Random Forest,No SMOTE,0,0,0.0
Random Forest,No SMOTE,0,0,0.008096769891022433
Random Forest,No SMOTE,0,0,0.0
Random Forest,No SMOTE,0,0,0.0
Random Forest,No SMOTE,0,0,0.0
Random Forest,No SMOTE,0,0,0.0
Random Forest,No SMOTE,0,0,0.0
Random Forest,No SMOTE,0,0,0.0
Random Forest,No SMOTE,0,0,0.0
Random Forest,No SMOTE,0,0,0.0
Random Forest,No SMOTE,0,0,0.0
Random Forest,No SMOTE,0,0,0.0
Random Forest,No SMOTE,0,0,0.0
Random Forest,No SMOTE,0,0,0.0
Random Forest,No SMOTE,0,0,0.0
Random Forest,No SMOTE,0,0,0.0
Random Forest,No SMOTE,0,0,0.0
Random Forest,No SMOTE,0,0,0.008096769891022433
Random Forest,No SMOTE,0,0,0.0
Random Forest,No SMOTE,0,0,0.0
Random Forest,No SMOTE,0,0,0.0
Random Forest,No SMOTE,0,0,0.0
Random Forest,No SMOTE,0,0,0.0
Random Forest,No SMOTE,0,0,0.0
Random Forest,No SMOTE,0,0,0.0
Random Forest,No SMOTE,0,0,0.0
Random Forest,No SMOTE,0,0,0.0
Random Forest,No SMOTE,0,0,0.0
Random Forest,No SMOTE,0,0,0.0
Random Forest,No SMOTE,0,0,0.0
Random Forest,No SMOTE,0,0,0.0
Random Forest,No SMOTE,0,0,0.0
Random Forest,No SMOTE,0,0,0.0
Random Forest,No SMOTE,0,0,0.0
Random Forest,No SMOTE,0,0,0.0
Random Forest,No SMOTE,0,0,0.0
Random Forest,No SMOTE,0,0,0.0
Random Forest,No SMOTE,0,0,0.0
Random Forest,No SMOTE,0,0,0.0
Random Forest,No SMOTE,0,0,0.0
Random Forest,No SMOTE,0,0,0.0
Random Forest,No SMOTE,0,0,0.0
Random Forest,No SMOTE,0,0,0.0
Random Forest,No SMOTE,0,0,0.0
Random Forest,No SMOTE,0,0,0.0
Random Forest,No SMOTE,0,0,0.0
Random Forest,No SMOTE,0,0,0.0
Random Forest,No SMOTE,0,0,0.005421603354912019
Random Forest,No SMOTE,0,0,0.0
Random Forest,No SMOTE,0,0,0.0
Random Forest,No SMOTE,0,0,0.0
Random Forest,No SMOTE,0,0,0.013518373245934452
Random Forest,No SMOTE,0,0,0.0
Random Forest,No SMOTE,0,0,0.008096769891022433
Random Forest,No SMOTE,0,0,0.0
Random Forest,No SMOTE,0,0,0.0
Random Forest,No SMOTE,0,0,0.0
Random Forest,No SMOTE,0,0,0.0
Random Forest,No SMOTE,0,0,0.0
Random Forest,No SMOTE,0,0,0.0
Random Forest,No SMOTE,0,0,0.01
Random Forest,No SMOTE,0,0,0.005421603354912019
Random Forest,No SMOTE,0,0,0.0
Random Forest,No SMOTE,0,0,0.0
Random Forest,No SMOTE,0,0,0.0
Random Forest,No SMOTE,0,0,0.0
Random Forest,No SMOTE,0,0,0.0
Random Forest,No SMOTE,0,0,0.0
Random Forest,No SMOTE,0,0,0.0
Random Forest,No SMOTE,0,0,0.0
Random Forest,No SMOTE,0,0,0.0
Random Forest,No SMOTE,0,0,0.0
Random Forest,No SMOTE,0,0,0.0
Random Forest,No SMOTE,0,0,0.0
Random Forest,No SMOTE,0,0,0.0
Random Forest,No SMOTE,0,0,0.0
Random Forest,No SMOTE,0,0,0.0
Random Forest,No SMOTE,0,0,0.0
Random Forest,No SMOTE,0,0,0.0
Random Forest,No SMOTE,0,0,0.0
Random Forest,No SMOTE,0,0,0.0
Random Forest,No SMOTE,0,0,0.0
Random Forest,No SMOTE,0,0,0.013518373245934452
Random Forest,No SMOTE,0,0,0.0
Random Forest,No SMOTE,0,0,0.0
Random Forest,No SMOTE,0,0,0.0
Random Forest,No SMOTE,0,0,0.0
Random Forest,No SMOTE,0,0,0.0
Random Forest,No SMOTE,0,0,0.005421603354912019
Random Forest,No SMOTE,0,0,0.0
Random Forest,No SMOTE,0,0,0.009967563251659265
Random Forest,No SMOTE,0,0,0.0
Random Forest,No SMOTE,0,0,0.0
Random Forest,No SMOTE,0,0,0.0
Random Forest,No SMOTE,0,0,0.0
Random Forest,No SMOTE,0,0,0.0
Random Forest,No SMOTE,0,0,0.0
Random Forest,No SMOTE,0,0,0.0
Random Forest,No SMOTE,0,0,0.0
Random Forest,No SMOTE,0,0,0.0
Random Forest,No SMOTE,0,0,0.0
Random Forest,No SMOTE,0,0,0.0
Random Forest,No SMOTE,0,0,0.0
Random Forest,No SMOTE,0,0,0.0
Random Forest,No SMOTE,0,0,0.0
Random Forest,No SMOTE,0,0,0.0
Random Forest,No SMOTE,0,0,0.0
Random Forest,No SMOTE,0,0,0.0
Random Forest,No SMOTE,0,0,0.0
Random Forest,No SMOTE,0,0,0.008096769891022433
Random Forest,No SMOTE,0,0,0.0
Random Forest,No SMOTE,0,0,0.0
Random Forest,No SMOTE,0,0,0.0
Random Forest,No SMOTE,0,0,0.0
Random Forest,No SMOTE,0,0,0.0
Random Forest,No SMOTE,0,0,0.0
Random Forest,No SMOTE,0,0,0.0
Random Forest,No SMOTE,0,0,0.0
Random Forest,No SMOTE,0,0,0.0
Random Forest,No SMOTE,0,0,0.0
Random Forest,No SMOTE,0,0,0.0
Random Forest,No SMOTE,0,0,0.0
Random Forest,No SMOTE,0,0,0.0
Random Forest,No SMOTE,0,0,0.0
Random Forest,No SMOTE,1,1,0.9999831164257241
Random Forest,No SMOTE,0,0,0.0
Random Forest,No SMOTE,0,0,0.0
Random Forest,No SMOTE,0,0,0.0
Random Forest,No SMOTE,0,0,0.0
Random Forest,No SMOTE,0,0,0.0
Random Forest,No SMOTE,0,0,0.0
Random Forest,No SMOTE,0,0,0.0
Random Forest,No SMOTE,0,0,0.0
Random Forest,No SMOTE,0,0,0.0
Random Forest,No SMOTE,0,0,0.0
Random Forest,No SMOTE,0,0,0.0
Random Forest,No SMOTE,0,0,0.0
Random Forest,No SMOTE,0,0,0.0
Random Forest,No SMOTE,0,0,0.008096769891022433
Random Forest,No SMOTE,0,0,0.0
Random Forest,No SMOTE,0,0,0.0
Random Forest,No SMOTE,0,0,0.0
Random Forest,No SMOTE,0,0,0.0
Random Forest,No SMOTE,0,0,0.0
Random Forest,No SMOTE,0,0,0.0
Random Forest,No SMOTE,0,0,0.0
Random Forest,No SMOTE,0,0,0.0
Random Forest,No SMOTE,0,0,0.0
Random Forest,No SMOTE,0,0,0.0
Random Forest,No SMOTE,0,0,0.0
Random Forest,No SMOTE,0,0,0.0
Random Forest,No SMOTE,0,0,0.0
Random Forest,No SMOTE,0,0,0.0
Random Forest,No SMOTE,0,0,0.0
Random Forest,No SMOTE,0,0,0.0
Random Forest,No SMOTE,0,0,0.0
Random Forest,No SMOTE,0,0,0.0
Random Forest,No SMOTE,0,0,0.0
Random Forest,No SMOTE,0,0,0.0
Random Forest,No SMOTE,0,0,0.0
Random Forest,No SMOTE,0,0,0.0
Random Forest,No SMOTE,0,0,0.0
Random Forest,No SMOTE,0,0,0.0
Random Forest,No SMOTE,0,0,0.0
Random Forest,No SMOTE,0,0,0.0
Random Forest,No SMOTE,0,0,0.0
Random Forest,No SMOTE,0,0,0.0
Random Forest,No SMOTE,0,0,0.0
Random Forest,No SMOTE,0,0,0.0
Random Forest,No SMOTE,0,0,0.0
Random Forest,No SMOTE,0,0,0.0
Random Forest,No SMOTE,0,0,0.0
Random Forest,No SMOTE,0,0,0.0
Random Forest,No SMOTE,0,0,0.0
Random Forest,No SMOTE,0,0,0.0
Random Forest,No SMOTE,0,0,0.009479289266866635
Random Forest,No SMOTE,0,0,0.0
Random Forest,No SMOTE,0,0,0.0
Random Forest,No SMOTE,0,0,0.0
Random Forest,No SMOTE,0,0,0.0
Random Forest,No SMOTE,0,0,0.0
Random Forest,No SMOTE,0,0,0.0
Random Forest,No SMOTE,0,0,0.0
Random Forest,No SMOTE,0,0,0.0
Random Forest,No SMOTE,0,0,0.0
Random Forest,No SMOTE,0,0,0.0
Random Forest,No SMOTE,0,0,0.0
Random Forest,No SMOTE,0,0,0.0
Random Forest,No SMOTE,0,0,0.0
Random Forest,No SMOTE,0,0,0.008096769891022433
Random Forest,No SMOTE,0,0,0.0
Random Forest,No SMOTE,0,0,0.008096769891022433
Random Forest,No SMOTE,0,0,0.0
Random Forest,No SMOTE,0,0,0.0
Random Forest,No SMOTE,0,0,0.0
Random Forest,No SMOTE,0,0,0.009961101137043687
Random Forest,No SMOTE,0,0,0.0
Random Forest,No SMOTE,0,0,0.0
Random Forest,No SMOTE,0,0,0.008096769891022433
Random Forest,No SMOTE,0,0,0.0
Random Forest,No SMOTE,0,0,0.0
Random Forest,No SMOTE,0,0,0.0
Random Forest,No SMOTE,0,0,0.0
Random Forest,No SMOTE,0,0,0.0
Random Forest,No SMOTE,0,0,0.0
Random Forest,No SMOTE,0,0,0.0
Random Forest,No SMOTE,0,0,0.0
Random Forest,No SMOTE,0,0,0.0
Random Forest,No SMOTE,0,0,0.0
Random Forest,No SMOTE,0,0,0.0
Random Forest,No SMOTE,0,0,0.0
Random Forest,No SMOTE,0,0,0.0
Random Forest,No SMOTE,0,0,0.0
Random Forest,No SMOTE,0,0,0.0
Random Forest,No SMOTE,0,0,0.0
Random Forest,No SMOTE,0,0,0.005421603354912019
Random Forest,No SMOTE,0,0,0.0
Random Forest,No SMOTE,0,0,0.0
Random Forest,No SMOTE,0,0,0.0
Random Forest,No SMOTE,0,0,0.0
Random Forest,No SMOTE,0,0,0.0
Random Forest,No SMOTE,0,0,0.0
Random Forest,No SMOTE,0,0,0.0
Random Forest,No SMOTE,0,0,0.0
Random Forest,No SMOTE,0,0,0.0
Random Forest,No SMOTE,0,0,0.0
Random Forest,No SMOTE,0,0,0.0
Random Forest,No SMOTE,0,0,0.009991329576149665
Random Forest,No SMOTE,0,0,0.02926339325353144
Random Forest,No SMOTE,0,0,0.0
Random Forest,No SMOTE,0,0,0.0
Random Forest,No SMOTE,0,0,0.0
Random Forest,No SMOTE,0,0,0.0
Random Forest,No SMOTE,0,0,0.0
Random Forest,No SMOTE,0,0,0.0
Random Forest,No SMOTE,0,0,0.0
Random Forest,No SMOTE,0,0,0.0
Random Forest,No SMOTE,0,0,0.0
Random Forest,No SMOTE,0,0,0.0
Random Forest,No SMOTE,0,0,0.0
Random Forest,No SMOTE,0,0,0.0
Random Forest,No SMOTE,0,0,0.0
Random Forest,No SMOTE,0,0,0.008096769891022433
Random Forest,No SMOTE,0,0,0.0
Random Forest,No SMOTE,0,0,0.0
Random Forest,No SMOTE,0,0,0.0
Random Forest,No SMOTE,0,0,0.0
Random Forest,No SMOTE,0,0,0.0
Random Forest,No SMOTE,0,0,0.0
Random Forest,No SMOTE,0,0,0.0
Random Forest,No SMOTE,0,0,0.008096769891022433
Random Forest,No SMOTE,0,0,0.0
Random Forest,No SMOTE,0,0,0.0
Random Forest,No SMOTE,0,0,0.0
Random Forest,No SMOTE,0,0,0.0
Random Forest,No SMOTE,0,0,0.0
Random Forest,No SMOTE,0,0,0.0
Random Forest,No SMOTE,0,0,0.0
Random Forest,No SMOTE,0,0,0.0
Random Forest,No SMOTE,0,0,0.0
Random Forest,No SMOTE,0,0,0.0
Random Forest,No SMOTE,0,0,0.0
Random Forest,No SMOTE,0,0,0.0
Random Forest,No SMOTE,0,0,0.0
Random Forest,No SMOTE,0,0,0.0
Random Forest,No SMOTE,0,0,0.0
Random Forest,No SMOTE,0,0,0.0
Random Forest,No SMOTE,0,0,0.0
Random Forest,No SMOTE,0,0,0.0
Random Forest,No SMOTE,0,0,0.008096769891022433
Random Forest,No SMOTE,0,0,0.0
Random Forest,No SMOTE,0,0,0.0
Random Forest,No SMOTE,0,0,0.0
Random Forest,No SMOTE,0,0,0.00998375527953415
Random Forest,No SMOTE,0,0,0.0
Random Forest,No SMOTE,0,0,0.0
Random Forest,No SMOTE,0,0,0.0
Random Forest,No SMOTE,0,0,0.0
Random Forest,No SMOTE,0,0,0.0
Random Forest,No SMOTE,0,0,0.0
Random Forest,No SMOTE,0,0,0.0
Random Forest,No SMOTE,0,0,0.005421603354912019
Random Forest,No SMOTE,0,0,0.0
Random Forest,No SMOTE,0,0,0.0
Random Forest,No SMOTE,0,0,0.0
Random Forest,No SMOTE,0,0,0.0
Random Forest,No SMOTE,0,0,0.0
Random Forest,No SMOTE,0,0,0.0
Random Forest,No SMOTE,0,0,0.0
Random Forest,No SMOTE,0,0,0.0
Random Forest,No SMOTE,0,0,0.0
Random Forest,No SMOTE,0,0,0.0
Random Forest,No SMOTE,0,0,0.0
Random Forest,No SMOTE,0,0,0.0
Random Forest,No SMOTE,0,0,0.0
Random Forest,No SMOTE,0,0,0.0
Random Forest,No SMOTE,0,0,0.0
Random Forest,No SMOTE,0,0,0.0
Random Forest,No SMOTE,0,0,0.0
Random Forest,No SMOTE,0,0,0.013518373245934452
Random Forest,No SMOTE,0,0,0.0
Random Forest,No SMOTE,0,0,0.0
Random Forest,No SMOTE,0,0,0.0
Random Forest,No SMOTE,0,0,0.0
Random Forest,No SMOTE,0,0,0.0
Random Forest,No SMOTE,0,0,0.0
Random Forest,No SMOTE,0,0,0.0
Random Forest,No SMOTE,0,0,0.0
Random Forest,No SMOTE,0,0,0.005421603354912019
Random Forest,No SMOTE,0,0,0.0
Random Forest,No SMOTE,0,0,0.0
Random Forest,No SMOTE,0,0,0.0
Random Forest,No SMOTE,0,0,0.0
Random Forest,No SMOTE,0,0,0.0
Random Forest,No SMOTE,0,0,0.0
Random Forest,No SMOTE,0,0,0.0
Random Forest,No SMOTE,0,0,0.0
Random Forest,No SMOTE,0,0,0.0
Random Forest,No SMOTE,0,0,0.0
Random Forest,No SMOTE,0,0,0.0
Random Forest,No SMOTE,0,0,0.0
Random Forest,No SMOTE,0,0,0.008096769891022433
Random Forest,No SMOTE,0,0,0.0
Random Forest,No SMOTE,0,0,0.0
Random Forest,No SMOTE,0,0,0.0
Random Forest,No SMOTE,0,0,0.0
Random Forest,No SMOTE,0,0,0.0
Random Forest,No SMOTE,0,0,0.0
Random Forest,No SMOTE,0,0,0.0
Random Forest,No SMOTE,0,0,0.0
Random Forest,No SMOTE,0,0,0.0
Random Forest,No SMOTE,0,0,0.0
Random Forest,No SMOTE,0,0,0.0
Random Forest,No SMOTE,0,0,0.0
Random Forest,No SMOTE,0,0,0.0
Random Forest,No SMOTE,0,0,0.0
Random Forest,No SMOTE,0,0,0.0
Random Forest,No SMOTE,0,0,0.0
Random Forest,No SMOTE,0,0,0.0
Random Forest,No SMOTE,0,0,0.0
Random Forest,No SMOTE,0,0,0.0
Random Forest,No SMOTE,0,0,0.0
Random Forest,No SMOTE,0,0,0.0
Random Forest,No SMOTE,0,0,0.0
Random Forest,No SMOTE,0,0,0.0
Random Forest,No SMOTE,0,0,0.0
Random Forest,No SMOTE,0,0,0.0
Random Forest,No SMOTE,0,0,0.0
Random Forest,No SMOTE,0,0,0.0
Random Forest,No SMOTE,0,0,0.0
Random Forest,No SMOTE,0,0,0.0
Random Forest,No SMOTE,0,0,0.0
Random Forest,No SMOTE,0,0,0.0
Random Forest,No SMOTE,0,0,0.0
Random Forest,No SMOTE,0,0,0.0
Random Forest,No SMOTE,0,0,0.0
Random Forest,No SMOTE,0,0,0.0
Random Forest,No SMOTE,0,0,0.0
Random Forest,No SMOTE,0,0,0.0
Random Forest,No SMOTE,0,0,0.0
Random Forest,No SMOTE,0,0,0.0
Random Forest,No SMOTE,0,0,0.0
Random Forest,No SMOTE,0,0,0.0
Random Forest,No SMOTE,0,0,0.0
Random Forest,No SMOTE,0,0,0.0
Random Forest,No SMOTE,0,0,0.0
Random Forest,No SMOTE,0,0,0.0
Random Forest,No SMOTE,0,0,0.0
Random Forest,No SMOTE,0,0,0.0
Random Forest,No SMOTE,0,0,0.0
Random Forest,No SMOTE,0,0,0.0
Random Forest,No SMOTE,0,0,0.0
Random Forest,No SMOTE,0,0,0.0
Random Forest,No SMOTE,0,0,0.0
Random Forest,No SMOTE,0,0,0.0
Random Forest,No SMOTE,0,0,0.0
Random Forest,No SMOTE,0,0,0.0
Random Forest,No SMOTE,0,0,0.0
Random Forest,No SMOTE,0,0,0.0
Random Forest,No SMOTE,0,0,0.0
Random Forest,No SMOTE,0,0,0.0
Random Forest,No SMOTE,0,0,0.0
Random Forest,No SMOTE,0,0,0.0
Random Forest,No SMOTE,0,0,0.0
Random Forest,No SMOTE,0,0,0.008096769891022433
Random Forest,No SMOTE,0,0,0.0
Random Forest,No SMOTE,0,0,0.0
Random Forest,No SMOTE,0,0,0.0
Random Forest,No SMOTE,0,0,0.0
Random Forest,No SMOTE,0,0,0.0
Random Forest,No SMOTE,0,0,0.0
Random Forest,No SMOTE,0,0,0.0
Random Forest,No SMOTE,0,0,0.0
Random Forest,No SMOTE,0,0,0.0
Random Forest,No SMOTE,0,0,0.0
Random Forest,No SMOTE,0,0,0.0
Random Forest,No SMOTE,0,0,0.0
Random Forest,No SMOTE,0,0,0.0
Random Forest,No SMOTE,0,0,0.0
Random Forest,No SMOTE,0,0,0.0
Random Forest,No SMOTE,0,0,0.008096769891022433
Random Forest,No SMOTE,0,0,0.0
Random Forest,No SMOTE,0,0,0.0
Random Forest,No SMOTE,0,0,0.0
Random Forest,No SMOTE,0,0,0.008096769891022433
Random Forest,No SMOTE,0,0,0.0
Random Forest,No SMOTE,0,0,0.0
Random Forest,No SMOTE,0,0,0.0
Random Forest,No SMOTE,0,0,0.0
Random Forest,No SMOTE,0,0,0.0
Random Forest,No SMOTE,0,0,0.0
Random Forest,No SMOTE,0,0,0.0
Random Forest,No SMOTE,0,0,0.0
Random Forest,No SMOTE,0,0,0.0
Random Forest,No SMOTE,0,0,0.0
Random Forest,No SMOTE,0,0,0.009479289266866635
Random Forest,No SMOTE,0,0,0.0
Random Forest,No SMOTE,0,0,0.0
Random Forest,No SMOTE,0,0,0.0
Random Forest,No SMOTE,0,0,0.0
Random Forest,No SMOTE,0,0,0.0
Random Forest,No SMOTE,0,0,0.0
Random Forest,No SMOTE,0,0,0.0
Random Forest,No SMOTE,0,0,0.0
Random Forest,No SMOTE,0,0,0.0
Random Forest,No SMOTE,0,0,0.009995206590674448
Random Forest,No SMOTE,0,0,0.0
Random Forest,No SMOTE,0,0,0.0
Random Forest,No SMOTE,0,0,0.008096769891022433
Random Forest,No SMOTE,0,0,0.0
Random Forest,No SMOTE,0,0,0.0
Random Forest,No SMOTE,0,0,0.008096769891022433
Random Forest,No SMOTE,0,0,0.0
Random Forest,No SMOTE,0,0,0.0
Random Forest,No SMOTE,0,0,0.0
Random Forest,No SMOTE,0,0,0.0
Random Forest,No SMOTE,0,0,0.0
Random Forest,No SMOTE,0,0,0.0
Random Forest,No SMOTE,0,0,0.0
Random Forest,No SMOTE,0,0,0.0675111940510498
Random Forest,No SMOTE,0,0,0.0
Random Forest,No SMOTE,0,0,0.0
Random Forest,No SMOTE,0,0,0.0
Random Forest,No SMOTE,0,0,0.0
Random Forest,No SMOTE,0,0,0.0
Random Forest,No SMOTE,0,0,0.0
Random Forest,No SMOTE,0,0,0.0
Random Forest,No SMOTE,0,0,0.0
Random Forest,No SMOTE,0,0,0.0
Random Forest,No SMOTE,0,0,0.0
Random Forest,No SMOTE,0,0,0.0
Random Forest,No SMOTE,0,0,0.0
Random Forest,No SMOTE,0,0,0.0
Random Forest,No SMOTE,0,0,0.0
Random Forest,No SMOTE,0,0,0.0
Random Forest,No SMOTE,0,0,0.0
Random Forest,No SMOTE,0,0,0.0
Random Forest,No SMOTE,0,0,0.0
Random Forest,No SMOTE,0,0,0.0
Random Forest,No SMOTE,0,0,0.0
Random Forest,No SMOTE,0,0,0.0
Random Forest,No SMOTE,0,0,0.0
Random Forest,No SMOTE,0,0,0.0
Random Forest,No SMOTE,0,0,0.0
Random Forest,No SMOTE,0,0,0.0
Random Forest,No SMOTE,0,0,0.0
Random Forest,No SMOTE,0,0,0.0
Random Forest,No SMOTE,0,0,0.0
Random Forest,No SMOTE,0,0,0.0
Random Forest,No SMOTE,0,0,0.0
Random Forest,No SMOTE,0,0,0.0
Random Forest,No SMOTE,0,0,0.0
Random Forest,No SMOTE,0,0,0.0
Random Forest,No SMOTE,0,0,0.0
Random Forest,No SMOTE,0,0,0.0
Random Forest,No SMOTE,0,0,0.0
Random Forest,No SMOTE,0,0,0.0
Random Forest,No SMOTE,0,0,0.0
Random Forest,No SMOTE,0,0,0.0
Random Forest,No SMOTE,0,0,0.0
Random Forest,No SMOTE,0,0,0.0
Random Forest,No SMOTE,0,0,0.0
Random Forest,No SMOTE,0,0,0.0
Random Forest,No SMOTE,0,0,0.015421603354912019
Random Forest,No SMOTE,0,0,0.017757245805125742
Random Forest,No SMOTE,0,0,0.0
Random Forest,No SMOTE,0,0,0.0
Random Forest,No SMOTE,0,0,0.0
Random Forest,No SMOTE,0,0,0.0
Random Forest,No SMOTE,0,0,0.008096769891022433
Random Forest,No SMOTE,0,0,0.0
Random Forest,No SMOTE,0,0,0.0
Random Forest,No SMOTE,0,0,0.0
Random Forest,No SMOTE,0,0,0.0
Random Forest,No SMOTE,0,0,0.0
Random Forest,No SMOTE,0,0,0.0
Random Forest,No SMOTE,0,0,0.0
Random Forest,No SMOTE,0,0,0.0
Random Forest,No SMOTE,0,0,0.0
Random Forest,No SMOTE,0,0,0.0
Random Forest,No SMOTE,0,0,0.0
Random Forest,No SMOTE,0,0,0.0
Random Forest,No SMOTE,0,0,0.0
Random Forest,No SMOTE,0,0,0.0
Random Forest,No SMOTE,0,0,0.0
Random Forest,No SMOTE,0,0,0.005421603354912019
Random Forest,No SMOTE,0,0,0.0
Random Forest,No SMOTE,0,0,0.0
Random Forest,No SMOTE,0,0,0.0
Random Forest,No SMOTE,0,0,0.0
Random Forest,No SMOTE,0,0,0.0
Random Forest,No SMOTE,0,0,0.0
Random Forest,No SMOTE,0,0,0.0
Random Forest,No SMOTE,0,0,0.0
Random Forest,No SMOTE,0,0,0.0
Random Forest,No SMOTE,0,0,0.0
Random Forest,No SMOTE,0,0,0.0
Random Forest,No SMOTE,0,0,0.0
Random Forest,No SMOTE,0,0,0.0
Random Forest,No SMOTE,0,0,0.008096769891022433
Random Forest,No SMOTE,0,0,0.0
Random Forest,No SMOTE,0,0,0.0
Random Forest,No SMOTE,0,0,0.0
Random Forest,No SMOTE,0,0,0.0
Random Forest,No SMOTE,0,0,0.0
Random Forest,No SMOTE,0,0,0.0
Random Forest,No SMOTE,0,0,0.005421603354912019
Random Forest,No SMOTE,0,0,0.0
Random Forest,No SMOTE,0,0,0.0
Random Forest,No SMOTE,0,0,0.0
Random Forest,No SMOTE,0,0,0.0
Random Forest,No SMOTE,0,0,0.0
Random Forest,No SMOTE,0,0,0.0
Random Forest,No SMOTE,0,0,0.0
Random Forest,No SMOTE,0,0,0.0
Random Forest,No SMOTE,0,0,0.0
Random Forest,No SMOTE,0,0,0.0
Random Forest,No SMOTE,0,0,0.0
Random Forest,No SMOTE,0,0,0.0
Random Forest,No SMOTE,0,0,0.0
Random Forest,No SMOTE,0,0,0.0
Random Forest,No SMOTE,0,0,0.0
Random Forest,No SMOTE,0,0,0.0
Random Forest,No SMOTE,0,0,0.0
Random Forest,No SMOTE,0,0,0.0
Random Forest,No SMOTE,0,0,0.013518373245934452
Random Forest,No SMOTE,0,0,0.0
Random Forest,No SMOTE,0,0,0.013518373245934452
Random Forest,No SMOTE,0,0,0.0
Random Forest,No SMOTE,0,0,0.0
Random Forest,No SMOTE,0,0,0.0
Random Forest,No SMOTE,0,0,0.0
Random Forest,No SMOTE,0,0,0.0
Random Forest,No SMOTE,0,0,0.0
Random Forest,No SMOTE,0,0,0.0
Random Forest,No SMOTE,0,0,0.0
Random Forest,No SMOTE,0,0,0.0
Random Forest,No SMOTE,0,0,0.0
Random Forest,No SMOTE,0,0,0.0
Random Forest,No SMOTE,0,0,0.0
Random Forest,No SMOTE,0,0,0.0
Random Forest,No SMOTE,0,0,0.0
Random Forest,No SMOTE,0,0,0.0
Random Forest,No SMOTE,0,0,0.0
Random Forest,No SMOTE,0,0,0.008096769891022433
Random Forest,No SMOTE,0,0,0.005421603354912019
Random Forest,No SMOTE,0,0,0.0
Random Forest,No SMOTE,0,0,0.0
Random Forest,No SMOTE,0,0,0.0
Random Forest,No SMOTE,0,0,0.0
Random Forest,No SMOTE,0,0,0.0
Random Forest,No SMOTE,0,0,0.0
Random Forest,No SMOTE,0,0,0.0
Random Forest,No SMOTE,0,0,0.0
Random Forest,No SMOTE,0,0,0.0
Random Forest,No SMOTE,0,0,0.0
Random Forest,No SMOTE,0,0,0.0
Random Forest,No SMOTE,0,0,0.0
Random Forest,No SMOTE,0,0,0.0
Random Forest,No SMOTE,0,0,0.0
Random Forest,No SMOTE,0,0,0.0
Random Forest,No SMOTE,0,0,0.0
Random Forest,No SMOTE,0,0,0.0
Random Forest,No SMOTE,0,0,0.0
Random Forest,No SMOTE,0,0,0.0
Random Forest,No SMOTE,0,0,0.0
Random Forest,No SMOTE,0,0,0.0
Random Forest,No SMOTE,0,0,0.0
Random Forest,No SMOTE,0,0,0.0
Random Forest,No SMOTE,0,0,0.0
Random Forest,No SMOTE,0,0,0.0
Random Forest,No SMOTE,0,0,0.0
Random Forest,No SMOTE,0,0,0.0
Random Forest,No SMOTE,0,0,0.0
Random Forest,No SMOTE,0,0,0.0
Random Forest,No SMOTE,0,0,0.0
Random Forest,No SMOTE,0,0,0.0
Random Forest,No SMOTE,0,0,0.0
Random Forest,No SMOTE,0,0,0.0
Random Forest,No SMOTE,0,0,0.0
Random Forest,No SMOTE,0,0,0.0
Random Forest,No SMOTE,0,0,0.0
Random Forest,No SMOTE,0,0,0.0
Random Forest,No SMOTE,0,0,0.0
Random Forest,No SMOTE,0,0,0.0
Random Forest,No SMOTE,0,0,0.0
Random Forest,No SMOTE,0,0,0.0
Random Forest,No SMOTE,0,0,0.0
Random Forest,No SMOTE,0,0,0.0
Random Forest,No SMOTE,0,0,0.0
Random Forest,No SMOTE,0,0,0.0
Random Forest,No SMOTE,0,0,0.0
Random Forest,No SMOTE,0,0,0.0
Random Forest,No SMOTE,0,0,0.0
Random Forest,No SMOTE,0,0,0.0
Random Forest,No SMOTE,0,0,0.0
Random Forest,No SMOTE,0,0,0.0
Random Forest,No SMOTE,0,0,0.013518373245934452
Random Forest,No SMOTE,0,0,0.0
Random Forest,No SMOTE,0,0,0.0
Random Forest,No SMOTE,0,0,0.0
Random Forest,No SMOTE,0,0,0.0
Random Forest,No SMOTE,0,0,0.0
Random Forest,No SMOTE,0,0,0.0
Random Forest,No SMOTE,0,0,0.0
Random Forest,No SMOTE,0,0,0.0
Random Forest,No SMOTE,0,0,0.0
Random Forest,No SMOTE,0,0,0.0
Random Forest,No SMOTE,0,0,0.0
Random Forest,No SMOTE,0,0,0.0
Random Forest,No SMOTE,0,0,0.0
Random Forest,No SMOTE,0,0,0.0
Random Forest,No SMOTE,0,0,0.0
Random Forest,No SMOTE,0,0,0.0
Random Forest,No SMOTE,0,0,0.0
Random Forest,No SMOTE,0,0,0.0
Random Forest,No SMOTE,0,0,0.0
Random Forest,No SMOTE,0,0,0.0
Random Forest,No SMOTE,0,0,0.0
Random Forest,No SMOTE,0,0,0.0
Random Forest,No SMOTE,0,0,0.0
Random Forest,No SMOTE,0,0,0.0
Random Forest,No SMOTE,0,0,0.0
Random Forest,No SMOTE,0,0,0.0
Random Forest,No SMOTE,0,0,0.0
Random Forest,No SMOTE,0,0,0.0
Random Forest,No SMOTE,0,0,0.0
Random Forest,No SMOTE,0,0,0.013518373245934452
Random Forest,No SMOTE,0,0,0.0
Random Forest,No SMOTE,0,0,0.0
Random Forest,No SMOTE,0,0,0.0
Random Forest,No SMOTE,0,0,0.0
Random Forest,No SMOTE,0,0,0.0
Random Forest,No SMOTE,0,0,0.0
Random Forest,No SMOTE,0,0,0.0
Random Forest,No SMOTE,0,0,0.0
Random Forest,No SMOTE,0,0,0.0
Random Forest,No SMOTE,0,0,0.0
Random Forest,No SMOTE,0,0,0.0
Random Forest,No SMOTE,0,0,0.0
Random Forest,No SMOTE,0,0,0.0
Random Forest,No SMOTE,0,0,0.0
Random Forest,No SMOTE,0,0,0.0
Random Forest,No SMOTE,0,0,0.0
Random Forest,No SMOTE,0,0,0.0
Random Forest,No SMOTE,0,0,0.0
Random Forest,No SMOTE,0,0,0.0
Random Forest,No SMOTE,0,0,0.0
Random Forest,No SMOTE,0,0,0.0
Random Forest,No SMOTE,0,0,0.0
Random Forest,No SMOTE,0,0,0.008096769891022433
Random Forest,No SMOTE,0,0,0.0
Random Forest,No SMOTE,0,0,0.0
Random Forest,No SMOTE,0,0,0.0
Random Forest,No SMOTE,0,0,0.0
Random Forest,No SMOTE,0,0,0.0
Random Forest,No SMOTE,0,0,0.0
Random Forest,No SMOTE,0,0,0.0
Random Forest,No SMOTE,0,0,0.0
Random Forest,No SMOTE,0,0,0.008096769891022433
Random Forest,No SMOTE,0,0,0.005421603354912019
Random Forest,No SMOTE,0,0,0.0
Random Forest,No SMOTE,0,0,0.0
Random Forest,No SMOTE,0,0,0.0
Random Forest,No SMOTE,0,0,0.0
Random Forest,No SMOTE,0,0,0.0
Random Forest,No SMOTE,0,0,0.0
Random Forest,No SMOTE,0,0,0.0
Random Forest,No SMOTE,0,0,0.0
Random Forest,No SMOTE,0,0,0.0
Random Forest,No SMOTE,1,1,0.8898931569509324
Random Forest,No SMOTE,0,0,0.0
Random Forest,No SMOTE,0,0,0.008096769891022433
Random Forest,No SMOTE,0,0,0.0
Random Forest,No SMOTE,0,0,0.0
Random Forest,No SMOTE,0,0,0.0
Random Forest,No SMOTE,0,0,0.0
Random Forest,No SMOTE,0,0,0.0
Random Forest,No SMOTE,0,0,0.0
Random Forest,No SMOTE,0,0,0.0
Random Forest,No SMOTE,0,0,0.0
Random Forest,No SMOTE,0,0,0.0
Random Forest,No SMOTE,0,0,0.013518373245934452
Random Forest,No SMOTE,0,0,0.0
Random Forest,No SMOTE,0,0,0.0
Random Forest,No SMOTE,0,0,0.008096769891022433
Random Forest,No SMOTE,0,0,0.0
Random Forest,No SMOTE,0,0,0.0
Random Forest,No SMOTE,0,0,0.0
Random Forest,No SMOTE,0,0,0.0
Random Forest,No SMOTE,0,0,0.008096769891022433
Random Forest,No SMOTE,0,0,0.0
Random Forest,No SMOTE,0,0,0.0
Random Forest,No SMOTE,0,0,0.0
Random Forest,No SMOTE,0,0,0.0
Random Forest,No SMOTE,0,0,0.0
Random Forest,No SMOTE,0,0,0.0
Random Forest,No SMOTE,0,0,0.0
Random Forest,No SMOTE,0,0,0.0
Random Forest,No SMOTE,0,0,0.0
Random Forest,No SMOTE,0,0,0.0
Random Forest,No SMOTE,0,0,0.008096769891022433
Random Forest,No SMOTE,0,0,0.005421603354912019
Random Forest,No SMOTE,0,0,0.008096769891022433
Random Forest,No SMOTE,0,0,0.0
Random Forest,No SMOTE,0,0,0.0
Random Forest,No SMOTE,0,0,0.0
Random Forest,No SMOTE,0,0,0.0
Random Forest,No SMOTE,0,0,0.0
Random Forest,No SMOTE,0,0,0.0
Random Forest,No SMOTE,0,0,0.0
Random Forest,No SMOTE,0,0,0.0
Random Forest,No SMOTE,0,0,0.0
Random Forest,No SMOTE,0,0,0.0
Random Forest,No SMOTE,0,0,0.0
Random Forest,No SMOTE,0,0,0.0
Random Forest,No SMOTE,0,0,0.0
Random Forest,No SMOTE,0,0,0.0
Random Forest,No SMOTE,0,0,0.019650991320032726
Random Forest,No SMOTE,0,0,0.0
Random Forest,No SMOTE,0,0,0.0
Random Forest,No SMOTE,0,0,0.0
Random Forest,No SMOTE,0,0,0.0
Random Forest,No SMOTE,0,0,0.0
Random Forest,No SMOTE,0,0,0.0
Random Forest,No SMOTE,0,0,0.008096769891022433
Random Forest,No SMOTE,0,0,0.0
Random Forest,No SMOTE,0,0,0.0
Random Forest,No SMOTE,0,0,0.0
Random Forest,No SMOTE,0,0,0.0
Random Forest,No SMOTE,0,0,0.0
Random Forest,No SMOTE,0,0,0.0
Random Forest,No SMOTE,0,0,0.0
Random Forest,No SMOTE,0,0,0.0
Random Forest,No SMOTE,0,0,0.0
Random Forest,No SMOTE,0,0,0.0
Random Forest,No SMOTE,0,0,0.0
Random Forest,No SMOTE,0,0,0.0
Random Forest,No SMOTE,0,0,0.0
Random Forest,No SMOTE,0,0,0.0
Random Forest,No SMOTE,0,0,0.0
Random Forest,No SMOTE,0,0,0.0
Random Forest,No SMOTE,0,0,0.0
Random Forest,No SMOTE,0,0,0.0
Random Forest,No SMOTE,0,0,0.0
Random Forest,No SMOTE,0,0,0.0
Random Forest,No SMOTE,0,0,0.0
Random Forest,No SMOTE,0,0,0.0
Random Forest,No SMOTE,0,0,0.013518373245934452
Random Forest,No SMOTE,0,0,0.0
Random Forest,No SMOTE,0,0,0.0
Random Forest,No SMOTE,0,0,0.0
Random Forest,No SMOTE,0,0,0.005421603354912019
Random Forest,No SMOTE,0,0,0.0
Random Forest,No SMOTE,0,0,0.0
Random Forest,No SMOTE,0,0,0.0
Random Forest,No SMOTE,0,0,0.013518373245934452
Random Forest,No SMOTE,0,0,0.0
Random Forest,No SMOTE,0,0,0.0
Random Forest,No SMOTE,0,0,0.013518373245934452
Random Forest,No SMOTE,0,0,0.0
Random Forest,No SMOTE,0,0,0.0
Random Forest,No SMOTE,0,0,0.0
Random Forest,No SMOTE,0,0,0.008096769891022433
Random Forest,No SMOTE,0,0,0.0
Random Forest,No SMOTE,0,0,0.0
Random Forest,No SMOTE,0,0,0.0
Random Forest,No SMOTE,0,0,0.0
Random Forest,No SMOTE,0,0,0.0
Random Forest,No SMOTE,0,0,0.0
Random Forest,No SMOTE,0,0,0.0
Random Forest,No SMOTE,0,0,0.0
Random Forest,No SMOTE,0,0,0.0
Random Forest,No SMOTE,0,0,0.0
Random Forest,No SMOTE,0,0,0.0
Random Forest,No SMOTE,0,0,0.0
Random Forest,No SMOTE,0,0,0.0
Random Forest,No SMOTE,0,0,0.0
Random Forest,No SMOTE,0,0,0.0
Random Forest,No SMOTE,0,0,0.0
Random Forest,No SMOTE,0,0,0.0
Random Forest,No SMOTE,0,0,0.0
Random Forest,No SMOTE,0,0,0.013518373245934452
Random Forest,No SMOTE,0,0,0.0
Random Forest,No SMOTE,0,0,0.0
Random Forest,No SMOTE,0,0,0.008096769891022433
Random Forest,No SMOTE,0,0,0.0
Random Forest,No SMOTE,0,0,0.0
Random Forest,No SMOTE,0,0,0.0
Random Forest,No SMOTE,0,0,0.0
Random Forest,No SMOTE,0,0,0.0
Random Forest,No SMOTE,0,0,0.0
Random Forest,No SMOTE,0,0,0.013518373245934452
Random Forest,No SMOTE,0,0,0.0
Random Forest,No SMOTE,0,0,0.0
Random Forest,No SMOTE,0,0,0.0
Random Forest,No SMOTE,0,0,0.0
Random Forest,No SMOTE,0,0,0.0
Random Forest,No SMOTE,0,0,0.0
Random Forest,No SMOTE,0,0,0.0
Random Forest,No SMOTE,0,0,0.0
Random Forest,No SMOTE,0,0,0.0
Random Forest,No SMOTE,0,0,0.0
Random Forest,No SMOTE,0,0,0.0
Random Forest,No SMOTE,0,0,0.0
Random Forest,No SMOTE,0,0,0.0
Random Forest,No SMOTE,0,0,0.0
Random Forest,No SMOTE,0,0,0.0
Random Forest,No SMOTE,0,0,0.0
Random Forest,No SMOTE,0,0,0.0
Random Forest,No SMOTE,0,0,0.0
Random Forest,No SMOTE,0,0,0.0
Random Forest,No SMOTE,0,0,0.0
Random Forest,No SMOTE,0,0,0.0
Random Forest,No SMOTE,0,0,0.0
Random Forest,No SMOTE,0,0,0.0
Random Forest,No SMOTE,0,0,0.0
Random Forest,No SMOTE,0,0,0.0
Random Forest,No SMOTE,0,0,0.008096769891022433
Random Forest,No SMOTE,0,0,0.0
Random Forest,No SMOTE,0,0,0.013518373245934452
Random Forest,No SMOTE,0,0,0.008096769891022433
Random Forest,No SMOTE,0,0,0.0
Random Forest,No SMOTE,0,0,0.0
Random Forest,No SMOTE,0,0,0.0
Random Forest,No SMOTE,0,0,0.0
Random Forest,No SMOTE,0,0,0.0
Random Forest,No SMOTE,0,0,0.0
Random Forest,No SMOTE,0,0,0.0
Random Forest,No SMOTE,0,0,0.0
Random Forest,No SMOTE,0,0,0.0
Random Forest,No SMOTE,0,0,0.0
Random Forest,No SMOTE,0,0,0.0
Random Forest,No SMOTE,0,0,0.0
Random Forest,No SMOTE,0,0,0.0
Random Forest,No SMOTE,0,0,0.0
Random Forest,No SMOTE,0,0,0.0
Random Forest,No SMOTE,0,0,0.0
Random Forest,No SMOTE,0,0,0.0
Random Forest,No SMOTE,0,0,0.0
Random Forest,No SMOTE,0,0,0.0
Random Forest,No SMOTE,0,0,0.0
Random Forest,No SMOTE,0,0,0.0
Random Forest,No SMOTE,0,0,0.008096769891022433
Random Forest,No SMOTE,0,0,0.0
Random Forest,No SMOTE,0,0,0.0
Random Forest,No SMOTE,0,0,0.0
Random Forest,No SMOTE,0,0,0.005421603354912019
Random Forest,No SMOTE,0,0,0.0
Random Forest,No SMOTE,0,0,0.03348159940544719
Random Forest,No SMOTE,0,0,0.0
Random Forest,No SMOTE,0,0,0.0
Random Forest,No SMOTE,0,0,0.0
Random Forest,No SMOTE,0,0,0.0
Random Forest,No SMOTE,0,0,0.0
Random Forest,No SMOTE,0,0,0.0
Random Forest,No SMOTE,0,0,0.0
Random Forest,No SMOTE,0,0,0.0
Random Forest,No SMOTE,0,0,0.0
Random Forest,No SMOTE,0,0,0.0
Random Forest,No SMOTE,0,0,0.0
Random Forest,No SMOTE,0,0,0.0
Random Forest,No SMOTE,0,0,0.0
Random Forest,No SMOTE,0,0,0.0
Random Forest,No SMOTE,0,0,0.0
Random Forest,No SMOTE,0,0,0.0
Random Forest,No SMOTE,0,0,0.0
Random Forest,No SMOTE,0,0,0.0
Random Forest,No SMOTE,0,0,0.008096769891022433
Random Forest,No SMOTE,0,0,0.0
Random Forest,No SMOTE,0,0,0.0
Random Forest,No SMOTE,0,0,0.0
Random Forest,No SMOTE,0,0,0.0
Random Forest,No SMOTE,0,0,0.0
Random Forest,No SMOTE,0,0,0.0
Random Forest,No SMOTE,0,0,0.0
Random Forest,No SMOTE,0,0,0.0
Random Forest,No SMOTE,0,0,0.0
Random Forest,No SMOTE,0,0,0.0
Random Forest,No SMOTE,0,0,0.0
Random Forest,No SMOTE,0,0,0.0
Random Forest,No SMOTE,0,0,0.0
Random Forest,No SMOTE,0,0,0.0
Random Forest,No SMOTE,0,0,0.0
Random Forest,No SMOTE,0,0,0.0
Random Forest,No SMOTE,0,0,0.0
Random Forest,No SMOTE,0,0,0.0
Random Forest,No SMOTE,0,0,0.0
Random Forest,No SMOTE,0,0,0.0
Random Forest,No SMOTE,0,0,0.0
Random Forest,No SMOTE,0,0,0.0
Random Forest,No SMOTE,0,0,0.0
Random Forest,No SMOTE,0,0,0.0
Random Forest,No SMOTE,0,0,0.0
Random Forest,No SMOTE,0,0,0.0
Random Forest,No SMOTE,0,0,0.0
Random Forest,No SMOTE,0,0,0.0
Random Forest,No SMOTE,0,0,0.0
Random Forest,No SMOTE,0,0,0.0
Random Forest,No SMOTE,0,0,0.0
Random Forest,No SMOTE,0,0,0.013518373245934452
Random Forest,No SMOTE,0,0,0.005421603354912019
Random Forest,No SMOTE,0,0,0.0
Random Forest,No SMOTE,0,0,0.0
Random Forest,No SMOTE,0,0,0.0
Random Forest,No SMOTE,0,0,0.0
Random Forest,No SMOTE,0,0,0.0
Random Forest,No SMOTE,0,0,0.0
Random Forest,No SMOTE,0,0,0.0
Random Forest,No SMOTE,0,0,0.0
Random Forest,No SMOTE,0,0,0.0
Random Forest,No SMOTE,0,0,0.0
Random Forest,No SMOTE,0,0,0.008096769891022433
Random Forest,No SMOTE,0,0,0.0
Random Forest,No SMOTE,0,0,0.008096769891022433
Random Forest,No SMOTE,0,0,0.013518373245934452
Random Forest,No SMOTE,0,0,0.0
Random Forest,No SMOTE,0,0,0.0
Random Forest,No SMOTE,0,0,0.0
Random Forest,No SMOTE,0,0,0.0
Random Forest,No SMOTE,0,0,0.0
Random Forest,No SMOTE,0,0,0.0
Random Forest,No SMOTE,0,0,0.005421603354912019
Random Forest,No SMOTE,0,0,0.0
Random Forest,No SMOTE,0,0,0.0
Random Forest,No SMOTE,0,0,0.0
Random Forest,No SMOTE,0,0,0.0
Random Forest,No SMOTE,0,0,0.0
Random Forest,No SMOTE,0,0,0.0
Random Forest,No SMOTE,0,0,0.0
Random Forest,No SMOTE,0,0,0.008096769891022433
Random Forest,No SMOTE,0,0,0.0
Random Forest,No SMOTE,0,0,0.0
Random Forest,No SMOTE,0,0,0.0
Random Forest,No SMOTE,0,0,0.0
Random Forest,No SMOTE,0,0,0.0
Random Forest,No SMOTE,0,0,0.0
Random Forest,No SMOTE,0,0,0.0
Random Forest,No SMOTE,0,0,0.0
Random Forest,No SMOTE,0,0,0.0
Random Forest,No SMOTE,0,0,0.0
Random Forest,No SMOTE,0,0,0.0
Random Forest,No SMOTE,0,0,0.0
Random Forest,No SMOTE,0,0,0.0
Random Forest,No SMOTE,0,0,0.0
Random Forest,No SMOTE,0,0,0.0
Random Forest,No SMOTE,0,0,0.0
Random Forest,No SMOTE,0,0,0.0
Random Forest,No SMOTE,0,0,0.008096769891022433
Random Forest,No SMOTE,0,0,0.0
Random Forest,No SMOTE,0,0,0.0
Random Forest,No SMOTE,0,0,0.0
Random Forest,No SMOTE,0,0,0.0
Random Forest,No SMOTE,0,0,0.0
Random Forest,No SMOTE,0,0,0.0
Random Forest,No SMOTE,0,0,0.0
Random Forest,No SMOTE,0,0,0.0
Random Forest,No SMOTE,0,0,0.0
Random Forest,No SMOTE,0,0,0.0
Random Forest,No SMOTE,0,0,0.0
Random Forest,No SMOTE,0,0,0.0
Random Forest,No SMOTE,0,0,0.0
Random Forest,No SMOTE,0,0,0.0
Random Forest,No SMOTE,0,0,0.0
Random Forest,No SMOTE,0,0,0.0
Random Forest,No SMOTE,0,0,0.0
Random Forest,No SMOTE,0,0,0.0
Random Forest,No SMOTE,0,0,0.0
Random Forest,No SMOTE,0,0,0.0
Random Forest,No SMOTE,0,0,0.0
Random Forest,No SMOTE,0,0,0.0
Random Forest,No SMOTE,0,0,0.0
Random Forest,No SMOTE,0,0,0.0
Random Forest,No SMOTE,0,0,0.0
Random Forest,No SMOTE,0,0,0.0
Random Forest,No SMOTE,0,0,0.0
Random Forest,No SMOTE,0,0,0.0
Random Forest,No SMOTE,0,0,0.005421603354912019
Random Forest,No SMOTE,0,0,0.0
Random Forest,No SMOTE,0,0,0.0
Random Forest,No SMOTE,0,0,0.0
Random Forest,No SMOTE,0,0,0.0
Random Forest,No SMOTE,0,0,0.0
Random Forest,No SMOTE,0,0,0.0
Random Forest,No SMOTE,0,0,0.0
Random Forest,No SMOTE,0,0,0.0
Random Forest,No SMOTE,0,0,0.0
Random Forest,No SMOTE,0,0,0.0
Random Forest,No SMOTE,0,0,0.0
Random Forest,No SMOTE,0,0,0.0
Random Forest,No SMOTE,0,0,0.0
Random Forest,No SMOTE,0,0,0.0
Random Forest,No SMOTE,0,0,0.0
Random Forest,No SMOTE,0,0,0.0
Random Forest,No SMOTE,0,0,0.0
Random Forest,No SMOTE,0,0,0.008096769891022433
Random Forest,No SMOTE,0,0,0.0
Random Forest,No SMOTE,0,0,0.0
Random Forest,No SMOTE,0,0,0.0
Random Forest,No SMOTE,0,0,0.0
Random Forest,No SMOTE,0,0,0.0
Random Forest,No SMOTE,0,0,0.0
Random Forest,No SMOTE,0,0,0.0
Random Forest,No SMOTE,0,0,0.0
Random Forest,No SMOTE,0,0,0.0
Random Forest,No SMOTE,0,0,0.0
Random Forest,No SMOTE,0,0,0.0
Random Forest,No SMOTE,0,0,0.013518373245934452
Random Forest,No SMOTE,0,0,0.0
Random Forest,No SMOTE,0,0,0.0
Random Forest,No SMOTE,0,0,0.0
Random Forest,No SMOTE,0,0,0.0
Random Forest,No SMOTE,0,0,0.0
Random Forest,No SMOTE,0,0,0.0
Random Forest,No SMOTE,0,0,0.0
Random Forest,No SMOTE,0,0,0.0
Random Forest,No SMOTE,0,0,0.0
Random Forest,No SMOTE,0,0,0.0
Random Forest,No SMOTE,0,0,0.0
Random Forest,No SMOTE,0,0,0.008096769891022433
Random Forest,No SMOTE,0,0,0.0
Random Forest,No SMOTE,0,0,0.008096769891022433
Random Forest,No SMOTE,0,0,0.008096769891022433
Random Forest,No SMOTE,0,0,0.0
Random Forest,No SMOTE,0,0,0.0
Random Forest,No SMOTE,0,0,0.0
Random Forest,No SMOTE,0,0,0.0
Random Forest,No SMOTE,0,0,0.0
Random Forest,No SMOTE,0,0,0.0
Random Forest,No SMOTE,0,0,0.0
Random Forest,No SMOTE,0,0,0.0
Random Forest,No SMOTE,0,0,0.0
Random Forest,No SMOTE,0,0,0.0
Random Forest,No SMOTE,0,0,0.019898585784881063
Random Forest,No SMOTE,0,0,0.0
Random Forest,No SMOTE,0,0,0.008096769891022433
Random Forest,No SMOTE,0,0,0.0
Random Forest,No SMOTE,0,0,0.0
Random Forest,No SMOTE,0,0,0.0
Random Forest,No SMOTE,0,0,0.0
Random Forest,No SMOTE,0,0,0.0
Random Forest,No SMOTE,0,0,0.0
Random Forest,No SMOTE,0,0,0.0
Random Forest,No SMOTE,0,0,0.0
Random Forest,No SMOTE,0,0,0.0
Random Forest,No SMOTE,0,0,0.0
Random Forest,No SMOTE,0,0,0.0
Random Forest,No SMOTE,0,0,0.0
Random Forest,No SMOTE,0,0,0.0
Random Forest,No SMOTE,0,0,0.0
Random Forest,No SMOTE,0,0,0.0
Random Forest,No SMOTE,0,0,0.0
Random Forest,No SMOTE,0,0,0.0
Random Forest,No SMOTE,0,0,0.0
Random Forest,No SMOTE,0,0,0.0
Random Forest,No SMOTE,0,0,0.0
Random Forest,No SMOTE,0,0,0.0
Random Forest,No SMOTE,0,0,0.0
Random Forest,No SMOTE,0,0,0.0
Random Forest,No SMOTE,0,0,0.0
Random Forest,No SMOTE,0,0,0.0
Random Forest,No SMOTE,0,0,0.0
Random Forest,No SMOTE,0,0,0.0
Random Forest,No SMOTE,0,0,0.0
Random Forest,No SMOTE,0,0,0.0
Random Forest,No SMOTE,0,0,0.0
Random Forest,No SMOTE,0,0,0.008096769891022433
Random Forest,No SMOTE,0,0,0.0
Random Forest,No SMOTE,0,0,0.0
Random Forest,No SMOTE,0,0,0.0
Random Forest,No SMOTE,0,0,0.0
Random Forest,No SMOTE,0,0,0.0
Random Forest,No SMOTE,0,0,0.0
Random Forest,No SMOTE,0,0,0.0
Random Forest,No SMOTE,0,0,0.008096769891022433
Random Forest,No SMOTE,0,0,0.0
Random Forest,No SMOTE,0,0,0.0
Random Forest,No SMOTE,0,0,0.0
Random Forest,No SMOTE,0,0,0.0
Random Forest,No SMOTE,0,0,0.0
Random Forest,No SMOTE,0,0,0.0
Random Forest,No SMOTE,0,0,0.0
Random Forest,No SMOTE,0,0,0.0
Random Forest,No SMOTE,0,0,0.0
Random Forest,No SMOTE,0,0,0.0
Random Forest,No SMOTE,0,0,0.008096769891022433
Random Forest,No SMOTE,0,0,0.0
Random Forest,No SMOTE,0,0,0.0
Random Forest,No SMOTE,0,0,0.0
Random Forest,No SMOTE,0,0,0.0
Random Forest,No SMOTE,0,0,0.0
Random Forest,No SMOTE,0,0,0.0
Random Forest,No SMOTE,0,0,0.0
Random Forest,No SMOTE,0,0,0.0
Random Forest,No SMOTE,0,0,0.005421603354912019
Random Forest,No SMOTE,0,0,0.0
Random Forest,No SMOTE,0,0,0.0
Random Forest,No SMOTE,0,0,0.0
Random Forest,No SMOTE,0,0,0.0
Random Forest,No SMOTE,0,0,0.0
Random Forest,No SMOTE,0,0,0.0
Random Forest,No SMOTE,0,0,0.013518373245934452
Random Forest,No SMOTE,0,0,0.0
Random Forest,No SMOTE,0,0,0.0
Random Forest,No SMOTE,0,0,0.0
Random Forest,No SMOTE,0,0,0.0
Random Forest,No SMOTE,0,0,0.008096769891022433
Random Forest,No SMOTE,0,0,0.0
Random Forest,No SMOTE,0,0,0.0
Random Forest,No SMOTE,0,0,0.0
Random Forest,No SMOTE,0,0,0.0
Random Forest,No SMOTE,0,0,0.0
Random Forest,No SMOTE,0,0,0.0
Random Forest,No SMOTE,0,0,0.0
Random Forest,No SMOTE,0,0,0.0
Random Forest,No SMOTE,0,0,0.0
Random Forest,No SMOTE,0,0,0.0
Random Forest,No SMOTE,0,0,0.0
Random Forest,No SMOTE,0,0,0.0
Random Forest,No SMOTE,0,0,0.0
Random Forest,No SMOTE,0,0,0.0
Random Forest,No SMOTE,0,0,0.0
Random Forest,No SMOTE,0,0,0.0
Random Forest,No SMOTE,0,0,0.0
Random Forest,No SMOTE,0,0,0.0
Random Forest,No SMOTE,0,0,0.0
Random Forest,No SMOTE,0,0,0.0
Random Forest,No SMOTE,0,0,0.0
Random Forest,No SMOTE,0,0,0.0
Random Forest,No SMOTE,0,0,0.0
Random Forest,No SMOTE,0,0,0.0
Random Forest,No SMOTE,0,0,0.0
Random Forest,No SMOTE,0,0,0.0
Random Forest,No SMOTE,0,0,0.0
Random Forest,No SMOTE,0,0,0.0
Random Forest,No SMOTE,0,0,0.008096769891022433
Random Forest,No SMOTE,0,0,0.0
Random Forest,No SMOTE,0,0,0.0
Random Forest,No SMOTE,0,0,0.0
Random Forest,No SMOTE,0,0,0.0
Random Forest,No SMOTE,0,0,0.0
Random Forest,No SMOTE,0,0,0.0
Random Forest,No SMOTE,0,0,0.0
Random Forest,No SMOTE,0,0,0.0
Random Forest,No SMOTE,0,0,0.0
Random Forest,No SMOTE,0,0,0.008096769891022433
Random Forest,No SMOTE,0,0,0.0
Random Forest,No SMOTE,0,0,0.0
Random Forest,No SMOTE,0,0,0.005421603354912019
Random Forest,No SMOTE,0,0,0.0
Random Forest,No SMOTE,0,0,0.0
Random Forest,No SMOTE,0,0,0.0
Random Forest,No SMOTE,0,0,0.0
Random Forest,No SMOTE,0,0,0.0
Random Forest,No SMOTE,0,0,0.0
Random Forest,No SMOTE,0,0,0.0
Random Forest,No SMOTE,0,0,0.0
Random Forest,No SMOTE,0,0,0.0
Random Forest,No SMOTE,0,0,0.0
Random Forest,No SMOTE,0,0,0.0
Random Forest,No SMOTE,0,0,0.008096769891022433
Random Forest,No SMOTE,0,0,0.0
Random Forest,No SMOTE,0,0,0.0
Random Forest,No SMOTE,0,0,0.0
Random Forest,No SMOTE,0,0,0.0
Random Forest,No SMOTE,0,0,0.0
Random Forest,No SMOTE,0,0,0.0
Random Forest,No SMOTE,0,0,0.0
Random Forest,No SMOTE,0,0,0.008096769891022433
Random Forest,No SMOTE,0,0,0.0
Random Forest,No SMOTE,0,0,0.0
Random Forest,No SMOTE,0,0,0.0
Random Forest,No SMOTE,0,0,0.0
Random Forest,No SMOTE,0,0,0.0
Random Forest,No SMOTE,0,0,0.0
Random Forest,No SMOTE,0,0,0.0
Random Forest,No SMOTE,0,0,0.0
Random Forest,No SMOTE,0,0,0.0
Random Forest,No SMOTE,0,0,0.0
Random Forest,No SMOTE,0,0,0.0
Random Forest,No SMOTE,0,0,0.0
Random Forest,No SMOTE,0,0,0.0
Random Forest,No SMOTE,0,0,0.0
Random Forest,No SMOTE,0,0,0.0
Random Forest,No SMOTE,0,0,0.0
Random Forest,No SMOTE,0,0,0.0
Random Forest,No SMOTE,0,0,0.0
Random Forest,No SMOTE,0,0,0.0
Random Forest,No SMOTE,0,0,0.0
Random Forest,No SMOTE,0,0,0.0
Random Forest,No SMOTE,0,0,0.0
Random Forest,No SMOTE,0,0,0.0
Random Forest,No SMOTE,0,0,0.0
Random Forest,No SMOTE,0,0,0.0
Random Forest,No SMOTE,0,0,0.0
Random Forest,No SMOTE,0,0,0.0
Random Forest,No SMOTE,0,0,0.0
Random Forest,No SMOTE,0,0,0.0
Random Forest,No SMOTE,0,0,0.0
Random Forest,No SMOTE,0,0,0.0
Random Forest,No SMOTE,0,0,0.0
Random Forest,No SMOTE,0,0,0.0
Random Forest,No SMOTE,0,0,0.0
Random Forest,No SMOTE,0,0,0.0
Random Forest,No SMOTE,0,0,0.0
Random Forest,No SMOTE,0,0,0.0
Random Forest,No SMOTE,0,0,0.0
Random Forest,No SMOTE,0,0,0.0
Random Forest,No SMOTE,0,0,0.008096769891022433
Random Forest,No SMOTE,0,0,0.005421603354912019
Random Forest,No SMOTE,0,0,0.0
Random Forest,No SMOTE,0,0,0.008096769891022433
Random Forest,No SMOTE,0,0,0.0
Random Forest,No SMOTE,0,0,0.0
Random Forest,No SMOTE,0,0,0.008096769891022433
Random Forest,No SMOTE,0,0,0.0
Random Forest,No SMOTE,0,0,0.0
Random Forest,No SMOTE,0,0,0.0
Random Forest,No SMOTE,0,0,0.008096769891022433
Random Forest,No SMOTE,0,0,0.0
Random Forest,No SMOTE,0,0,0.0
Random Forest,No SMOTE,0,0,0.0
Random Forest,No SMOTE,0,0,0.0
Random Forest,No SMOTE,0,0,0.008096769891022433
Random Forest,No SMOTE,0,0,0.0
Random Forest,No SMOTE,0,0,0.0
Random Forest,No SMOTE,0,0,0.0
Random Forest,No SMOTE,0,0,0.0
Random Forest,No SMOTE,0,0,0.0
Random Forest,No SMOTE,0,0,0.0
Random Forest,No SMOTE,0,0,0.0
Random Forest,No SMOTE,0,0,0.0
Random Forest,No SMOTE,0,0,0.0
Random Forest,No SMOTE,0,0,0.0
Random Forest,No SMOTE,0,0,0.0
Random Forest,No SMOTE,0,0,0.0
Random Forest,No SMOTE,0,0,0.0
Random Forest,No SMOTE,0,0,0.0
Random Forest,No SMOTE,0,0,0.0
Random Forest,No SMOTE,0,0,0.0
Random Forest,No SMOTE,0,0,0.0
Random Forest,No SMOTE,0,0,0.0
Random Forest,No SMOTE,0,0,0.0
Random Forest,No SMOTE,0,0,0.0
Random Forest,No SMOTE,0,0,0.0
Random Forest,No SMOTE,0,0,0.0
Random Forest,No SMOTE,0,0,0.0
Random Forest,No SMOTE,0,0,0.0
Random Forest,No SMOTE,0,0,0.015421603354912019
Random Forest,No SMOTE,0,0,0.0
Random Forest,No SMOTE,0,0,0.0
Random Forest,No SMOTE,0,0,0.0
Random Forest,No SMOTE,0,0,0.0
Random Forest,No SMOTE,0,0,0.0
Random Forest,No SMOTE,0,0,0.0
Random Forest,No SMOTE,0,0,0.0
Random Forest,No SMOTE,0,0,0.0
Random Forest,No SMOTE,0,0,0.0
Random Forest,No SMOTE,0,0,0.008096769891022433
Random Forest,No SMOTE,0,0,0.008096769891022433
Random Forest,No SMOTE,0,0,0.0
Random Forest,No SMOTE,0,0,0.008096769891022433
Random Forest,No SMOTE,0,0,0.0
Random Forest,No SMOTE,0,0,0.0
Random Forest,No SMOTE,0,0,0.0
Random Forest,No SMOTE,0,0,0.0
Random Forest,No SMOTE,0,0,0.0
Random Forest,No SMOTE,0,0,0.0
Random Forest,No SMOTE,0,0,0.0
Random Forest,No SMOTE,0,0,0.0
Random Forest,No SMOTE,0,0,0.0
Random Forest,No SMOTE,0,0,0.008096769891022433
Random Forest,No SMOTE,0,0,0.0
Random Forest,No SMOTE,0,0,0.0
Random Forest,No SMOTE,0,0,0.0
Random Forest,No SMOTE,0,0,0.0
Random Forest,No SMOTE,0,0,0.0
Random Forest,No SMOTE,0,0,0.0
Random Forest,No SMOTE,0,0,0.0
Random Forest,No SMOTE,0,0,0.008096769891022433
Random Forest,No SMOTE,0,0,0.0
Random Forest,No SMOTE,0,0,0.0
Random Forest,No SMOTE,0,0,0.0
Random Forest,No SMOTE,0,0,0.013518373245934452
Random Forest,No SMOTE,0,0,0.0
Random Forest,No SMOTE,0,0,0.0
Random Forest,No SMOTE,0,0,0.0
Random Forest,No SMOTE,0,0,0.008096769891022433
Random Forest,No SMOTE,0,0,0.008096769891022433
Random Forest,No SMOTE,0,0,0.0
Random Forest,No SMOTE,0,0,0.0
Random Forest,No SMOTE,0,0,0.0
Random Forest,No SMOTE,0,0,0.0
Random Forest,No SMOTE,0,0,0.0
Random Forest,No SMOTE,0,0,0.0
Random Forest,No SMOTE,0,0,0.009989597295296778
Random Forest,No SMOTE,0,0,0.0
Random Forest,No SMOTE,0,0,0.0
Random Forest,No SMOTE,0,0,0.0
Random Forest,No SMOTE,0,0,0.0
Random Forest,No SMOTE,0,0,0.0
Random Forest,No SMOTE,0,0,0.0
Random Forest,No SMOTE,0,0,0.008096769891022433
Random Forest,No SMOTE,0,0,0.0
Random Forest,No SMOTE,0,0,0.0
Random Forest,No SMOTE,0,0,0.0
Random Forest,No SMOTE,0,0,0.0
Random Forest,No SMOTE,0,0,0.0
Random Forest,No SMOTE,0,0,0.0
Random Forest,No SMOTE,0,0,0.0
Random Forest,No SMOTE,0,0,0.0
Random Forest,No SMOTE,0,0,0.0
Random Forest,No SMOTE,0,0,0.0
Random Forest,No SMOTE,0,0,0.0
Random Forest,No SMOTE,0,0,0.0
Random Forest,No SMOTE,0,0,0.013518373245934452
Random Forest,No SMOTE,0,0,0.0
Random Forest,No SMOTE,0,0,0.0
Random Forest,No SMOTE,0,0,0.008096769891022433
Random Forest,No SMOTE,0,0,0.0
Random Forest,No SMOTE,0,0,0.0
Random Forest,No SMOTE,0,0,0.0
Random Forest,No SMOTE,0,0,0.0
Random Forest,No SMOTE,0,0,0.0
Random Forest,No SMOTE,0,0,0.0
Random Forest,No SMOTE,0,0,0.0
Random Forest,No SMOTE,0,0,0.008096769891022433
Random Forest,No SMOTE,0,0,0.0
Random Forest,No SMOTE,0,0,0.0
Random Forest,No SMOTE,0,0,0.0
Random Forest,No SMOTE,0,0,0.0
Random Forest,No SMOTE,0,0,0.0
Random Forest,No SMOTE,0,0,0.0
Random Forest,No SMOTE,0,0,0.0
Random Forest,No SMOTE,0,0,0.0
Random Forest,No SMOTE,0,0,0.0
Random Forest,No SMOTE,0,0,0.008096769891022433
Random Forest,No SMOTE,0,0,0.0
Random Forest,No SMOTE,0,0,0.0
Random Forest,No SMOTE,0,0,0.0
Random Forest,No SMOTE,0,0,0.0
Random Forest,No SMOTE,0,0,0.0
Random Forest,No SMOTE,0,0,0.0
Random Forest,No SMOTE,0,0,0.0
Random Forest,No SMOTE,0,0,0.0
Random Forest,No SMOTE,0,0,0.008096769891022433
Random Forest,No SMOTE,0,0,0.0
Random Forest,No SMOTE,0,0,0.0
Random Forest,No SMOTE,0,0,0.0
Random Forest,No SMOTE,0,0,0.0
Random Forest,No SMOTE,0,0,0.0
Random Forest,No SMOTE,0,0,0.0
Random Forest,No SMOTE,0,0,0.0
Random Forest,No SMOTE,0,0,0.0
Random Forest,No SMOTE,0,0,0.009479289266866635
Random Forest,No SMOTE,0,0,0.0
Random Forest,No SMOTE,0,0,0.0
Random Forest,No SMOTE,0,0,0.0
Random Forest,No SMOTE,0,0,0.0096726392251816
Random Forest,No SMOTE,0,0,0.0
Random Forest,No SMOTE,0,0,0.0
Random Forest,No SMOTE,0,0,0.0
Random Forest,No SMOTE,0,0,0.0
Random Forest,No SMOTE,0,0,0.0
Random Forest,No SMOTE,0,0,0.0
Random Forest,No SMOTE,0,0,0.013518373245934452
Random Forest,No SMOTE,0,0,0.0
Random Forest,No SMOTE,0,0,0.0
Random Forest,No SMOTE,0,0,0.008096769891022433
Random Forest,No SMOTE,0,0,0.0
Random Forest,No SMOTE,0,0,0.0
Random Forest,No SMOTE,0,0,0.0
Random Forest,No SMOTE,0,0,0.0
Random Forest,No SMOTE,0,0,0.0
Random Forest,No SMOTE,0,0,0.0
Random Forest,No SMOTE,0,0,0.0
Random Forest,No SMOTE,0,0,0.0
Random Forest,No SMOTE,0,0,0.0
Random Forest,No SMOTE,0,0,0.0
Random Forest,No SMOTE,0,0,0.0
Random Forest,No SMOTE,0,0,0.0
Random Forest,No SMOTE,0,0,0.0
Random Forest,No SMOTE,0,0,0.0
Random Forest,No SMOTE,0,0,0.0
Random Forest,No SMOTE,0,0,0.0
Random Forest,No SMOTE,0,0,0.0
Random Forest,No SMOTE,0,0,0.0
Random Forest,No SMOTE,0,0,0.0
Random Forest,No SMOTE,0,0,0.0
Random Forest,No SMOTE,0,0,0.0
Random Forest,No SMOTE,0,0,0.0
Random Forest,No SMOTE,0,0,0.008096769891022433
Random Forest,No SMOTE,0,0,0.0
Random Forest,No SMOTE,0,0,0.0
Random Forest,No SMOTE,0,0,0.0
Random Forest,No SMOTE,0,0,0.0
Random Forest,No SMOTE,0,0,0.008096769891022433
Random Forest,No SMOTE,0,0,0.0
Random Forest,No SMOTE,0,0,0.0
Random Forest,No SMOTE,0,0,0.0
Random Forest,No SMOTE,0,0,0.0
Random Forest,No SMOTE,0,0,0.0
Random Forest,No SMOTE,0,0,0.0
Random Forest,No SMOTE,0,0,0.013518373245934452
Random Forest,No SMOTE,0,0,0.008096769891022433
Random Forest,No SMOTE,0,0,0.0
Random Forest,No SMOTE,0,0,0.0
Random Forest,No SMOTE,0,0,0.0
Random Forest,No SMOTE,0,0,0.008096769891022433
Random Forest,No SMOTE,0,0,0.0
Random Forest,No SMOTE,0,0,0.0
Random Forest,No SMOTE,0,0,0.013518373245934452
Random Forest,No SMOTE,0,0,0.0
Random Forest,No SMOTE,0,0,0.0
Random Forest,No SMOTE,0,0,0.0
Random Forest,No SMOTE,0,0,0.0
Random Forest,No SMOTE,0,0,0.03967946440577277
Random Forest,No SMOTE,0,0,0.0
Random Forest,No SMOTE,0,0,0.0
Random Forest,No SMOTE,0,0,0.0
Random Forest,No SMOTE,0,0,0.0
Random Forest,No SMOTE,0,0,0.0
Random Forest,No SMOTE,0,0,0.0
Random Forest,No SMOTE,0,0,0.008096769891022433
Random Forest,No SMOTE,0,0,0.0
Random Forest,No SMOTE,0,0,0.008096769891022433
Random Forest,No SMOTE,0,0,0.0
Random Forest,No SMOTE,0,0,0.0
Random Forest,No SMOTE,0,0,0.0
Random Forest,No SMOTE,0,0,0.0
Random Forest,No SMOTE,0,0,0.0
Random Forest,No SMOTE,0,0,0.0
Random Forest,No SMOTE,0,0,0.0
Random Forest,No SMOTE,0,0,0.0
Random Forest,No SMOTE,0,0,0.005421603354912019
Random Forest,No SMOTE,0,0,0.005421603354912019
Random Forest,No SMOTE,0,0,0.0
Random Forest,No SMOTE,0,0,0.0
Random Forest,No SMOTE,0,0,0.008096769891022433
Random Forest,No SMOTE,0,0,0.0
Random Forest,No SMOTE,0,0,0.0
Random Forest,No SMOTE,0,0,0.0
Random Forest,No SMOTE,0,0,0.0
Random Forest,No SMOTE,0,0,0.0
Random Forest,No SMOTE,0,0,0.0
Random Forest,No SMOTE,0,0,0.0
Random Forest,No SMOTE,0,0,0.0
Random Forest,No SMOTE,0,0,0.0
Random Forest,No SMOTE,0,0,0.0
Random Forest,No SMOTE,0,0,0.0
Random Forest,No SMOTE,0,0,0.0
Random Forest,No SMOTE,0,0,0.0
Random Forest,No SMOTE,0,0,0.0
Random Forest,No SMOTE,0,0,0.0
Random Forest,No SMOTE,0,0,0.0
Random Forest,No SMOTE,0,0,0.0
Random Forest,No SMOTE,0,0,0.0
Random Forest,No SMOTE,0,0,0.0
Random Forest,No SMOTE,0,0,0.0
Random Forest,No SMOTE,1,1,0.9999712587227194
Random Forest,No SMOTE,0,0,0.0
Random Forest,No SMOTE,0,0,0.0
Random Forest,No SMOTE,0,0,0.0
Random Forest,No SMOTE,0,0,0.0
Random Forest,No SMOTE,0,0,0.008096769891022433
Random Forest,No SMOTE,0,0,0.0
Random Forest,No SMOTE,0,0,0.0
Random Forest,No SMOTE,0,0,0.0
Random Forest,No SMOTE,0,0,0.0
Random Forest,No SMOTE,0,0,0.0
Random Forest,No SMOTE,0,0,0.0
Random Forest,No SMOTE,0,0,0.0
Random Forest,No SMOTE,0,0,0.0
Random Forest,No SMOTE,0,0,0.0
Random Forest,No SMOTE,0,0,0.0
Random Forest,No SMOTE,0,0,0.0
Random Forest,No SMOTE,0,0,0.0
Random Forest,No SMOTE,0,0,0.0
Random Forest,No SMOTE,0,0,0.0
Random Forest,No SMOTE,0,0,0.0
Random Forest,No SMOTE,0,0,0.0
Random Forest,No SMOTE,0,0,0.0
Random Forest,No SMOTE,0,0,0.0
Random Forest,No SMOTE,0,0,0.0
Random Forest,No SMOTE,0,0,0.0
Random Forest,No SMOTE,0,0,0.0
Random Forest,No SMOTE,0,0,0.0
Random Forest,No SMOTE,0,0,0.0
Random Forest,No SMOTE,0,0,0.0
Random Forest,No SMOTE,0,0,0.0
Random Forest,No SMOTE,0,0,0.0
Random Forest,No SMOTE,0,0,0.0
Random Forest,No SMOTE,0,0,0.0
Random Forest,No SMOTE,0,0,0.0
Random Forest,No SMOTE,0,0,0.0
Random Forest,No SMOTE,0,0,0.0
Random Forest,No SMOTE,0,0,0.0
Random Forest,No SMOTE,0,0,0.0
Random Forest,No SMOTE,0,0,0.008096769891022433
Random Forest,No SMOTE,0,0,0.0
Random Forest,No SMOTE,0,0,0.0
Random Forest,No SMOTE,0,0,0.0
Random Forest,No SMOTE,0,0,0.0
Random Forest,No SMOTE,0,0,0.0
Random Forest,No SMOTE,0,0,0.008096769891022433
Random Forest,No SMOTE,0,0,0.0
Random Forest,No SMOTE,0,0,0.0
Random Forest,No SMOTE,0,0,0.0
Random Forest,No SMOTE,0,0,0.0
Random Forest,No SMOTE,0,0,0.0
Random Forest,No SMOTE,0,0,0.0
Random Forest,No SMOTE,0,0,0.0
Random Forest,No SMOTE,0,0,0.0
Random Forest,No SMOTE,0,0,0.0
Random Forest,No SMOTE,0,0,0.0
Random Forest,No SMOTE,0,0,0.0
Random Forest,No SMOTE,0,0,0.009958948960428128
Random Forest,No SMOTE,0,0,0.0
Random Forest,No SMOTE,0,0,0.013518373245934452
Random Forest,No SMOTE,0,0,0.0
Random Forest,No SMOTE,0,0,0.0
Random Forest,No SMOTE,0,0,0.0
Random Forest,No SMOTE,0,0,0.0
Random Forest,No SMOTE,0,0,0.0
Random Forest,No SMOTE,0,0,0.0
Random Forest,No SMOTE,0,0,0.0
Random Forest,No SMOTE,0,0,0.0
Random Forest,No SMOTE,0,0,0.0
Random Forest,No SMOTE,0,0,0.0
Random Forest,No SMOTE,0,0,0.0
Random Forest,No SMOTE,0,0,0.0
Random Forest,No SMOTE,0,0,0.0
Random Forest,No SMOTE,0,0,0.0
Random Forest,No SMOTE,0,0,0.0
Random Forest,No SMOTE,0,0,0.0
Random Forest,No SMOTE,0,0,0.0
Random Forest,No SMOTE,0,0,0.0
Random Forest,No SMOTE,0,0,0.0
Random Forest,No SMOTE,0,0,0.0
Random Forest,No SMOTE,0,0,0.0
Random Forest,No SMOTE,0,0,0.0
Random Forest,No SMOTE,0,0,0.0
Random Forest,No SMOTE,0,0,0.0
Random Forest,No SMOTE,0,0,0.0
Random Forest,No SMOTE,0,0,0.0
Random Forest,No SMOTE,0,0,0.0
Random Forest,No SMOTE,0,0,0.008096769891022433
Random Forest,No SMOTE,0,0,0.0
Random Forest,No SMOTE,0,0,0.005421603354912019
Random Forest,No SMOTE,0,0,0.0
Random Forest,No SMOTE,0,0,0.0
Random Forest,No SMOTE,0,0,0.0
Random Forest,No SMOTE,0,0,0.0
Random Forest,No SMOTE,0,0,0.008096769891022433
Random Forest,No SMOTE,0,0,0.0
Random Forest,No SMOTE,0,0,0.008096769891022433
Random Forest,No SMOTE,0,0,0.0
Random Forest,No SMOTE,0,0,0.0234025775214689
Random Forest,No SMOTE,0,0,0.0
Random Forest,No SMOTE,0,0,0.0
Random Forest,No SMOTE,0,0,0.0
Random Forest,No SMOTE,0,0,0.0
Random Forest,No SMOTE,0,0,0.0
Random Forest,No SMOTE,0,0,0.0
Random Forest,No SMOTE,0,0,0.0
Random Forest,No SMOTE,0,0,0.0
Random Forest,No SMOTE,0,0,0.0
Random Forest,No SMOTE,0,0,0.0
Random Forest,No SMOTE,0,0,0.0
Random Forest,No SMOTE,0,0,0.0
Random Forest,No SMOTE,0,0,0.0
Random Forest,No SMOTE,0,0,0.0
Random Forest,No SMOTE,0,0,0.0
Random Forest,No SMOTE,0,0,0.0
Random Forest,No SMOTE,0,0,0.008096769891022433
Random Forest,No SMOTE,0,0,0.0
Random Forest,No SMOTE,0,0,0.0
Random Forest,No SMOTE,0,0,0.0
Random Forest,No SMOTE,0,0,0.005421603354912019
Random Forest,No SMOTE,0,0,0.0
Random Forest,No SMOTE,0,0,0.0
Random Forest,No SMOTE,0,0,0.0
Random Forest,No SMOTE,0,0,0.0
Random Forest,No SMOTE,0,0,0.0
Random Forest,No SMOTE,0,0,0.0
Random Forest,No SMOTE,0,0,0.0
Random Forest,No SMOTE,0,0,0.0
Random Forest,No SMOTE,0,0,0.0
Random Forest,No SMOTE,0,0,0.0
Random Forest,No SMOTE,0,0,0.0
Random Forest,No SMOTE,0,0,0.008096769891022433
Random Forest,No SMOTE,0,0,0.0
Random Forest,No SMOTE,0,0,0.0
Random Forest,No SMOTE,0,0,0.0
Random Forest,No SMOTE,0,0,0.0
Random Forest,No SMOTE,0,0,0.0
Random Forest,No SMOTE,0,0,0.0
Random Forest,No SMOTE,0,0,0.0
Random Forest,No SMOTE,0,0,0.0
Random Forest,No SMOTE,0,0,0.0
Random Forest,No SMOTE,0,0,0.0
Random Forest,No SMOTE,0,0,0.0
Random Forest,No SMOTE,0,0,0.0
Random Forest,No SMOTE,0,0,0.0096726392251816
Random Forest,No SMOTE,0,0,0.0
Random Forest,No SMOTE,0,0,0.0
Random Forest,No SMOTE,0,0,0.0
Random Forest,No SMOTE,0,0,0.0
Random Forest,No SMOTE,0,0,0.0
Random Forest,No SMOTE,0,0,0.0
Random Forest,No SMOTE,0,0,0.0
Random Forest,No SMOTE,0,0,0.0
Random Forest,No SMOTE,0,0,0.0
Random Forest,No SMOTE,0,0,0.0
Random Forest,No SMOTE,0,0,0.0
Random Forest,No SMOTE,0,0,0.0
Random Forest,No SMOTE,0,0,0.0
Random Forest,No SMOTE,0,0,0.0
Random Forest,No SMOTE,0,0,0.0
Random Forest,No SMOTE,0,0,0.0
Random Forest,No SMOTE,0,0,0.0
Random Forest,No SMOTE,0,0,0.0
Random Forest,No SMOTE,0,0,0.0
Random Forest,No SMOTE,0,0,0.013518373245934452
Random Forest,No SMOTE,0,0,0.005421603354912019
Random Forest,No SMOTE,0,0,0.0
Random Forest,No SMOTE,0,0,0.0
Random Forest,No SMOTE,0,0,0.0
Random Forest,No SMOTE,0,0,0.0
Random Forest,No SMOTE,0,0,0.005421603354912019
Random Forest,No SMOTE,0,0,0.0
Random Forest,No SMOTE,0,0,0.0
Random Forest,No SMOTE,0,0,0.0
Random Forest,No SMOTE,0,0,0.0
Random Forest,No SMOTE,0,0,0.0
Random Forest,No SMOTE,0,0,0.0
Random Forest,No SMOTE,0,0,0.0
Random Forest,No SMOTE,0,0,0.0
Random Forest,No SMOTE,0,0,0.0
Random Forest,No SMOTE,0,0,0.0
Random Forest,No SMOTE,0,0,0.0
Random Forest,No SMOTE,0,0,0.0
Random Forest,No SMOTE,0,0,0.0
Random Forest,No SMOTE,0,0,0.0
Random Forest,No SMOTE,0,0,0.013518373245934452
Random Forest,No SMOTE,0,0,0.0
Random Forest,No SMOTE,0,0,0.0
Random Forest,No SMOTE,0,0,0.0
Random Forest,No SMOTE,0,0,0.0
Random Forest,No SMOTE,0,0,0.008096769891022433
Random Forest,No SMOTE,0,0,0.0
Random Forest,No SMOTE,0,0,0.0
Random Forest,No SMOTE,0,0,0.0
Random Forest,No SMOTE,0,0,0.0
Random Forest,No SMOTE,0,0,0.0
Random Forest,No SMOTE,0,0,0.0
Random Forest,No SMOTE,0,0,0.017576059157889068
Random Forest,No SMOTE,0,0,0.013518373245934452
Random Forest,No SMOTE,0,0,0.0
Random Forest,No SMOTE,0,0,0.0
Random Forest,No SMOTE,0,0,0.0
Random Forest,No SMOTE,0,0,0.0
Random Forest,No SMOTE,0,0,0.0
Random Forest,No SMOTE,0,0,0.0
Random Forest,No SMOTE,0,0,0.008096769891022433
Random Forest,No SMOTE,0,0,0.0
Random Forest,No SMOTE,0,0,0.0
Random Forest,No SMOTE,0,0,0.0
Random Forest,No SMOTE,0,0,0.0
Random Forest,No SMOTE,0,0,0.0
Random Forest,No SMOTE,0,0,0.0
Random Forest,No SMOTE,0,0,0.0
Random Forest,No SMOTE,0,0,0.0
Random Forest,No SMOTE,0,0,0.0
Random Forest,No SMOTE,0,0,0.008096769891022433
Random Forest,No SMOTE,0,0,0.0
Random Forest,No SMOTE,0,0,0.0
Random Forest,No SMOTE,0,0,0.0
Random Forest,No SMOTE,0,0,0.008096769891022433
Random Forest,No SMOTE,0,0,0.0
Random Forest,No SMOTE,0,0,0.0
Random Forest,No SMOTE,0,0,0.0
Random Forest,No SMOTE,0,0,0.0
Random Forest,No SMOTE,0,0,0.0
Random Forest,No SMOTE,0,0,0.0
Random Forest,No SMOTE,0,0,0.0
Random Forest,No SMOTE,0,0,0.008096769891022433
Random Forest,No SMOTE,0,0,0.0
Random Forest,No SMOTE,0,0,0.0
Random Forest,No SMOTE,0,0,0.0
Random Forest,No SMOTE,0,0,0.0
Random Forest,No SMOTE,0,0,0.0
Random Forest,No SMOTE,0,0,0.0
Random Forest,No SMOTE,0,0,0.0
Random Forest,No SMOTE,0,0,0.0
Random Forest,No SMOTE,0,0,0.0
Random Forest,No SMOTE,0,0,0.0
Random Forest,No SMOTE,0,0,0.0
Random Forest,No SMOTE,0,0,0.0
Random Forest,No SMOTE,0,0,0.0
Random Forest,No SMOTE,0,0,0.008096769891022433
Random Forest,No SMOTE,0,0,0.0
Random Forest,No SMOTE,0,0,0.0
Random Forest,No SMOTE,0,0,0.0
Random Forest,No SMOTE,0,0,0.0
Random Forest,No SMOTE,0,0,0.0
Random Forest,No SMOTE,0,0,0.0
Random Forest,No SMOTE,0,0,0.0
Random Forest,No SMOTE,0,0,0.0
Random Forest,No SMOTE,0,0,0.0
Random Forest,No SMOTE,0,0,0.0
Random Forest,No SMOTE,0,0,0.0
Random Forest,No SMOTE,0,0,0.0
Random Forest,No SMOTE,0,0,0.0
Random Forest,No SMOTE,0,0,0.0
Random Forest,No SMOTE,0,0,0.0
Random Forest,No SMOTE,0,0,0.0
Random Forest,No SMOTE,0,0,0.0
Random Forest,No SMOTE,0,0,0.0
Random Forest,No SMOTE,0,0,0.013518373245934452
Random Forest,No SMOTE,0,0,0.0
Random Forest,No SMOTE,0,0,0.0
Random Forest,No SMOTE,0,0,0.0
Random Forest,No SMOTE,0,0,0.0
Random Forest,No SMOTE,0,0,0.0
Random Forest,No SMOTE,0,0,0.0
Random Forest,No SMOTE,0,0,0.0
Random Forest,No SMOTE,0,0,0.0
Random Forest,No SMOTE,0,0,0.0
Random Forest,No SMOTE,0,0,0.0
Random Forest,No SMOTE,0,0,0.0
Random Forest,No SMOTE,0,0,0.005421603354912019
Random Forest,No SMOTE,0,0,0.008096769891022433
Random Forest,No SMOTE,0,0,0.0
Random Forest,No SMOTE,0,0,0.0
Random Forest,No SMOTE,0,0,0.0
Random Forest,No SMOTE,0,0,0.0
Random Forest,No SMOTE,0,0,0.0
Random Forest,No SMOTE,0,0,0.0
Random Forest,No SMOTE,0,0,0.0
Random Forest,No SMOTE,0,0,0.0
Random Forest,No SMOTE,0,0,0.008096769891022433
Random Forest,No SMOTE,0,0,0.0
Random Forest,No SMOTE,0,0,0.0
Random Forest,No SMOTE,0,0,0.013518373245934452
Random Forest,No SMOTE,0,0,0.0
Random Forest,No SMOTE,0,0,0.0
Random Forest,No SMOTE,0,0,0.0
Random Forest,No SMOTE,0,0,0.0
Random Forest,No SMOTE,0,0,0.0
Random Forest,No SMOTE,0,0,0.0
Random Forest,No SMOTE,0,0,0.0
Random Forest,No SMOTE,0,0,0.0
Random Forest,No SMOTE,0,0,0.0
Random Forest,No SMOTE,0,0,0.0
Random Forest,No SMOTE,1,1,0.917769409116204
Random Forest,No SMOTE,0,0,0.0
Random Forest,No SMOTE,0,0,0.0
Random Forest,No SMOTE,0,0,0.008096769891022433
Random Forest,No SMOTE,0,0,0.0
Random Forest,No SMOTE,0,0,0.0
Random Forest,No SMOTE,0,0,0.0
Random Forest,No SMOTE,0,0,0.0
Random Forest,No SMOTE,0,0,0.0
Random Forest,No SMOTE,1,1,0.9999795387192121
Random Forest,No SMOTE,0,0,0.0
Random Forest,No SMOTE,0,0,0.008096769891022433
Random Forest,No SMOTE,0,0,0.0
Random Forest,No SMOTE,0,0,0.0
Random Forest,No SMOTE,0,0,0.0
Random Forest,No SMOTE,0,0,0.0
Random Forest,No SMOTE,0,0,0.008096769891022433
Random Forest,No SMOTE,0,0,0.0
Random Forest,No SMOTE,0,0,0.0
Random Forest,No SMOTE,0,0,0.0
Random Forest,No SMOTE,0,0,0.0
Random Forest,No SMOTE,0,0,0.0
Random Forest,No SMOTE,0,0,0.013518373245934452
Random Forest,No SMOTE,0,0,0.013518373245934452
Random Forest,No SMOTE,0,0,0.0
Random Forest,No SMOTE,0,0,0.0
Random Forest,No SMOTE,0,0,0.0
Random Forest,No SMOTE,0,0,0.0
Random Forest,No SMOTE,0,0,0.0
Random Forest,No SMOTE,0,0,0.0
Random Forest,No SMOTE,1,1,0.9999735422642072
Random Forest,No SMOTE,0,0,0.0
Random Forest,No SMOTE,0,0,0.0
Random Forest,No SMOTE,0,0,0.0
Random Forest,No SMOTE,0,0,0.0
Random Forest,No SMOTE,0,0,0.0
Random Forest,No SMOTE,0,0,0.0
Random Forest,No SMOTE,0,0,0.0
Random Forest,No SMOTE,0,0,0.0
Random Forest,No SMOTE,0,0,0.0
Random Forest,No SMOTE,0,0,0.0
Random Forest,No SMOTE,0,0,0.0
Random Forest,No SMOTE,0,0,0.013518373245934452
Random Forest,No SMOTE,0,0,0.0
Random Forest,No SMOTE,0,0,0.008096769891022433
Random Forest,No SMOTE,0,0,0.0
Random Forest,No SMOTE,0,0,0.005421603354912019
Random Forest,No SMOTE,0,0,0.0
Random Forest,No SMOTE,0,0,0.0
Random Forest,No SMOTE,0,0,0.0
Random Forest,No SMOTE,0,0,0.0
Random Forest,No SMOTE,0,0,0.0
Random Forest,No SMOTE,0,0,0.0
Random Forest,No SMOTE,0,0,0.0
Random Forest,No SMOTE,0,0,0.0
Random Forest,No SMOTE,0,0,0.0
Random Forest,No SMOTE,0,0,0.0
Random Forest,No SMOTE,0,0,0.0
Random Forest,No SMOTE,0,0,0.0
Random Forest,No SMOTE,0,0,0.0
Random Forest,No SMOTE,0,0,0.0
Random Forest,No SMOTE,0,0,0.0
Random Forest,No SMOTE,0,0,0.0
Random Forest,No SMOTE,0,0,0.0
Random Forest,No SMOTE,0,0,0.0
Random Forest,No SMOTE,0,0,0.0
Random Forest,No SMOTE,0,0,0.0
Random Forest,No SMOTE,0,0,0.0
Random Forest,No SMOTE,0,0,0.0
Random Forest,No SMOTE,0,0,0.0
Random Forest,No SMOTE,0,0,0.0
Random Forest,No SMOTE,0,0,0.0
Random Forest,No SMOTE,0,0,0.0
Random Forest,No SMOTE,0,0,0.019464666643043006
Random Forest,No SMOTE,0,0,0.0
Random Forest,No SMOTE,0,0,0.0
Random Forest,No SMOTE,0,0,0.008096769891022433
Random Forest,No SMOTE,0,0,0.0
Random Forest,No SMOTE,0,0,0.005421603354912019
Random Forest,No SMOTE,0,0,0.0
Random Forest,No SMOTE,0,0,0.0
Random Forest,No SMOTE,0,0,0.0
Random Forest,No SMOTE,0,0,0.0
Random Forest,No SMOTE,0,0,0.008096769891022433
Random Forest,No SMOTE,0,0,0.0
Random Forest,No SMOTE,0,0,0.0
Random Forest,No SMOTE,0,0,0.0
Random Forest,No SMOTE,0,0,0.0
Random Forest,No SMOTE,0,0,0.0
Random Forest,No SMOTE,0,0,0.0
Random Forest,No SMOTE,0,0,0.008096769891022433
Random Forest,No SMOTE,0,0,0.0
Random Forest,No SMOTE,0,0,0.0
Random Forest,No SMOTE,0,0,0.0
Random Forest,No SMOTE,0,0,0.0
Random Forest,No SMOTE,0,0,0.0
Random Forest,No SMOTE,0,0,0.0
Random Forest,No SMOTE,0,0,0.0
Random Forest,No SMOTE,0,0,0.0
Random Forest,No SMOTE,0,0,0.0
Random Forest,No SMOTE,0,0,0.0
Random Forest,No SMOTE,0,0,0.0
Random Forest,No SMOTE,0,0,0.0
Random Forest,No SMOTE,0,0,0.0
Random Forest,No SMOTE,0,0,0.0
Random Forest,No SMOTE,0,0,0.0
Random Forest,No SMOTE,0,0,0.0
Random Forest,No SMOTE,0,0,0.013518373245934452
Random Forest,No SMOTE,0,0,0.0
Random Forest,No SMOTE,0,0,0.0
Random Forest,No SMOTE,0,0,0.0
Random Forest,No SMOTE,0,0,0.0
Random Forest,No SMOTE,0,0,0.013518373245934452
Random Forest,No SMOTE,0,0,0.0
Random Forest,No SMOTE,0,0,0.0
Random Forest,No SMOTE,0,0,0.0
Random Forest,No SMOTE,0,0,0.0
Random Forest,No SMOTE,0,0,0.0
Random Forest,No SMOTE,0,0,0.0
Random Forest,No SMOTE,0,0,0.0
Random Forest,No SMOTE,0,0,0.013518373245934452
Random Forest,No SMOTE,0,0,0.0
Random Forest,No SMOTE,0,0,0.0
Random Forest,No SMOTE,0,0,0.0
Random Forest,No SMOTE,0,0,0.0
Random Forest,No SMOTE,0,0,0.0
Random Forest,No SMOTE,0,0,0.0
Random Forest,No SMOTE,0,0,0.0
Random Forest,No SMOTE,0,0,0.0
Random Forest,No SMOTE,0,0,0.0
Random Forest,No SMOTE,0,0,0.0
Random Forest,No SMOTE,0,0,0.0
Random Forest,No SMOTE,0,0,0.0
Random Forest,No SMOTE,0,0,0.0
Random Forest,No SMOTE,0,0,0.0
Random Forest,No SMOTE,0,0,0.0
Random Forest,No SMOTE,0,0,0.0
Random Forest,No SMOTE,0,0,0.0
Random Forest,No SMOTE,0,0,0.0
Random Forest,No SMOTE,0,0,0.0
Random Forest,No SMOTE,0,0,0.0
Random Forest,No SMOTE,0,0,0.0
Random Forest,No SMOTE,0,0,0.0
Random Forest,No SMOTE,0,0,0.0
Random Forest,No SMOTE,0,0,0.0
Random Forest,No SMOTE,0,0,0.0
Random Forest,No SMOTE,0,0,0.0
Random Forest,No SMOTE,0,0,0.0
Random Forest,No SMOTE,0,0,0.0
Random Forest,No SMOTE,0,0,0.0
Random Forest,No SMOTE,0,0,0.0
Random Forest,No SMOTE,0,0,0.0
Random Forest,No SMOTE,0,0,0.0
Random Forest,No SMOTE,0,0,0.0
Random Forest,No SMOTE,0,0,0.0
Random Forest,No SMOTE,0,0,0.008096769891022433
Random Forest,No SMOTE,0,0,0.0
Random Forest,No SMOTE,0,0,0.0
Random Forest,No SMOTE,0,0,0.0
Random Forest,No SMOTE,0,0,0.0
Random Forest,No SMOTE,0,0,0.0
Random Forest,No SMOTE,0,0,0.0
Random Forest,No SMOTE,0,0,0.0
Random Forest,No SMOTE,0,0,0.0
Random Forest,No SMOTE,0,0,0.0
Random Forest,No SMOTE,0,0,0.0
Random Forest,No SMOTE,0,0,0.0
Random Forest,No SMOTE,0,0,0.0
Random Forest,No SMOTE,0,0,0.0
Random Forest,No SMOTE,0,0,0.0
Random Forest,No SMOTE,0,0,0.0
Random Forest,No SMOTE,0,0,0.0
Random Forest,No SMOTE,0,0,0.0
Random Forest,No SMOTE,0,0,0.0
Random Forest,No SMOTE,0,0,0.008096769891022433
Random Forest,No SMOTE,0,0,0.0
Random Forest,No SMOTE,0,0,0.0
Random Forest,No SMOTE,0,0,0.0
Random Forest,No SMOTE,0,0,0.0
Random Forest,No SMOTE,0,0,0.0
Random Forest,No SMOTE,0,0,0.0
Random Forest,No SMOTE,1,1,0.9998820701178772
Random Forest,No SMOTE,0,0,0.0
Random Forest,No SMOTE,0,0,0.0
Random Forest,No SMOTE,0,0,0.0
Random Forest,No SMOTE,0,0,0.0
Random Forest,No SMOTE,0,0,0.009479289266866635
Random Forest,No SMOTE,0,0,0.0
Random Forest,No SMOTE,0,0,0.0
Random Forest,No SMOTE,0,0,0.0
Random Forest,No SMOTE,0,0,0.0
Random Forest,No SMOTE,0,0,0.0
Random Forest,No SMOTE,0,0,0.0
Random Forest,No SMOTE,0,0,0.0
Random Forest,No SMOTE,0,0,0.0
Random Forest,No SMOTE,0,0,0.0
Random Forest,No SMOTE,0,0,0.0
Random Forest,No SMOTE,0,0,0.0
Random Forest,No SMOTE,0,0,0.0
Random Forest,No SMOTE,0,0,0.0
Random Forest,No SMOTE,0,0,0.0
Random Forest,No SMOTE,0,0,0.0
Random Forest,No SMOTE,0,0,0.0
Random Forest,No SMOTE,0,0,0.0
Random Forest,No SMOTE,0,0,0.0
Random Forest,No SMOTE,0,0,0.0
Random Forest,No SMOTE,0,0,0.0
Random Forest,No SMOTE,0,0,0.0
Random Forest,No SMOTE,0,0,0.0
Random Forest,No SMOTE,0,0,0.0
Random Forest,No SMOTE,0,0,0.0
Random Forest,No SMOTE,1,1,0.9999831164257241
Random Forest,No SMOTE,0,0,0.0
Random Forest,No SMOTE,0,0,0.0
Random Forest,No SMOTE,0,0,0.0
Random Forest,No SMOTE,0,0,0.0
Random Forest,No SMOTE,0,0,0.0
Random Forest,No SMOTE,0,0,0.0
Random Forest,No SMOTE,0,0,0.008096769891022433
Random Forest,No SMOTE,0,0,0.0
Random Forest,No SMOTE,0,0,0.0
Random Forest,No SMOTE,0,0,0.008096769891022433
Random Forest,No SMOTE,0,0,0.0
Random Forest,No SMOTE,0,0,0.0
Random Forest,No SMOTE,0,0,0.013518373245934452
Random Forest,No SMOTE,0,0,0.0
Random Forest,No SMOTE,0,0,0.0
Random Forest,No SMOTE,0,0,0.0
Random Forest,No SMOTE,0,0,0.0
Random Forest,No SMOTE,0,0,0.0
Random Forest,No SMOTE,0,0,0.0
Random Forest,No SMOTE,0,0,0.0
Random Forest,No SMOTE,0,0,0.0
Random Forest,No SMOTE,0,0,0.0
Random Forest,No SMOTE,0,0,0.0
Random Forest,No SMOTE,0,0,0.0
Random Forest,No SMOTE,0,0,0.0
Random Forest,No SMOTE,0,0,0.0
Random Forest,No SMOTE,0,0,0.0
Random Forest,No SMOTE,0,0,0.0
Random Forest,No SMOTE,0,0,0.008096769891022433
Random Forest,No SMOTE,0,0,0.0
Random Forest,No SMOTE,0,0,0.0
Random Forest,No SMOTE,0,0,0.0
Random Forest,No SMOTE,0,0,0.0
Random Forest,No SMOTE,0,0,0.0
Random Forest,No SMOTE,0,0,0.0
Random Forest,No SMOTE,0,0,0.0
Random Forest,No SMOTE,0,0,0.0
Random Forest,No SMOTE,0,0,0.0
Random Forest,No SMOTE,0,0,0.0
Random Forest,No SMOTE,0,0,0.0
Random Forest,No SMOTE,0,0,0.0
Random Forest,No SMOTE,0,0,0.013518373245934452
Random Forest,No SMOTE,0,0,0.0
Random Forest,No SMOTE,0,0,0.0
Random Forest,No SMOTE,0,0,0.008096769891022433
Random Forest,No SMOTE,0,0,0.0
Random Forest,No SMOTE,0,0,0.0
Random Forest,No SMOTE,0,0,0.0
Random Forest,No SMOTE,0,0,0.0
Random Forest,No SMOTE,0,0,0.0
Random Forest,No SMOTE,0,0,0.0
Random Forest,No SMOTE,0,0,0.0
Random Forest,No SMOTE,0,0,0.0
Random Forest,No SMOTE,0,0,0.0
Random Forest,No SMOTE,0,0,0.0
Random Forest,No SMOTE,0,0,0.008096769891022433
Random Forest,No SMOTE,0,0,0.0
Random Forest,No SMOTE,0,0,0.0
Random Forest,No SMOTE,0,0,0.0
Random Forest,No SMOTE,0,0,0.0
Random Forest,No SMOTE,0,0,0.0234025775214689
Random Forest,No SMOTE,0,0,0.013518373245934452
Random Forest,No SMOTE,0,0,0.013518373245934452
Random Forest,No SMOTE,0,0,0.0
Random Forest,No SMOTE,0,0,0.0
Random Forest,No SMOTE,0,0,0.0
Random Forest,No SMOTE,0,0,0.0
Random Forest,No SMOTE,0,0,0.0
Random Forest,No SMOTE,0,0,0.0
Random Forest,No SMOTE,0,0,0.0
Random Forest,No SMOTE,0,0,0.0
Random Forest,No SMOTE,0,0,0.0
Random Forest,No SMOTE,0,0,0.0
Random Forest,No SMOTE,0,0,0.019993736518690377
Random Forest,No SMOTE,0,0,0.0
Random Forest,No SMOTE,0,0,0.0
Random Forest,No SMOTE,0,0,0.0
Random Forest,No SMOTE,0,0,0.0
Random Forest,No SMOTE,0,0,0.0
Random Forest,No SMOTE,0,0,0.0
Random Forest,No SMOTE,0,0,0.0
Random Forest,No SMOTE,0,0,0.0
Random Forest,No SMOTE,0,0,0.0
Random Forest,No SMOTE,0,0,0.0
Random Forest,No SMOTE,0,0,0.0
Random Forest,No SMOTE,0,0,0.0
Random Forest,No SMOTE,0,0,0.0
Random Forest,No SMOTE,0,0,0.0
Random Forest,No SMOTE,0,0,0.0
Random Forest,No SMOTE,0,0,0.0
Random Forest,No SMOTE,0,0,0.0
Random Forest,No SMOTE,0,0,0.0
Random Forest,No SMOTE,0,0,0.0
Random Forest,No SMOTE,0,0,0.0
Random Forest,No SMOTE,0,0,0.0
Random Forest,No SMOTE,0,0,0.0
Random Forest,No SMOTE,0,0,0.0
Random Forest,No SMOTE,0,0,0.008096769891022433
Random Forest,No SMOTE,0,0,0.0
Random Forest,No SMOTE,0,0,0.0
Random Forest,No SMOTE,0,0,0.0
Random Forest,No SMOTE,0,0,0.0
Random Forest,No SMOTE,0,0,0.0
Random Forest,No SMOTE,0,0,0.0
Random Forest,No SMOTE,0,0,0.0
Random Forest,No SMOTE,0,0,0.0
Random Forest,No SMOTE,0,0,0.0
Random Forest,No SMOTE,0,0,0.0
Random Forest,No SMOTE,0,0,0.0
Random Forest,No SMOTE,0,0,0.0
Random Forest,No SMOTE,0,0,0.005421603354912019
Random Forest,No SMOTE,0,0,0.0
Random Forest,No SMOTE,0,0,0.0
Random Forest,No SMOTE,0,0,0.008096769891022433
Random Forest,No SMOTE,0,0,0.0
Random Forest,No SMOTE,0,0,0.0
Random Forest,No SMOTE,0,0,0.005421603354912019
Random Forest,No SMOTE,0,0,0.0
Random Forest,No SMOTE,0,0,0.005421603354912019
Random Forest,No SMOTE,0,0,0.0
Random Forest,No SMOTE,0,0,0.0
Random Forest,No SMOTE,0,0,0.0
Random Forest,No SMOTE,0,0,0.0
Random Forest,No SMOTE,0,0,0.0
Random Forest,No SMOTE,0,0,0.0
Random Forest,No SMOTE,0,0,0.0
Random Forest,No SMOTE,0,0,0.0
Random Forest,No SMOTE,0,0,0.0
Random Forest,No SMOTE,0,0,0.0
Random Forest,No SMOTE,0,0,0.0
Random Forest,No SMOTE,0,0,0.0
Random Forest,No SMOTE,0,0,0.0
Random Forest,No SMOTE,0,0,0.0
Random Forest,No SMOTE,0,0,0.0
Random Forest,No SMOTE,0,0,0.005421603354912019
Random Forest,No SMOTE,0,0,0.013518373245934452
Random Forest,No SMOTE,0,0,0.0
Random Forest,No SMOTE,0,0,0.0
Random Forest,No SMOTE,0,0,0.0
Random Forest,No SMOTE,0,0,0.0
Random Forest,No SMOTE,0,0,0.008096769891022433
Random Forest,No SMOTE,0,0,0.008096769891022433
Random Forest,No SMOTE,0,0,0.0
Random Forest,No SMOTE,0,0,0.0
Random Forest,No SMOTE,0,0,0.0
Random Forest,No SMOTE,0,0,0.0
Random Forest,No SMOTE,0,0,0.0
Random Forest,No SMOTE,0,0,0.0
Random Forest,No SMOTE,0,0,0.0
Random Forest,No SMOTE,0,0,0.0
Random Forest,No SMOTE,0,0,0.0
Random Forest,No SMOTE,0,0,0.0
Random Forest,No SMOTE,0,0,0.0
Random Forest,No SMOTE,0,0,0.0
Random Forest,No SMOTE,0,0,0.0
Random Forest,No SMOTE,0,0,0.0
Random Forest,No SMOTE,0,0,0.0
Random Forest,No SMOTE,0,0,0.0
Random Forest,No SMOTE,0,0,0.0
Random Forest,No SMOTE,0,0,0.0
Random Forest,No SMOTE,0,0,0.0
Random Forest,No SMOTE,0,0,0.0
Random Forest,No SMOTE,0,0,0.0
Random Forest,No SMOTE,0,0,0.0
Random Forest,No SMOTE,0,0,0.0
Random Forest,No SMOTE,0,0,0.0
Random Forest,No SMOTE,0,0,0.0
Random Forest,No SMOTE,0,0,0.013518373245934452
Random Forest,No SMOTE,0,0,0.0
Random Forest,No SMOTE,0,0,0.0
Random Forest,No SMOTE,0,0,0.0
Random Forest,No SMOTE,0,0,0.0
Random Forest,No SMOTE,0,0,0.0
Random Forest,No SMOTE,0,0,0.0
Random Forest,No SMOTE,0,0,0.0
Random Forest,No SMOTE,0,0,0.008096769891022433
Random Forest,No SMOTE,0,0,0.0
Random Forest,No SMOTE,0,0,0.0
Random Forest,No SMOTE,0,0,0.0
Random Forest,No SMOTE,0,0,0.0
Random Forest,No SMOTE,0,0,0.0
Random Forest,No SMOTE,0,0,0.0
Random Forest,No SMOTE,0,0,0.0
Random Forest,No SMOTE,0,0,0.0
Random Forest,No SMOTE,0,0,0.0
Random Forest,No SMOTE,0,0,0.0
Random Forest,No SMOTE,0,0,0.0
Random Forest,No SMOTE,0,0,0.0
Random Forest,No SMOTE,0,0,0.0
Random Forest,No SMOTE,0,0,0.0
Random Forest,No SMOTE,0,0,0.0
Random Forest,No SMOTE,0,0,0.0
Random Forest,No SMOTE,0,0,0.0
Random Forest,No SMOTE,0,0,0.0
Random Forest,No SMOTE,0,0,0.0
Random Forest,No SMOTE,0,0,0.0
Random Forest,No SMOTE,0,0,0.0
Random Forest,No SMOTE,0,0,0.0
Random Forest,No SMOTE,0,0,0.0
Random Forest,No SMOTE,0,0,0.0
Random Forest,No SMOTE,0,0,0.0
Random Forest,No SMOTE,0,0,0.0
Random Forest,No SMOTE,0,0,0.0
Random Forest,No SMOTE,0,0,0.0
Random Forest,No SMOTE,0,0,0.0
Random Forest,No SMOTE,0,0,0.0
Random Forest,No SMOTE,0,0,0.0
Random Forest,No SMOTE,0,0,0.0
Random Forest,No SMOTE,0,0,0.0
Random Forest,No SMOTE,0,0,0.0
Random Forest,No SMOTE,0,0,0.0
Random Forest,No SMOTE,0,0,0.0
Random Forest,No SMOTE,0,0,0.0
Random Forest,No SMOTE,0,0,0.0
Random Forest,No SMOTE,0,0,0.0
Random Forest,No SMOTE,0,0,0.0
Random Forest,No SMOTE,0,0,0.0
Random Forest,No SMOTE,0,0,0.0
Random Forest,No SMOTE,0,0,0.0
Random Forest,No SMOTE,0,0,0.0
Random Forest,No SMOTE,0,0,0.0
Random Forest,No SMOTE,0,0,0.0
Random Forest,No SMOTE,0,0,0.0
Random Forest,No SMOTE,0,0,0.0
Random Forest,No SMOTE,0,0,0.0
Random Forest,No SMOTE,0,0,0.0
Random Forest,No SMOTE,0,0,0.0
Random Forest,No SMOTE,0,0,0.0
Random Forest,No SMOTE,0,0,0.0
Random Forest,No SMOTE,0,0,0.0
Random Forest,No SMOTE,0,0,0.0
Random Forest,No SMOTE,0,0,0.0
Random Forest,No SMOTE,0,0,0.0
Random Forest,No SMOTE,0,0,0.0
Random Forest,No SMOTE,0,0,0.0
Random Forest,No SMOTE,0,0,0.0
Random Forest,No SMOTE,0,0,0.0
Random Forest,No SMOTE,0,0,0.0
Random Forest,No SMOTE,0,0,0.0
Random Forest,No SMOTE,0,0,0.0
Random Forest,No SMOTE,0,0,0.0
Random Forest,No SMOTE,0,0,0.0
Random Forest,No SMOTE,0,0,0.0
Random Forest,No SMOTE,0,0,0.008096769891022433
Random Forest,No SMOTE,0,0,0.0
Random Forest,No SMOTE,0,0,0.0
Random Forest,No SMOTE,0,0,0.0
Random Forest,No SMOTE,0,0,0.0
Random Forest,No SMOTE,0,0,0.0
Random Forest,No SMOTE,0,0,0.0
Random Forest,No SMOTE,0,0,0.0
Random Forest,No SMOTE,0,0,0.0
Random Forest,No SMOTE,0,0,0.008096769891022433
Random Forest,No SMOTE,0,0,0.0
Random Forest,No SMOTE,0,0,0.0
Random Forest,No SMOTE,0,0,0.0
Random Forest,No SMOTE,0,0,0.0
Random Forest,No SMOTE,0,0,0.0
Random Forest,No SMOTE,0,0,0.0
Random Forest,No SMOTE,0,0,0.0
Random Forest,No SMOTE,0,0,0.008096769891022433
Random Forest,No SMOTE,0,0,0.0
Random Forest,No SMOTE,0,0,0.008096769891022433
Random Forest,No SMOTE,0,0,0.0
Random Forest,No SMOTE,0,0,0.0
Random Forest,No SMOTE,0,0,0.0
Random Forest,No SMOTE,0,0,0.0
Random Forest,No SMOTE,0,0,0.0
Random Forest,No SMOTE,0,0,0.0
Random Forest,No SMOTE,0,0,0.0
Random Forest,No SMOTE,0,0,0.0
Random Forest,No SMOTE,0,0,0.0
Random Forest,No SMOTE,0,0,0.0
Random Forest,No SMOTE,0,0,0.0
Random Forest,No SMOTE,0,0,0.005421603354912019
Random Forest,No SMOTE,0,0,0.0
Random Forest,No SMOTE,0,0,0.0
Random Forest,No SMOTE,0,0,0.0
Random Forest,No SMOTE,0,0,0.0
Random Forest,No SMOTE,0,0,0.0
Random Forest,No SMOTE,0,0,0.0
Random Forest,No SMOTE,0,0,0.0
Random Forest,No SMOTE,0,0,0.0
Random Forest,No SMOTE,0,0,0.0
Random Forest,No SMOTE,0,0,0.0
Random Forest,No SMOTE,0,0,0.0
Random Forest,No SMOTE,0,0,0.0
Random Forest,No SMOTE,0,0,0.0
Random Forest,No SMOTE,0,0,0.0
Random Forest,No SMOTE,0,0,0.0
Random Forest,No SMOTE,0,0,0.0
Random Forest,No SMOTE,0,0,0.0
Random Forest,No SMOTE,0,0,0.0
Random Forest,No SMOTE,0,0,0.01804153777673444
Random Forest,No SMOTE,0,0,0.0
Random Forest,No SMOTE,0,0,0.008096769891022433
Random Forest,No SMOTE,0,0,0.0
Random Forest,No SMOTE,0,0,0.0
Random Forest,No SMOTE,0,0,0.0
Random Forest,No SMOTE,0,0,0.0
Random Forest,No SMOTE,0,0,0.0
Random Forest,No SMOTE,0,0,0.0
Random Forest,No SMOTE,0,0,0.0
Random Forest,No SMOTE,0,0,0.0
Random Forest,No SMOTE,0,0,0.0
Random Forest,No SMOTE,0,0,0.0
Random Forest,No SMOTE,0,0,0.0
Random Forest,No SMOTE,0,0,0.0
Random Forest,No SMOTE,0,0,0.0
Random Forest,No SMOTE,0,0,0.0
Random Forest,No SMOTE,0,0,0.0
Random Forest,No SMOTE,0,0,0.0
Random Forest,No SMOTE,0,0,0.0
Random Forest,No SMOTE,0,0,0.013518373245934452
Random Forest,No SMOTE,0,0,0.0
Random Forest,No SMOTE,0,0,0.0
Random Forest,No SMOTE,0,0,0.0
Random Forest,No SMOTE,0,0,0.0
Random Forest,No SMOTE,0,0,0.0
Random Forest,No SMOTE,0,0,0.0
Random Forest,No SMOTE,0,0,0.0
Random Forest,No SMOTE,0,0,0.0
Random Forest,No SMOTE,0,0,0.0
Random Forest,No SMOTE,0,0,0.0
Random Forest,No SMOTE,0,0,0.0
Random Forest,No SMOTE,0,0,0.0
Random Forest,No SMOTE,0,0,0.0
Random Forest,No SMOTE,0,0,0.0
Random Forest,No SMOTE,0,0,0.0
Random Forest,No SMOTE,0,0,0.0
Random Forest,No SMOTE,0,0,0.0
Random Forest,No SMOTE,0,0,0.0
Random Forest,No SMOTE,0,0,0.0
Random Forest,No SMOTE,0,0,0.0
Random Forest,No SMOTE,0,0,0.0
Random Forest,No SMOTE,0,0,0.0
Random Forest,No SMOTE,0,0,0.015376250750875141
Random Forest,No SMOTE,0,0,0.0
Random Forest,No SMOTE,0,0,0.0
Random Forest,No SMOTE,0,0,0.0
Random Forest,No SMOTE,0,0,0.0
Random Forest,No SMOTE,0,0,0.0
Random Forest,No SMOTE,0,0,0.0
Random Forest,No SMOTE,0,0,0.0
Random Forest,No SMOTE,0,0,0.0
Random Forest,No SMOTE,0,0,0.0
Random Forest,No SMOTE,0,0,0.008096769891022433
Random Forest,No SMOTE,0,0,0.0
Random Forest,No SMOTE,0,0,0.013518373245934452
Random Forest,No SMOTE,0,0,0.0
Random Forest,No SMOTE,0,0,0.0
Random Forest,No SMOTE,0,0,0.0
Random Forest,No SMOTE,0,0,0.0
Random Forest,No SMOTE,0,0,0.0
Random Forest,No SMOTE,0,0,0.0
Random Forest,No SMOTE,0,0,0.0
Random Forest,No SMOTE,0,0,0.005421603354912019
Random Forest,No SMOTE,0,0,0.0
Random Forest,No SMOTE,0,0,0.013518373245934452
Random Forest,No SMOTE,0,0,0.0
Random Forest,No SMOTE,0,0,0.0
Random Forest,No SMOTE,0,0,0.0
Random Forest,No SMOTE,0,0,0.0
Random Forest,No SMOTE,0,0,0.0
Random Forest,No SMOTE,0,0,0.0
Random Forest,No SMOTE,0,0,0.005421603354912019
Random Forest,No SMOTE,0,0,0.0
Random Forest,No SMOTE,0,0,0.0
Random Forest,No SMOTE,0,0,0.0
Random Forest,No SMOTE,0,0,0.0
Random Forest,No SMOTE,0,0,0.0
Random Forest,No SMOTE,0,0,0.0
Random Forest,No SMOTE,0,0,0.0
Random Forest,No SMOTE,0,0,0.0
Random Forest,No SMOTE,0,0,0.0
Random Forest,No SMOTE,0,0,0.0
Random Forest,No SMOTE,0,0,0.0
Random Forest,No SMOTE,0,0,0.0
Random Forest,No SMOTE,0,0,0.0
Random Forest,No SMOTE,0,0,0.0
Random Forest,No SMOTE,0,0,0.0
Random Forest,No SMOTE,0,0,0.0
Random Forest,No SMOTE,0,0,0.0
Random Forest,No SMOTE,0,0,0.0
Random Forest,No SMOTE,0,0,0.0
Random Forest,No SMOTE,0,0,0.0
Random Forest,No SMOTE,0,0,0.0
Random Forest,No SMOTE,0,0,0.0
Random Forest,No SMOTE,0,0,0.0
Random Forest,No SMOTE,0,0,0.0
Random Forest,No SMOTE,0,0,0.0
Random Forest,No SMOTE,0,0,0.0
Random Forest,No SMOTE,0,0,0.0
Random Forest,No SMOTE,0,0,0.0
Random Forest,No SMOTE,0,0,0.0
Random Forest,No SMOTE,0,0,0.0
Random Forest,No SMOTE,0,0,0.0
Random Forest,No SMOTE,0,0,0.0
Random Forest,No SMOTE,0,0,0.0
Random Forest,No SMOTE,0,0,0.0
Random Forest,No SMOTE,0,0,0.009943051711435455
Random Forest,No SMOTE,0,0,0.0
Random Forest,No SMOTE,0,0,0.0
Random Forest,No SMOTE,0,0,0.0
Random Forest,No SMOTE,0,0,0.0
Random Forest,No SMOTE,0,0,0.0
Random Forest,No SMOTE,0,0,0.0
Random Forest,No SMOTE,0,0,0.0
Random Forest,No SMOTE,0,0,0.013518373245934452
Random Forest,No SMOTE,0,0,0.0
Random Forest,No SMOTE,0,0,0.0
Random Forest,No SMOTE,0,0,0.0
Random Forest,No SMOTE,0,0,0.0
Random Forest,No SMOTE,0,0,0.0
Random Forest,No SMOTE,0,0,0.008096769891022433
Random Forest,No SMOTE,0,0,0.0
Random Forest,No SMOTE,0,0,0.0
Random Forest,No SMOTE,0,0,0.0
Random Forest,No SMOTE,0,0,0.0
Random Forest,No SMOTE,0,0,0.0
Random Forest,No SMOTE,0,0,0.005421603354912019
Random Forest,No SMOTE,0,0,0.0
Random Forest,No SMOTE,0,0,0.0
Random Forest,No SMOTE,0,0,0.0
Random Forest,No SMOTE,0,0,0.0
Random Forest,No SMOTE,0,0,0.0
Random Forest,No SMOTE,0,0,0.0
Random Forest,No SMOTE,0,0,0.0
Random Forest,No SMOTE,0,0,0.0
Random Forest,No SMOTE,0,0,0.0
Random Forest,No SMOTE,0,0,0.0
Random Forest,No SMOTE,0,0,0.0
Random Forest,No SMOTE,0,0,0.0
Random Forest,No SMOTE,0,0,0.0
Random Forest,No SMOTE,0,0,0.0
Random Forest,No SMOTE,0,0,0.019464666643043006
Random Forest,No SMOTE,0,0,0.0
Random Forest,No SMOTE,0,0,0.0
Random Forest,No SMOTE,0,0,0.0
Random Forest,No SMOTE,0,0,0.0
Random Forest,No SMOTE,0,0,0.0
Random Forest,No SMOTE,0,0,0.0
Random Forest,No SMOTE,0,0,0.0
Random Forest,No SMOTE,0,0,0.0
Random Forest,No SMOTE,0,0,0.0
Random Forest,No SMOTE,0,0,0.0
Random Forest,No SMOTE,0,0,0.0
Random Forest,No SMOTE,0,0,0.0
Random Forest,No SMOTE,0,0,0.0
Random Forest,No SMOTE,0,0,0.0
Random Forest,No SMOTE,0,0,0.0
Random Forest,No SMOTE,0,0,0.0
Random Forest,No SMOTE,0,0,0.0
Random Forest,No SMOTE,0,0,0.0
Random Forest,No SMOTE,0,0,0.009903316971590068
Random Forest,No SMOTE,0,0,0.0
Random Forest,No SMOTE,0,0,0.0
Random Forest,No SMOTE,0,0,0.0
Random Forest,No SMOTE,0,0,0.0
Random Forest,No SMOTE,0,0,0.0
Random Forest,No SMOTE,0,0,0.0
Random Forest,No SMOTE,0,0,0.0
Random Forest,No SMOTE,0,0,0.0
Random Forest,No SMOTE,0,0,0.008096769891022433
Random Forest,No SMOTE,0,0,0.008096769891022433
Random Forest,No SMOTE,0,0,0.0
Random Forest,No SMOTE,0,0,0.0
Random Forest,No SMOTE,0,0,0.0
Random Forest,No SMOTE,0,0,0.0
Random Forest,No SMOTE,0,0,0.0
Random Forest,No SMOTE,0,0,0.0
Random Forest,No SMOTE,0,0,0.0
Random Forest,No SMOTE,0,0,0.0
Random Forest,No SMOTE,0,0,0.0
Random Forest,No SMOTE,0,0,0.0
Random Forest,No SMOTE,0,0,0.0
Random Forest,No SMOTE,0,0,0.019881530360623234
Random Forest,No SMOTE,0,0,0.0
Random Forest,No SMOTE,0,0,0.0
Random Forest,No SMOTE,0,0,0.008096769891022433
Random Forest,No SMOTE,0,0,0.0
Random Forest,No SMOTE,0,0,0.0
Random Forest,No SMOTE,0,0,0.0
Random Forest,No SMOTE,0,0,0.0
Random Forest,No SMOTE,0,0,0.0
Random Forest,No SMOTE,0,0,0.0
Random Forest,No SMOTE,0,0,0.0
Random Forest,No SMOTE,0,0,0.0
Random Forest,No SMOTE,0,0,0.0
Random Forest,No SMOTE,0,0,0.008096769891022433
Random Forest,No SMOTE,0,0,0.0
Random Forest,No SMOTE,0,0,0.008096769891022433
Random Forest,No SMOTE,0,0,0.0
Random Forest,No SMOTE,0,0,0.0
Random Forest,No SMOTE,0,0,0.0
Random Forest,No SMOTE,0,0,0.009896937865424636
Random Forest,No SMOTE,0,0,0.0
Random Forest,No SMOTE,0,0,0.0
Random Forest,No SMOTE,0,0,0.0
Random Forest,No SMOTE,0,0,0.0
Random Forest,No SMOTE,0,0,0.0
Random Forest,No SMOTE,0,0,0.0
Random Forest,No SMOTE,0,0,0.0
Random Forest,No SMOTE,0,0,0.0
Random Forest,No SMOTE,0,0,0.0
Random Forest,No SMOTE,0,0,0.0
Random Forest,No SMOTE,0,0,0.0
Random Forest,No SMOTE,0,0,0.0
Random Forest,No SMOTE,0,0,0.008096769891022433
Random Forest,No SMOTE,0,0,0.0
Random Forest,No SMOTE,0,0,0.0
Random Forest,No SMOTE,0,0,0.0
Random Forest,No SMOTE,0,0,0.0
Random Forest,No SMOTE,0,0,0.0
Random Forest,No SMOTE,0,0,0.0
Random Forest,No SMOTE,0,0,0.0
Random Forest,No SMOTE,0,0,0.0
Random Forest,No SMOTE,0,0,0.0
Random Forest,No SMOTE,0,0,0.0
Random Forest,No SMOTE,0,0,0.0
Random Forest,No SMOTE,0,0,0.0
Random Forest,No SMOTE,0,0,0.0
Random Forest,No SMOTE,0,0,0.0
Random Forest,No SMOTE,0,0,0.0
Random Forest,No SMOTE,0,0,0.005421603354912019
Random Forest,No SMOTE,0,0,0.0
Random Forest,No SMOTE,0,0,0.0
Random Forest,No SMOTE,0,0,0.0
Random Forest,No SMOTE,0,0,0.0
Random Forest,No SMOTE,0,0,0.0
Random Forest,No SMOTE,0,0,0.0
Random Forest,No SMOTE,0,0,0.005421603354912019
Random Forest,No SMOTE,0,0,0.0
Random Forest,No SMOTE,0,0,0.0
Random Forest,No SMOTE,0,0,0.0
Random Forest,No SMOTE,0,0,0.0
Random Forest,No SMOTE,0,0,0.0
Random Forest,No SMOTE,0,0,0.0
Random Forest,No SMOTE,0,0,0.0
Random Forest,No SMOTE,0,0,0.008096769891022433
Random Forest,No SMOTE,0,0,0.0
Random Forest,No SMOTE,0,0,0.0
Random Forest,No SMOTE,0,0,0.0
Random Forest,No SMOTE,0,0,0.0
Random Forest,No SMOTE,0,0,0.0
Random Forest,No SMOTE,0,0,0.0
Random Forest,No SMOTE,0,0,0.0
Random Forest,No SMOTE,0,0,0.0
Random Forest,No SMOTE,0,0,0.0
Random Forest,No SMOTE,0,0,0.0
Random Forest,No SMOTE,0,0,0.009612127045235808
Random Forest,No SMOTE,0,0,0.0
Random Forest,No SMOTE,0,0,0.0
Random Forest,No SMOTE,0,0,0.0
Random Forest,No SMOTE,0,0,0.0
Random Forest,No SMOTE,0,0,0.0
Random Forest,No SMOTE,0,0,0.0
Random Forest,No SMOTE,0,0,0.0
Random Forest,No SMOTE,0,0,0.0
Random Forest,No SMOTE,0,0,0.0
Random Forest,No SMOTE,0,0,0.0
Random Forest,No SMOTE,0,0,0.0
Random Forest,No SMOTE,0,0,0.0
Random Forest,No SMOTE,0,0,0.0
Random Forest,No SMOTE,0,0,0.0
Random Forest,No SMOTE,0,0,0.0
Random Forest,No SMOTE,0,0,0.0
Random Forest,No SMOTE,0,0,0.0
Random Forest,No SMOTE,0,0,0.0
Random Forest,No SMOTE,0,0,0.0
Random Forest,No SMOTE,0,0,0.0
Random Forest,No SMOTE,0,0,0.0
Random Forest,No SMOTE,0,0,0.0
Random Forest,No SMOTE,0,0,0.0
Random Forest,No SMOTE,0,0,0.0
Random Forest,No SMOTE,0,0,0.0
Random Forest,No SMOTE,0,0,0.0
Random Forest,No SMOTE,0,0,0.0
Random Forest,No SMOTE,0,0,0.0
Random Forest,No SMOTE,0,0,0.0
Random Forest,No SMOTE,0,0,0.0
Random Forest,No SMOTE,0,0,0.0
Random Forest,No SMOTE,0,0,0.005421603354912019
Random Forest,No SMOTE,0,0,0.0
Random Forest,No SMOTE,0,0,0.0
Random Forest,No SMOTE,0,0,0.0
Random Forest,No SMOTE,0,0,0.0
Random Forest,No SMOTE,0,0,0.008096769891022433
Random Forest,No SMOTE,0,0,0.0
Random Forest,No SMOTE,0,0,0.0
Random Forest,No SMOTE,0,0,0.0
Random Forest,No SMOTE,0,0,0.0
Random Forest,No SMOTE,0,0,0.0
Random Forest,No SMOTE,0,0,0.0
Random Forest,No SMOTE,0,0,0.0
Random Forest,No SMOTE,0,0,0.0
Random Forest,No SMOTE,0,0,0.0
Random Forest,No SMOTE,0,0,0.0
Random Forest,No SMOTE,0,0,0.0
Random Forest,No SMOTE,0,0,0.0
Random Forest,No SMOTE,0,0,0.0
Random Forest,No SMOTE,0,0,0.0
Random Forest,No SMOTE,0,0,0.0
Random Forest,No SMOTE,0,0,0.0
Random Forest,No SMOTE,0,0,0.005421603354912019
Random Forest,No SMOTE,0,0,0.0
Random Forest,No SMOTE,0,0,0.0
Random Forest,No SMOTE,0,0,0.0
Random Forest,No SMOTE,0,0,0.008096769891022433
Random Forest,No SMOTE,0,0,0.0
Random Forest,No SMOTE,0,0,0.0
Random Forest,No SMOTE,0,0,0.0
Random Forest,No SMOTE,0,0,0.0
Random Forest,No SMOTE,0,0,0.005421603354912019
Random Forest,No SMOTE,0,0,0.008096769891022433
Random Forest,No SMOTE,0,0,0.0
Random Forest,No SMOTE,0,0,0.0
Random Forest,No SMOTE,0,0,0.0
Random Forest,No SMOTE,0,0,0.0
Random Forest,No SMOTE,0,0,0.0
Random Forest,No SMOTE,0,0,0.0
Random Forest,No SMOTE,0,0,0.0
Random Forest,No SMOTE,0,0,0.0
Random Forest,No SMOTE,0,0,0.0
Random Forest,No SMOTE,0,0,0.0
Random Forest,No SMOTE,0,0,0.0
Random Forest,No SMOTE,0,0,0.0
Random Forest,No SMOTE,0,0,0.0
Random Forest,No SMOTE,0,0,0.0
Random Forest,No SMOTE,0,0,0.0
Random Forest,No SMOTE,0,0,0.0
Random Forest,No SMOTE,0,0,0.0
Random Forest,No SMOTE,0,0,0.008096769891022433
Random Forest,No SMOTE,0,0,0.0
Random Forest,No SMOTE,0,0,0.0
Random Forest,No SMOTE,0,0,0.0
Random Forest,No SMOTE,0,0,0.0
Random Forest,No SMOTE,0,0,0.0
Random Forest,No SMOTE,0,0,0.0
Random Forest,No SMOTE,0,0,0.0
Random Forest,No SMOTE,0,0,0.0
Random Forest,No SMOTE,0,0,0.0
Random Forest,No SMOTE,0,0,0.0
Random Forest,No SMOTE,0,0,0.0
Random Forest,No SMOTE,0,0,0.009984404054945715
Random Forest,No SMOTE,0,0,0.0
Random Forest,No SMOTE,0,0,0.0
Random Forest,No SMOTE,0,0,0.0
Random Forest,No SMOTE,0,0,0.0
Random Forest,No SMOTE,0,0,0.0
Random Forest,No SMOTE,0,0,0.0
Random Forest,No SMOTE,0,0,0.008096769891022433
Random Forest,No SMOTE,0,0,0.0
Random Forest,No SMOTE,0,0,0.0
Random Forest,No SMOTE,0,0,0.0
Random Forest,No SMOTE,0,0,0.0
Random Forest,No SMOTE,0,0,0.0
Random Forest,No SMOTE,0,0,0.0
Random Forest,No SMOTE,0,0,0.005421603354912019
Random Forest,No SMOTE,0,0,0.0
Random Forest,No SMOTE,0,0,0.0
Random Forest,No SMOTE,0,0,0.0
Random Forest,No SMOTE,0,0,0.0
Random Forest,No SMOTE,0,0,0.0
Random Forest,No SMOTE,0,0,0.0
Random Forest,No SMOTE,0,0,0.0
Random Forest,No SMOTE,0,0,0.0
Random Forest,No SMOTE,0,0,0.0
Random Forest,No SMOTE,0,0,0.0
Random Forest,No SMOTE,0,0,0.0
Random Forest,No SMOTE,0,0,0.0
Random Forest,No SMOTE,0,0,0.0
Random Forest,No SMOTE,0,0,0.013518373245934452
Random Forest,No SMOTE,0,0,0.0
Random Forest,No SMOTE,0,0,0.0
Random Forest,No SMOTE,0,0,0.0
Random Forest,No SMOTE,0,0,0.008096769891022433
Random Forest,No SMOTE,0,0,0.0
Random Forest,No SMOTE,0,0,0.0
Random Forest,No SMOTE,0,0,0.0
Random Forest,No SMOTE,0,0,0.0
Random Forest,No SMOTE,0,0,0.0
Random Forest,No SMOTE,0,0,0.0
Random Forest,No SMOTE,0,0,0.008096769891022433
Random Forest,No SMOTE,0,0,0.0
Random Forest,No SMOTE,0,0,0.0
Random Forest,No SMOTE,0,0,0.008096769891022433
Random Forest,No SMOTE,0,0,0.0
Random Forest,No SMOTE,0,0,0.0
Random Forest,No SMOTE,0,0,0.0
Random Forest,No SMOTE,0,0,0.0
Random Forest,No SMOTE,0,0,0.0
Random Forest,No SMOTE,0,0,0.0
Random Forest,No SMOTE,0,0,0.0
Random Forest,No SMOTE,0,0,0.0
Random Forest,No SMOTE,0,0,0.0
Random Forest,No SMOTE,0,0,0.0
Random Forest,No SMOTE,0,0,0.005421603354912019
Random Forest,No SMOTE,0,0,0.0
Random Forest,No SMOTE,0,0,0.0
Random Forest,No SMOTE,0,0,0.0
Random Forest,No SMOTE,0,0,0.0
Random Forest,No SMOTE,0,0,0.0
Random Forest,No SMOTE,0,0,0.0
Random Forest,No SMOTE,0,0,0.0
Random Forest,No SMOTE,0,0,0.008096769891022433
Random Forest,No SMOTE,0,0,0.0
Random Forest,No SMOTE,0,0,0.0
Random Forest,No SMOTE,0,0,0.0
Random Forest,No SMOTE,0,0,0.0
Random Forest,No SMOTE,0,0,0.0
Random Forest,No SMOTE,0,0,0.005421603354912019
Random Forest,No SMOTE,0,0,0.0
Random Forest,No SMOTE,0,0,0.0
Random Forest,No SMOTE,0,0,0.008096769891022433
Random Forest,No SMOTE,0,0,0.0
Random Forest,No SMOTE,0,0,0.0
Random Forest,No SMOTE,0,0,0.0
Random Forest,No SMOTE,0,0,0.008096769891022433
Random Forest,No SMOTE,0,0,0.0
Random Forest,No SMOTE,1,1,0.9398464443308662
Random Forest,No SMOTE,0,0,0.0
Random Forest,No SMOTE,0,0,0.0
Random Forest,No SMOTE,0,0,0.0
Random Forest,No SMOTE,0,0,0.0
Random Forest,No SMOTE,0,0,0.008096769891022433
Random Forest,No SMOTE,0,0,0.0
Random Forest,No SMOTE,0,0,0.0
Random Forest,No SMOTE,0,0,0.0
Random Forest,No SMOTE,0,0,0.0
Random Forest,No SMOTE,0,0,0.0
Random Forest,No SMOTE,0,0,0.0
Random Forest,No SMOTE,0,0,0.0
Random Forest,No SMOTE,0,0,0.01804153777673444
Random Forest,No SMOTE,0,0,0.013518373245934452
Random Forest,No SMOTE,0,0,0.0
Random Forest,No SMOTE,0,0,0.0
Random Forest,No SMOTE,0,0,0.0
Random Forest,No SMOTE,0,0,0.0
Random Forest,No SMOTE,0,0,0.0
Random Forest,No SMOTE,0,0,0.0
Random Forest,No SMOTE,0,0,0.0
Random Forest,No SMOTE,0,0,0.0
Random Forest,No SMOTE,0,0,0.0
Random Forest,No SMOTE,0,0,0.0
Random Forest,No SMOTE,0,0,0.0
Random Forest,No SMOTE,0,0,0.0
Random Forest,No SMOTE,0,0,0.0
Random Forest,No SMOTE,0,0,0.0
Random Forest,No SMOTE,0,0,0.0
Random Forest,No SMOTE,0,0,0.0
Random Forest,No SMOTE,0,0,0.0
Random Forest,No SMOTE,0,0,0.0
Random Forest,No SMOTE,0,0,0.0
Random Forest,No SMOTE,0,0,0.0
Random Forest,No SMOTE,0,0,0.0
Random Forest,No SMOTE,0,0,0.013518373245934452
Random Forest,No SMOTE,0,0,0.0
Random Forest,No SMOTE,0,0,0.0
Random Forest,No SMOTE,0,0,0.005421603354912019
Random Forest,No SMOTE,0,0,0.0
Random Forest,No SMOTE,0,0,0.0
Random Forest,No SMOTE,0,0,0.0
Random Forest,No SMOTE,0,0,0.0
Random Forest,No SMOTE,0,0,0.0
Random Forest,No SMOTE,0,0,0.0
Random Forest,No SMOTE,0,0,0.0
Random Forest,No SMOTE,0,0,0.0
Random Forest,No SMOTE,0,0,0.0
Random Forest,No SMOTE,0,0,0.0
Random Forest,No SMOTE,0,0,0.0
Random Forest,No SMOTE,0,0,0.0
Random Forest,No SMOTE,0,0,0.0
Random Forest,No SMOTE,0,0,0.0
Random Forest,No SMOTE,0,0,0.008096769891022433
Random Forest,No SMOTE,0,0,0.013518373245934452
Random Forest,No SMOTE,0,0,0.0
Random Forest,No SMOTE,0,0,0.0
Random Forest,No SMOTE,0,0,0.0
Random Forest,No SMOTE,0,0,0.0
Random Forest,No SMOTE,0,0,0.0
Random Forest,No SMOTE,0,0,0.0
Random Forest,No SMOTE,0,0,0.0
Random Forest,No SMOTE,0,0,0.0
Random Forest,No SMOTE,0,0,0.0
Random Forest,No SMOTE,0,0,0.0
Random Forest,No SMOTE,0,0,0.0
Random Forest,No SMOTE,0,0,0.0
Random Forest,No SMOTE,0,0,0.0
Random Forest,No SMOTE,0,0,0.0
Random Forest,No SMOTE,0,0,0.0
Random Forest,No SMOTE,0,0,0.0
Random Forest,No SMOTE,0,0,0.0
Random Forest,No SMOTE,0,0,0.0
Random Forest,No SMOTE,0,0,0.0
Random Forest,No SMOTE,0,0,0.0
Random Forest,No SMOTE,0,0,0.0
Random Forest,No SMOTE,0,0,0.0
Random Forest,No SMOTE,0,0,0.0
Random Forest,No SMOTE,0,0,0.0
Random Forest,No SMOTE,0,0,0.0
Random Forest,No SMOTE,0,0,0.0
Random Forest,No SMOTE,0,0,0.013518373245934452
Random Forest,No SMOTE,0,0,0.0
Random Forest,No SMOTE,0,0,0.0
Random Forest,No SMOTE,0,0,0.0
Random Forest,No SMOTE,0,0,0.0
Random Forest,No SMOTE,0,0,0.0
Random Forest,No SMOTE,0,0,0.0
Random Forest,No SMOTE,0,0,0.0
Random Forest,No SMOTE,0,0,0.0
Random Forest,No SMOTE,0,0,0.0
Random Forest,No SMOTE,0,0,0.008096769891022433
Random Forest,No SMOTE,0,0,0.0
Random Forest,No SMOTE,0,0,0.0
Random Forest,No SMOTE,0,0,0.0
Random Forest,No SMOTE,0,0,0.0
Random Forest,No SMOTE,0,0,0.0
Random Forest,No SMOTE,0,0,0.008096769891022433
Random Forest,No SMOTE,0,0,0.0
Random Forest,No SMOTE,0,0,0.0
Random Forest,No SMOTE,0,0,0.0
Random Forest,No SMOTE,0,0,0.0
Random Forest,No SMOTE,0,0,0.027550092914006116
Random Forest,No SMOTE,0,0,0.0
Random Forest,No SMOTE,0,0,0.0
Random Forest,No SMOTE,0,0,0.17
Random Forest,No SMOTE,0,0,0.0
Random Forest,No SMOTE,0,0,0.0
Random Forest,No SMOTE,0,0,0.0
Random Forest,No SMOTE,0,0,0.0
Random Forest,No SMOTE,0,0,0.0
Random Forest,No SMOTE,0,0,0.008096769891022433
Random Forest,No SMOTE,0,0,0.0
Random Forest,No SMOTE,0,0,0.0
Random Forest,No SMOTE,0,0,0.0
Random Forest,No SMOTE,0,0,0.0
Random Forest,No SMOTE,0,0,0.0
Random Forest,No SMOTE,0,0,0.0
Random Forest,No SMOTE,0,0,0.0
Random Forest,No SMOTE,0,0,0.0
Random Forest,No SMOTE,0,0,0.013518373245934452
Random Forest,No SMOTE,0,0,0.0
Random Forest,No SMOTE,0,0,0.0
Random Forest,No SMOTE,0,0,0.0
Random Forest,No SMOTE,0,0,0.0
Random Forest,No SMOTE,0,0,0.005421603354912019
Random Forest,No SMOTE,0,0,0.0
Random Forest,No SMOTE,0,0,0.0
Random Forest,No SMOTE,0,0,0.0
Random Forest,No SMOTE,0,0,0.0
Random Forest,No SMOTE,0,0,0.0
Random Forest,No SMOTE,0,0,0.0
Random Forest,No SMOTE,0,0,0.0
Random Forest,No SMOTE,0,0,0.0
Random Forest,No SMOTE,0,0,0.0
Random Forest,No SMOTE,0,0,0.0
Random Forest,No SMOTE,0,0,0.0
Random Forest,No SMOTE,0,0,0.0
Random Forest,No SMOTE,0,0,0.0
Random Forest,No SMOTE,0,0,0.0
Random Forest,No SMOTE,0,0,0.0
Random Forest,No SMOTE,0,0,0.01
Random Forest,No SMOTE,0,0,0.0
Random Forest,No SMOTE,0,0,0.0
Random Forest,No SMOTE,0,0,0.0
Random Forest,No SMOTE,0,0,0.0
Random Forest,No SMOTE,0,0,0.0
Random Forest,No SMOTE,0,0,0.0
Random Forest,No SMOTE,0,0,0.0
Random Forest,No SMOTE,0,0,0.0
Random Forest,No SMOTE,0,0,0.0
Random Forest,No SMOTE,0,0,0.0
Random Forest,No SMOTE,0,0,0.0
Random Forest,No SMOTE,0,0,0.0
Random Forest,No SMOTE,0,0,0.0
Random Forest,No SMOTE,0,0,0.0
Random Forest,No SMOTE,0,0,0.0
Random Forest,No SMOTE,0,0,0.0
Random Forest,No SMOTE,0,0,0.0
Random Forest,No SMOTE,0,0,0.008096769891022433
Random Forest,No SMOTE,0,0,0.0
Random Forest,No SMOTE,0,0,0.0
Random Forest,No SMOTE,0,0,0.0
Random Forest,No SMOTE,0,0,0.0
Random Forest,No SMOTE,0,0,0.0
Random Forest,No SMOTE,0,0,0.0
Random Forest,No SMOTE,0,0,0.0
Random Forest,No SMOTE,0,0,0.0
Random Forest,No SMOTE,0,0,0.0
Random Forest,No SMOTE,0,0,0.0
Random Forest,No SMOTE,0,0,0.0
Random Forest,No SMOTE,0,0,0.0
Random Forest,No SMOTE,0,0,0.0
Random Forest,No SMOTE,0,0,0.0
Random Forest,No SMOTE,0,0,0.0
Random Forest,No SMOTE,0,0,0.008096769891022433
Random Forest,No SMOTE,0,0,0.0
Random Forest,No SMOTE,0,0,0.0
Random Forest,No SMOTE,0,0,0.0
Random Forest,No SMOTE,0,0,0.0
Random Forest,No SMOTE,0,0,0.013518373245934452
Random Forest,No SMOTE,0,0,0.0
Random Forest,No SMOTE,0,0,0.0
Random Forest,No SMOTE,0,0,0.0
Random Forest,No SMOTE,0,0,0.0
Random Forest,No SMOTE,0,0,0.0
Random Forest,No SMOTE,0,0,0.0
Random Forest,No SMOTE,0,0,0.0
Random Forest,No SMOTE,0,0,0.0
Random Forest,No SMOTE,0,0,0.0
Random Forest,No SMOTE,0,0,0.0
Random Forest,No SMOTE,0,0,0.0
Random Forest,No SMOTE,0,0,0.0
Random Forest,No SMOTE,0,0,0.0
Random Forest,No SMOTE,0,0,0.0
Random Forest,No SMOTE,0,0,0.0
Random Forest,No SMOTE,0,0,0.0
Random Forest,No SMOTE,0,0,0.0
Random Forest,No SMOTE,0,0,0.005421603354912019
Random Forest,No SMOTE,0,0,0.0
Random Forest,No SMOTE,0,0,0.0
Random Forest,No SMOTE,0,0,0.0
Random Forest,No SMOTE,0,0,0.0
Random Forest,No SMOTE,0,0,0.0
Random Forest,No SMOTE,0,0,0.0
Random Forest,No SMOTE,0,0,0.0
Random Forest,No SMOTE,0,0,0.0
Random Forest,No SMOTE,0,0,0.0
Random Forest,No SMOTE,0,0,0.0
Random Forest,No SMOTE,0,0,0.0
Random Forest,No SMOTE,0,0,0.005421603354912019
Random Forest,No SMOTE,0,0,0.0
Random Forest,No SMOTE,0,0,0.0
Random Forest,No SMOTE,0,0,0.0
Random Forest,No SMOTE,0,0,0.013518373245934452
Random Forest,No SMOTE,0,0,0.0
Random Forest,No SMOTE,0,0,0.0
Random Forest,No SMOTE,0,0,0.0
Random Forest,No SMOTE,0,0,0.0
Random Forest,No SMOTE,0,0,0.0
Random Forest,No SMOTE,0,0,0.0
Random Forest,No SMOTE,0,0,0.0
Random Forest,No SMOTE,0,0,0.0
Random Forest,No SMOTE,0,0,0.0
Random Forest,No SMOTE,0,0,0.0
Random Forest,No SMOTE,0,0,0.0
Random Forest,No SMOTE,0,0,0.0
Random Forest,No SMOTE,0,0,0.0
Random Forest,No SMOTE,0,0,0.0
Random Forest,No SMOTE,0,0,0.0
Random Forest,No SMOTE,0,0,0.0
Random Forest,No SMOTE,0,0,0.0
Random Forest,No SMOTE,0,0,0.0
Random Forest,No SMOTE,0,0,0.0
Random Forest,No SMOTE,0,0,0.0
Random Forest,No SMOTE,0,0,0.0
Random Forest,No SMOTE,0,0,0.0
Random Forest,No SMOTE,0,0,0.0
Random Forest,No SMOTE,0,0,0.0
Random Forest,No SMOTE,0,0,0.0
Random Forest,No SMOTE,0,0,0.0
Random Forest,No SMOTE,0,0,0.0
Random Forest,No SMOTE,0,0,0.0
Random Forest,No SMOTE,0,0,0.0
Random Forest,No SMOTE,0,0,0.0
Random Forest,No SMOTE,0,0,0.0
Random Forest,No SMOTE,0,0,0.0
Random Forest,No SMOTE,0,0,0.0
Random Forest,No SMOTE,0,0,0.0
Random Forest,No SMOTE,0,0,0.0
Random Forest,No SMOTE,0,0,0.0
Random Forest,No SMOTE,0,0,0.005421603354912019
Random Forest,No SMOTE,0,0,0.0
Random Forest,No SMOTE,0,0,0.0
Random Forest,No SMOTE,0,0,0.0
Random Forest,No SMOTE,0,0,0.0
Random Forest,No SMOTE,0,0,0.0
Random Forest,No SMOTE,0,0,0.008096769891022433
Random Forest,No SMOTE,0,0,0.0
Random Forest,No SMOTE,0,0,0.0
Random Forest,No SMOTE,0,0,0.013518373245934452
Random Forest,No SMOTE,0,0,0.0
Random Forest,No SMOTE,0,0,0.0
Random Forest,No SMOTE,0,0,0.0
Random Forest,No SMOTE,0,0,0.0
Random Forest,No SMOTE,0,0,0.0
Random Forest,No SMOTE,0,0,0.0
Random Forest,No SMOTE,0,0,0.008096769891022433
Random Forest,No SMOTE,0,0,0.008096769891022433
Random Forest,No SMOTE,0,0,0.0
Random Forest,No SMOTE,0,0,0.0
Random Forest,No SMOTE,0,0,0.0
Random Forest,No SMOTE,0,0,0.0
Random Forest,No SMOTE,0,0,0.008096769891022433
Random Forest,No SMOTE,0,0,0.009896937865424636
Random Forest,No SMOTE,0,0,0.0
Random Forest,No SMOTE,0,0,0.0
Random Forest,No SMOTE,0,0,0.0
Random Forest,No SMOTE,0,0,0.01
Random Forest,No SMOTE,0,0,0.0
Random Forest,No SMOTE,0,0,0.0
Random Forest,No SMOTE,0,0,0.0
Random Forest,No SMOTE,0,0,0.0
Random Forest,No SMOTE,0,0,0.0
Random Forest,No SMOTE,0,0,0.0
Random Forest,No SMOTE,0,0,0.0
Random Forest,No SMOTE,0,0,0.0
Random Forest,No SMOTE,0,0,0.0
Random Forest,No SMOTE,0,0,0.0
Random Forest,No SMOTE,0,0,0.0
Random Forest,No SMOTE,0,0,0.0
Random Forest,No SMOTE,0,0,0.0
Random Forest,No SMOTE,0,0,0.0
Random Forest,No SMOTE,0,0,0.0
Random Forest,No SMOTE,0,0,0.0
Random Forest,No SMOTE,0,0,0.0
Random Forest,No SMOTE,0,0,0.0
Random Forest,No SMOTE,0,0,0.0
Random Forest,No SMOTE,0,0,0.0
Random Forest,No SMOTE,0,0,0.0
Random Forest,No SMOTE,0,0,0.0
Random Forest,No SMOTE,0,0,0.0
Random Forest,No SMOTE,0,0,0.0
Random Forest,No SMOTE,0,0,0.008096769891022433
Random Forest,No SMOTE,0,0,0.0
Random Forest,No SMOTE,0,0,0.0
Random Forest,No SMOTE,0,0,0.0
Random Forest,No SMOTE,0,0,0.0
Random Forest,No SMOTE,0,0,0.0
Random Forest,No SMOTE,0,0,0.0
Random Forest,No SMOTE,0,0,0.0
Random Forest,No SMOTE,0,0,0.0
Random Forest,No SMOTE,0,0,0.0
Random Forest,No SMOTE,0,0,0.0
Random Forest,No SMOTE,0,0,0.0
Random Forest,No SMOTE,0,0,0.0
Random Forest,No SMOTE,0,0,0.0
Random Forest,No SMOTE,0,0,0.0
Random Forest,No SMOTE,0,0,0.0
Random Forest,No SMOTE,0,0,0.0
Random Forest,No SMOTE,0,0,0.0
Random Forest,No SMOTE,0,0,0.0
Random Forest,No SMOTE,0,0,0.0
Random Forest,No SMOTE,0,0,0.0
Random Forest,No SMOTE,0,0,0.005421603354912019
Random Forest,No SMOTE,0,0,0.008096769891022433
Random Forest,No SMOTE,0,0,0.0
Random Forest,No SMOTE,0,0,0.0
Random Forest,No SMOTE,0,0,0.0
Random Forest,No SMOTE,0,0,0.0
Random Forest,No SMOTE,0,0,0.0
Random Forest,No SMOTE,0,0,0.013518373245934452
Random Forest,No SMOTE,0,0,0.0
Random Forest,No SMOTE,0,0,0.0
Random Forest,No SMOTE,0,0,0.0
Random Forest,No SMOTE,0,0,0.0
Random Forest,No SMOTE,0,0,0.0
Random Forest,No SMOTE,0,0,0.0
Random Forest,No SMOTE,0,0,0.0
Random Forest,No SMOTE,0,0,0.0
Random Forest,No SMOTE,0,0,0.008096769891022433
Random Forest,No SMOTE,0,0,0.0
Random Forest,No SMOTE,0,0,0.0
Random Forest,No SMOTE,0,0,0.0
Random Forest,No SMOTE,0,0,0.017880273025818672
Random Forest,No SMOTE,0,0,0.0
Random Forest,No SMOTE,0,0,0.0
Random Forest,No SMOTE,0,0,0.0
Random Forest,No SMOTE,0,0,0.0
Random Forest,No SMOTE,0,0,0.0
Random Forest,No SMOTE,0,0,0.0
Random Forest,No SMOTE,0,0,0.0
Random Forest,No SMOTE,0,0,0.0
Random Forest,No SMOTE,0,0,0.0
Random Forest,No SMOTE,0,0,0.0
Random Forest,No SMOTE,0,0,0.0
Random Forest,No SMOTE,0,0,0.0
Random Forest,No SMOTE,0,0,0.0
Random Forest,No SMOTE,0,0,0.0
Random Forest,No SMOTE,0,0,0.017576059157889068
Random Forest,No SMOTE,0,0,0.0
Random Forest,No SMOTE,0,0,0.0
Random Forest,No SMOTE,0,0,0.0
Random Forest,No SMOTE,0,0,0.0
Random Forest,No SMOTE,0,0,0.0
Random Forest,No SMOTE,0,0,0.0
Random Forest,No SMOTE,0,0,0.0
Random Forest,No SMOTE,0,0,0.0
Random Forest,No SMOTE,0,0,0.0
Random Forest,No SMOTE,0,0,0.0
Random Forest,No SMOTE,0,0,0.0
Random Forest,No SMOTE,0,0,0.005421603354912019
Random Forest,No SMOTE,0,0,0.0
Random Forest,No SMOTE,0,0,0.0
Random Forest,No SMOTE,0,0,0.0
Random Forest,No SMOTE,0,0,0.0
Random Forest,No SMOTE,0,0,0.0
Random Forest,No SMOTE,0,0,0.0
Random Forest,No SMOTE,0,0,0.0
Random Forest,No SMOTE,0,0,0.0
Random Forest,No SMOTE,0,0,0.0
Random Forest,No SMOTE,0,0,0.0
Random Forest,No SMOTE,0,0,0.013518373245934452
Random Forest,No SMOTE,0,0,0.0
Random Forest,No SMOTE,0,0,0.013518373245934452
Random Forest,No SMOTE,0,0,0.0
Random Forest,No SMOTE,0,0,0.0
Random Forest,No SMOTE,0,0,0.0
Random Forest,No SMOTE,0,0,0.0
Random Forest,No SMOTE,0,0,0.0
Random Forest,No SMOTE,0,0,0.0
Random Forest,No SMOTE,0,0,0.0
Random Forest,No SMOTE,0,0,0.0
Random Forest,No SMOTE,0,0,0.0
Random Forest,No SMOTE,0,0,0.0
Random Forest,No SMOTE,0,0,0.0
Random Forest,No SMOTE,0,0,0.0
Random Forest,No SMOTE,0,0,0.0
Random Forest,No SMOTE,0,0,0.013518373245934452
Random Forest,No SMOTE,0,0,0.0
Random Forest,No SMOTE,0,0,0.0
Random Forest,No SMOTE,0,0,0.0
Random Forest,No SMOTE,0,0,0.0
Random Forest,No SMOTE,0,0,0.0
Random Forest,No SMOTE,0,0,0.0
Random Forest,No SMOTE,0,0,0.0
Random Forest,No SMOTE,0,0,0.0
Random Forest,No SMOTE,0,0,0.0
Random Forest,No SMOTE,0,0,0.0
Random Forest,No SMOTE,0,0,0.0
Random Forest,No SMOTE,0,0,0.0
Random Forest,No SMOTE,0,0,0.0
Random Forest,No SMOTE,0,0,0.0
Random Forest,No SMOTE,0,0,0.0
Random Forest,No SMOTE,0,0,0.0
Random Forest,No SMOTE,0,0,0.0
Random Forest,No SMOTE,0,0,0.0
Random Forest,No SMOTE,0,0,0.0
Random Forest,No SMOTE,0,0,0.0
Random Forest,No SMOTE,0,0,0.0
Random Forest,No SMOTE,0,0,0.0
Random Forest,No SMOTE,0,0,0.0
Random Forest,No SMOTE,0,0,0.0
Random Forest,No SMOTE,0,0,0.0
Random Forest,No SMOTE,0,0,0.0
Random Forest,No SMOTE,0,0,0.008096769891022433
Random Forest,No SMOTE,0,0,0.0
Random Forest,No SMOTE,0,0,0.005421603354912019
Random Forest,No SMOTE,0,0,0.0
Random Forest,No SMOTE,0,0,0.0
Random Forest,No SMOTE,0,0,0.0
Random Forest,No SMOTE,0,0,0.0
Random Forest,No SMOTE,0,0,0.0
Random Forest,No SMOTE,0,0,0.005421603354912019
Random Forest,No SMOTE,0,0,0.0
Random Forest,No SMOTE,0,0,0.0
Random Forest,No SMOTE,0,0,0.0
Random Forest,No SMOTE,0,0,0.0
Random Forest,No SMOTE,0,0,0.0
Random Forest,No SMOTE,0,0,0.0
Random Forest,No SMOTE,0,0,0.0
Random Forest,No SMOTE,0,0,0.0
Random Forest,No SMOTE,0,0,0.0
Random Forest,No SMOTE,0,0,0.0
Random Forest,No SMOTE,0,0,0.0
Random Forest,No SMOTE,0,0,0.0
Random Forest,No SMOTE,0,0,0.0
Random Forest,No SMOTE,0,0,0.0
Random Forest,No SMOTE,0,0,0.0
Random Forest,No SMOTE,0,0,0.0
Random Forest,No SMOTE,0,0,0.009909704306410002
Random Forest,No SMOTE,0,0,0.013518373245934452
Random Forest,No SMOTE,0,0,0.0
Random Forest,No SMOTE,0,0,0.0
Random Forest,No SMOTE,0,0,0.0
Random Forest,No SMOTE,0,0,0.0
Random Forest,No SMOTE,0,0,0.0
Random Forest,No SMOTE,0,0,0.0
Random Forest,No SMOTE,0,0,0.0
Random Forest,No SMOTE,0,0,0.0
Random Forest,No SMOTE,0,0,0.0
Random Forest,No SMOTE,0,0,0.0
Random Forest,No SMOTE,0,0,0.0
Random Forest,No SMOTE,0,0,0.0
Random Forest,No SMOTE,0,0,0.008096769891022433
Random Forest,No SMOTE,0,0,0.0
Random Forest,No SMOTE,0,0,0.0
Random Forest,No SMOTE,0,0,0.005421603354912019
Random Forest,No SMOTE,0,0,0.0
Random Forest,No SMOTE,0,0,0.0
Random Forest,No SMOTE,0,0,0.0
Random Forest,No SMOTE,0,0,0.0
Random Forest,No SMOTE,0,0,0.0
Random Forest,No SMOTE,0,0,0.0
Random Forest,No SMOTE,0,0,0.0
Random Forest,No SMOTE,0,0,0.0
Random Forest,No SMOTE,0,0,0.0
Random Forest,No SMOTE,0,0,0.0
Random Forest,No SMOTE,0,0,0.0
Random Forest,No SMOTE,0,0,0.0
Random Forest,No SMOTE,0,0,0.0
Random Forest,No SMOTE,0,0,0.0
Random Forest,No SMOTE,0,0,0.0
Random Forest,No SMOTE,0,0,0.0
Random Forest,No SMOTE,0,0,0.0
Random Forest,No SMOTE,0,0,0.0
Random Forest,No SMOTE,0,0,0.0
Random Forest,No SMOTE,0,0,0.0
Random Forest,No SMOTE,0,0,0.005421603354912019
Random Forest,No SMOTE,0,0,0.005421603354912019
Random Forest,No SMOTE,0,0,0.008096769891022433
Random Forest,No SMOTE,0,0,0.013518373245934452
Random Forest,No SMOTE,0,0,0.0
Random Forest,No SMOTE,0,0,0.0
Random Forest,No SMOTE,0,0,0.0
Random Forest,No SMOTE,0,0,0.0
Random Forest,No SMOTE,0,0,0.0
Random Forest,No SMOTE,0,0,0.0
Random Forest,No SMOTE,0,0,0.0
Random Forest,No SMOTE,0,0,0.0
Random Forest,No SMOTE,0,0,0.0
Random Forest,No SMOTE,0,0,0.0
Random Forest,No SMOTE,0,0,0.0
Random Forest,No SMOTE,0,0,0.0
Random Forest,No SMOTE,0,0,0.0
Random Forest,No SMOTE,0,0,0.0
Random Forest,No SMOTE,0,0,0.0
Random Forest,No SMOTE,0,0,0.0
Random Forest,No SMOTE,0,0,0.0
Random Forest,No SMOTE,0,0,0.013518373245934452
Random Forest,No SMOTE,0,0,0.0
Random Forest,No SMOTE,0,0,0.0
Random Forest,No SMOTE,0,0,0.0
Random Forest,No SMOTE,0,0,0.0
Random Forest,No SMOTE,0,0,0.0
Random Forest,No SMOTE,0,0,0.0
Random Forest,No SMOTE,0,0,0.013518373245934452
Random Forest,No SMOTE,0,0,0.0
Random Forest,No SMOTE,0,0,0.0
Random Forest,No SMOTE,0,0,0.0
Random Forest,No SMOTE,0,0,0.0
Random Forest,No SMOTE,0,0,0.0
Random Forest,No SMOTE,0,0,0.0
Random Forest,No SMOTE,0,0,0.0
Random Forest,No SMOTE,0,0,0.0
Random Forest,No SMOTE,0,0,0.0
Random Forest,No SMOTE,0,0,0.0
Random Forest,No SMOTE,0,0,0.0
Random Forest,No SMOTE,0,0,0.0
Random Forest,No SMOTE,0,0,0.0
Random Forest,No SMOTE,0,0,0.0
Random Forest,No SMOTE,0,0,0.0
Random Forest,No SMOTE,0,0,0.0
Random Forest,No SMOTE,0,0,0.0
Random Forest,No SMOTE,0,0,0.0
Random Forest,No SMOTE,0,0,0.0
Random Forest,No SMOTE,0,0,0.0
Random Forest,No SMOTE,0,0,0.013518373245934452
Random Forest,No SMOTE,0,0,0.0
Random Forest,No SMOTE,0,0,0.0
Random Forest,No SMOTE,0,0,0.0
Random Forest,No SMOTE,0,0,0.0
Random Forest,No SMOTE,0,0,0.0
Random Forest,No SMOTE,0,0,0.0
Random Forest,No SMOTE,0,0,0.0
Random Forest,No SMOTE,0,0,0.0
Random Forest,No SMOTE,0,0,0.005421603354912019
Random Forest,No SMOTE,0,0,0.0
Random Forest,No SMOTE,0,0,0.0
Random Forest,No SMOTE,0,0,0.0
Random Forest,No SMOTE,0,0,0.0
Random Forest,No SMOTE,0,0,0.0
Random Forest,No SMOTE,0,0,0.0
Random Forest,No SMOTE,0,0,0.0
Random Forest,No SMOTE,0,0,0.0
Random Forest,No SMOTE,0,0,0.0
Random Forest,No SMOTE,0,0,0.0
Random Forest,No SMOTE,0,0,0.0
Random Forest,No SMOTE,0,0,0.0
Random Forest,No SMOTE,0,0,0.0
Random Forest,No SMOTE,0,0,0.0
Random Forest,No SMOTE,0,0,0.0
Random Forest,No SMOTE,0,0,0.0
Random Forest,No SMOTE,0,0,0.0
Random Forest,No SMOTE,0,0,0.0
Random Forest,No SMOTE,0,0,0.0
Random Forest,No SMOTE,0,0,0.0
Random Forest,No SMOTE,0,0,0.0
Random Forest,No SMOTE,0,0,0.0
Random Forest,No SMOTE,0,0,0.0
Random Forest,No SMOTE,0,0,0.0
Random Forest,No SMOTE,0,0,0.0
Random Forest,No SMOTE,0,0,0.0
Random Forest,No SMOTE,0,0,0.0
Random Forest,No SMOTE,0,0,0.0
Random Forest,No SMOTE,0,0,0.0
Random Forest,No SMOTE,0,0,0.0
Random Forest,No SMOTE,0,0,0.0
Random Forest,No SMOTE,0,0,0.0
Random Forest,No SMOTE,0,0,0.0
Random Forest,No SMOTE,0,0,0.0
Random Forest,No SMOTE,0,0,0.0
Random Forest,No SMOTE,0,0,0.0
Random Forest,No SMOTE,0,0,0.0
Random Forest,No SMOTE,0,0,0.0
Random Forest,No SMOTE,0,0,0.0
Random Forest,No SMOTE,0,0,0.0
Random Forest,No SMOTE,0,0,0.0
Random Forest,No SMOTE,0,0,0.0
Random Forest,No SMOTE,0,0,0.0
Random Forest,No SMOTE,0,0,0.0
Random Forest,No SMOTE,0,0,0.0
Random Forest,No SMOTE,0,0,0.0
Random Forest,No SMOTE,0,0,0.0
Random Forest,No SMOTE,0,0,0.0
Random Forest,No SMOTE,0,0,0.0
Random Forest,No SMOTE,0,0,0.0
Random Forest,No SMOTE,0,0,0.0
Random Forest,No SMOTE,0,0,0.0
Random Forest,No SMOTE,0,0,0.005421603354912019
Random Forest,No SMOTE,0,0,0.008096769891022433
Random Forest,No SMOTE,0,0,0.0
Random Forest,No SMOTE,0,0,0.0
Random Forest,No SMOTE,0,0,0.005421603354912019
Random Forest,No SMOTE,0,0,0.0
Random Forest,No SMOTE,0,0,0.0
Random Forest,No SMOTE,0,0,0.0
Random Forest,No SMOTE,0,0,0.0
Random Forest,No SMOTE,0,0,0.0
Random Forest,No SMOTE,0,0,0.009991329576149663
Random Forest,No SMOTE,0,0,0.0
Random Forest,No SMOTE,0,0,0.0
Random Forest,No SMOTE,0,0,0.0
Random Forest,No SMOTE,0,0,0.0
Random Forest,No SMOTE,0,0,0.0
Random Forest,No SMOTE,0,0,0.0
Random Forest,No SMOTE,0,0,0.0
Random Forest,No SMOTE,0,0,0.008096769891022433
Random Forest,No SMOTE,0,0,0.0
Random Forest,No SMOTE,0,0,0.0
Random Forest,No SMOTE,0,0,0.0
Random Forest,No SMOTE,0,0,0.0
Random Forest,No SMOTE,0,0,0.0
Random Forest,No SMOTE,0,0,0.0
Random Forest,No SMOTE,0,0,0.0
Random Forest,No SMOTE,0,0,0.0
Random Forest,No SMOTE,0,0,0.0
Random Forest,No SMOTE,0,0,0.0
Random Forest,No SMOTE,0,0,0.0
Random Forest,No SMOTE,0,0,0.0
Random Forest,No SMOTE,0,0,0.0
Random Forest,No SMOTE,0,0,0.0
Random Forest,No SMOTE,0,0,0.0
Random Forest,No SMOTE,0,0,0.005421603354912019
Random Forest,No SMOTE,0,0,0.0
Random Forest,No SMOTE,0,0,0.0
Random Forest,No SMOTE,0,0,0.0
Random Forest,No SMOTE,0,0,0.0
Random Forest,No SMOTE,0,0,0.0
Random Forest,No SMOTE,0,0,0.0
Random Forest,No SMOTE,0,0,0.0
Random Forest,No SMOTE,0,0,0.0
Random Forest,No SMOTE,0,0,0.0
Random Forest,No SMOTE,0,0,0.0
Random Forest,No SMOTE,0,0,0.0
Random Forest,No SMOTE,0,0,0.0
Random Forest,No SMOTE,0,0,0.008096769891022433
Random Forest,No SMOTE,0,0,0.0
Random Forest,No SMOTE,0,0,0.0
Random Forest,No SMOTE,0,0,0.0
Random Forest,No SMOTE,0,0,0.0
Random Forest,No SMOTE,0,0,0.0
Random Forest,No SMOTE,0,0,0.0
Random Forest,No SMOTE,0,0,0.0
Random Forest,No SMOTE,0,0,0.0
Random Forest,No SMOTE,0,0,0.0
Random Forest,No SMOTE,0,0,0.0
Random Forest,No SMOTE,0,0,0.0
Random Forest,No SMOTE,0,0,0.0
Random Forest,No SMOTE,0,0,0.0
Random Forest,No SMOTE,0,0,0.0
Random Forest,No SMOTE,0,0,0.0
Random Forest,No SMOTE,0,0,0.0
Random Forest,No SMOTE,0,0,0.0
Random Forest,No SMOTE,0,0,0.0
Random Forest,No SMOTE,0,0,0.0
Random Forest,No SMOTE,0,0,0.0
Random Forest,No SMOTE,0,0,0.0
Random Forest,No SMOTE,0,0,0.0
Random Forest,No SMOTE,0,0,0.0
Random Forest,No SMOTE,0,0,0.0
Random Forest,No SMOTE,0,0,0.0
Random Forest,No SMOTE,0,0,0.0
Random Forest,No SMOTE,0,0,0.0
Random Forest,No SMOTE,0,0,0.0
Random Forest,No SMOTE,0,0,0.0
Random Forest,No SMOTE,0,0,0.013518373245934452
Random Forest,No SMOTE,0,0,0.0
Random Forest,No SMOTE,0,0,0.0
Random Forest,No SMOTE,0,0,0.0
Random Forest,No SMOTE,0,0,0.0
Random Forest,No SMOTE,0,0,0.0
Random Forest,No SMOTE,0,0,0.0
Random Forest,No SMOTE,0,0,0.0
Random Forest,No SMOTE,0,0,0.0
Random Forest,No SMOTE,0,0,0.0
Random Forest,No SMOTE,0,0,0.0
Random Forest,No SMOTE,0,0,0.0
Random Forest,No SMOTE,0,0,0.005421603354912019
Random Forest,No SMOTE,0,0,0.0
Random Forest,No SMOTE,0,0,0.0
Random Forest,No SMOTE,0,0,0.0
Random Forest,No SMOTE,0,0,0.0
Random Forest,No SMOTE,0,0,0.0
Random Forest,No SMOTE,0,0,0.0
Random Forest,No SMOTE,0,0,0.0
Random Forest,No SMOTE,0,0,0.0
Random Forest,No SMOTE,0,0,0.0
Random Forest,No SMOTE,0,0,0.0
Random Forest,No SMOTE,0,0,0.0
Random Forest,No SMOTE,0,0,0.0
Random Forest,No SMOTE,0,0,0.0
Random Forest,No SMOTE,0,0,0.0
Random Forest,No SMOTE,0,0,0.0
Random Forest,No SMOTE,0,0,0.0
Random Forest,No SMOTE,0,0,0.0
Random Forest,No SMOTE,0,0,0.0
Random Forest,No SMOTE,0,0,0.0
Random Forest,No SMOTE,0,0,0.0
Random Forest,No SMOTE,0,0,0.0
Random Forest,No SMOTE,0,0,0.0
Random Forest,No SMOTE,0,0,0.0
Random Forest,No SMOTE,0,0,0.0
Random Forest,No SMOTE,0,0,0.0
Random Forest,No SMOTE,0,0,0.0
Random Forest,No SMOTE,0,0,0.0
Random Forest,No SMOTE,0,0,0.0
Random Forest,No SMOTE,0,0,0.0
Random Forest,No SMOTE,0,0,0.009479289266866635
Random Forest,No SMOTE,0,0,0.0
Random Forest,No SMOTE,0,0,0.0
Random Forest,No SMOTE,0,0,0.0
Random Forest,No SMOTE,0,0,0.0
Random Forest,No SMOTE,0,0,0.008096769891022433
Random Forest,No SMOTE,0,0,0.0
Random Forest,No SMOTE,0,0,0.0
Random Forest,No SMOTE,0,0,0.0
Random Forest,No SMOTE,0,0,0.0
Random Forest,No SMOTE,0,0,0.0
Random Forest,No SMOTE,0,0,0.0
Random Forest,No SMOTE,0,0,0.0
Random Forest,No SMOTE,0,0,0.0
Random Forest,No SMOTE,0,0,0.0
Random Forest,No SMOTE,0,0,0.0
Random Forest,No SMOTE,0,0,0.0
Random Forest,No SMOTE,0,0,0.0
Random Forest,No SMOTE,0,0,0.008096769891022433
Random Forest,No SMOTE,0,0,0.0
Random Forest,No SMOTE,0,0,0.0
Random Forest,No SMOTE,0,0,0.0
Random Forest,No SMOTE,0,0,0.0
Random Forest,No SMOTE,0,0,0.0
Random Forest,No SMOTE,0,0,0.0
Random Forest,No SMOTE,0,0,0.01807080364713948
Random Forest,No SMOTE,0,0,0.0
Random Forest,No SMOTE,0,0,0.0
Random Forest,No SMOTE,0,0,0.0
Random Forest,No SMOTE,0,0,0.0
Random Forest,No SMOTE,0,0,0.0
Random Forest,No SMOTE,0,0,0.0
Random Forest,No SMOTE,0,0,0.008096769891022433
Random Forest,No SMOTE,0,0,0.0
Random Forest,No SMOTE,0,0,0.0
Random Forest,No SMOTE,0,0,0.0
Random Forest,No SMOTE,0,0,0.0
Random Forest,No SMOTE,0,0,0.0
Random Forest,No SMOTE,0,0,0.013518373245934452
Random Forest,No SMOTE,0,0,0.0
Random Forest,No SMOTE,0,0,0.0
Random Forest,No SMOTE,0,0,0.0
Random Forest,No SMOTE,0,0,0.008096769891022433
Random Forest,No SMOTE,0,0,0.0
Random Forest,No SMOTE,0,0,0.0
Random Forest,No SMOTE,0,0,0.0
Random Forest,No SMOTE,0,0,0.0
Random Forest,No SMOTE,0,0,0.008096769891022433
Random Forest,No SMOTE,0,0,0.0
Random Forest,No SMOTE,0,0,0.0
Random Forest,No SMOTE,0,0,0.0
Random Forest,No SMOTE,0,0,0.0
Random Forest,No SMOTE,0,0,0.0
Random Forest,No SMOTE,0,0,0.0
Random Forest,No SMOTE,0,0,0.0
Random Forest,No SMOTE,0,0,0.0
Random Forest,No SMOTE,0,0,0.008096769891022433
Random Forest,No SMOTE,0,0,0.0
Random Forest,No SMOTE,0,0,0.008096769891022433
Random Forest,No SMOTE,0,0,0.013518373245934452
Random Forest,No SMOTE,0,0,0.0
Random Forest,No SMOTE,0,0,0.0
Random Forest,No SMOTE,0,0,0.0
Random Forest,No SMOTE,0,0,0.0
Random Forest,No SMOTE,0,0,0.0
Random Forest,No SMOTE,0,0,0.0
Random Forest,No SMOTE,0,0,0.0
Random Forest,No SMOTE,0,0,0.0
Random Forest,No SMOTE,0,0,0.00993533625149224
Random Forest,No SMOTE,0,0,0.0
Random Forest,No SMOTE,0,0,0.0
Random Forest,No SMOTE,0,0,0.0
Random Forest,No SMOTE,0,0,0.0
Random Forest,No SMOTE,0,0,0.0
Random Forest,No SMOTE,0,0,0.0
Random Forest,No SMOTE,0,0,0.0
Random Forest,No SMOTE,0,0,0.0
Random Forest,No SMOTE,0,0,0.0
Random Forest,No SMOTE,0,0,0.0
Random Forest,No SMOTE,0,0,0.0
Random Forest,No SMOTE,0,0,0.0
Random Forest,No SMOTE,0,0,0.0
Random Forest,No SMOTE,0,0,0.008096769891022433
Random Forest,No SMOTE,0,0,0.0
Random Forest,No SMOTE,0,0,0.0
Random Forest,No SMOTE,0,0,0.0
Random Forest,No SMOTE,0,0,0.0
Random Forest,No SMOTE,0,0,0.0
Random Forest,No SMOTE,0,0,0.005421603354912019
Random Forest,No SMOTE,0,0,0.008096769891022433
Random Forest,No SMOTE,0,0,0.0
Random Forest,No SMOTE,0,0,0.0
Random Forest,No SMOTE,0,0,0.008096769891022433
Random Forest,No SMOTE,0,0,0.0
Random Forest,No SMOTE,0,0,0.0
Random Forest,No SMOTE,0,0,0.0
Random Forest,No SMOTE,0,0,0.0
Random Forest,No SMOTE,0,0,0.0
Random Forest,No SMOTE,0,0,0.0
Random Forest,No SMOTE,0,0,0.0
Random Forest,No SMOTE,0,0,0.013518373245934452
Random Forest,No SMOTE,0,0,0.0
Random Forest,No SMOTE,0,0,0.0
Random Forest,No SMOTE,0,0,0.0
Random Forest,No SMOTE,0,0,0.0
Random Forest,No SMOTE,0,0,0.0
Random Forest,No SMOTE,0,0,0.0
Random Forest,No SMOTE,0,0,0.0
Random Forest,No SMOTE,0,0,0.0
Random Forest,No SMOTE,0,0,0.0
Random Forest,No SMOTE,0,0,0.0
Random Forest,No SMOTE,0,0,0.0
Random Forest,No SMOTE,0,0,0.013518373245934452
Random Forest,No SMOTE,0,0,0.0
Random Forest,No SMOTE,0,0,0.0
Random Forest,No SMOTE,0,0,0.0
Random Forest,No SMOTE,0,0,0.0
Random Forest,No SMOTE,0,0,0.0
Random Forest,No SMOTE,0,0,0.008096769891022433
Random Forest,No SMOTE,0,0,0.0
Random Forest,No SMOTE,0,0,0.0
Random Forest,No SMOTE,0,0,0.0
Random Forest,No SMOTE,0,0,0.013518373245934452
Random Forest,No SMOTE,0,0,0.0
Random Forest,No SMOTE,0,0,0.0
Random Forest,No SMOTE,0,0,0.0
Random Forest,No SMOTE,0,0,0.0
Random Forest,No SMOTE,0,0,0.0
Random Forest,No SMOTE,0,0,0.0
Random Forest,No SMOTE,0,0,0.0
Random Forest,No SMOTE,0,0,0.005421603354912019
Random Forest,No SMOTE,0,0,0.0
Random Forest,No SMOTE,0,0,0.0
Random Forest,No SMOTE,0,0,0.0
Random Forest,No SMOTE,0,0,0.0
Random Forest,No SMOTE,0,0,0.0
Random Forest,No SMOTE,0,0,0.0
Random Forest,No SMOTE,0,0,0.0
Random Forest,No SMOTE,0,0,0.008096769891022433
Random Forest,No SMOTE,0,0,0.008096769891022433
Random Forest,No SMOTE,0,0,0.0
Random Forest,No SMOTE,0,0,0.0
Random Forest,No SMOTE,0,0,0.0
Random Forest,No SMOTE,0,0,0.0
Random Forest,No SMOTE,0,0,0.0
Random Forest,No SMOTE,0,0,0.0
Random Forest,No SMOTE,0,0,0.0
Random Forest,No SMOTE,0,0,0.0
Random Forest,No SMOTE,0,0,0.0
Random Forest,No SMOTE,0,0,0.0
Random Forest,No SMOTE,0,0,0.0
Random Forest,No SMOTE,0,0,0.0
Random Forest,No SMOTE,0,0,0.0
Random Forest,No SMOTE,0,0,0.0
Random Forest,No SMOTE,0,0,0.0
Random Forest,No SMOTE,0,0,0.0
Random Forest,No SMOTE,0,0,0.0
Random Forest,No SMOTE,0,0,0.0
Random Forest,No SMOTE,0,0,0.0
Random Forest,No SMOTE,0,0,0.0
Random Forest,No SMOTE,0,0,0.0
Random Forest,No SMOTE,0,0,0.0
Random Forest,No SMOTE,0,0,0.0
Random Forest,No SMOTE,0,0,0.008096769891022433
Random Forest,No SMOTE,0,0,0.0
Random Forest,No SMOTE,0,0,0.0
Random Forest,No SMOTE,0,0,0.0
Random Forest,No SMOTE,0,0,0.015376250750875141
Random Forest,No SMOTE,0,0,0.0
Random Forest,No SMOTE,0,0,0.013518373245934452
Random Forest,No SMOTE,0,0,0.0
Random Forest,No SMOTE,0,0,0.0
Random Forest,No SMOTE,0,0,0.0
Random Forest,No SMOTE,0,0,0.0
Random Forest,No SMOTE,0,0,0.0
Random Forest,No SMOTE,0,0,0.0
Random Forest,No SMOTE,0,0,0.0
Random Forest,No SMOTE,0,0,0.0
Random Forest,No SMOTE,0,0,0.0
Random Forest,No SMOTE,0,0,0.0
Random Forest,No SMOTE,0,0,0.0
Random Forest,No SMOTE,0,0,0.008096769891022433
Random Forest,No SMOTE,0,0,0.0
Random Forest,No SMOTE,0,0,0.0
Random Forest,No SMOTE,0,0,0.0
Random Forest,No SMOTE,0,0,0.0
Random Forest,No SMOTE,0,0,0.008096769891022433
Random Forest,No SMOTE,0,0,0.0
Random Forest,No SMOTE,0,0,0.0
Random Forest,No SMOTE,0,0,0.0
Random Forest,No SMOTE,0,0,0.0
Random Forest,No SMOTE,0,0,0.0
Random Forest,No SMOTE,0,0,0.0
Random Forest,No SMOTE,0,0,0.0
Random Forest,No SMOTE,0,0,0.0
Random Forest,No SMOTE,1,1,0.8579809741665569
Random Forest,No SMOTE,0,0,0.0
Random Forest,No SMOTE,0,0,0.0
Random Forest,No SMOTE,0,0,0.0
Random Forest,No SMOTE,0,0,0.0
Random Forest,No SMOTE,0,0,0.0
Random Forest,No SMOTE,0,0,0.0
Random Forest,No SMOTE,0,0,0.0
Random Forest,No SMOTE,0,0,0.0
Random Forest,No SMOTE,0,0,0.0
Random Forest,No SMOTE,0,0,0.0
Random Forest,No SMOTE,0,0,0.0
Random Forest,No SMOTE,0,0,0.0
Random Forest,No SMOTE,0,0,0.0
Random Forest,No SMOTE,0,0,0.0
Random Forest,No SMOTE,0,0,0.0
Random Forest,No SMOTE,0,0,0.0
Random Forest,No SMOTE,0,0,0.0
Random Forest,No SMOTE,0,0,0.0
Random Forest,No SMOTE,0,0,0.0
Random Forest,No SMOTE,0,0,0.0
Random Forest,No SMOTE,0,0,0.0
Random Forest,No SMOTE,0,0,0.0
Random Forest,No SMOTE,0,0,0.0
Random Forest,No SMOTE,0,0,0.0
Random Forest,No SMOTE,0,0,0.0
Random Forest,No SMOTE,0,0,0.0
Random Forest,No SMOTE,0,0,0.008096769891022433
Random Forest,No SMOTE,0,0,0.0
Random Forest,No SMOTE,0,0,0.0
Random Forest,No SMOTE,0,0,0.0
Random Forest,No SMOTE,0,0,0.0
Random Forest,No SMOTE,0,0,0.0
Random Forest,No SMOTE,0,0,0.0
Random Forest,No SMOTE,0,0,0.0
Random Forest,No SMOTE,0,0,0.0
Random Forest,No SMOTE,0,0,0.0
Random Forest,No SMOTE,0,0,0.0
Random Forest,No SMOTE,0,0,0.0
Random Forest,No SMOTE,0,0,0.008096769891022433
Random Forest,No SMOTE,0,0,0.008096769891022433
Random Forest,No SMOTE,0,0,0.0
Random Forest,No SMOTE,0,0,0.0
Random Forest,No SMOTE,0,0,0.0
Random Forest,No SMOTE,0,0,0.0
Random Forest,No SMOTE,0,0,0.0
Random Forest,No SMOTE,0,0,0.0
Random Forest,No SMOTE,0,0,0.0
Random Forest,No SMOTE,0,0,0.0
Random Forest,No SMOTE,0,0,0.0
Random Forest,No SMOTE,0,0,0.0
Random Forest,No SMOTE,0,0,0.0
Random Forest,No SMOTE,0,0,0.0
Random Forest,No SMOTE,0,0,0.0
Random Forest,No SMOTE,0,0,0.0
Random Forest,No SMOTE,0,0,0.0
Random Forest,No SMOTE,0,0,0.0
Random Forest,No SMOTE,0,0,0.0
Random Forest,No SMOTE,0,0,0.0
Random Forest,No SMOTE,0,0,0.0
Random Forest,No SMOTE,0,0,0.0
Random Forest,No SMOTE,0,0,0.0
Random Forest,No SMOTE,0,0,0.0
Random Forest,No SMOTE,0,0,0.0
Random Forest,No SMOTE,0,0,0.0
Random Forest,No SMOTE,0,0,0.009974033756117046
Random Forest,No SMOTE,0,0,0.0
Random Forest,No SMOTE,0,0,0.0
Random Forest,No SMOTE,0,0,0.013518373245934452
Random Forest,No SMOTE,0,0,0.0
Random Forest,No SMOTE,0,0,0.0
Random Forest,No SMOTE,0,0,0.0
Random Forest,No SMOTE,0,0,0.0
Random Forest,No SMOTE,0,0,0.0
Random Forest,No SMOTE,0,0,0.0
Random Forest,No SMOTE,0,0,0.0
Random Forest,No SMOTE,0,0,0.0
Random Forest,No SMOTE,0,0,0.0
Random Forest,No SMOTE,0,0,0.0
Random Forest,No SMOTE,0,0,0.0
Random Forest,No SMOTE,0,0,0.0
Random Forest,No SMOTE,0,0,0.0
Random Forest,No SMOTE,0,0,0.008096769891022433
Random Forest,No SMOTE,0,0,0.0
Random Forest,No SMOTE,0,0,0.02758040034636005
Random Forest,No SMOTE,0,0,0.0
Random Forest,No SMOTE,0,0,0.0
Random Forest,No SMOTE,0,0,0.0
Random Forest,No SMOTE,0,0,0.005421603354912019
Random Forest,No SMOTE,0,0,0.0
Random Forest,No SMOTE,0,0,0.0
Random Forest,No SMOTE,0,0,0.0
Random Forest,No SMOTE,0,0,0.0
Random Forest,No SMOTE,0,0,0.0
Random Forest,No SMOTE,0,0,0.0
Random Forest,No SMOTE,0,0,0.0
Random Forest,No SMOTE,0,0,0.0
Random Forest,No SMOTE,0,0,0.0
Random Forest,No SMOTE,0,0,0.0
Random Forest,No SMOTE,0,0,0.0
Random Forest,No SMOTE,0,0,0.013518373245934452
Random Forest,No SMOTE,0,0,0.0
Random Forest,No SMOTE,0,0,0.0
Random Forest,No SMOTE,0,0,0.0
Random Forest,No SMOTE,0,0,0.0
Random Forest,No SMOTE,0,0,0.0
Random Forest,No SMOTE,0,0,0.0
Random Forest,No SMOTE,0,0,0.0
Random Forest,No SMOTE,0,0,0.0
Random Forest,No SMOTE,0,0,0.0
Random Forest,No SMOTE,0,0,0.008096769891022433
Random Forest,No SMOTE,0,0,0.0
Random Forest,No SMOTE,0,0,0.0
Random Forest,No SMOTE,0,0,0.0
Random Forest,No SMOTE,0,0,0.0
Random Forest,No SMOTE,0,0,0.0
Random Forest,No SMOTE,0,0,0.0
Random Forest,No SMOTE,0,0,0.0
Random Forest,No SMOTE,0,0,0.0
Random Forest,No SMOTE,0,0,0.0
Random Forest,No SMOTE,0,0,0.0
Random Forest,No SMOTE,0,0,0.0
Random Forest,No SMOTE,0,0,0.013518373245934452
Random Forest,No SMOTE,0,0,0.0
Random Forest,No SMOTE,0,0,0.0
Random Forest,No SMOTE,0,0,0.0
Random Forest,No SMOTE,0,0,0.0
Random Forest,No SMOTE,0,0,0.0
Random Forest,No SMOTE,0,0,0.008096769891022433
Random Forest,No SMOTE,0,0,0.0
Random Forest,No SMOTE,0,0,0.013518373245934452
Random Forest,No SMOTE,0,0,0.0
Random Forest,No SMOTE,0,0,0.0
Random Forest,No SMOTE,0,0,0.0
Random Forest,No SMOTE,0,0,0.0
Random Forest,No SMOTE,0,0,0.0
Random Forest,No SMOTE,0,0,0.0
Random Forest,No SMOTE,0,0,0.0
Random Forest,No SMOTE,0,0,0.0
Random Forest,No SMOTE,0,0,0.0
Random Forest,No SMOTE,0,0,0.0
Random Forest,No SMOTE,0,0,0.0
Random Forest,No SMOTE,0,0,0.0
Random Forest,No SMOTE,0,0,0.0
Random Forest,No SMOTE,0,0,0.0
Random Forest,No SMOTE,0,0,0.0
Random Forest,No SMOTE,0,0,0.0
Random Forest,No SMOTE,0,0,0.0
Random Forest,No SMOTE,0,0,0.0
Random Forest,No SMOTE,0,0,0.0
Random Forest,No SMOTE,0,0,0.0
Random Forest,No SMOTE,0,0,0.0
Random Forest,No SMOTE,0,0,0.0
Random Forest,No SMOTE,0,0,0.0
Random Forest,No SMOTE,0,0,0.0
Random Forest,No SMOTE,0,0,0.0
Random Forest,No SMOTE,0,0,0.0
Random Forest,No SMOTE,0,0,0.0
Random Forest,No SMOTE,0,0,0.0
Random Forest,No SMOTE,0,0,0.0
Random Forest,No SMOTE,0,0,0.0
Random Forest,No SMOTE,0,0,0.0
Random Forest,No SMOTE,0,0,0.0
Random Forest,No SMOTE,0,0,0.0
Random Forest,No SMOTE,0,0,0.0
Random Forest,No SMOTE,0,0,0.0
Random Forest,No SMOTE,0,0,0.0
Random Forest,No SMOTE,0,0,0.0
Random Forest,No SMOTE,0,0,0.0
Random Forest,No SMOTE,0,0,0.0
Random Forest,No SMOTE,0,0,0.0
Random Forest,No SMOTE,0,0,0.0
Random Forest,No SMOTE,0,0,0.008096769891022433
Random Forest,No SMOTE,0,0,0.0
Random Forest,No SMOTE,0,0,0.0
Random Forest,No SMOTE,0,0,0.0
Random Forest,No SMOTE,0,0,0.0
Random Forest,No SMOTE,0,0,0.0
Random Forest,No SMOTE,0,0,0.0
Random Forest,No SMOTE,0,0,0.0
Random Forest,No SMOTE,0,0,0.0
Random Forest,No SMOTE,0,0,0.0
Random Forest,No SMOTE,0,0,0.0
Random Forest,No SMOTE,0,0,0.0
Random Forest,No SMOTE,0,0,0.0
Random Forest,No SMOTE,0,0,0.0
Random Forest,No SMOTE,0,0,0.0
Random Forest,No SMOTE,0,0,0.0
Random Forest,No SMOTE,0,0,0.0
Random Forest,No SMOTE,0,0,0.013518373245934452
Random Forest,No SMOTE,0,0,0.0
Random Forest,No SMOTE,0,0,0.0
Random Forest,No SMOTE,0,0,0.0
Random Forest,No SMOTE,0,0,0.0
Random Forest,No SMOTE,0,0,0.0
Random Forest,No SMOTE,0,0,0.0
Random Forest,No SMOTE,0,0,0.0
Random Forest,No SMOTE,0,0,0.0
Random Forest,No SMOTE,0,0,0.0
Random Forest,No SMOTE,0,0,0.008096769891022433
Random Forest,No SMOTE,0,0,0.02798973978888705
Random Forest,No SMOTE,0,0,0.008096769891022433
Random Forest,No SMOTE,0,0,0.0
Random Forest,No SMOTE,0,0,0.0
Random Forest,No SMOTE,0,0,0.0
Random Forest,No SMOTE,0,0,0.0
Random Forest,No SMOTE,0,0,0.0
Random Forest,No SMOTE,0,0,0.0
Random Forest,No SMOTE,0,0,0.08942333494591263
Random Forest,No SMOTE,0,0,0.0
Random Forest,No SMOTE,0,0,0.013518373245934452
Random Forest,No SMOTE,0,0,0.0
Random Forest,No SMOTE,0,0,0.0
Random Forest,No SMOTE,0,0,0.0
Random Forest,No SMOTE,0,0,0.0
Random Forest,No SMOTE,0,0,0.0
Random Forest,No SMOTE,0,0,0.0
Random Forest,No SMOTE,0,0,0.0
Random Forest,No SMOTE,0,0,0.0
Random Forest,No SMOTE,0,0,0.0
Random Forest,No SMOTE,0,0,0.0
Random Forest,No SMOTE,0,0,0.0
Random Forest,No SMOTE,0,0,0.0
Random Forest,No SMOTE,0,0,0.008096769891022433
Random Forest,No SMOTE,0,0,0.017769409116204032
Random Forest,No SMOTE,0,0,0.0
Random Forest,No SMOTE,0,0,0.0
Random Forest,No SMOTE,0,0,0.0
Random Forest,No SMOTE,0,0,0.0
Random Forest,No SMOTE,0,0,0.0
Random Forest,No SMOTE,0,0,0.0
Random Forest,No SMOTE,0,0,0.0
Random Forest,No SMOTE,0,0,0.0
Random Forest,No SMOTE,0,0,0.0
Random Forest,No SMOTE,0,0,0.0
Random Forest,No SMOTE,0,0,0.0
Random Forest,No SMOTE,0,0,0.0
Random Forest,No SMOTE,0,0,0.0
Random Forest,No SMOTE,0,0,0.0
Random Forest,No SMOTE,0,0,0.0
Random Forest,No SMOTE,0,0,0.0
Random Forest,No SMOTE,0,0,0.0
Random Forest,No SMOTE,0,0,0.008096769891022433
Random Forest,No SMOTE,0,0,0.0
Random Forest,No SMOTE,0,0,0.008096769891022433
Random Forest,No SMOTE,0,0,0.008096769891022433
Random Forest,No SMOTE,0,0,0.0
Random Forest,No SMOTE,0,0,0.0
Random Forest,No SMOTE,0,0,0.0
Random Forest,No SMOTE,0,0,0.0
Random Forest,No SMOTE,0,0,0.0
Random Forest,No SMOTE,0,0,0.0
Random Forest,No SMOTE,0,0,0.0
Random Forest,No SMOTE,0,0,0.0
Random Forest,No SMOTE,0,0,0.0
Random Forest,No SMOTE,0,0,0.0
Random Forest,No SMOTE,0,0,0.0
Random Forest,No SMOTE,0,0,0.0
Random Forest,No SMOTE,0,0,0.013518373245934452
Random Forest,No SMOTE,0,0,0.0
Random Forest,No SMOTE,0,0,0.0
Random Forest,No SMOTE,0,0,0.0
Random Forest,No SMOTE,0,0,0.0
Random Forest,No SMOTE,0,0,0.0
Random Forest,No SMOTE,0,0,0.0
Random Forest,No SMOTE,0,0,0.0
Random Forest,No SMOTE,0,0,0.008096769891022433
Random Forest,No SMOTE,0,0,0.0
Random Forest,No SMOTE,0,0,0.0
Random Forest,No SMOTE,0,0,0.0
Random Forest,No SMOTE,0,0,0.0
Random Forest,No SMOTE,0,0,0.0
Random Forest,No SMOTE,0,0,0.0
Random Forest,No SMOTE,0,0,0.009903316971590068
Random Forest,No SMOTE,0,0,0.0
Random Forest,No SMOTE,0,0,0.0
Random Forest,No SMOTE,0,0,0.0
Random Forest,No SMOTE,0,0,0.0
Random Forest,No SMOTE,0,0,0.0
Random Forest,No SMOTE,0,0,0.0
Random Forest,No SMOTE,0,0,0.0
Random Forest,No SMOTE,0,0,0.0
Random Forest,No SMOTE,0,0,0.0
Random Forest,No SMOTE,0,0,0.0
Random Forest,No SMOTE,0,0,0.009660475914103309
Random Forest,No SMOTE,0,0,0.0
Random Forest,No SMOTE,0,0,0.0
Random Forest,No SMOTE,0,0,0.0
Random Forest,No SMOTE,0,0,0.0
Random Forest,No SMOTE,0,0,0.0
Random Forest,No SMOTE,0,0,0.0
Random Forest,No SMOTE,0,0,0.0
Random Forest,No SMOTE,0,0,0.0
Random Forest,No SMOTE,0,0,0.0
Random Forest,No SMOTE,0,0,0.015376250750875141
Random Forest,No SMOTE,0,0,0.0
Random Forest,No SMOTE,0,0,0.0
Random Forest,No SMOTE,0,0,0.0
Random Forest,No SMOTE,0,0,0.0
Random Forest,No SMOTE,0,0,0.0
Random Forest,No SMOTE,0,0,0.0
Random Forest,No SMOTE,0,0,0.0
Random Forest,No SMOTE,0,0,0.0
Random Forest,No SMOTE,0,0,0.0
Random Forest,No SMOTE,0,0,0.0
Random Forest,No SMOTE,0,0,0.0
Random Forest,No SMOTE,0,0,0.0
Random Forest,No SMOTE,0,0,0.0
Random Forest,No SMOTE,0,0,0.0
Random Forest,No SMOTE,0,0,0.0
Random Forest,No SMOTE,0,0,0.0
Random Forest,No SMOTE,0,0,0.0
Random Forest,No SMOTE,0,0,0.0
Random Forest,No SMOTE,0,0,0.0
Random Forest,No SMOTE,0,0,0.0
Random Forest,No SMOTE,0,0,0.0
Random Forest,No SMOTE,0,0,0.0
Random Forest,No SMOTE,0,0,0.0
Random Forest,No SMOTE,0,0,0.0
Random Forest,No SMOTE,0,0,0.0
Random Forest,No SMOTE,0,0,0.0
Random Forest,No SMOTE,0,0,0.0
Random Forest,No SMOTE,0,0,0.0
Random Forest,No SMOTE,0,0,0.0
Random Forest,No SMOTE,0,0,0.0
Random Forest,No SMOTE,0,0,0.0
Random Forest,No SMOTE,0,0,0.0
Random Forest,No SMOTE,0,0,0.0
Random Forest,No SMOTE,0,0,0.0
Random Forest,No SMOTE,0,0,0.0
Random Forest,No SMOTE,0,0,0.0
Random Forest,No SMOTE,0,0,0.0
Random Forest,No SMOTE,0,0,0.0
Random Forest,No SMOTE,0,0,0.0
Random Forest,No SMOTE,0,0,0.0
Random Forest,No SMOTE,0,0,0.0
Random Forest,No SMOTE,0,0,0.0
Random Forest,No SMOTE,0,0,0.0
Random Forest,No SMOTE,0,0,0.0
Random Forest,No SMOTE,0,0,0.0
Random Forest,No SMOTE,0,0,0.0
Random Forest,No SMOTE,0,0,0.0
Random Forest,No SMOTE,0,0,0.0
Random Forest,No SMOTE,0,0,0.0
Random Forest,No SMOTE,0,0,0.0
Random Forest,No SMOTE,0,0,0.005421603354912019
Random Forest,No SMOTE,0,0,0.0
Random Forest,No SMOTE,0,0,0.0
Random Forest,No SMOTE,0,0,0.0
Random Forest,No SMOTE,0,0,0.0
Random Forest,No SMOTE,0,0,0.0
Random Forest,No SMOTE,0,0,0.0
Random Forest,No SMOTE,0,0,0.0
Random Forest,No SMOTE,0,0,0.0
Random Forest,No SMOTE,0,0,0.0
Random Forest,No SMOTE,0,0,0.0
Random Forest,No SMOTE,0,0,0.0
Random Forest,No SMOTE,0,0,0.0
Random Forest,No SMOTE,0,0,0.0
Random Forest,No SMOTE,0,0,0.0
Random Forest,No SMOTE,0,0,0.0
Random Forest,No SMOTE,0,0,0.0
Random Forest,No SMOTE,0,0,0.0
Random Forest,No SMOTE,0,0,0.0
Random Forest,No SMOTE,0,0,0.0
Random Forest,No SMOTE,0,0,0.0
Random Forest,No SMOTE,0,0,0.0
Random Forest,No SMOTE,0,0,0.008096769891022433
Random Forest,No SMOTE,0,0,0.0
Random Forest,No SMOTE,0,0,0.0
Random Forest,No SMOTE,0,0,0.02983746783570099
Random Forest,No SMOTE,0,0,0.0
Random Forest,No SMOTE,0,0,0.0
Random Forest,No SMOTE,0,0,0.008096769891022433
Random Forest,No SMOTE,0,0,0.0
Random Forest,No SMOTE,0,0,0.0
Random Forest,No SMOTE,0,0,0.0
Random Forest,No SMOTE,0,0,0.0
Random Forest,No SMOTE,0,0,0.008096769891022433
Random Forest,No SMOTE,0,0,0.0
Random Forest,No SMOTE,0,0,0.0
Random Forest,No SMOTE,0,0,0.0
Random Forest,No SMOTE,0,0,0.0
Random Forest,No SMOTE,0,0,0.0
Random Forest,No SMOTE,0,0,0.013518373245934452
Random Forest,No SMOTE,0,0,0.0
Random Forest,No SMOTE,0,0,0.0
Random Forest,No SMOTE,0,0,0.0
Random Forest,No SMOTE,0,0,0.0
Random Forest,No SMOTE,0,0,0.0
Random Forest,No SMOTE,0,0,0.0
Random Forest,No SMOTE,0,0,0.0
Random Forest,No SMOTE,0,0,0.0
Random Forest,No SMOTE,0,0,0.0
Random Forest,No SMOTE,0,0,0.0
Random Forest,No SMOTE,0,0,0.0
Random Forest,No SMOTE,0,0,0.008096769891022433
Random Forest,No SMOTE,0,0,0.0
Random Forest,No SMOTE,0,0,0.0
Random Forest,No SMOTE,0,0,0.0
Random Forest,No SMOTE,0,0,0.0
Random Forest,No SMOTE,0,0,0.0
Random Forest,No SMOTE,0,0,0.0
Random Forest,No SMOTE,0,0,0.0
Random Forest,No SMOTE,0,0,0.0
Random Forest,No SMOTE,0,0,0.0
Random Forest,No SMOTE,0,0,0.0
Random Forest,No SMOTE,0,0,0.0
Random Forest,No SMOTE,0,0,0.0
Random Forest,No SMOTE,0,0,0.0
Random Forest,No SMOTE,0,0,0.0
Random Forest,No SMOTE,0,0,0.0
Random Forest,No SMOTE,0,0,0.0
Random Forest,No SMOTE,0,0,0.0
Random Forest,No SMOTE,0,0,0.0
Random Forest,No SMOTE,0,0,0.0
Random Forest,No SMOTE,0,0,0.0
Random Forest,No SMOTE,0,0,0.0
Random Forest,No SMOTE,0,0,0.0
Random Forest,No SMOTE,0,0,0.0
Random Forest,No SMOTE,0,0,0.0
Random Forest,No SMOTE,0,0,0.0
Random Forest,No SMOTE,0,0,0.0
Random Forest,No SMOTE,0,0,0.0
Random Forest,No SMOTE,0,0,0.0
Random Forest,No SMOTE,0,0,0.0
Random Forest,No SMOTE,0,0,0.0
Random Forest,No SMOTE,0,0,0.005421603354912019
Random Forest,No SMOTE,0,0,0.0
Random Forest,No SMOTE,0,0,0.0
Random Forest,No SMOTE,0,0,0.013518373245934452
Random Forest,No SMOTE,0,0,0.0
Random Forest,No SMOTE,0,0,0.0
Random Forest,No SMOTE,0,0,0.0
Random Forest,No SMOTE,0,0,0.0
Random Forest,No SMOTE,0,0,0.0
Random Forest,No SMOTE,0,0,0.008096769891022433
Random Forest,No SMOTE,0,0,0.0
Random Forest,No SMOTE,0,0,0.0
Random Forest,No SMOTE,0,0,0.0
Random Forest,No SMOTE,0,0,0.0
Random Forest,No SMOTE,0,0,0.0
Random Forest,No SMOTE,0,0,0.0
Random Forest,No SMOTE,0,0,0.0
Random Forest,No SMOTE,0,0,0.0
Random Forest,No SMOTE,0,0,0.0
Random Forest,No SMOTE,0,0,0.0
Random Forest,No SMOTE,0,0,0.0
Random Forest,No SMOTE,0,0,0.0
Random Forest,No SMOTE,0,0,0.0
Random Forest,No SMOTE,0,0,0.0
Random Forest,No SMOTE,0,0,0.0
Random Forest,No SMOTE,0,0,0.0
Random Forest,No SMOTE,0,0,0.0
Random Forest,No SMOTE,0,0,0.0
Random Forest,No SMOTE,0,0,0.0
Random Forest,No SMOTE,0,0,0.0
Random Forest,No SMOTE,0,0,0.0
Random Forest,No SMOTE,0,0,0.0
Random Forest,No SMOTE,0,0,0.0
Random Forest,No SMOTE,0,0,0.0
Random Forest,No SMOTE,0,0,0.0
Random Forest,No SMOTE,0,0,0.0
Random Forest,No SMOTE,0,0,0.0
Random Forest,No SMOTE,0,0,0.0
Random Forest,No SMOTE,0,0,0.0
Random Forest,No SMOTE,0,0,0.0
Random Forest,No SMOTE,0,0,0.0
Random Forest,No SMOTE,0,0,0.0
Random Forest,No SMOTE,0,0,0.0
Random Forest,No SMOTE,0,0,0.0
Random Forest,No SMOTE,0,0,0.0
Random Forest,No SMOTE,0,0,0.0
Random Forest,No SMOTE,0,0,0.0
Random Forest,No SMOTE,0,0,0.0
Random Forest,No SMOTE,0,0,0.0
Random Forest,No SMOTE,0,0,0.0
Random Forest,No SMOTE,0,0,0.0
Random Forest,No SMOTE,0,0,0.0
Random Forest,No SMOTE,0,0,0.0
Random Forest,No SMOTE,0,0,0.0
Random Forest,No SMOTE,0,0,0.0
Random Forest,No SMOTE,0,0,0.0
Random Forest,No SMOTE,0,0,0.0
Random Forest,No SMOTE,0,0,0.0
Random Forest,No SMOTE,0,0,0.0
Random Forest,No SMOTE,0,0,0.0
Random Forest,No SMOTE,0,0,0.0
Random Forest,No SMOTE,0,0,0.0
Random Forest,No SMOTE,0,0,0.013518373245934452
Random Forest,No SMOTE,0,0,0.0
Random Forest,No SMOTE,0,0,0.0
Random Forest,No SMOTE,0,0,0.0
Random Forest,No SMOTE,0,0,0.0
Random Forest,No SMOTE,0,0,0.0
Random Forest,No SMOTE,0,0,0.0
Random Forest,No SMOTE,0,0,0.0
Random Forest,No SMOTE,0,0,0.0
Random Forest,No SMOTE,0,0,0.0
Random Forest,No SMOTE,0,0,0.0
Random Forest,No SMOTE,0,0,0.019914487039179328
Random Forest,No SMOTE,0,0,0.0
Random Forest,No SMOTE,0,0,0.0
Random Forest,No SMOTE,0,0,0.0
Random Forest,No SMOTE,0,0,0.0
Random Forest,No SMOTE,0,0,0.0
Random Forest,No SMOTE,0,0,0.0
Random Forest,No SMOTE,0,0,0.0
Random Forest,No SMOTE,0,0,0.0
Random Forest,No SMOTE,0,0,0.013518373245934452
Random Forest,No SMOTE,0,0,0.0
Random Forest,No SMOTE,0,0,0.0
Random Forest,No SMOTE,0,0,0.0
Random Forest,No SMOTE,0,0,0.0
Random Forest,No SMOTE,0,0,0.0
Random Forest,No SMOTE,0,0,0.0
Random Forest,No SMOTE,0,0,0.0
Random Forest,No SMOTE,0,0,0.0
Random Forest,No SMOTE,0,0,0.0
Random Forest,No SMOTE,0,0,0.005421603354912019
Random Forest,No SMOTE,0,0,0.0
Random Forest,No SMOTE,0,0,0.0
Random Forest,No SMOTE,0,0,0.0
Random Forest,No SMOTE,0,0,0.017576059157889068
Random Forest,No SMOTE,0,0,0.0
Random Forest,No SMOTE,0,0,0.0
Random Forest,No SMOTE,0,0,0.0
Random Forest,No SMOTE,0,0,0.0
Random Forest,No SMOTE,0,0,0.0
Random Forest,No SMOTE,0,0,0.0
Random Forest,No SMOTE,0,0,0.0
Random Forest,No SMOTE,0,0,0.0
Random Forest,No SMOTE,0,0,0.0
Random Forest,No SMOTE,0,0,0.0
Random Forest,No SMOTE,0,0,0.0
Random Forest,No SMOTE,0,0,0.0
Random Forest,No SMOTE,0,0,0.008096769891022433
Random Forest,No SMOTE,0,0,0.0
Random Forest,No SMOTE,0,0,0.0
Random Forest,No SMOTE,0,0,0.0
Random Forest,No SMOTE,0,0,0.008096769891022433
Random Forest,No SMOTE,0,0,0.0
Random Forest,No SMOTE,0,0,0.0
Random Forest,No SMOTE,0,0,0.0
Random Forest,No SMOTE,0,0,0.0
Random Forest,No SMOTE,0,0,0.0
Random Forest,No SMOTE,0,0,0.0
Random Forest,No SMOTE,0,0,0.0
Random Forest,No SMOTE,0,0,0.0
Random Forest,No SMOTE,0,0,0.0
Random Forest,No SMOTE,0,0,0.0
Random Forest,No SMOTE,0,0,0.0
Random Forest,No SMOTE,0,0,0.0
Random Forest,No SMOTE,0,0,0.0
Random Forest,No SMOTE,0,0,0.0
Random Forest,No SMOTE,0,0,0.0
Random Forest,No SMOTE,0,0,0.0
Random Forest,No SMOTE,0,0,0.0
Random Forest,No SMOTE,0,0,0.0
Random Forest,No SMOTE,0,0,0.0
Random Forest,No SMOTE,0,0,0.0
Random Forest,No SMOTE,0,0,0.008096769891022433
Random Forest,No SMOTE,0,0,0.0
Random Forest,No SMOTE,0,0,0.0
Random Forest,No SMOTE,0,0,0.0
Random Forest,No SMOTE,0,0,0.0
Random Forest,No SMOTE,0,0,0.0
Random Forest,No SMOTE,0,0,0.0
Random Forest,No SMOTE,0,0,0.0
Random Forest,No SMOTE,0,0,0.0
Random Forest,No SMOTE,0,0,0.0
Random Forest,No SMOTE,0,0,0.0
Random Forest,No SMOTE,0,0,0.01
Random Forest,No SMOTE,0,0,0.0
Random Forest,No SMOTE,0,0,0.0
Random Forest,No SMOTE,0,0,0.0
Random Forest,No SMOTE,0,0,0.0
Random Forest,No SMOTE,0,0,0.0
Random Forest,No SMOTE,0,0,0.0
Random Forest,No SMOTE,0,0,0.008096769891022433
Random Forest,No SMOTE,0,0,0.0
Random Forest,No SMOTE,0,0,0.0
Random Forest,No SMOTE,0,0,0.0
Random Forest,No SMOTE,0,0,0.0
Random Forest,No SMOTE,0,0,0.0
Random Forest,No SMOTE,0,0,0.0
Random Forest,No SMOTE,0,0,0.0
Random Forest,No SMOTE,0,0,0.0
Random Forest,No SMOTE,0,0,0.0
Random Forest,No SMOTE,0,0,0.0
Random Forest,No SMOTE,0,0,0.0
Random Forest,No SMOTE,0,0,0.0
Random Forest,No SMOTE,0,0,0.013518373245934452
Random Forest,No SMOTE,0,0,0.0
Random Forest,No SMOTE,0,0,0.0
Random Forest,No SMOTE,0,0,0.0
Random Forest,No SMOTE,0,0,0.0
Random Forest,No SMOTE,0,0,0.0
Random Forest,No SMOTE,0,0,0.0
Random Forest,No SMOTE,0,0,0.005421603354912019
Random Forest,No SMOTE,0,0,0.0
Random Forest,No SMOTE,0,0,0.0
Random Forest,No SMOTE,0,0,0.0
Random Forest,No SMOTE,0,0,0.0
Random Forest,No SMOTE,0,0,0.008096769891022433
Random Forest,No SMOTE,0,0,0.0
Random Forest,No SMOTE,0,0,0.0
Random Forest,No SMOTE,0,0,0.0
Random Forest,No SMOTE,0,0,0.0
Random Forest,No SMOTE,0,0,0.0
Random Forest,No SMOTE,0,0,0.0
Random Forest,No SMOTE,0,0,0.0
Random Forest,No SMOTE,0,0,0.008096769891022433
Random Forest,No SMOTE,0,0,0.0
Random Forest,No SMOTE,0,0,0.0
Random Forest,No SMOTE,0,0,0.005421603354912019
Random Forest,No SMOTE,0,0,0.0
Random Forest,No SMOTE,0,0,0.0
Random Forest,No SMOTE,0,0,0.013518373245934452
Random Forest,No SMOTE,0,0,0.0
Random Forest,No SMOTE,0,0,0.0
Random Forest,No SMOTE,0,0,0.0
Random Forest,No SMOTE,0,0,0.0
Random Forest,No SMOTE,0,0,0.0
Random Forest,No SMOTE,0,0,0.0
Random Forest,No SMOTE,0,0,0.0
Random Forest,No SMOTE,0,0,0.0
Random Forest,No SMOTE,0,0,0.0
Random Forest,No SMOTE,0,0,0.0
Random Forest,No SMOTE,0,0,0.0
Random Forest,No SMOTE,0,0,0.0
Random Forest,No SMOTE,0,0,0.0
Random Forest,No SMOTE,0,0,0.0
Random Forest,No SMOTE,0,0,0.0
Random Forest,No SMOTE,0,0,0.0
Random Forest,No SMOTE,0,0,0.0
Random Forest,No SMOTE,0,0,0.0
Random Forest,No SMOTE,0,0,0.013518373245934452
Random Forest,No SMOTE,0,0,0.0
Random Forest,No SMOTE,0,0,0.0
Random Forest,No SMOTE,0,0,0.005421603354912019
Random Forest,No SMOTE,0,0,0.0
Random Forest,No SMOTE,0,0,0.0
Random Forest,No SMOTE,0,0,0.0
Random Forest,No SMOTE,0,0,0.005421603354912019
Random Forest,No SMOTE,0,0,0.0
Random Forest,No SMOTE,0,0,0.0
Random Forest,No SMOTE,0,0,0.0099805126667666
Random Forest,No SMOTE,0,0,0.0
Random Forest,No SMOTE,0,0,0.0
Random Forest,No SMOTE,0,0,0.0
Random Forest,No SMOTE,0,0,0.0
Random Forest,No SMOTE,0,0,0.0
Random Forest,No SMOTE,0,0,0.0
Random Forest,No SMOTE,0,0,0.0
Random Forest,No SMOTE,0,0,0.0
Random Forest,No SMOTE,0,0,0.0
Random Forest,No SMOTE,0,0,0.0
Random Forest,No SMOTE,0,0,0.0
Random Forest,No SMOTE,0,0,0.0
Random Forest,No SMOTE,0,0,0.0
Random Forest,No SMOTE,0,0,0.0
Random Forest,No SMOTE,0,0,0.005421603354912019
Random Forest,No SMOTE,0,0,0.0
Random Forest,No SMOTE,0,0,0.0
Random Forest,No SMOTE,0,0,0.0
Random Forest,No SMOTE,0,0,0.0
Random Forest,No SMOTE,0,0,0.008096769891022433
Random Forest,No SMOTE,0,0,0.0
Random Forest,No SMOTE,0,0,0.0
Random Forest,No SMOTE,0,0,0.0
Random Forest,No SMOTE,0,0,0.0
Random Forest,No SMOTE,0,0,0.0
Random Forest,No SMOTE,0,0,0.0
Random Forest,No SMOTE,0,0,0.0
Random Forest,No SMOTE,0,0,0.013518373245934452
Random Forest,No SMOTE,0,0,0.0
Random Forest,No SMOTE,0,0,0.0
Random Forest,No SMOTE,0,0,0.0
Random Forest,No SMOTE,0,0,0.0
Random Forest,No SMOTE,0,0,0.0
Random Forest,No SMOTE,0,0,0.0
Random Forest,No SMOTE,0,0,0.013518373245934452
Random Forest,No SMOTE,0,0,0.0
Random Forest,No SMOTE,0,0,0.0
Random Forest,No SMOTE,0,0,0.008096769891022433
Random Forest,No SMOTE,0,0,0.0
Random Forest,No SMOTE,0,0,0.0
Random Forest,No SMOTE,0,0,0.0
Random Forest,No SMOTE,0,0,0.0
Random Forest,No SMOTE,0,0,0.0
Random Forest,No SMOTE,0,0,0.0
Random Forest,No SMOTE,0,0,0.0
Random Forest,No SMOTE,0,0,0.005421603354912019
Random Forest,No SMOTE,0,0,0.008096769891022433
Random Forest,No SMOTE,0,0,0.0
Random Forest,No SMOTE,0,0,0.0
Random Forest,No SMOTE,0,0,0.0
Random Forest,No SMOTE,0,0,0.0
Random Forest,No SMOTE,0,0,0.0
Random Forest,No SMOTE,0,0,0.008096769891022433
Random Forest,No SMOTE,0,0,0.0
Random Forest,No SMOTE,0,0,0.0
Random Forest,No SMOTE,0,0,0.0
Random Forest,No SMOTE,0,0,0.008096769891022433
Random Forest,No SMOTE,0,0,0.0
Random Forest,No SMOTE,0,0,0.0
Random Forest,No SMOTE,0,0,0.0
Random Forest,No SMOTE,0,0,0.0
Random Forest,No SMOTE,0,0,0.0
Random Forest,No SMOTE,0,0,0.0
Random Forest,No SMOTE,0,0,0.0
Random Forest,No SMOTE,0,0,0.0
Random Forest,No SMOTE,0,0,0.0
Random Forest,No SMOTE,0,0,0.0
Random Forest,No SMOTE,0,0,0.0
Random Forest,No SMOTE,0,0,0.0
Random Forest,No SMOTE,0,0,0.0
Random Forest,No SMOTE,0,0,0.0
Random Forest,No SMOTE,0,0,0.005421603354912019
Random Forest,No SMOTE,0,0,0.0
Random Forest,No SMOTE,0,0,0.0
Random Forest,No SMOTE,0,0,0.0
Random Forest,No SMOTE,0,0,0.0
Random Forest,No SMOTE,0,0,0.008096769891022433
Random Forest,No SMOTE,0,0,0.0
Random Forest,No SMOTE,0,0,0.0
Random Forest,No SMOTE,0,0,0.008096769891022433
Random Forest,No SMOTE,0,0,0.0
Random Forest,No SMOTE,0,0,0.0
Random Forest,No SMOTE,0,0,0.008096769891022433
Random Forest,No SMOTE,0,0,0.0
Random Forest,No SMOTE,0,0,0.0
Random Forest,No SMOTE,0,0,0.0
Random Forest,No SMOTE,0,0,0.0
Random Forest,No SMOTE,0,0,0.0
Random Forest,No SMOTE,0,0,0.0
Random Forest,No SMOTE,0,0,0.0
Random Forest,No SMOTE,0,0,0.0
Random Forest,No SMOTE,0,0,0.013518373245934452
Random Forest,No SMOTE,0,0,0.0
Random Forest,No SMOTE,0,0,0.0
Random Forest,No SMOTE,0,0,0.0
Random Forest,No SMOTE,0,0,0.0
Random Forest,No SMOTE,0,0,0.0
Random Forest,No SMOTE,0,0,0.0
Random Forest,No SMOTE,0,0,0.0
Random Forest,No SMOTE,0,0,0.0
Random Forest,No SMOTE,0,0,0.0
Random Forest,No SMOTE,0,0,0.0
Random Forest,No SMOTE,0,0,0.0
Random Forest,No SMOTE,0,0,0.0
Random Forest,No SMOTE,0,0,0.0
Random Forest,No SMOTE,0,0,0.0
Random Forest,No SMOTE,0,0,0.0
Random Forest,No SMOTE,0,0,0.0
Random Forest,No SMOTE,0,0,0.0
Random Forest,No SMOTE,0,0,0.0
Random Forest,No SMOTE,0,0,0.0
Random Forest,No SMOTE,0,0,0.0
Random Forest,No SMOTE,0,0,0.0
Random Forest,No SMOTE,0,0,0.0
Random Forest,No SMOTE,0,0,0.0
Random Forest,No SMOTE,0,0,0.0
Random Forest,No SMOTE,0,0,0.0
Random Forest,No SMOTE,0,0,0.0
Random Forest,No SMOTE,0,0,0.0
Random Forest,No SMOTE,0,0,0.008096769891022433
Random Forest,No SMOTE,0,0,0.0
Random Forest,No SMOTE,0,0,0.0
Random Forest,No SMOTE,0,0,0.0
Random Forest,No SMOTE,0,0,0.008096769891022433
Random Forest,No SMOTE,0,0,0.0
Random Forest,No SMOTE,0,0,0.0
Random Forest,No SMOTE,0,0,0.008096769891022433
Random Forest,No SMOTE,0,0,0.0
Random Forest,No SMOTE,0,0,0.0
Random Forest,No SMOTE,0,0,0.0
Random Forest,No SMOTE,0,0,0.0
Random Forest,No SMOTE,0,0,0.0
Random Forest,No SMOTE,0,0,0.0
Random Forest,No SMOTE,0,0,0.0
Random Forest,No SMOTE,0,0,0.0
Random Forest,No SMOTE,0,0,0.0
Random Forest,No SMOTE,0,0,0.0
Random Forest,No SMOTE,0,0,0.0
Random Forest,No SMOTE,0,0,0.0
Random Forest,No SMOTE,0,0,0.0
Random Forest,No SMOTE,0,0,0.0
Random Forest,No SMOTE,0,0,0.0
Random Forest,No SMOTE,0,0,0.0
Random Forest,No SMOTE,0,0,0.0
Random Forest,No SMOTE,0,0,0.0
Random Forest,No SMOTE,0,0,0.0
Random Forest,No SMOTE,0,0,0.0
Random Forest,No SMOTE,0,0,0.0
Random Forest,No SMOTE,0,0,0.0
Random Forest,No SMOTE,0,0,0.0
Random Forest,No SMOTE,0,0,0.0
Random Forest,No SMOTE,0,0,0.0
Random Forest,No SMOTE,0,0,0.0
Random Forest,No SMOTE,0,0,0.0
Random Forest,No SMOTE,0,0,0.0
Random Forest,No SMOTE,0,0,0.0
Random Forest,No SMOTE,0,0,0.0
Random Forest,No SMOTE,0,0,0.0
Random Forest,No SMOTE,0,0,0.008096769891022433
Random Forest,No SMOTE,0,0,0.0
Random Forest,No SMOTE,0,0,0.0
Random Forest,No SMOTE,0,0,0.0
Random Forest,No SMOTE,0,0,0.0
Random Forest,No SMOTE,0,0,0.0
Random Forest,No SMOTE,0,0,0.0
Random Forest,No SMOTE,0,0,0.0
Random Forest,No SMOTE,0,0,0.0
Random Forest,No SMOTE,0,0,0.0
Random Forest,No SMOTE,0,0,0.0
Random Forest,No SMOTE,0,0,0.0
Random Forest,No SMOTE,0,0,0.0
Random Forest,No SMOTE,0,0,0.0
Random Forest,No SMOTE,0,0,0.0
Random Forest,No SMOTE,0,0,0.0
Random Forest,No SMOTE,0,0,0.0
Random Forest,No SMOTE,0,0,0.0
Random Forest,No SMOTE,0,0,0.0
Random Forest,No SMOTE,0,0,0.0
Random Forest,No SMOTE,0,0,0.0
Random Forest,No SMOTE,0,0,0.0
Random Forest,No SMOTE,0,0,0.0
Random Forest,No SMOTE,0,0,0.008096769891022433
Random Forest,No SMOTE,0,0,0.0
Random Forest,No SMOTE,0,0,0.008096769891022433
Random Forest,No SMOTE,0,0,0.0
Random Forest,No SMOTE,0,0,0.0
Random Forest,No SMOTE,0,0,0.0
Random Forest,No SMOTE,0,0,0.0
Random Forest,No SMOTE,0,0,0.0
Random Forest,No SMOTE,0,0,0.008096769891022433
Random Forest,No SMOTE,0,0,0.008096769891022433
Random Forest,No SMOTE,0,0,0.0
Random Forest,No SMOTE,0,0,0.008096769891022433
Random Forest,No SMOTE,0,0,0.0
Random Forest,No SMOTE,0,0,0.0
Random Forest,No SMOTE,0,0,0.0
Random Forest,No SMOTE,0,0,0.0
Random Forest,No SMOTE,0,0,0.0
Random Forest,No SMOTE,0,0,0.0
Random Forest,No SMOTE,0,0,0.0
Random Forest,No SMOTE,0,0,0.0
Random Forest,No SMOTE,0,0,0.013518373245934452
Random Forest,No SMOTE,0,0,0.0
Random Forest,No SMOTE,0,0,0.0
Random Forest,No SMOTE,0,0,0.0
Random Forest,No SMOTE,0,0,0.0
Random Forest,No SMOTE,0,0,0.0
Random Forest,No SMOTE,0,0,0.0
Random Forest,No SMOTE,0,0,0.0
Random Forest,No SMOTE,0,0,0.0
Random Forest,No SMOTE,0,0,0.0
Random Forest,No SMOTE,0,0,0.0
Random Forest,No SMOTE,0,0,0.0
Random Forest,No SMOTE,0,0,0.0
Random Forest,No SMOTE,0,0,0.0
Random Forest,No SMOTE,0,0,0.0
Random Forest,No SMOTE,0,0,0.0
Random Forest,No SMOTE,0,0,0.0
Random Forest,No SMOTE,0,0,0.019958948960428127
Random Forest,No SMOTE,0,0,0.008096769891022433
Random Forest,No SMOTE,0,0,0.0
Random Forest,No SMOTE,0,0,0.0
Random Forest,No SMOTE,0,0,0.0
Random Forest,No SMOTE,0,0,0.0
Random Forest,No SMOTE,0,0,0.0
Random Forest,No SMOTE,0,0,0.0
Random Forest,No SMOTE,0,0,0.013518373245934452
Random Forest,No SMOTE,0,0,0.0
Random Forest,No SMOTE,0,0,0.0
Random Forest,No SMOTE,0,0,0.0
Random Forest,No SMOTE,0,0,0.0
Random Forest,No SMOTE,0,0,0.0
Random Forest,No SMOTE,0,0,0.0
Random Forest,No SMOTE,0,0,0.0
Random Forest,No SMOTE,0,0,0.0
Random Forest,No SMOTE,0,0,0.008096769891022433
Random Forest,No SMOTE,0,0,0.0
Random Forest,No SMOTE,0,0,0.0
Random Forest,No SMOTE,0,0,0.0
Random Forest,No SMOTE,0,0,0.0
Random Forest,No SMOTE,0,0,0.0
Random Forest,No SMOTE,0,0,0.0
Random Forest,No SMOTE,0,0,0.013518373245934452
Random Forest,No SMOTE,0,0,0.019436086980468708
Random Forest,No SMOTE,0,0,0.0
Random Forest,No SMOTE,0,0,0.0
Random Forest,No SMOTE,0,0,0.0
Random Forest,No SMOTE,0,0,0.0
Random Forest,No SMOTE,0,0,0.0
Random Forest,No SMOTE,0,0,0.0
Random Forest,No SMOTE,0,0,0.0
Random Forest,No SMOTE,0,0,0.0
Random Forest,No SMOTE,1,1,0.9999831164257241
Random Forest,No SMOTE,0,0,0.0
Random Forest,No SMOTE,0,0,0.0
Random Forest,No SMOTE,0,0,0.0
Random Forest,No SMOTE,0,0,0.0
Random Forest,No SMOTE,0,0,0.0
Random Forest,No SMOTE,0,0,0.0
Random Forest,No SMOTE,0,0,0.0
Random Forest,No SMOTE,0,0,0.0
Random Forest,No SMOTE,0,0,0.0
Random Forest,No SMOTE,0,0,0.0
Random Forest,No SMOTE,0,0,0.0
Random Forest,No SMOTE,0,0,0.0
Random Forest,No SMOTE,0,0,0.0
Random Forest,No SMOTE,0,0,0.0
Random Forest,No SMOTE,0,0,0.0
Random Forest,No SMOTE,0,0,0.0
Random Forest,No SMOTE,0,0,0.0
Random Forest,No SMOTE,0,0,0.008096769891022433
Random Forest,No SMOTE,0,0,0.0
Random Forest,No SMOTE,0,0,0.0
Random Forest,No SMOTE,0,0,0.0
Random Forest,No SMOTE,0,0,0.0
Random Forest,No SMOTE,0,0,0.0
Random Forest,No SMOTE,0,0,0.0
Random Forest,No SMOTE,0,0,0.0
Random Forest,No SMOTE,0,0,0.0
Random Forest,No SMOTE,0,0,0.0
Random Forest,No SMOTE,0,0,0.0
Random Forest,No SMOTE,0,0,0.008096769891022433
Random Forest,No SMOTE,0,0,0.0
Random Forest,No SMOTE,0,0,0.0
Random Forest,No SMOTE,0,0,0.0
Random Forest,No SMOTE,0,0,0.0
Random Forest,No SMOTE,0,0,0.008096769891022433
Random Forest,No SMOTE,0,0,0.0
Random Forest,No SMOTE,0,0,0.0
Random Forest,No SMOTE,0,0,0.0
Random Forest,No SMOTE,0,0,0.029898242318713478
Random Forest,No SMOTE,0,0,0.0
Random Forest,No SMOTE,0,0,0.0
Random Forest,No SMOTE,0,0,0.0
Random Forest,No SMOTE,0,0,0.0
Random Forest,No SMOTE,0,0,0.0
Random Forest,No SMOTE,0,0,0.0
Random Forest,No SMOTE,0,0,0.008096769891022433
Random Forest,No SMOTE,0,0,0.0
Random Forest,No SMOTE,0,0,0.0
Random Forest,No SMOTE,0,0,0.0
Random Forest,No SMOTE,0,0,0.0
Random Forest,No SMOTE,0,0,0.0
Random Forest,No SMOTE,0,0,0.0
Random Forest,No SMOTE,0,0,0.0
Random Forest,No SMOTE,0,0,0.0
Random Forest,No SMOTE,0,0,0.008096769891022433
Random Forest,No SMOTE,0,0,0.0
Random Forest,No SMOTE,0,0,0.0
Random Forest,No SMOTE,0,0,0.0
Random Forest,No SMOTE,0,0,0.0
Random Forest,No SMOTE,0,0,0.0
Random Forest,No SMOTE,0,0,0.0
Random Forest,No SMOTE,0,0,0.0
Random Forest,No SMOTE,0,0,0.0
Random Forest,No SMOTE,0,0,0.0
Random Forest,No SMOTE,0,0,0.0
Random Forest,No SMOTE,0,0,0.0
Random Forest,No SMOTE,0,0,0.0
Random Forest,No SMOTE,0,0,0.0
Random Forest,No SMOTE,0,0,0.0
Random Forest,No SMOTE,0,0,0.0
Random Forest,No SMOTE,0,0,0.0
Random Forest,No SMOTE,0,0,0.0
Random Forest,No SMOTE,0,0,0.0
Random Forest,No SMOTE,0,0,0.008096769891022433
Random Forest,No SMOTE,0,0,0.0
Random Forest,No SMOTE,0,0,0.0
Random Forest,No SMOTE,0,0,0.0
Random Forest,No SMOTE,0,0,0.005421603354912019
Random Forest,No SMOTE,0,0,0.0
Random Forest,No SMOTE,0,0,0.0
Random Forest,No SMOTE,0,0,0.0
Random Forest,No SMOTE,0,0,0.0
Random Forest,No SMOTE,0,0,0.0
Random Forest,No SMOTE,0,0,0.0
Random Forest,No SMOTE,0,0,0.0
Random Forest,No SMOTE,0,0,0.0
Random Forest,No SMOTE,0,0,0.005421603354912019
Random Forest,No SMOTE,0,0,0.0
Random Forest,No SMOTE,0,0,0.0
Random Forest,No SMOTE,0,0,0.0
Random Forest,No SMOTE,0,0,0.0
Random Forest,No SMOTE,0,0,0.0
Random Forest,No SMOTE,0,0,0.013518373245934452
Random Forest,No SMOTE,0,0,0.0
Random Forest,No SMOTE,0,0,0.0
Random Forest,No SMOTE,0,0,0.0
Random Forest,No SMOTE,0,0,0.0
Random Forest,No SMOTE,0,0,0.008096769891022433
Random Forest,No SMOTE,0,0,0.0
Random Forest,No SMOTE,0,0,0.0
Random Forest,No SMOTE,0,0,0.0
Random Forest,No SMOTE,0,0,0.0
Random Forest,No SMOTE,0,0,0.0
Random Forest,No SMOTE,0,0,0.008096769891022433
Random Forest,No SMOTE,0,0,0.0
Random Forest,No SMOTE,0,0,0.0
Random Forest,No SMOTE,0,0,0.0
Random Forest,No SMOTE,0,0,0.0
Random Forest,No SMOTE,0,0,0.0
Random Forest,No SMOTE,0,0,0.0
Random Forest,No SMOTE,0,0,0.0
Random Forest,No SMOTE,0,0,0.0
Random Forest,No SMOTE,0,0,0.0
Random Forest,No SMOTE,0,0,0.0
Random Forest,No SMOTE,0,0,0.0
Random Forest,No SMOTE,0,0,0.0
Random Forest,No SMOTE,0,0,0.0
Random Forest,No SMOTE,0,0,0.0
Random Forest,No SMOTE,0,0,0.0
Random Forest,No SMOTE,0,0,0.0
Random Forest,No SMOTE,0,0,0.0
Random Forest,No SMOTE,0,0,0.0
Random Forest,No SMOTE,0,0,0.0
Random Forest,No SMOTE,0,0,0.0
Random Forest,No SMOTE,0,0,0.0
Random Forest,No SMOTE,0,0,0.0
Random Forest,No SMOTE,0,0,0.0
Random Forest,No SMOTE,0,0,0.0
Random Forest,No SMOTE,0,0,0.0
Random Forest,No SMOTE,0,0,0.0
Random Forest,No SMOTE,0,0,0.0
Random Forest,No SMOTE,0,0,0.008096769891022433
Random Forest,No SMOTE,0,0,0.0
Random Forest,No SMOTE,0,0,0.005421603354912019
Random Forest,No SMOTE,0,0,0.0
Random Forest,No SMOTE,0,0,0.009918233580508477
Random Forest,No SMOTE,0,0,0.0
Random Forest,No SMOTE,0,0,0.0
Random Forest,No SMOTE,0,0,0.0
Random Forest,No SMOTE,0,0,0.0
Random Forest,No SMOTE,0,0,0.0
Random Forest,No SMOTE,0,0,0.0
Random Forest,No SMOTE,0,0,0.0
Random Forest,No SMOTE,0,0,0.0
Random Forest,No SMOTE,0,0,0.0
Random Forest,No SMOTE,0,0,0.0
Random Forest,No SMOTE,0,0,0.0
Random Forest,No SMOTE,0,0,0.0
Random Forest,No SMOTE,0,0,0.0
Random Forest,No SMOTE,0,0,0.0
Random Forest,No SMOTE,0,0,0.0
Random Forest,No SMOTE,0,0,0.0
Random Forest,No SMOTE,0,0,0.0
Random Forest,No SMOTE,0,0,0.0
Random Forest,No SMOTE,0,0,0.0
Random Forest,No SMOTE,0,0,0.0
Random Forest,No SMOTE,0,0,0.0
Random Forest,No SMOTE,0,0,0.0
Random Forest,No SMOTE,0,0,0.0
Random Forest,No SMOTE,0,0,0.018070803647139484
Random Forest,No SMOTE,0,0,0.0
Random Forest,No SMOTE,0,0,0.008096769891022433
Random Forest,No SMOTE,0,0,0.0
Random Forest,No SMOTE,0,0,0.0
Random Forest,No SMOTE,0,0,0.0
Random Forest,No SMOTE,0,0,0.005421603354912019
Random Forest,No SMOTE,0,0,0.0
Random Forest,No SMOTE,0,0,0.0
Random Forest,No SMOTE,0,0,0.0
Random Forest,No SMOTE,0,0,0.0
Random Forest,No SMOTE,0,0,0.0
Random Forest,No SMOTE,0,0,0.0
Random Forest,No SMOTE,0,0,0.0
Random Forest,No SMOTE,0,0,0.0
Random Forest,No SMOTE,0,0,0.0
Random Forest,No SMOTE,0,0,0.0
Random Forest,No SMOTE,0,0,0.0
Random Forest,No SMOTE,0,0,0.0
Random Forest,No SMOTE,0,0,0.0
Random Forest,No SMOTE,0,0,0.0
Random Forest,No SMOTE,0,0,0.0
Random Forest,No SMOTE,0,0,0.0
Random Forest,No SMOTE,0,0,0.005421603354912019
Random Forest,No SMOTE,0,0,0.0
Random Forest,No SMOTE,0,0,0.0
Random Forest,No SMOTE,0,0,0.0
Random Forest,No SMOTE,0,0,0.0
Random Forest,No SMOTE,0,0,0.0
Random Forest,No SMOTE,0,0,0.0
Random Forest,No SMOTE,0,0,0.0
Random Forest,No SMOTE,0,0,0.0
Random Forest,No SMOTE,0,0,0.008096769891022433
Random Forest,No SMOTE,0,0,0.0
Random Forest,No SMOTE,0,0,0.0
Random Forest,No SMOTE,0,0,0.0
Random Forest,No SMOTE,0,0,0.0
Random Forest,No SMOTE,0,0,0.008096769891022433
Random Forest,No SMOTE,0,0,0.0
Random Forest,No SMOTE,0,0,0.009479289266866635
Random Forest,No SMOTE,0,0,0.0
Random Forest,No SMOTE,0,0,0.0
Random Forest,No SMOTE,0,0,0.0
Random Forest,No SMOTE,0,0,0.0
Random Forest,No SMOTE,0,0,0.0
Random Forest,No SMOTE,0,0,0.0
Random Forest,No SMOTE,0,0,0.008096769891022433
Random Forest,No SMOTE,0,0,0.0
Random Forest,No SMOTE,0,0,0.0
Random Forest,No SMOTE,0,0,0.0
Random Forest,No SMOTE,0,0,0.0
Random Forest,No SMOTE,0,0,0.008096769891022433
Random Forest,No SMOTE,0,0,0.0
Random Forest,No SMOTE,0,0,0.0
Random Forest,No SMOTE,0,0,0.0
Random Forest,No SMOTE,0,0,0.0
Random Forest,No SMOTE,0,0,0.0
Random Forest,No SMOTE,0,0,0.0
Random Forest,No SMOTE,0,0,0.0
Random Forest,No SMOTE,0,0,0.0
Random Forest,No SMOTE,0,0,0.027769409116204034
Random Forest,No SMOTE,0,0,0.0
Random Forest,No SMOTE,0,0,0.005421603354912019
Random Forest,No SMOTE,0,0,0.0
Random Forest,No SMOTE,0,0,0.0
Random Forest,No SMOTE,0,0,0.0
Random Forest,No SMOTE,0,0,0.0
Random Forest,No SMOTE,0,0,0.0
Random Forest,No SMOTE,0,0,0.0
Random Forest,No SMOTE,0,0,0.0
Random Forest,No SMOTE,0,0,0.0
Random Forest,No SMOTE,0,0,0.008096769891022433
Random Forest,No SMOTE,0,0,0.0
Random Forest,No SMOTE,0,0,0.0
Random Forest,No SMOTE,0,0,0.0
Random Forest,No SMOTE,0,0,0.0
Random Forest,No SMOTE,0,0,0.0
Random Forest,No SMOTE,0,0,0.008096769891022433
Random Forest,No SMOTE,0,0,0.0
Random Forest,No SMOTE,0,0,0.0
Random Forest,No SMOTE,0,0,0.013518373245934452
Random Forest,No SMOTE,0,0,0.0
Random Forest,No SMOTE,0,0,0.005421603354912019
Random Forest,No SMOTE,0,0,0.0
Random Forest,No SMOTE,0,0,0.008096769891022433
Random Forest,No SMOTE,0,0,0.0
Random Forest,No SMOTE,0,0,0.0
Random Forest,No SMOTE,0,0,0.0
Random Forest,No SMOTE,0,0,0.0
Random Forest,No SMOTE,0,0,0.0
Random Forest,No SMOTE,0,0,0.0
Random Forest,No SMOTE,0,0,0.0
Random Forest,No SMOTE,0,0,0.0
Random Forest,No SMOTE,0,0,0.0
Random Forest,No SMOTE,0,0,0.0
Random Forest,No SMOTE,0,0,0.0
Random Forest,No SMOTE,0,0,0.0
Random Forest,No SMOTE,0,0,0.0
Random Forest,No SMOTE,0,0,0.0
Random Forest,No SMOTE,0,0,0.0
Random Forest,No SMOTE,0,0,0.0
Random Forest,No SMOTE,0,0,0.0
Random Forest,No SMOTE,0,0,0.0
Random Forest,No SMOTE,0,0,0.0
Random Forest,No SMOTE,0,0,0.0
Random Forest,No SMOTE,0,0,0.0
Random Forest,No SMOTE,0,0,0.0
Random Forest,No SMOTE,0,0,0.0
Random Forest,No SMOTE,0,0,0.008096769891022433
Random Forest,No SMOTE,0,0,0.0
Random Forest,No SMOTE,0,0,0.0
Random Forest,No SMOTE,0,0,0.0
Random Forest,No SMOTE,0,0,0.0
Random Forest,No SMOTE,0,0,0.0
Random Forest,No SMOTE,0,0,0.0
Random Forest,No SMOTE,0,0,0.0
Random Forest,No SMOTE,0,0,0.0
Random Forest,No SMOTE,0,0,0.0
Random Forest,No SMOTE,0,0,0.0
Random Forest,No SMOTE,0,0,0.0
Random Forest,No SMOTE,0,0,0.0
Random Forest,No SMOTE,0,0,0.0
Random Forest,No SMOTE,0,0,0.0
Random Forest,No SMOTE,0,0,0.0
Random Forest,No SMOTE,0,0,0.008096769891022433
Random Forest,No SMOTE,0,0,0.0
Random Forest,No SMOTE,0,0,0.0
Random Forest,No SMOTE,0,0,0.0
Random Forest,No SMOTE,0,0,0.0
Random Forest,No SMOTE,0,0,0.0
Random Forest,No SMOTE,0,0,0.0
Random Forest,No SMOTE,0,0,0.008096769891022433
Random Forest,No SMOTE,0,0,0.0
Random Forest,No SMOTE,0,0,0.01809676989102243
Random Forest,No SMOTE,0,0,0.0
Random Forest,No SMOTE,0,0,0.0
Random Forest,No SMOTE,0,0,0.0
Random Forest,No SMOTE,0,0,0.0
Random Forest,No SMOTE,0,0,0.0
Random Forest,No SMOTE,0,0,0.0
Random Forest,No SMOTE,0,0,0.0
Random Forest,No SMOTE,0,0,0.008096769891022433
Random Forest,No SMOTE,0,0,0.0
Random Forest,No SMOTE,0,0,0.0
Random Forest,No SMOTE,0,0,0.0
Random Forest,No SMOTE,0,0,0.0
Random Forest,No SMOTE,0,0,0.0
Random Forest,No SMOTE,0,0,0.0
Random Forest,No SMOTE,0,0,0.0
Random Forest,No SMOTE,0,0,0.0
Random Forest,No SMOTE,0,0,0.0
Random Forest,No SMOTE,0,0,0.0
Random Forest,No SMOTE,0,0,0.0
Random Forest,No SMOTE,0,0,0.013518373245934452
Random Forest,No SMOTE,0,0,0.0
Random Forest,No SMOTE,0,0,0.0
Random Forest,No SMOTE,0,0,0.008096769891022433
Random Forest,No SMOTE,0,0,0.0
Random Forest,No SMOTE,0,0,0.0
Random Forest,No SMOTE,0,0,0.0
Random Forest,No SMOTE,0,0,0.0
Random Forest,No SMOTE,0,0,0.0
Random Forest,No SMOTE,0,0,0.008096769891022433
Random Forest,No SMOTE,0,0,0.0
Random Forest,No SMOTE,0,0,0.0
Random Forest,No SMOTE,0,0,0.0
Random Forest,No SMOTE,0,0,0.0
Random Forest,No SMOTE,0,0,0.0
Random Forest,No SMOTE,0,0,0.0
Random Forest,No SMOTE,0,0,0.0
Random Forest,No SMOTE,0,0,0.0
Random Forest,No SMOTE,0,0,0.0
Random Forest,No SMOTE,0,0,0.0
Random Forest,No SMOTE,0,0,0.008096769891022433
Random Forest,No SMOTE,0,0,0.008096769891022433
Random Forest,No SMOTE,0,0,0.0
Random Forest,No SMOTE,0,0,0.0
Random Forest,No SMOTE,0,0,0.005421603354912019
Random Forest,No SMOTE,0,0,0.0
Random Forest,No SMOTE,0,0,0.0
Random Forest,No SMOTE,0,0,0.0
Random Forest,No SMOTE,0,0,0.0
Random Forest,No SMOTE,0,0,0.0
Random Forest,No SMOTE,0,0,0.0
Random Forest,No SMOTE,0,0,0.0
Random Forest,No SMOTE,0,0,0.0
Random Forest,No SMOTE,0,0,0.0
Random Forest,No SMOTE,0,0,0.0
Random Forest,No SMOTE,0,0,0.005421603354912019
Random Forest,No SMOTE,0,0,0.0
Random Forest,No SMOTE,0,0,0.0
Random Forest,No SMOTE,0,0,0.0
Random Forest,No SMOTE,0,0,0.0
Random Forest,No SMOTE,0,0,0.009995206590674448
Random Forest,No SMOTE,0,0,0.008096769891022433
Random Forest,No SMOTE,0,0,0.0
Random Forest,No SMOTE,0,0,0.0
Random Forest,No SMOTE,0,0,0.0
Random Forest,No SMOTE,0,0,0.0
Random Forest,No SMOTE,0,0,0.008096769891022433
Random Forest,No SMOTE,0,0,0.0
Random Forest,No SMOTE,0,0,0.0
Random Forest,No SMOTE,0,0,0.0
Random Forest,No SMOTE,0,0,0.0
Random Forest,No SMOTE,0,0,0.0
Random Forest,No SMOTE,0,0,0.0
Random Forest,No SMOTE,0,0,0.0
Random Forest,No SMOTE,0,0,0.0
Random Forest,No SMOTE,0,0,0.0
Random Forest,No SMOTE,0,0,0.0
Random Forest,No SMOTE,0,0,0.0
Random Forest,No SMOTE,0,0,0.0
Random Forest,No SMOTE,0,0,0.0
Random Forest,No SMOTE,0,0,0.0
Random Forest,No SMOTE,0,0,0.0
Random Forest,No SMOTE,0,0,0.008096769891022433
Random Forest,No SMOTE,0,0,0.008096769891022433
Random Forest,No SMOTE,0,0,0.0
Random Forest,No SMOTE,0,0,0.0
Random Forest,No SMOTE,0,0,0.0
Random Forest,No SMOTE,0,0,0.0
Random Forest,No SMOTE,0,0,0.0
Random Forest,No SMOTE,0,0,0.0
Random Forest,No SMOTE,0,0,0.008096769891022433
Random Forest,No SMOTE,0,0,0.0
Random Forest,No SMOTE,0,0,0.0
Random Forest,No SMOTE,0,0,0.0
Random Forest,No SMOTE,0,0,0.0
Random Forest,No SMOTE,0,0,0.0
Random Forest,No SMOTE,0,0,0.0
Random Forest,No SMOTE,0,0,0.008096769891022433
Random Forest,No SMOTE,0,0,0.0
Random Forest,No SMOTE,0,0,0.0
Random Forest,No SMOTE,0,0,0.0
Random Forest,No SMOTE,0,0,0.0
Random Forest,No SMOTE,0,0,0.0
Random Forest,No SMOTE,0,0,0.0
Random Forest,No SMOTE,0,0,0.0
Random Forest,No SMOTE,0,0,0.0
Random Forest,No SMOTE,0,0,0.0
Random Forest,No SMOTE,0,0,0.0
Random Forest,No SMOTE,0,0,0.0
Random Forest,No SMOTE,0,0,0.0
Random Forest,No SMOTE,0,0,0.0
Random Forest,No SMOTE,0,0,0.0
Random Forest,No SMOTE,0,0,0.0
Random Forest,No SMOTE,0,0,0.0
Random Forest,No SMOTE,0,0,0.0
Random Forest,No SMOTE,0,0,0.0
Random Forest,No SMOTE,0,0,0.0
Random Forest,No SMOTE,0,0,0.0
Random Forest,No SMOTE,0,0,0.0
Random Forest,No SMOTE,0,0,0.0
Random Forest,No SMOTE,0,0,0.0
Random Forest,No SMOTE,0,0,0.0
Random Forest,No SMOTE,0,0,0.0
Random Forest,No SMOTE,0,0,0.0
Random Forest,No SMOTE,0,0,0.0
Random Forest,No SMOTE,0,0,0.0
Random Forest,No SMOTE,0,0,0.0
Random Forest,No SMOTE,0,0,0.0
Random Forest,No SMOTE,0,0,0.0
Random Forest,No SMOTE,0,0,0.0
Random Forest,No SMOTE,0,0,0.013518373245934452
Random Forest,No SMOTE,0,0,0.008096769891022433
Random Forest,No SMOTE,0,0,0.0
Random Forest,No SMOTE,0,0,0.0
Random Forest,No SMOTE,0,0,0.0
Random Forest,No SMOTE,0,0,0.0
Random Forest,No SMOTE,0,0,0.0
Random Forest,No SMOTE,0,0,0.0
Random Forest,No SMOTE,0,0,0.0
Random Forest,No SMOTE,0,0,0.0
Random Forest,No SMOTE,0,0,0.0
Random Forest,No SMOTE,0,0,0.03335507552837828
Random Forest,No SMOTE,0,0,0.0
Random Forest,No SMOTE,0,0,0.008096769891022433
Random Forest,No SMOTE,0,0,0.0
Random Forest,No SMOTE,0,0,0.0
Random Forest,No SMOTE,0,0,0.0
Random Forest,No SMOTE,0,0,0.0
Random Forest,No SMOTE,0,0,0.0
Random Forest,No SMOTE,0,0,0.0
Random Forest,No SMOTE,0,0,0.0
Random Forest,No SMOTE,0,0,0.0
Random Forest,No SMOTE,0,0,0.0
Random Forest,No SMOTE,0,0,0.0
Random Forest,No SMOTE,0,0,0.0
Random Forest,No SMOTE,0,0,0.0
Random Forest,No SMOTE,0,0,0.0
Random Forest,No SMOTE,0,0,0.0
Random Forest,No SMOTE,0,0,0.0
Random Forest,No SMOTE,0,0,0.0
Random Forest,No SMOTE,0,0,0.009479289266866635
Random Forest,No SMOTE,0,0,0.0
Random Forest,No SMOTE,0,0,0.0
Random Forest,No SMOTE,0,0,0.0
Random Forest,No SMOTE,0,0,0.0
Random Forest,No SMOTE,0,0,0.0
Random Forest,No SMOTE,0,0,0.0
Random Forest,No SMOTE,0,0,0.008096769891022433
Random Forest,No SMOTE,0,0,0.0
Random Forest,No SMOTE,0,0,0.0
Random Forest,No SMOTE,0,0,0.0
Random Forest,No SMOTE,0,0,0.0
Random Forest,No SMOTE,0,0,0.0
Random Forest,No SMOTE,0,0,0.0
Random Forest,No SMOTE,0,0,0.0
Random Forest,No SMOTE,0,0,0.0
Random Forest,No SMOTE,0,0,0.0
Random Forest,No SMOTE,0,0,0.0
Random Forest,No SMOTE,0,0,0.0
Random Forest,No SMOTE,0,0,0.0
Random Forest,No SMOTE,0,0,0.0
Random Forest,No SMOTE,0,0,0.0
Random Forest,No SMOTE,0,0,0.0
Random Forest,No SMOTE,0,0,0.008096769891022433
Random Forest,No SMOTE,0,0,0.0
Random Forest,No SMOTE,0,0,0.0
Random Forest,No SMOTE,0,0,0.0
Random Forest,No SMOTE,0,0,0.008096769891022433
Random Forest,No SMOTE,0,0,0.0
Random Forest,No SMOTE,0,0,0.0
Random Forest,No SMOTE,0,0,0.008096769891022433
Random Forest,No SMOTE,0,0,0.0
Random Forest,No SMOTE,0,0,0.0
Random Forest,No SMOTE,0,0,0.0
Random Forest,No SMOTE,0,0,0.0
Random Forest,No SMOTE,0,0,0.0
Random Forest,No SMOTE,0,0,0.0
Random Forest,No SMOTE,0,0,0.0
Random Forest,No SMOTE,0,0,0.0
Random Forest,No SMOTE,0,0,0.0
Random Forest,No SMOTE,0,0,0.0
Random Forest,No SMOTE,0,0,0.0
Random Forest,No SMOTE,0,0,0.0
Random Forest,No SMOTE,0,0,0.0
Random Forest,No SMOTE,0,0,0.0
Random Forest,No SMOTE,0,0,0.0
Random Forest,No SMOTE,0,0,0.0
Random Forest,No SMOTE,0,0,0.0
Random Forest,No SMOTE,0,0,0.0
Random Forest,No SMOTE,0,0,0.0
Random Forest,No SMOTE,0,0,0.0
Random Forest,No SMOTE,0,0,0.0
Random Forest,No SMOTE,0,0,0.0
Random Forest,No SMOTE,0,0,0.005421603354912019
Random Forest,No SMOTE,0,0,0.0
Random Forest,No SMOTE,0,0,0.0
Random Forest,No SMOTE,0,0,0.0
Random Forest,No SMOTE,0,0,0.0
Random Forest,No SMOTE,0,0,0.0
Random Forest,No SMOTE,0,0,0.008096769891022433
Random Forest,No SMOTE,0,0,0.0
Random Forest,No SMOTE,0,0,0.0
Random Forest,No SMOTE,0,0,0.0
Random Forest,No SMOTE,0,0,0.0
Random Forest,No SMOTE,0,0,0.0
Random Forest,No SMOTE,0,0,0.047771078657808656
Random Forest,No SMOTE,0,0,0.0
Random Forest,No SMOTE,0,0,0.0
Random Forest,No SMOTE,0,0,0.0
Random Forest,No SMOTE,0,0,0.008096769891022433
Random Forest,No SMOTE,0,0,0.0
Random Forest,No SMOTE,0,0,0.0
Random Forest,No SMOTE,0,0,0.0
Random Forest,No SMOTE,0,0,0.0
Random Forest,No SMOTE,0,0,0.0
Random Forest,No SMOTE,0,0,0.0
Random Forest,No SMOTE,0,0,0.0
Random Forest,No SMOTE,0,0,0.0
Random Forest,No SMOTE,0,0,0.0
Random Forest,No SMOTE,0,0,0.0
Random Forest,No SMOTE,0,0,0.0
Random Forest,No SMOTE,0,0,0.0
Random Forest,No SMOTE,0,0,0.0
Random Forest,No SMOTE,0,0,0.0
Random Forest,No SMOTE,0,0,0.0
Random Forest,No SMOTE,0,0,0.0
Random Forest,No SMOTE,0,0,0.0
Random Forest,No SMOTE,0,0,0.008096769891022433
Random Forest,No SMOTE,0,0,0.0
Random Forest,No SMOTE,0,0,0.0
Random Forest,No SMOTE,0,0,0.0
Random Forest,No SMOTE,0,0,0.0
Random Forest,No SMOTE,0,0,0.0
Random Forest,No SMOTE,0,0,0.0
Random Forest,No SMOTE,0,0,0.0
Random Forest,No SMOTE,0,0,0.0
Random Forest,No SMOTE,0,0,0.0
Random Forest,No SMOTE,0,0,0.0
Random Forest,No SMOTE,0,0,0.0
Random Forest,No SMOTE,0,0,0.0
Random Forest,No SMOTE,0,0,0.0
Random Forest,No SMOTE,0,0,0.0
Random Forest,No SMOTE,0,0,0.0
Random Forest,No SMOTE,0,0,0.0
Random Forest,No SMOTE,0,0,0.0
Random Forest,No SMOTE,0,0,0.0
Random Forest,No SMOTE,0,0,0.0
Random Forest,No SMOTE,0,0,0.0
Random Forest,No SMOTE,0,0,0.0
Random Forest,No SMOTE,0,0,0.008096769891022433
Random Forest,No SMOTE,0,0,0.008096769891022433
Random Forest,No SMOTE,0,0,0.0
Random Forest,No SMOTE,0,0,0.0
Random Forest,No SMOTE,0,0,0.0
Random Forest,No SMOTE,0,0,0.0
Random Forest,No SMOTE,0,0,0.0
Random Forest,No SMOTE,0,0,0.0
Random Forest,No SMOTE,0,0,0.0
Random Forest,No SMOTE,0,0,0.0
Random Forest,No SMOTE,0,0,0.005421603354912019
Random Forest,No SMOTE,0,0,0.0
Random Forest,No SMOTE,0,0,0.013518373245934452
Random Forest,No SMOTE,0,0,0.0
Random Forest,No SMOTE,0,0,0.0
Random Forest,No SMOTE,0,0,0.0
Random Forest,No SMOTE,0,0,0.008096769891022433
Random Forest,No SMOTE,0,0,0.0
Random Forest,No SMOTE,0,0,0.0
Random Forest,No SMOTE,0,0,0.0
Random Forest,No SMOTE,0,0,0.0
Random Forest,No SMOTE,0,0,0.0
Random Forest,No SMOTE,0,0,0.0
Random Forest,No SMOTE,0,0,0.0
Random Forest,No SMOTE,0,0,0.0
Random Forest,No SMOTE,0,0,0.0
Random Forest,No SMOTE,0,0,0.0
Random Forest,No SMOTE,0,0,0.0
Random Forest,No SMOTE,0,0,0.0
Random Forest,No SMOTE,0,0,0.0
Random Forest,No SMOTE,0,0,0.008096769891022433
Random Forest,No SMOTE,0,0,0.0
Random Forest,No SMOTE,0,0,0.0
Random Forest,No SMOTE,0,0,0.0
Random Forest,No SMOTE,0,0,0.0
Random Forest,No SMOTE,0,0,0.0
Random Forest,No SMOTE,0,0,0.0
Random Forest,No SMOTE,0,0,0.013518373245934452
Random Forest,No SMOTE,0,0,0.0
Random Forest,No SMOTE,0,0,0.0
Random Forest,No SMOTE,0,0,0.0
Random Forest,No SMOTE,0,0,0.0
Random Forest,No SMOTE,0,0,0.005421603354912019
Random Forest,No SMOTE,0,0,0.0
Random Forest,No SMOTE,0,0,0.0
Random Forest,No SMOTE,0,0,0.0
Random Forest,No SMOTE,0,0,0.0
Random Forest,No SMOTE,0,0,0.0
Random Forest,No SMOTE,0,0,0.0
Random Forest,No SMOTE,0,0,0.0
Random Forest,No SMOTE,0,0,0.0
Random Forest,No SMOTE,0,0,0.0
Random Forest,No SMOTE,0,0,0.0
Random Forest,No SMOTE,0,0,0.0
Random Forest,No SMOTE,0,0,0.0
Random Forest,No SMOTE,0,0,0.0
Random Forest,No SMOTE,0,0,0.0
Random Forest,No SMOTE,0,0,0.0
Random Forest,No SMOTE,0,0,0.0
Random Forest,No SMOTE,0,0,0.0
Random Forest,No SMOTE,0,0,0.0
Random Forest,No SMOTE,0,0,0.0
Random Forest,No SMOTE,0,0,0.0
Random Forest,No SMOTE,0,0,0.0
Random Forest,No SMOTE,0,0,0.0
Random Forest,No SMOTE,0,0,0.0
Random Forest,No SMOTE,0,0,0.008096769891022433
Random Forest,No SMOTE,0,0,0.0
Random Forest,No SMOTE,0,0,0.0
Random Forest,No SMOTE,0,0,0.0
Random Forest,No SMOTE,0,0,0.0
Random Forest,No SMOTE,0,0,0.0
Random Forest,No SMOTE,0,0,0.0
Random Forest,No SMOTE,0,0,0.0
Random Forest,No SMOTE,0,0,0.0
Random Forest,No SMOTE,0,0,0.0
Random Forest,No SMOTE,0,0,0.0
Random Forest,No SMOTE,0,0,0.0
Random Forest,No SMOTE,0,0,0.0
Random Forest,No SMOTE,0,0,0.0
Random Forest,No SMOTE,0,0,0.0
Random Forest,No SMOTE,0,0,0.0
Random Forest,No SMOTE,0,0,0.0
Random Forest,No SMOTE,0,0,0.0
Random Forest,No SMOTE,0,0,0.0
Random Forest,No SMOTE,0,0,0.008096769891022433
Random Forest,No SMOTE,0,0,0.0
Random Forest,No SMOTE,0,0,0.0
Random Forest,No SMOTE,0,0,0.0
Random Forest,No SMOTE,0,0,0.0
Random Forest,No SMOTE,0,0,0.0
Random Forest,No SMOTE,0,0,0.0
Random Forest,No SMOTE,0,0,0.0
Random Forest,No SMOTE,0,0,0.0
Random Forest,No SMOTE,0,0,0.0
Random Forest,No SMOTE,0,0,0.0
Random Forest,No SMOTE,0,0,0.0
Random Forest,No SMOTE,0,0,0.0
Random Forest,No SMOTE,0,0,0.0
Random Forest,No SMOTE,0,0,0.0
Random Forest,No SMOTE,0,0,0.0
Random Forest,No SMOTE,0,0,0.0
Random Forest,No SMOTE,0,0,0.013518373245934452
Random Forest,No SMOTE,0,0,0.0
Random Forest,No SMOTE,0,0,0.008096769891022433
Random Forest,No SMOTE,0,0,0.00993533625149224
Random Forest,No SMOTE,0,0,0.0
Random Forest,No SMOTE,0,0,0.0
Random Forest,No SMOTE,0,0,0.0
Random Forest,No SMOTE,0,0,0.0
Random Forest,No SMOTE,0,0,0.0
Random Forest,No SMOTE,0,0,0.0
Random Forest,No SMOTE,0,0,0.0
Random Forest,No SMOTE,0,0,0.0
Random Forest,No SMOTE,0,0,0.0
Random Forest,No SMOTE,0,0,0.0
Random Forest,No SMOTE,0,0,0.0
Random Forest,No SMOTE,0,0,0.0
Random Forest,No SMOTE,0,0,0.0
Random Forest,No SMOTE,0,0,0.013518373245934452
Random Forest,No SMOTE,0,0,0.0
Random Forest,No SMOTE,0,0,0.0
Random Forest,No SMOTE,0,0,0.0
Random Forest,No SMOTE,0,0,0.0
Random Forest,No SMOTE,0,0,0.0
Random Forest,No SMOTE,0,0,0.0
Random Forest,No SMOTE,0,0,0.0
Random Forest,No SMOTE,0,0,0.0
Random Forest,No SMOTE,0,0,0.0
Random Forest,No SMOTE,0,0,0.008096769891022433
Random Forest,No SMOTE,0,0,0.0
Random Forest,No SMOTE,0,0,0.013518373245934452
Random Forest,No SMOTE,0,0,0.0
Random Forest,No SMOTE,0,0,0.0
Random Forest,No SMOTE,0,0,0.0
Random Forest,No SMOTE,0,0,0.0
Random Forest,No SMOTE,0,0,0.0
Random Forest,No SMOTE,0,0,0.0
Random Forest,No SMOTE,0,0,0.0
Random Forest,No SMOTE,0,0,0.0
Random Forest,No SMOTE,0,0,0.0
Random Forest,No SMOTE,0,0,0.0
Random Forest,No SMOTE,0,0,0.0
Random Forest,No SMOTE,0,0,0.0
Random Forest,No SMOTE,0,0,0.0
Random Forest,No SMOTE,0,0,0.0
Random Forest,No SMOTE,0,0,0.0
Random Forest,No SMOTE,0,0,0.0
Random Forest,No SMOTE,0,0,0.005421603354912019
Random Forest,No SMOTE,0,0,0.0
Random Forest,No SMOTE,0,0,0.0
Random Forest,No SMOTE,0,0,0.0
Random Forest,No SMOTE,0,0,0.07926106325989644
Random Forest,No SMOTE,0,0,0.0
Random Forest,No SMOTE,0,0,0.0
Random Forest,No SMOTE,0,0,0.0
Random Forest,No SMOTE,0,0,0.0
Random Forest,No SMOTE,0,0,0.013518373245934452
Random Forest,No SMOTE,0,0,0.008096769891022433
Random Forest,No SMOTE,0,0,0.0
Random Forest,No SMOTE,0,0,0.0
Random Forest,No SMOTE,0,0,0.0
Random Forest,No SMOTE,0,0,0.0
Random Forest,No SMOTE,0,0,0.0
Random Forest,No SMOTE,0,0,0.0
Random Forest,No SMOTE,0,0,0.0
Random Forest,No SMOTE,0,0,0.018079444065546804
Random Forest,No SMOTE,0,0,0.0
Random Forest,No SMOTE,0,0,0.0
Random Forest,No SMOTE,0,0,0.0
Random Forest,No SMOTE,0,0,0.0
Random Forest,No SMOTE,0,0,0.0
Random Forest,No SMOTE,0,0,0.0
Random Forest,No SMOTE,0,0,0.0
Random Forest,No SMOTE,0,0,0.0
Random Forest,No SMOTE,0,0,0.0
Random Forest,No SMOTE,0,0,0.0
Random Forest,No SMOTE,0,0,0.0
Random Forest,No SMOTE,0,0,0.008096769891022433
Random Forest,No SMOTE,0,0,0.013518373245934452
Random Forest,No SMOTE,0,0,0.0
Random Forest,No SMOTE,0,0,0.008096769891022433
Random Forest,No SMOTE,0,0,0.0
Random Forest,No SMOTE,0,0,0.0
Random Forest,No SMOTE,0,0,0.0
Random Forest,No SMOTE,0,0,0.005421603354912019
Random Forest,No SMOTE,0,0,0.0
Random Forest,No SMOTE,0,0,0.0
Random Forest,No SMOTE,0,0,0.0
Random Forest,No SMOTE,0,0,0.0
Random Forest,No SMOTE,0,0,0.0
Random Forest,No SMOTE,0,0,0.0
Random Forest,No SMOTE,0,0,0.0
Random Forest,No SMOTE,0,0,0.0
Random Forest,No SMOTE,0,0,0.0
Random Forest,No SMOTE,0,0,0.013518373245934452
Random Forest,No SMOTE,0,0,0.0
Random Forest,No SMOTE,0,0,0.0
Random Forest,No SMOTE,0,0,0.0
Random Forest,No SMOTE,0,0,0.0
Random Forest,No SMOTE,0,0,0.0
Random Forest,No SMOTE,0,0,0.0
Random Forest,No SMOTE,0,0,0.0
Random Forest,No SMOTE,0,0,0.0
Random Forest,No SMOTE,0,0,0.0
Random Forest,No SMOTE,0,0,0.0
Random Forest,No SMOTE,0,0,0.0
Random Forest,No SMOTE,0,0,0.0
Random Forest,No SMOTE,0,0,0.0
Random Forest,No SMOTE,0,0,0.0
Random Forest,No SMOTE,0,0,0.0
Random Forest,No SMOTE,0,0,0.0
Random Forest,No SMOTE,0,0,0.0
Random Forest,No SMOTE,0,0,0.0
Random Forest,No SMOTE,0,0,0.009479289266866635
Random Forest,No SMOTE,0,0,0.0
Random Forest,No SMOTE,0,0,0.013518373245934452
Random Forest,No SMOTE,0,0,0.0
Random Forest,No SMOTE,0,0,0.0
Random Forest,No SMOTE,0,0,0.0
Random Forest,No SMOTE,0,0,0.0
Random Forest,No SMOTE,0,0,0.0
Random Forest,No SMOTE,0,0,0.0
Random Forest,No SMOTE,0,0,0.0
Random Forest,No SMOTE,0,0,0.0
Random Forest,No SMOTE,0,0,0.0
Random Forest,No SMOTE,0,0,0.0
Random Forest,No SMOTE,0,0,0.0
Random Forest,No SMOTE,0,0,0.0
Random Forest,No SMOTE,0,0,0.0
Random Forest,No SMOTE,0,0,0.0
Random Forest,No SMOTE,0,0,0.0
Random Forest,No SMOTE,0,0,0.0
Random Forest,No SMOTE,0,0,0.008096769891022433
Random Forest,No SMOTE,0,0,0.0
Random Forest,No SMOTE,0,0,0.0
Random Forest,No SMOTE,0,0,0.0
Random Forest,No SMOTE,0,0,0.0
Random Forest,No SMOTE,0,0,0.0
Random Forest,No SMOTE,0,0,0.0
Random Forest,No SMOTE,0,0,0.0
Random Forest,No SMOTE,0,0,0.0
Random Forest,No SMOTE,0,0,0.0
Random Forest,No SMOTE,0,0,0.0
Random Forest,No SMOTE,0,0,0.0
Random Forest,No SMOTE,0,0,0.0
Random Forest,No SMOTE,0,0,0.0
Random Forest,No SMOTE,0,0,0.0
Random Forest,No SMOTE,0,0,0.0
Random Forest,No SMOTE,0,0,0.0
Random Forest,No SMOTE,0,0,0.0
Random Forest,No SMOTE,0,0,0.0
Random Forest,No SMOTE,0,0,0.0
Random Forest,No SMOTE,0,0,0.0
Random Forest,No SMOTE,0,0,0.0
Random Forest,No SMOTE,0,0,0.0
Random Forest,No SMOTE,0,0,0.0
Random Forest,No SMOTE,0,0,0.0
Random Forest,No SMOTE,0,0,0.013518373245934452
Random Forest,No SMOTE,0,0,0.0
Random Forest,No SMOTE,0,0,0.0
Random Forest,No SMOTE,0,0,0.0
Random Forest,No SMOTE,0,0,0.008096769891022433
Random Forest,No SMOTE,0,0,0.0
Random Forest,No SMOTE,0,0,0.0
Random Forest,No SMOTE,0,0,0.0
Random Forest,No SMOTE,0,0,0.0
Random Forest,No SMOTE,0,0,0.0
Random Forest,No SMOTE,0,0,0.0
Random Forest,No SMOTE,0,0,0.0
Random Forest,No SMOTE,0,0,0.0
Random Forest,No SMOTE,0,0,0.0
Random Forest,No SMOTE,0,0,0.0
Random Forest,No SMOTE,0,0,0.0
Random Forest,No SMOTE,0,0,0.0
Random Forest,No SMOTE,0,0,0.0
Random Forest,No SMOTE,0,0,0.0
Random Forest,No SMOTE,0,0,0.0
Random Forest,No SMOTE,0,0,0.0
Random Forest,No SMOTE,0,0,0.0
Random Forest,No SMOTE,0,0,0.0
Random Forest,No SMOTE,0,0,0.0
Random Forest,No SMOTE,0,0,0.013518373245934452
Random Forest,No SMOTE,0,0,0.0
Random Forest,No SMOTE,0,0,0.009918233580508477
Random Forest,No SMOTE,0,0,0.0
Random Forest,No SMOTE,0,0,0.0
Random Forest,No SMOTE,0,0,0.0
Random Forest,No SMOTE,0,0,0.0
Random Forest,No SMOTE,0,0,0.0
Random Forest,No SMOTE,0,0,0.0
Random Forest,No SMOTE,0,0,0.008096769891022433
Random Forest,No SMOTE,0,0,0.0
Random Forest,No SMOTE,0,0,0.0
Random Forest,No SMOTE,0,0,0.0
Random Forest,No SMOTE,0,0,0.0
Random Forest,No SMOTE,0,0,0.0
Random Forest,No SMOTE,0,0,0.0
Random Forest,No SMOTE,0,0,0.0
Random Forest,No SMOTE,0,0,0.0
Random Forest,No SMOTE,0,0,0.0
Random Forest,No SMOTE,0,0,0.0
Random Forest,No SMOTE,0,0,0.0
Random Forest,No SMOTE,0,0,0.0
Random Forest,No SMOTE,0,0,0.0
Random Forest,No SMOTE,0,0,0.0
Random Forest,No SMOTE,0,0,0.008096769891022433
Random Forest,No SMOTE,0,0,0.0
Random Forest,No SMOTE,0,0,0.0
Random Forest,No SMOTE,0,0,0.0
Random Forest,No SMOTE,0,0,0.0
Random Forest,No SMOTE,0,0,0.0
Random Forest,No SMOTE,0,0,0.0
Random Forest,No SMOTE,0,0,0.0
Random Forest,No SMOTE,0,0,0.0
Random Forest,No SMOTE,0,0,0.0
Random Forest,No SMOTE,0,0,0.0
Random Forest,No SMOTE,0,0,0.0
Random Forest,No SMOTE,0,0,0.0
Random Forest,No SMOTE,0,0,0.0
Random Forest,No SMOTE,0,0,0.0
Random Forest,No SMOTE,0,0,0.0
Random Forest,No SMOTE,0,0,0.009993736518690378
Random Forest,No SMOTE,0,0,0.0
Random Forest,No SMOTE,0,0,0.0
Random Forest,No SMOTE,0,0,0.0
Random Forest,No SMOTE,0,0,0.008096769891022433
Random Forest,No SMOTE,0,0,0.0
Random Forest,No SMOTE,0,0,0.008096769891022433
Random Forest,No SMOTE,0,0,0.013518373245934452
Random Forest,No SMOTE,0,0,0.0
Random Forest,No SMOTE,0,0,0.0
Random Forest,No SMOTE,0,0,0.0
Random Forest,No SMOTE,0,0,0.0
Random Forest,No SMOTE,0,0,0.008096769891022433
Random Forest,No SMOTE,0,0,0.0
Random Forest,No SMOTE,0,0,0.0
Random Forest,No SMOTE,0,0,0.0
Random Forest,No SMOTE,0,0,0.0
Random Forest,No SMOTE,0,0,0.0
Random Forest,No SMOTE,0,0,0.0
Random Forest,No SMOTE,0,0,0.0
Random Forest,No SMOTE,0,0,0.0
Random Forest,No SMOTE,0,0,0.0
Random Forest,No SMOTE,0,0,0.0
Random Forest,No SMOTE,0,0,0.0
Random Forest,No SMOTE,0,0,0.0
Random Forest,No SMOTE,0,0,0.0
Random Forest,No SMOTE,0,0,0.0
Random Forest,No SMOTE,0,0,0.005421603354912019
Random Forest,No SMOTE,0,0,0.0
Random Forest,No SMOTE,0,0,0.0
Random Forest,No SMOTE,0,0,0.0
Random Forest,No SMOTE,0,0,0.0
Random Forest,No SMOTE,0,0,0.0
Random Forest,No SMOTE,0,0,0.0
Random Forest,No SMOTE,0,0,0.0
Random Forest,No SMOTE,0,0,0.0
Random Forest,No SMOTE,0,0,0.0
Random Forest,No SMOTE,0,0,0.0
Random Forest,No SMOTE,0,0,0.0
Random Forest,No SMOTE,0,0,0.0
Random Forest,No SMOTE,0,0,0.0
Random Forest,No SMOTE,0,0,0.0
Random Forest,No SMOTE,0,0,0.009479289266866635
Random Forest,No SMOTE,0,0,0.0
Random Forest,No SMOTE,0,0,0.0
Random Forest,No SMOTE,0,0,0.0
Random Forest,No SMOTE,0,0,0.0
Random Forest,No SMOTE,0,0,0.0
Random Forest,No SMOTE,0,0,0.005421603354912019
Random Forest,No SMOTE,0,0,0.0
Random Forest,No SMOTE,0,0,0.0
Random Forest,No SMOTE,0,0,0.0
Random Forest,No SMOTE,0,0,0.005421603354912019
Random Forest,No SMOTE,0,0,0.0
Random Forest,No SMOTE,0,0,0.0
Random Forest,No SMOTE,0,0,0.0
Random Forest,No SMOTE,0,0,0.0
Random Forest,No SMOTE,0,0,0.005421603354912019
Random Forest,No SMOTE,0,0,0.0
Random Forest,No SMOTE,0,0,0.0
Random Forest,No SMOTE,0,0,0.0
Random Forest,No SMOTE,0,0,0.0
Random Forest,No SMOTE,0,0,0.008096769891022433
Random Forest,No SMOTE,0,0,0.0
Random Forest,No SMOTE,0,0,0.0
Random Forest,No SMOTE,0,0,0.0
Random Forest,No SMOTE,0,0,0.0
Random Forest,No SMOTE,0,0,0.0
Random Forest,No SMOTE,0,0,0.0
Random Forest,No SMOTE,0,0,0.0
Random Forest,No SMOTE,0,0,0.0
Random Forest,No SMOTE,0,0,0.0
Random Forest,No SMOTE,0,0,0.0
Random Forest,No SMOTE,0,0,0.0
Random Forest,No SMOTE,0,0,0.0
Random Forest,No SMOTE,0,0,0.0
Random Forest,No SMOTE,0,0,0.0
Random Forest,No SMOTE,0,0,0.0
Random Forest,No SMOTE,0,0,0.0
Random Forest,No SMOTE,0,0,0.008096769891022433
Random Forest,No SMOTE,0,0,0.0
Random Forest,No SMOTE,0,0,0.013518373245934452
Random Forest,No SMOTE,0,0,0.0
Random Forest,No SMOTE,0,0,0.0
Random Forest,No SMOTE,0,0,0.0
Random Forest,No SMOTE,0,0,0.0
Random Forest,No SMOTE,0,0,0.008096769891022433
Random Forest,No SMOTE,0,0,0.0
Random Forest,No SMOTE,0,0,0.008096769891022433
Random Forest,No SMOTE,0,0,0.0
Random Forest,No SMOTE,0,0,0.0
Random Forest,No SMOTE,0,0,0.0
Random Forest,No SMOTE,0,0,0.0
Random Forest,No SMOTE,0,0,0.008096769891022433
Random Forest,No SMOTE,0,0,0.008096769891022433
Random Forest,No SMOTE,0,0,0.0
Random Forest,No SMOTE,0,0,0.0
Random Forest,No SMOTE,0,0,0.0
Random Forest,No SMOTE,0,0,0.0
Random Forest,No SMOTE,0,0,0.0
Random Forest,No SMOTE,0,0,0.009479289266866635
Random Forest,No SMOTE,0,0,0.0
Random Forest,No SMOTE,0,0,0.0
Random Forest,No SMOTE,0,0,0.0
Random Forest,No SMOTE,0,0,0.0
Random Forest,No SMOTE,0,0,0.013518373245934452
Random Forest,No SMOTE,0,0,0.0
Random Forest,No SMOTE,0,0,0.0
Random Forest,No SMOTE,0,0,0.0
Random Forest,No SMOTE,0,0,0.0
Random Forest,No SMOTE,0,0,0.0
Random Forest,No SMOTE,0,0,0.0
Random Forest,No SMOTE,0,0,0.0
Random Forest,No SMOTE,0,0,0.008096769891022433
Random Forest,No SMOTE,0,0,0.0
Random Forest,No SMOTE,0,0,0.0
Random Forest,No SMOTE,0,0,0.0
Random Forest,No SMOTE,0,0,0.0
Random Forest,No SMOTE,0,0,0.008096769891022433
Random Forest,No SMOTE,0,0,0.0
Random Forest,No SMOTE,0,0,0.0
Random Forest,No SMOTE,0,0,0.0
Random Forest,No SMOTE,0,0,0.0
Random Forest,No SMOTE,0,0,0.0
Random Forest,No SMOTE,0,0,0.0
Random Forest,No SMOTE,0,0,0.0
Random Forest,No SMOTE,0,0,0.0
Random Forest,No SMOTE,0,0,0.0
Random Forest,No SMOTE,0,0,0.0
Random Forest,No SMOTE,0,0,0.0
Random Forest,No SMOTE,0,0,0.0
Random Forest,No SMOTE,0,0,0.0
Random Forest,No SMOTE,0,0,0.0
Random Forest,No SMOTE,0,0,0.0
Random Forest,No SMOTE,0,0,0.0
Random Forest,No SMOTE,0,0,0.0
Random Forest,No SMOTE,0,0,0.0
Random Forest,No SMOTE,0,0,0.0
Random Forest,No SMOTE,0,0,0.0
Random Forest,No SMOTE,0,0,0.0
Random Forest,No SMOTE,0,0,0.0
Random Forest,No SMOTE,0,0,0.0
Random Forest,No SMOTE,0,0,0.0
Random Forest,No SMOTE,0,0,0.0
Random Forest,No SMOTE,0,0,0.0
Random Forest,No SMOTE,0,0,0.0
Random Forest,No SMOTE,0,0,0.008096769891022433
Random Forest,No SMOTE,0,0,0.0
Random Forest,No SMOTE,0,0,0.0
Random Forest,No SMOTE,0,0,0.0
Random Forest,No SMOTE,0,0,0.0
Random Forest,No SMOTE,0,0,0.008096769891022433
Random Forest,No SMOTE,0,0,0.0
Random Forest,No SMOTE,0,0,0.0
Random Forest,No SMOTE,0,0,0.0
Random Forest,No SMOTE,0,0,0.0
Random Forest,No SMOTE,0,0,0.0
Random Forest,No SMOTE,0,0,0.008096769891022433
Random Forest,No SMOTE,0,0,0.0
Random Forest,No SMOTE,0,0,0.0
Random Forest,No SMOTE,0,0,0.0
Random Forest,No SMOTE,0,0,0.0
Random Forest,No SMOTE,0,0,0.0
Random Forest,No SMOTE,0,0,0.0
Random Forest,No SMOTE,0,0,0.0
Random Forest,No SMOTE,0,0,0.0
Random Forest,No SMOTE,0,0,0.0
Random Forest,No SMOTE,0,0,0.0
Random Forest,No SMOTE,0,0,0.008096769891022433
Random Forest,No SMOTE,0,0,0.0
Random Forest,No SMOTE,0,0,0.0
Random Forest,No SMOTE,0,0,0.0
Random Forest,No SMOTE,0,0,0.0
Random Forest,No SMOTE,0,0,0.0
Random Forest,No SMOTE,0,0,0.0
Random Forest,No SMOTE,0,0,0.0
Random Forest,No SMOTE,0,0,0.008096769891022433
Random Forest,No SMOTE,0,0,0.0
Random Forest,No SMOTE,0,0,0.0
Random Forest,No SMOTE,0,0,0.0
Random Forest,No SMOTE,0,0,0.0
Random Forest,No SMOTE,0,0,0.0
Random Forest,No SMOTE,0,0,0.0
Random Forest,No SMOTE,0,0,0.0
Random Forest,No SMOTE,0,0,0.0
Random Forest,No SMOTE,0,0,0.013518373245934452
Random Forest,No SMOTE,0,0,0.0
Random Forest,No SMOTE,0,0,0.008096769891022433
Random Forest,No SMOTE,0,0,0.0
Random Forest,No SMOTE,0,0,0.0
Random Forest,No SMOTE,0,0,0.009479289266866635
Random Forest,No SMOTE,0,0,0.0
Random Forest,No SMOTE,0,0,0.0
Random Forest,No SMOTE,0,0,0.0
Random Forest,No SMOTE,0,0,0.0
Random Forest,No SMOTE,0,0,0.0
Random Forest,No SMOTE,0,0,0.019914487039179328
Random Forest,No SMOTE,0,0,0.0
Random Forest,No SMOTE,0,0,0.0
Random Forest,No SMOTE,0,0,0.0
Random Forest,No SMOTE,0,0,0.0
Random Forest,No SMOTE,0,0,0.0
Random Forest,No SMOTE,0,0,0.0
Random Forest,No SMOTE,0,0,0.008096769891022433
Random Forest,No SMOTE,0,0,0.0
Random Forest,No SMOTE,0,0,0.0
Random Forest,No SMOTE,0,0,0.0
Random Forest,No SMOTE,0,0,0.0
Random Forest,No SMOTE,0,0,0.0
Random Forest,No SMOTE,0,0,0.0
Random Forest,No SMOTE,0,0,0.0
Random Forest,No SMOTE,0,0,0.0
Random Forest,No SMOTE,0,0,0.0
Random Forest,No SMOTE,0,0,0.0
Random Forest,No SMOTE,0,0,0.0
Random Forest,No SMOTE,0,0,0.0
Random Forest,No SMOTE,0,0,0.0
Random Forest,No SMOTE,0,0,0.0
Random Forest,No SMOTE,0,0,0.0
Random Forest,No SMOTE,0,0,0.0
Random Forest,No SMOTE,0,0,0.008096769891022433
Random Forest,No SMOTE,0,0,0.0
Random Forest,No SMOTE,0,0,0.0
Random Forest,No SMOTE,0,0,0.0
Random Forest,No SMOTE,0,0,0.0
Random Forest,No SMOTE,0,0,0.0
Random Forest,No SMOTE,0,0,0.0
Random Forest,No SMOTE,0,0,0.0
Random Forest,No SMOTE,0,0,0.0
Random Forest,No SMOTE,0,0,0.0
Random Forest,No SMOTE,0,0,0.0
Random Forest,No SMOTE,0,0,0.0
Random Forest,No SMOTE,0,0,0.0
Random Forest,No SMOTE,0,0,0.0
Random Forest,No SMOTE,0,0,0.0
Random Forest,No SMOTE,0,0,0.0
Random Forest,No SMOTE,0,0,0.0
Random Forest,No SMOTE,0,0,0.0
Random Forest,No SMOTE,0,0,0.0
Random Forest,No SMOTE,0,0,0.008096769891022433
Random Forest,No SMOTE,0,0,0.0
Random Forest,No SMOTE,0,0,0.0
Random Forest,No SMOTE,0,0,0.013518373245934452
Random Forest,No SMOTE,0,0,0.0
Random Forest,No SMOTE,0,0,0.0
Random Forest,No SMOTE,0,0,0.0
Random Forest,No SMOTE,0,0,0.0
Random Forest,No SMOTE,0,0,0.0
Random Forest,No SMOTE,0,0,0.0
Random Forest,No SMOTE,0,0,0.0
Random Forest,No SMOTE,0,0,0.0
Random Forest,No SMOTE,0,0,0.0
Random Forest,No SMOTE,0,0,0.0
Random Forest,No SMOTE,0,0,0.0
Random Forest,No SMOTE,0,0,0.0
Random Forest,No SMOTE,0,0,0.0
Random Forest,No SMOTE,0,0,0.0
Random Forest,No SMOTE,0,0,0.0
Random Forest,No SMOTE,0,0,0.0
Random Forest,No SMOTE,0,0,0.013518373245934452
Random Forest,No SMOTE,0,0,0.0
Random Forest,No SMOTE,0,0,0.0
Random Forest,No SMOTE,0,0,0.0
Random Forest,No SMOTE,0,0,0.0
Random Forest,No SMOTE,0,0,0.0
Random Forest,No SMOTE,0,0,0.0
Random Forest,No SMOTE,0,0,0.0
Random Forest,No SMOTE,0,0,0.0
Random Forest,No SMOTE,0,0,0.008096769891022433
Random Forest,No SMOTE,0,0,0.0
Random Forest,No SMOTE,0,0,0.0
Random Forest,No SMOTE,0,0,0.0
Random Forest,No SMOTE,0,0,0.0
Random Forest,No SMOTE,0,0,0.0
Random Forest,No SMOTE,0,0,0.0
Random Forest,No SMOTE,0,0,0.0
Random Forest,No SMOTE,0,0,0.0
Random Forest,No SMOTE,0,0,0.008096769891022433
Random Forest,No SMOTE,0,0,0.0
Random Forest,No SMOTE,0,0,0.0
Random Forest,No SMOTE,0,0,0.0
Random Forest,No SMOTE,0,0,0.0
Random Forest,No SMOTE,0,0,0.0
Random Forest,No SMOTE,0,0,0.0
Random Forest,No SMOTE,0,0,0.0
Random Forest,No SMOTE,0,0,0.0
Random Forest,No SMOTE,0,0,0.0
Random Forest,No SMOTE,0,0,0.018057871028066122
Random Forest,No SMOTE,0,0,0.0
Random Forest,No SMOTE,0,0,0.0
Random Forest,No SMOTE,0,0,0.0
Random Forest,No SMOTE,0,0,0.0
Random Forest,No SMOTE,0,0,0.0
Random Forest,No SMOTE,0,0,0.0
Random Forest,No SMOTE,0,0,0.0
Random Forest,No SMOTE,0,0,0.0
Random Forest,No SMOTE,0,0,0.008096769891022433
Random Forest,No SMOTE,0,0,0.0
Random Forest,No SMOTE,0,0,0.0
Random Forest,No SMOTE,0,0,0.0
Random Forest,No SMOTE,0,0,0.0
Random Forest,No SMOTE,0,0,0.0
Random Forest,No SMOTE,0,0,0.0
Random Forest,No SMOTE,0,0,0.0
Random Forest,No SMOTE,0,0,0.008096769891022433
Random Forest,No SMOTE,0,0,0.0
Random Forest,No SMOTE,0,0,0.0
Random Forest,No SMOTE,0,0,0.0
Random Forest,No SMOTE,0,0,0.0
Random Forest,No SMOTE,0,0,0.013518373245934452
Random Forest,No SMOTE,0,0,0.0
Random Forest,No SMOTE,0,0,0.0
Random Forest,No SMOTE,0,0,0.0
Random Forest,No SMOTE,0,0,0.0
Random Forest,No SMOTE,0,0,0.0
Random Forest,No SMOTE,0,0,0.0
Random Forest,No SMOTE,0,0,0.0
Random Forest,No SMOTE,0,0,0.0
Random Forest,No SMOTE,0,0,0.0
Random Forest,No SMOTE,0,0,0.0
Random Forest,No SMOTE,0,0,0.0
Random Forest,No SMOTE,0,0,0.0
Random Forest,No SMOTE,0,0,0.0
Random Forest,No SMOTE,0,0,0.008096769891022433
Random Forest,No SMOTE,0,0,0.0
Random Forest,No SMOTE,0,0,0.0
Random Forest,No SMOTE,0,0,0.0
Random Forest,No SMOTE,0,0,0.0
Random Forest,No SMOTE,0,0,0.0
Random Forest,No SMOTE,0,0,0.0
Random Forest,No SMOTE,0,0,0.0
Random Forest,No SMOTE,0,0,0.0
Random Forest,No SMOTE,0,0,0.0
Random Forest,No SMOTE,0,0,0.008096769891022433
Random Forest,No SMOTE,0,0,0.0
Random Forest,No SMOTE,0,0,0.0
Random Forest,No SMOTE,0,0,0.0
Random Forest,No SMOTE,0,0,0.0
Random Forest,No SMOTE,0,0,0.013518373245934452
Random Forest,No SMOTE,0,0,0.008096769891022433
Random Forest,No SMOTE,0,0,0.0
Random Forest,No SMOTE,0,0,0.0
Random Forest,No SMOTE,0,0,0.013518373245934452
Random Forest,No SMOTE,0,0,0.0
Random Forest,No SMOTE,0,0,0.0
Random Forest,No SMOTE,0,0,0.0
Random Forest,No SMOTE,0,0,0.013518373245934452
Random Forest,No SMOTE,0,0,0.0
Random Forest,No SMOTE,0,0,0.0
Random Forest,No SMOTE,0,0,0.0
Random Forest,No SMOTE,0,0,0.0
Random Forest,No SMOTE,0,0,0.0
Random Forest,No SMOTE,0,0,0.008096769891022433
Random Forest,No SMOTE,0,0,0.0
Random Forest,No SMOTE,0,0,0.0
Random Forest,No SMOTE,0,0,0.0
Random Forest,No SMOTE,0,0,0.0
Random Forest,No SMOTE,0,0,0.0
Random Forest,No SMOTE,0,0,0.0
Random Forest,No SMOTE,0,0,0.0
Random Forest,No SMOTE,0,0,0.0
Random Forest,No SMOTE,0,0,0.008096769891022433
Random Forest,No SMOTE,0,0,0.0
Random Forest,No SMOTE,0,0,0.0
Random Forest,No SMOTE,0,0,0.0
Random Forest,No SMOTE,0,0,0.0
Random Forest,No SMOTE,0,0,0.0
Random Forest,No SMOTE,0,0,0.0
Random Forest,No SMOTE,0,0,0.0
Random Forest,No SMOTE,0,0,0.0
Random Forest,No SMOTE,0,0,0.0
Random Forest,No SMOTE,0,0,0.0
Random Forest,No SMOTE,0,0,0.0
Random Forest,No SMOTE,0,0,0.0
Random Forest,No SMOTE,0,0,0.0
Random Forest,No SMOTE,0,0,0.005421603354912019
Random Forest,No SMOTE,0,0,0.0
Random Forest,No SMOTE,0,0,0.0
Random Forest,No SMOTE,0,0,0.0
Random Forest,No SMOTE,0,0,0.0
Random Forest,No SMOTE,0,0,0.0
Random Forest,No SMOTE,0,0,0.0
Random Forest,No SMOTE,0,0,0.0
Random Forest,No SMOTE,0,0,0.0
Random Forest,No SMOTE,0,0,0.0
Random Forest,No SMOTE,0,0,0.0
Random Forest,No SMOTE,0,0,0.0
Random Forest,No SMOTE,0,0,0.0
Random Forest,No SMOTE,0,0,0.0
Random Forest,No SMOTE,0,0,0.008096769891022433
Random Forest,No SMOTE,0,0,0.0
Random Forest,No SMOTE,0,0,0.0
Random Forest,No SMOTE,0,0,0.0
Random Forest,No SMOTE,0,0,0.0
Random Forest,No SMOTE,0,0,0.0
Random Forest,No SMOTE,0,0,0.0
Random Forest,No SMOTE,0,0,0.0
Random Forest,No SMOTE,0,0,0.0
Random Forest,No SMOTE,0,0,0.0
Random Forest,No SMOTE,0,0,0.005421603354912019
Random Forest,No SMOTE,0,0,0.0
Random Forest,No SMOTE,0,0,0.0
Random Forest,No SMOTE,0,0,0.008096769891022433
Random Forest,No SMOTE,0,0,0.0
Random Forest,No SMOTE,1,1,0.7696085583706832
Random Forest,No SMOTE,0,0,0.0
Random Forest,No SMOTE,0,0,0.0
Random Forest,No SMOTE,0,0,0.0
Random Forest,No SMOTE,0,0,0.0
Random Forest,No SMOTE,0,0,0.0
Random Forest,No SMOTE,0,0,0.0
Random Forest,No SMOTE,0,0,0.0
Random Forest,No SMOTE,0,0,0.0
Random Forest,No SMOTE,0,0,0.008096769891022433
Random Forest,No SMOTE,0,0,0.0
Random Forest,No SMOTE,0,0,0.0
Random Forest,No SMOTE,0,0,0.0
Random Forest,No SMOTE,0,0,0.0
Random Forest,No SMOTE,0,0,0.0
Random Forest,No SMOTE,0,0,0.0
Random Forest,No SMOTE,0,0,0.0
Random Forest,No SMOTE,0,0,0.0
Random Forest,No SMOTE,0,0,0.0
Random Forest,No SMOTE,0,0,0.008096769891022433
Random Forest,No SMOTE,0,0,0.0
Random Forest,No SMOTE,0,0,0.0
Random Forest,No SMOTE,0,0,0.0
Random Forest,No SMOTE,0,0,0.0
Random Forest,No SMOTE,0,0,0.0
Random Forest,No SMOTE,0,0,0.0
Random Forest,No SMOTE,0,0,0.0
Random Forest,No SMOTE,0,0,0.0
Random Forest,No SMOTE,0,0,0.0
Random Forest,No SMOTE,0,0,0.0
Random Forest,No SMOTE,0,0,0.0
Random Forest,No SMOTE,0,0,0.0
Random Forest,No SMOTE,0,0,0.0
Random Forest,No SMOTE,0,0,0.0
Random Forest,No SMOTE,0,0,0.0
Random Forest,No SMOTE,0,0,0.0
Random Forest,No SMOTE,0,0,0.0
Random Forest,No SMOTE,0,0,0.0
Random Forest,No SMOTE,0,0,0.0
Random Forest,No SMOTE,0,0,0.0
Random Forest,No SMOTE,0,0,0.0
Random Forest,No SMOTE,0,0,0.0
Random Forest,No SMOTE,0,0,0.0
Random Forest,No SMOTE,0,0,0.0
Random Forest,No SMOTE,0,0,0.0
Random Forest,No SMOTE,0,0,0.0
Random Forest,No SMOTE,0,0,0.0
Random Forest,No SMOTE,0,0,0.0
Random Forest,No SMOTE,0,0,0.0
Random Forest,No SMOTE,0,0,0.0
Random Forest,No SMOTE,0,0,0.008096769891022433
Random Forest,No SMOTE,0,0,0.0
Random Forest,No SMOTE,0,0,0.0
Random Forest,No SMOTE,0,0,0.0
Random Forest,No SMOTE,0,0,0.0
Random Forest,No SMOTE,0,0,0.0
Random Forest,No SMOTE,0,0,0.0
Random Forest,No SMOTE,0,0,0.0
Random Forest,No SMOTE,0,0,0.0
Random Forest,No SMOTE,0,0,0.0
Random Forest,No SMOTE,0,0,0.0
Random Forest,No SMOTE,0,0,0.0
Random Forest,No SMOTE,0,0,0.0
Random Forest,No SMOTE,0,0,0.0
Random Forest,No SMOTE,0,0,0.0
Random Forest,No SMOTE,0,0,0.0
Random Forest,No SMOTE,0,0,0.0
Random Forest,No SMOTE,0,0,0.0
Random Forest,No SMOTE,0,0,0.0
Random Forest,No SMOTE,0,0,0.01995347443300147
Random Forest,No SMOTE,0,0,0.0
Random Forest,No SMOTE,0,0,0.0
Random Forest,No SMOTE,0,0,0.0
Random Forest,No SMOTE,0,0,0.0
Random Forest,No SMOTE,0,0,0.0
Random Forest,No SMOTE,0,0,0.0
Random Forest,No SMOTE,0,0,0.0
Random Forest,No SMOTE,0,0,0.0
Random Forest,No SMOTE,0,0,0.0
Random Forest,No SMOTE,0,0,0.0
Random Forest,No SMOTE,0,0,0.0
Random Forest,No SMOTE,0,0,0.0
Random Forest,No SMOTE,0,0,0.0
Random Forest,No SMOTE,0,0,0.0
Random Forest,No SMOTE,0,0,0.0
Random Forest,No SMOTE,0,0,0.0
Random Forest,No SMOTE,0,0,0.0
Random Forest,No SMOTE,0,0,0.0
Random Forest,No SMOTE,0,0,0.0
Random Forest,No SMOTE,0,0,0.0
Random Forest,No SMOTE,0,0,0.013518373245934452
Random Forest,No SMOTE,0,0,0.0
Random Forest,No SMOTE,0,0,0.0
Random Forest,No SMOTE,0,0,0.0
Random Forest,No SMOTE,0,0,0.0
Random Forest,No SMOTE,0,0,0.0
Random Forest,No SMOTE,0,0,0.0
Random Forest,No SMOTE,0,0,0.0
Random Forest,No SMOTE,0,0,0.0
Random Forest,No SMOTE,0,0,0.0
Random Forest,No SMOTE,0,0,0.0
Random Forest,No SMOTE,0,0,0.0
Random Forest,No SMOTE,0,0,0.0
Random Forest,No SMOTE,0,0,0.0
Random Forest,No SMOTE,0,0,0.0
Random Forest,No SMOTE,0,0,0.0
Random Forest,No SMOTE,0,0,0.0
Random Forest,No SMOTE,0,0,0.0
Random Forest,No SMOTE,0,0,0.0
Random Forest,No SMOTE,0,0,0.0
Random Forest,No SMOTE,0,0,0.0
Random Forest,No SMOTE,0,0,0.0
Random Forest,No SMOTE,0,0,0.0
Random Forest,No SMOTE,0,0,0.008096769891022433
Random Forest,No SMOTE,0,0,0.0
Random Forest,No SMOTE,0,0,0.0
Random Forest,No SMOTE,0,0,0.0
Random Forest,No SMOTE,0,0,0.0
Random Forest,No SMOTE,0,0,0.0
Random Forest,No SMOTE,0,0,0.0
Random Forest,No SMOTE,0,0,0.0
Random Forest,No SMOTE,0,0,0.0
Random Forest,No SMOTE,0,0,0.0
Random Forest,No SMOTE,0,0,0.0
Random Forest,No SMOTE,0,0,0.0
Random Forest,No SMOTE,0,0,0.0
Random Forest,No SMOTE,0,0,0.008096769891022433
Random Forest,No SMOTE,0,0,0.0
Random Forest,No SMOTE,0,0,0.0
Random Forest,No SMOTE,0,0,0.0
Random Forest,No SMOTE,0,0,0.0
Random Forest,No SMOTE,0,0,0.0
Random Forest,No SMOTE,0,0,0.0
Random Forest,No SMOTE,0,0,0.0
Random Forest,No SMOTE,0,0,0.0
Random Forest,No SMOTE,0,0,0.0
Random Forest,No SMOTE,0,0,0.0
Random Forest,No SMOTE,0,0,0.0
Random Forest,No SMOTE,0,0,0.0
Random Forest,No SMOTE,0,0,0.0
Random Forest,No SMOTE,0,0,0.0
Random Forest,No SMOTE,0,0,0.0
Random Forest,No SMOTE,0,0,0.0
Random Forest,No SMOTE,0,0,0.0
Random Forest,No SMOTE,0,0,0.0
Random Forest,No SMOTE,0,0,0.0
Random Forest,No SMOTE,0,0,0.0
Random Forest,No SMOTE,0,0,0.0
Random Forest,No SMOTE,0,0,0.0
Random Forest,No SMOTE,0,0,0.0
Random Forest,No SMOTE,0,0,0.0
Random Forest,No SMOTE,0,0,0.0
Random Forest,No SMOTE,0,0,0.008096769891022433
Random Forest,No SMOTE,0,0,0.013518373245934452
Random Forest,No SMOTE,0,0,0.0
Random Forest,No SMOTE,0,0,0.0
Random Forest,No SMOTE,0,0,0.0
Random Forest,No SMOTE,0,0,0.0
Random Forest,No SMOTE,0,0,0.0
Random Forest,No SMOTE,0,0,0.0
Random Forest,No SMOTE,0,0,0.0
Random Forest,No SMOTE,0,0,0.0
Random Forest,No SMOTE,0,0,0.0
Random Forest,No SMOTE,0,0,0.0
Random Forest,No SMOTE,0,0,0.0
Random Forest,No SMOTE,0,0,0.0
Random Forest,No SMOTE,0,0,0.0
Random Forest,No SMOTE,0,0,0.0
Random Forest,No SMOTE,0,0,0.0
Random Forest,No SMOTE,0,0,0.0
Random Forest,No SMOTE,0,0,0.008096769891022433
Random Forest,No SMOTE,0,0,0.009783503134796239
Random Forest,No SMOTE,0,0,0.0
Random Forest,No SMOTE,0,0,0.005421603354912019
Random Forest,No SMOTE,0,0,0.0
Random Forest,No SMOTE,0,0,0.0
Random Forest,No SMOTE,0,0,0.0
Random Forest,No SMOTE,0,0,0.0
Random Forest,No SMOTE,0,0,0.0
Random Forest,No SMOTE,0,0,0.0
Random Forest,No SMOTE,0,0,0.0
Random Forest,No SMOTE,0,0,0.0
Random Forest,No SMOTE,0,0,0.0
Random Forest,No SMOTE,0,0,0.0
Random Forest,No SMOTE,0,0,0.008096769891022433
Random Forest,No SMOTE,0,0,0.0
Random Forest,No SMOTE,0,0,0.0
Random Forest,No SMOTE,0,0,0.0
Random Forest,No SMOTE,0,0,0.0
Random Forest,No SMOTE,0,0,0.0
Random Forest,No SMOTE,0,0,0.0
Random Forest,No SMOTE,0,0,0.0
Random Forest,No SMOTE,0,0,0.0
Random Forest,No SMOTE,0,0,0.0
Random Forest,No SMOTE,0,0,0.0
Random Forest,No SMOTE,0,0,0.0
Random Forest,No SMOTE,0,0,0.008096769891022433
Random Forest,No SMOTE,0,0,0.0
Random Forest,No SMOTE,0,0,0.0
Random Forest,No SMOTE,0,0,0.0
Random Forest,No SMOTE,0,0,0.019939051450908837
Random Forest,No SMOTE,0,0,0.0
Random Forest,No SMOTE,0,0,0.0
Random Forest,No SMOTE,0,0,0.0
Random Forest,No SMOTE,0,0,0.0
Random Forest,No SMOTE,0,0,0.0
Random Forest,No SMOTE,0,0,0.0
Random Forest,No SMOTE,0,0,0.008096769891022433
Random Forest,No SMOTE,0,0,0.0
Random Forest,No SMOTE,0,0,0.0
Random Forest,No SMOTE,0,0,0.0
Random Forest,No SMOTE,0,0,0.0
Random Forest,No SMOTE,0,0,0.0
Random Forest,No SMOTE,0,0,0.0
Random Forest,No SMOTE,0,0,0.0
Random Forest,No SMOTE,0,0,0.0
Random Forest,No SMOTE,0,0,0.0
Random Forest,No SMOTE,0,0,0.0
Random Forest,No SMOTE,0,0,0.0
Random Forest,No SMOTE,0,0,0.0
Random Forest,No SMOTE,0,0,0.0
Random Forest,No SMOTE,0,0,0.0
Random Forest,No SMOTE,0,0,0.0
Random Forest,No SMOTE,0,0,0.0
Random Forest,No SMOTE,0,0,0.0
Random Forest,No SMOTE,0,0,0.0
Random Forest,No SMOTE,0,0,0.0
Random Forest,No SMOTE,0,0,0.0
Random Forest,No SMOTE,0,0,0.0
Random Forest,No SMOTE,0,0,0.0
Random Forest,No SMOTE,0,0,0.0
Random Forest,No SMOTE,0,0,0.0
Random Forest,No SMOTE,0,0,0.0
Random Forest,No SMOTE,0,0,0.008096769891022433
Random Forest,No SMOTE,0,0,0.0
Random Forest,No SMOTE,0,0,0.0
Random Forest,No SMOTE,0,0,0.0
Random Forest,No SMOTE,0,0,0.0
Random Forest,No SMOTE,0,0,0.0
Random Forest,No SMOTE,0,0,0.0
Random Forest,No SMOTE,0,0,0.0
Random Forest,No SMOTE,0,0,0.0
Random Forest,No SMOTE,0,0,0.0
Random Forest,No SMOTE,0,0,0.0
Random Forest,No SMOTE,0,0,0.02983746783570099
Random Forest,No SMOTE,0,0,0.0
Random Forest,No SMOTE,0,0,0.0
Random Forest,No SMOTE,0,0,0.0
Random Forest,No SMOTE,0,0,0.0
Random Forest,No SMOTE,0,0,0.0
Random Forest,No SMOTE,0,0,0.0
Random Forest,No SMOTE,0,0,0.0
Random Forest,No SMOTE,0,0,0.0
Random Forest,No SMOTE,0,0,0.0
Random Forest,No SMOTE,0,0,0.0
Random Forest,No SMOTE,0,0,0.0
Random Forest,No SMOTE,0,0,0.0
Random Forest,No SMOTE,0,0,0.0
Random Forest,No SMOTE,0,0,0.013518373245934452
Random Forest,No SMOTE,0,0,0.0
Random Forest,No SMOTE,0,0,0.0
Random Forest,No SMOTE,0,0,0.0
Random Forest,No SMOTE,0,0,0.0
Random Forest,No SMOTE,0,0,0.0
Random Forest,No SMOTE,0,0,0.0
Random Forest,No SMOTE,0,0,0.0
Random Forest,No SMOTE,0,0,0.0
Random Forest,No SMOTE,0,0,0.0
Random Forest,No SMOTE,0,0,0.0
Random Forest,No SMOTE,0,0,0.0
Random Forest,No SMOTE,0,0,0.0
Random Forest,No SMOTE,0,0,0.0
Random Forest,No SMOTE,0,0,0.0
Random Forest,No SMOTE,0,0,0.0
Random Forest,No SMOTE,0,0,0.0
Random Forest,No SMOTE,0,0,0.0
Random Forest,No SMOTE,0,0,0.0
Random Forest,No SMOTE,0,0,0.0
Random Forest,No SMOTE,0,0,0.0
Random Forest,No SMOTE,0,0,0.008096769891022433
Random Forest,No SMOTE,0,0,0.0
Random Forest,No SMOTE,0,0,0.0
Random Forest,No SMOTE,0,0,0.0
Random Forest,No SMOTE,0,0,0.0
Random Forest,No SMOTE,0,0,0.0
Random Forest,No SMOTE,0,0,0.0
Random Forest,No SMOTE,0,0,0.0
Random Forest,No SMOTE,0,0,0.0
Random Forest,No SMOTE,0,0,0.0
Random Forest,No SMOTE,0,0,0.013518373245934452
Random Forest,No SMOTE,0,0,0.0
Random Forest,No SMOTE,0,0,0.0
Random Forest,No SMOTE,0,0,0.0
Random Forest,No SMOTE,0,0,0.0
Random Forest,No SMOTE,0,0,0.0
Random Forest,No SMOTE,0,0,0.013518373245934452
Random Forest,No SMOTE,0,0,0.0
Random Forest,No SMOTE,0,0,0.0
Random Forest,No SMOTE,0,0,0.0
Random Forest,No SMOTE,0,0,0.0
Random Forest,No SMOTE,0,0,0.0
Random Forest,No SMOTE,0,0,0.0
Random Forest,No SMOTE,0,0,0.005421603354912019
Random Forest,No SMOTE,0,0,0.0
Random Forest,No SMOTE,0,0,0.0
Random Forest,No SMOTE,0,0,0.0
Random Forest,No SMOTE,0,0,0.0
Random Forest,No SMOTE,0,0,0.0
Random Forest,No SMOTE,0,0,0.0
Random Forest,No SMOTE,0,0,0.0
Random Forest,No SMOTE,0,0,0.0
Random Forest,No SMOTE,0,0,0.0
Random Forest,No SMOTE,0,0,0.0
Random Forest,No SMOTE,0,0,0.0
Random Forest,No SMOTE,0,0,0.013518373245934452
Random Forest,No SMOTE,0,0,0.0
Random Forest,No SMOTE,0,0,0.0
Random Forest,No SMOTE,0,0,0.0
Random Forest,No SMOTE,0,0,0.008096769891022433
Random Forest,No SMOTE,0,0,0.0
Random Forest,No SMOTE,0,0,0.0
Random Forest,No SMOTE,0,0,0.008096769891022433
Random Forest,No SMOTE,0,0,0.0
Random Forest,No SMOTE,0,0,0.0
Random Forest,No SMOTE,0,0,0.0
Random Forest,No SMOTE,0,0,0.0
Random Forest,No SMOTE,0,0,0.0
Random Forest,No SMOTE,0,0,0.0
Random Forest,No SMOTE,0,0,0.0
Random Forest,No SMOTE,0,0,0.0
Random Forest,No SMOTE,0,0,0.0
Random Forest,No SMOTE,0,0,0.0
Random Forest,No SMOTE,0,0,0.0
Random Forest,No SMOTE,0,0,0.008096769891022433
Random Forest,No SMOTE,0,0,0.0
Random Forest,No SMOTE,0,0,0.0
Random Forest,No SMOTE,0,0,0.0
Random Forest,No SMOTE,0,0,0.0
Random Forest,No SMOTE,0,0,0.0
Random Forest,No SMOTE,0,0,0.0
Random Forest,No SMOTE,0,0,0.0
Random Forest,No SMOTE,0,0,0.0
Random Forest,No SMOTE,0,0,0.0
Random Forest,No SMOTE,0,0,0.0
Random Forest,No SMOTE,0,0,0.0
Random Forest,No SMOTE,0,0,0.013518373245934452
Random Forest,No SMOTE,0,0,0.0
Random Forest,No SMOTE,0,0,0.0
Random Forest,No SMOTE,0,0,0.0
Random Forest,No SMOTE,0,0,0.0
Random Forest,No SMOTE,0,0,0.0
Random Forest,No SMOTE,0,0,0.0
Random Forest,No SMOTE,0,0,0.013518373245934452
Random Forest,No SMOTE,0,0,0.0
Random Forest,No SMOTE,0,0,0.0
Random Forest,No SMOTE,0,0,0.0
Random Forest,No SMOTE,0,0,0.0
Random Forest,No SMOTE,0,0,0.017757245805125742
Random Forest,No SMOTE,0,0,0.0
Random Forest,No SMOTE,0,0,0.0
Random Forest,No SMOTE,0,0,0.0
Random Forest,No SMOTE,0,0,0.0
Random Forest,No SMOTE,0,0,0.0
Random Forest,No SMOTE,0,0,0.0
Random Forest,No SMOTE,0,0,0.0
Random Forest,No SMOTE,0,0,0.0
Random Forest,No SMOTE,0,0,0.0
Random Forest,No SMOTE,0,0,0.0
Random Forest,No SMOTE,0,0,0.0
Random Forest,No SMOTE,0,0,0.0
Random Forest,No SMOTE,0,0,0.0
Random Forest,No SMOTE,0,0,0.0
Random Forest,No SMOTE,0,0,0.0
Random Forest,No SMOTE,0,0,0.0
Random Forest,No SMOTE,0,0,0.0
Random Forest,No SMOTE,0,0,0.0
Random Forest,No SMOTE,0,0,0.0
Random Forest,No SMOTE,0,0,0.0
Random Forest,No SMOTE,0,0,0.0
Random Forest,No SMOTE,0,0,0.0
Random Forest,No SMOTE,0,0,0.0
Random Forest,No SMOTE,0,0,0.0
Random Forest,No SMOTE,0,0,0.0
Random Forest,No SMOTE,0,0,0.0
Random Forest,No SMOTE,0,0,0.0
Random Forest,No SMOTE,0,0,0.0
Random Forest,No SMOTE,0,0,0.0
Random Forest,No SMOTE,0,0,0.005421603354912019
Random Forest,No SMOTE,0,0,0.0
Random Forest,No SMOTE,0,0,0.0
Random Forest,No SMOTE,0,0,0.0
Random Forest,No SMOTE,0,0,0.0
Random Forest,No SMOTE,0,0,0.0
Random Forest,No SMOTE,0,0,0.0
Random Forest,No SMOTE,0,0,0.0
Random Forest,No SMOTE,0,0,0.0
Random Forest,No SMOTE,0,0,0.0
Random Forest,No SMOTE,0,0,0.0
Random Forest,No SMOTE,0,0,0.0
Random Forest,No SMOTE,0,0,0.0
Random Forest,No SMOTE,0,0,0.0
Random Forest,No SMOTE,0,0,0.0
Random Forest,No SMOTE,0,0,0.0
Random Forest,No SMOTE,0,0,0.013518373245934452
Random Forest,No SMOTE,0,0,0.0
Random Forest,No SMOTE,0,0,0.0
Random Forest,No SMOTE,0,0,0.0
Random Forest,No SMOTE,0,0,0.0
Random Forest,No SMOTE,0,0,0.0
Random Forest,No SMOTE,0,0,0.0
Random Forest,No SMOTE,0,0,0.0
Random Forest,No SMOTE,0,0,0.0
Random Forest,No SMOTE,0,0,0.008096769891022433
Random Forest,No SMOTE,0,0,0.0
Random Forest,No SMOTE,0,0,0.0
Random Forest,No SMOTE,0,0,0.0
Random Forest,No SMOTE,0,0,0.0
Random Forest,No SMOTE,0,0,0.0
Random Forest,No SMOTE,0,0,0.0
Random Forest,No SMOTE,0,0,0.0
Random Forest,No SMOTE,0,0,0.0
Random Forest,No SMOTE,0,0,0.0
Random Forest,No SMOTE,0,0,0.0
Random Forest,No SMOTE,0,0,0.0
Random Forest,No SMOTE,0,0,0.0
Random Forest,No SMOTE,0,0,0.0
Random Forest,No SMOTE,0,0,0.0
Random Forest,No SMOTE,0,0,0.0
Random Forest,No SMOTE,0,0,0.0
Random Forest,No SMOTE,0,0,0.008096769891022433
Random Forest,No SMOTE,0,0,0.0
Random Forest,No SMOTE,0,0,0.0
Random Forest,No SMOTE,0,0,0.0
Random Forest,No SMOTE,0,0,0.0
Random Forest,No SMOTE,0,0,0.0
Random Forest,No SMOTE,0,0,0.0
Random Forest,No SMOTE,0,0,0.0
Random Forest,No SMOTE,0,0,0.0
Random Forest,No SMOTE,0,0,0.0
Random Forest,No SMOTE,0,0,0.0
Random Forest,No SMOTE,0,0,0.0
Random Forest,No SMOTE,0,0,0.0
Random Forest,No SMOTE,0,0,0.0
Random Forest,No SMOTE,0,0,0.0
Random Forest,No SMOTE,0,0,0.0
Random Forest,No SMOTE,0,0,0.0
Random Forest,No SMOTE,0,0,0.0
Random Forest,No SMOTE,0,0,0.0
Random Forest,No SMOTE,0,0,0.0
Random Forest,No SMOTE,0,0,0.0
Random Forest,No SMOTE,0,0,0.0
Random Forest,No SMOTE,0,0,0.0
Random Forest,No SMOTE,0,0,0.0
Random Forest,No SMOTE,0,0,0.0
Random Forest,No SMOTE,0,0,0.0
Random Forest,No SMOTE,0,0,0.0
Random Forest,No SMOTE,0,0,0.008096769891022433
Random Forest,No SMOTE,0,0,0.0
Random Forest,No SMOTE,0,0,0.0
Random Forest,No SMOTE,0,0,0.0
Random Forest,No SMOTE,0,0,0.0
Random Forest,No SMOTE,0,0,0.0
Random Forest,No SMOTE,0,0,0.0
Random Forest,No SMOTE,0,0,0.0
Random Forest,No SMOTE,0,0,0.0
Random Forest,No SMOTE,0,0,0.0
Random Forest,No SMOTE,0,0,0.0
Random Forest,No SMOTE,0,0,0.0
Random Forest,No SMOTE,0,0,0.0
Random Forest,No SMOTE,0,0,0.005421603354912019
Random Forest,No SMOTE,0,0,0.0
Random Forest,No SMOTE,0,0,0.0
Random Forest,No SMOTE,0,0,0.008096769891022433
Random Forest,No SMOTE,0,0,0.0
Random Forest,No SMOTE,0,0,0.0
Random Forest,No SMOTE,0,0,0.0
Random Forest,No SMOTE,0,0,0.0
Random Forest,No SMOTE,0,0,0.0
Random Forest,No SMOTE,0,0,0.0
Random Forest,No SMOTE,0,0,0.0
Random Forest,No SMOTE,0,0,0.0
Random Forest,No SMOTE,0,0,0.0
Random Forest,No SMOTE,0,0,0.0
Random Forest,No SMOTE,0,0,0.0
Random Forest,No SMOTE,0,0,0.0
Random Forest,No SMOTE,0,0,0.0
Random Forest,No SMOTE,0,0,0.0
Random Forest,No SMOTE,0,0,0.0
Random Forest,No SMOTE,0,0,0.0
Random Forest,No SMOTE,0,0,0.0
Random Forest,No SMOTE,0,0,0.0
Random Forest,No SMOTE,0,0,0.0
Random Forest,No SMOTE,0,0,0.013518373245934452
Random Forest,No SMOTE,0,0,0.0
Random Forest,No SMOTE,0,0,0.005421603354912019
Random Forest,No SMOTE,0,0,0.0
Random Forest,No SMOTE,0,0,0.0
Random Forest,No SMOTE,0,0,0.0
Random Forest,No SMOTE,0,0,0.0
Random Forest,No SMOTE,0,0,0.0
Random Forest,No SMOTE,0,0,0.0
Random Forest,No SMOTE,0,0,0.0
Random Forest,No SMOTE,0,0,0.0
Random Forest,No SMOTE,0,0,0.0
Random Forest,No SMOTE,0,0,0.0
Random Forest,No SMOTE,0,0,0.0
Random Forest,No SMOTE,0,0,0.0
Random Forest,No SMOTE,0,0,0.0
Random Forest,No SMOTE,0,0,0.0
Random Forest,No SMOTE,0,0,0.0
Random Forest,No SMOTE,0,0,0.0
Random Forest,No SMOTE,0,0,0.0
Random Forest,No SMOTE,0,0,0.0
Random Forest,No SMOTE,0,0,0.008096769891022433
Random Forest,No SMOTE,0,0,0.0
Random Forest,No SMOTE,0,0,0.0
Random Forest,No SMOTE,0,0,0.0
Random Forest,No SMOTE,0,0,0.0
Random Forest,No SMOTE,0,0,0.0
Random Forest,No SMOTE,0,0,0.0
Random Forest,No SMOTE,0,0,0.0
Random Forest,No SMOTE,0,0,0.0
Random Forest,No SMOTE,0,0,0.0
Random Forest,No SMOTE,0,0,0.0
Random Forest,No SMOTE,0,0,0.0
Random Forest,No SMOTE,0,0,0.0
Random Forest,No SMOTE,0,0,0.0
Random Forest,No SMOTE,0,0,0.0
Random Forest,No SMOTE,0,0,0.005421603354912019
Random Forest,No SMOTE,0,0,0.0
Random Forest,No SMOTE,0,0,0.0
Random Forest,No SMOTE,0,0,0.0
Random Forest,No SMOTE,0,0,0.0
Random Forest,No SMOTE,0,0,0.0
Random Forest,No SMOTE,0,0,0.0
Random Forest,No SMOTE,0,0,0.0
Random Forest,No SMOTE,0,0,0.0
Random Forest,No SMOTE,0,0,0.0
Random Forest,No SMOTE,0,0,0.0
Random Forest,No SMOTE,0,0,0.0
Random Forest,No SMOTE,0,0,0.0
Random Forest,No SMOTE,0,0,0.0
Random Forest,No SMOTE,0,0,0.0
Random Forest,No SMOTE,0,0,0.0
Random Forest,No SMOTE,0,0,0.0
Random Forest,No SMOTE,0,0,0.0
Random Forest,No SMOTE,0,0,0.0
Random Forest,No SMOTE,0,0,0.013518373245934452
Random Forest,No SMOTE,0,0,0.0
Random Forest,No SMOTE,0,0,0.0
Random Forest,No SMOTE,0,0,0.0
Random Forest,No SMOTE,0,0,0.008096769891022433
Random Forest,No SMOTE,0,0,0.0
Random Forest,No SMOTE,0,0,0.0
Random Forest,No SMOTE,0,0,0.0
Random Forest,No SMOTE,0,0,0.0
Random Forest,No SMOTE,0,0,0.013518373245934452
Random Forest,No SMOTE,0,0,0.0
Random Forest,No SMOTE,0,0,0.0
Random Forest,No SMOTE,0,0,0.005421603354912019
Random Forest,No SMOTE,0,0,0.0
Random Forest,No SMOTE,0,0,0.0
Random Forest,No SMOTE,0,0,0.0
Random Forest,No SMOTE,0,0,0.0
Random Forest,No SMOTE,0,0,0.0
Random Forest,No SMOTE,0,0,0.0
Random Forest,No SMOTE,0,0,0.0
Random Forest,No SMOTE,0,0,0.0
Random Forest,No SMOTE,0,0,0.0
Random Forest,No SMOTE,0,0,0.0
Random Forest,No SMOTE,0,0,0.0
Random Forest,No SMOTE,0,0,0.0
Random Forest,No SMOTE,0,0,0.0
Random Forest,No SMOTE,0,0,0.0
Random Forest,No SMOTE,0,0,0.0
Random Forest,No SMOTE,0,0,0.0
Random Forest,No SMOTE,0,0,0.0
Random Forest,No SMOTE,0,0,0.0
Random Forest,No SMOTE,0,0,0.0
Random Forest,No SMOTE,0,0,0.0
Random Forest,No SMOTE,0,0,0.008096769891022433
Random Forest,No SMOTE,0,0,0.013518373245934452
Random Forest,No SMOTE,0,0,0.013518373245934452
Random Forest,No SMOTE,0,0,0.0
Random Forest,No SMOTE,0,0,0.0
Random Forest,No SMOTE,0,0,0.0
Random Forest,No SMOTE,0,0,0.0
Random Forest,No SMOTE,0,0,0.0
Random Forest,No SMOTE,0,0,0.0
Random Forest,No SMOTE,0,0,0.0
Random Forest,No SMOTE,0,0,0.0
Random Forest,No SMOTE,0,0,0.0
Random Forest,No SMOTE,0,0,0.0
Random Forest,No SMOTE,0,0,0.0
Random Forest,No SMOTE,0,0,0.0
Random Forest,No SMOTE,0,0,0.0
Random Forest,No SMOTE,0,0,0.0
Random Forest,No SMOTE,0,0,0.0
Random Forest,No SMOTE,0,0,0.0
Random Forest,No SMOTE,0,0,0.0
Random Forest,No SMOTE,0,0,0.0
Random Forest,No SMOTE,0,0,0.0
Random Forest,No SMOTE,0,0,0.008096769891022433
Random Forest,No SMOTE,0,0,0.0
Random Forest,No SMOTE,0,0,0.0
Random Forest,No SMOTE,0,0,0.013518373245934452
Random Forest,No SMOTE,0,0,0.013518373245934452
Random Forest,No SMOTE,0,0,0.0
Random Forest,No SMOTE,0,0,0.0
Random Forest,No SMOTE,0,0,0.0
Random Forest,No SMOTE,0,0,0.0
Random Forest,No SMOTE,0,0,0.0
Random Forest,No SMOTE,0,0,0.0
Random Forest,No SMOTE,0,0,0.0
Random Forest,No SMOTE,0,0,0.0
Random Forest,No SMOTE,0,0,0.0
Random Forest,No SMOTE,0,0,0.0
Random Forest,No SMOTE,0,0,0.0
Random Forest,No SMOTE,0,0,0.0
Random Forest,No SMOTE,0,0,0.0
Random Forest,No SMOTE,0,0,0.0
Random Forest,No SMOTE,0,0,0.0
Random Forest,No SMOTE,0,0,0.0
Random Forest,No SMOTE,0,0,0.0
Random Forest,No SMOTE,0,0,0.0
Random Forest,No SMOTE,0,0,0.0
Random Forest,No SMOTE,0,0,0.008096769891022433
Random Forest,No SMOTE,0,0,0.0
Random Forest,No SMOTE,0,0,0.0
Random Forest,No SMOTE,0,0,0.0
Random Forest,No SMOTE,0,0,0.0
Random Forest,No SMOTE,0,0,0.0
Random Forest,No SMOTE,0,0,0.0
Random Forest,No SMOTE,0,0,0.0
Random Forest,No SMOTE,0,0,0.0
Random Forest,No SMOTE,0,0,0.0
Random Forest,No SMOTE,0,0,0.0
Random Forest,No SMOTE,0,0,0.0
Random Forest,No SMOTE,0,0,0.0
Random Forest,No SMOTE,0,0,0.0
Random Forest,No SMOTE,0,0,0.0
Random Forest,No SMOTE,0,0,0.008096769891022433
Random Forest,No SMOTE,0,0,0.0
Random Forest,No SMOTE,0,0,0.0
Random Forest,No SMOTE,0,0,0.0
Random Forest,No SMOTE,0,0,0.0
Random Forest,No SMOTE,0,0,0.0
Random Forest,No SMOTE,0,0,0.0
Random Forest,No SMOTE,0,0,0.0
Random Forest,No SMOTE,0,0,0.0
Random Forest,No SMOTE,0,0,0.0
Random Forest,No SMOTE,0,0,0.0
Random Forest,No SMOTE,0,0,0.0
Random Forest,No SMOTE,0,0,0.0
Random Forest,No SMOTE,0,0,0.0
Random Forest,No SMOTE,0,0,0.0
Random Forest,No SMOTE,0,0,0.0
Random Forest,No SMOTE,0,0,0.0
Random Forest,No SMOTE,0,0,0.0
Random Forest,No SMOTE,0,0,0.0
Random Forest,No SMOTE,0,0,0.0
Random Forest,No SMOTE,0,0,0.0
Random Forest,No SMOTE,0,0,0.0
Random Forest,No SMOTE,0,0,0.0
Random Forest,No SMOTE,0,0,0.0
Random Forest,No SMOTE,0,0,0.0
Random Forest,No SMOTE,0,0,0.0
Random Forest,No SMOTE,0,0,0.0
Random Forest,No SMOTE,0,0,0.0
Random Forest,No SMOTE,0,0,0.0
Random Forest,No SMOTE,0,0,0.0
Random Forest,No SMOTE,0,0,0.0
Random Forest,No SMOTE,0,0,0.0
Random Forest,No SMOTE,0,0,0.008096769891022433
Random Forest,No SMOTE,0,0,0.0
Random Forest,No SMOTE,0,0,0.0
Random Forest,No SMOTE,0,0,0.0
Random Forest,No SMOTE,0,0,0.0
Random Forest,No SMOTE,0,0,0.005421603354912019
Random Forest,No SMOTE,0,0,0.0
Random Forest,No SMOTE,0,0,0.0
Random Forest,No SMOTE,0,0,0.0
Random Forest,No SMOTE,0,0,0.0
Random Forest,No SMOTE,0,0,0.0
Random Forest,No SMOTE,0,0,0.008096769891022433
Random Forest,No SMOTE,0,0,0.0
Random Forest,No SMOTE,0,0,0.0
Random Forest,No SMOTE,0,0,0.008096769891022433
Random Forest,No SMOTE,0,0,0.0
Random Forest,No SMOTE,0,0,0.0
Random Forest,No SMOTE,0,0,0.0
Random Forest,No SMOTE,0,0,0.0
Random Forest,No SMOTE,0,0,0.0
Random Forest,No SMOTE,0,0,0.0
Random Forest,No SMOTE,0,0,0.0
Random Forest,No SMOTE,0,0,0.0
Random Forest,No SMOTE,0,0,0.0
Random Forest,No SMOTE,0,0,0.0
Random Forest,No SMOTE,0,0,0.0
Random Forest,No SMOTE,0,0,0.0
Random Forest,No SMOTE,0,0,0.0
Random Forest,No SMOTE,0,0,0.0
Random Forest,No SMOTE,0,0,0.008096769891022433
Random Forest,No SMOTE,0,0,0.0
Random Forest,No SMOTE,0,0,0.0
Random Forest,No SMOTE,0,0,0.0
Random Forest,No SMOTE,0,0,0.0
Random Forest,No SMOTE,0,0,0.0
Random Forest,No SMOTE,0,0,0.013518373245934452
Random Forest,No SMOTE,0,0,0.0
Random Forest,No SMOTE,0,0,0.0
Random Forest,No SMOTE,0,0,0.0
Random Forest,No SMOTE,0,0,0.0
Random Forest,No SMOTE,0,0,0.0
Random Forest,No SMOTE,0,0,0.0
Random Forest,No SMOTE,0,0,0.0
Random Forest,No SMOTE,0,0,0.0
Random Forest,No SMOTE,0,0,0.0
Random Forest,No SMOTE,0,0,0.0
Random Forest,No SMOTE,0,0,0.0
Random Forest,No SMOTE,0,0,0.0
Random Forest,No SMOTE,0,0,0.0
Random Forest,No SMOTE,0,0,0.0
Random Forest,No SMOTE,0,0,0.0
Random Forest,No SMOTE,0,0,0.0
Random Forest,No SMOTE,0,0,0.0
Random Forest,No SMOTE,0,0,0.0
Random Forest,No SMOTE,0,0,0.0
Random Forest,No SMOTE,0,0,0.0
Random Forest,No SMOTE,0,0,0.0
Random Forest,No SMOTE,0,0,0.0
Random Forest,No SMOTE,0,0,0.0
Random Forest,No SMOTE,0,0,0.0
Random Forest,No SMOTE,0,0,0.0
Random Forest,No SMOTE,0,0,0.0
Random Forest,No SMOTE,0,0,0.0
Random Forest,No SMOTE,0,0,0.0
Random Forest,No SMOTE,0,0,0.0
Random Forest,No SMOTE,0,0,0.0
Random Forest,No SMOTE,0,0,0.0
Random Forest,No SMOTE,0,0,0.0
Random Forest,No SMOTE,0,0,0.0
Random Forest,No SMOTE,0,0,0.0
Random Forest,No SMOTE,0,0,0.0
Random Forest,No SMOTE,0,0,0.0
Random Forest,No SMOTE,0,0,0.0
Random Forest,No SMOTE,0,0,0.008096769891022433
Random Forest,No SMOTE,0,0,0.0
Random Forest,No SMOTE,0,0,0.0
Random Forest,No SMOTE,0,0,0.0
Random Forest,No SMOTE,0,0,0.0
Random Forest,No SMOTE,0,0,0.0
Random Forest,No SMOTE,0,0,0.008096769891022433
Random Forest,No SMOTE,0,0,0.0
Random Forest,No SMOTE,0,0,0.0
Random Forest,No SMOTE,0,0,0.0
Random Forest,No SMOTE,0,0,0.0
Random Forest,No SMOTE,0,0,0.0
Random Forest,No SMOTE,0,0,0.0
Random Forest,No SMOTE,0,0,0.0
Random Forest,No SMOTE,0,0,0.008096769891022433
Random Forest,No SMOTE,0,0,0.0
Random Forest,No SMOTE,0,0,0.0
Random Forest,No SMOTE,0,0,0.0
Random Forest,No SMOTE,0,0,0.0
Random Forest,No SMOTE,0,0,0.0
Random Forest,No SMOTE,0,0,0.0
Random Forest,No SMOTE,0,0,0.0
Random Forest,No SMOTE,0,0,0.0
Random Forest,No SMOTE,0,0,0.0
Random Forest,No SMOTE,0,0,0.008096769891022433
Random Forest,No SMOTE,0,0,0.0
Random Forest,No SMOTE,0,0,0.0
Random Forest,No SMOTE,0,0,0.0
Random Forest,No SMOTE,0,0,0.0
Random Forest,No SMOTE,0,0,0.0
Random Forest,No SMOTE,0,0,0.0
Random Forest,No SMOTE,0,0,0.0
Random Forest,No SMOTE,0,0,0.0
Random Forest,No SMOTE,0,0,0.0
Random Forest,No SMOTE,0,0,0.0
Random Forest,No SMOTE,0,0,0.0
Random Forest,No SMOTE,0,0,0.0
Random Forest,No SMOTE,0,0,0.0
Random Forest,No SMOTE,0,0,0.0
Random Forest,No SMOTE,0,0,0.0
Random Forest,No SMOTE,0,0,0.0
Random Forest,No SMOTE,0,0,0.0
Random Forest,No SMOTE,0,0,0.0
Random Forest,No SMOTE,0,0,0.0
Random Forest,No SMOTE,0,0,0.0
Random Forest,No SMOTE,0,0,0.0
Random Forest,No SMOTE,0,0,0.0
Random Forest,No SMOTE,0,0,0.0
Random Forest,No SMOTE,0,0,0.0
Random Forest,No SMOTE,0,0,0.0
Random Forest,No SMOTE,0,0,0.0
Random Forest,No SMOTE,0,0,0.0
Random Forest,No SMOTE,0,0,0.0
Random Forest,No SMOTE,0,0,0.0
Random Forest,No SMOTE,0,0,0.0
Random Forest,No SMOTE,0,0,0.0
Random Forest,No SMOTE,0,0,0.0
Random Forest,No SMOTE,0,0,0.0
Random Forest,No SMOTE,0,0,0.0
Random Forest,No SMOTE,0,0,0.0
Random Forest,No SMOTE,0,0,0.0
Random Forest,No SMOTE,0,0,0.0
Random Forest,No SMOTE,0,0,0.0
Random Forest,No SMOTE,0,0,0.0
Random Forest,No SMOTE,0,0,0.0
Random Forest,No SMOTE,0,0,0.0
Random Forest,No SMOTE,0,0,0.0
Random Forest,No SMOTE,0,0,0.008096769891022433
Random Forest,No SMOTE,0,0,0.0
Random Forest,No SMOTE,0,0,0.0
Random Forest,No SMOTE,0,0,0.0
Random Forest,No SMOTE,0,0,0.0
Random Forest,No SMOTE,0,0,0.0
Random Forest,No SMOTE,0,0,0.0
Random Forest,No SMOTE,0,0,0.008096769891022433
Random Forest,No SMOTE,0,0,0.0
Random Forest,No SMOTE,0,0,0.0
Random Forest,No SMOTE,0,0,0.008096769891022433
Random Forest,No SMOTE,0,0,0.013518373245934452
Random Forest,No SMOTE,0,0,0.0
Random Forest,No SMOTE,0,0,0.0
Random Forest,No SMOTE,0,0,0.0
Random Forest,No SMOTE,0,0,0.0
Random Forest,No SMOTE,0,0,0.008096769891022433
Random Forest,No SMOTE,0,0,0.0
Random Forest,No SMOTE,0,0,0.0
Random Forest,No SMOTE,0,0,0.0
Random Forest,No SMOTE,0,0,0.0
Random Forest,No SMOTE,0,0,0.0
Random Forest,No SMOTE,0,0,0.0
Random Forest,No SMOTE,0,0,0.0
Random Forest,No SMOTE,0,0,0.0
Random Forest,No SMOTE,0,0,0.0
Random Forest,No SMOTE,0,0,0.0
Random Forest,No SMOTE,0,0,0.0
Random Forest,No SMOTE,0,0,0.0
Random Forest,No SMOTE,0,0,0.0
Random Forest,No SMOTE,0,0,0.0
Random Forest,No SMOTE,0,0,0.0
Random Forest,No SMOTE,0,0,0.0
Random Forest,No SMOTE,0,0,0.0
Random Forest,No SMOTE,0,0,0.0
Random Forest,No SMOTE,0,0,0.0
Random Forest,No SMOTE,0,0,0.0
Random Forest,No SMOTE,0,0,0.0
Random Forest,No SMOTE,0,0,0.0
Random Forest,No SMOTE,0,0,0.0
Random Forest,No SMOTE,0,0,0.0
Random Forest,No SMOTE,0,0,0.005421603354912019
Random Forest,No SMOTE,0,0,0.0
Random Forest,No SMOTE,0,0,0.0
Random Forest,No SMOTE,0,0,0.0
Random Forest,No SMOTE,0,0,0.0
Random Forest,No SMOTE,0,0,0.0
Random Forest,No SMOTE,0,0,0.0
Random Forest,No SMOTE,0,0,0.0
Random Forest,No SMOTE,0,0,0.0
Random Forest,No SMOTE,0,0,0.0
Random Forest,No SMOTE,0,0,0.0
Random Forest,No SMOTE,0,0,0.0
Random Forest,No SMOTE,0,0,0.0
Random Forest,No SMOTE,0,0,0.0
Random Forest,No SMOTE,0,0,0.0
Random Forest,No SMOTE,0,0,0.0
Random Forest,No SMOTE,0,0,0.0
Random Forest,No SMOTE,0,0,0.0
Random Forest,No SMOTE,0,0,0.0
Random Forest,No SMOTE,0,0,0.0
Random Forest,No SMOTE,0,0,0.0
Random Forest,No SMOTE,0,0,0.0
Random Forest,No SMOTE,0,0,0.0
Random Forest,No SMOTE,0,0,0.0
Random Forest,No SMOTE,0,0,0.0
Random Forest,No SMOTE,0,0,0.0
Random Forest,No SMOTE,0,0,0.0
Random Forest,No SMOTE,0,0,0.0
Random Forest,No SMOTE,0,0,0.0
Random Forest,No SMOTE,0,0,0.0
Random Forest,No SMOTE,0,0,0.0
Random Forest,No SMOTE,0,0,0.0
Random Forest,No SMOTE,0,0,0.005421603354912019
Random Forest,No SMOTE,0,0,0.0
Random Forest,No SMOTE,0,0,0.0
Random Forest,No SMOTE,0,0,0.0
Random Forest,No SMOTE,0,0,0.0
Random Forest,No SMOTE,0,0,0.008096769891022433
Random Forest,No SMOTE,0,0,0.0
Random Forest,No SMOTE,0,0,0.0
Random Forest,No SMOTE,0,0,0.0
Random Forest,No SMOTE,0,0,0.0
Random Forest,No SMOTE,0,0,0.0
Random Forest,No SMOTE,0,0,0.0
Random Forest,No SMOTE,0,0,0.008096769891022433
Random Forest,No SMOTE,0,0,0.0
Random Forest,No SMOTE,0,0,0.0
Random Forest,No SMOTE,0,0,0.0
Random Forest,No SMOTE,0,0,0.0
Random Forest,No SMOTE,0,0,0.0
Random Forest,No SMOTE,0,0,0.005421603354912019
Random Forest,No SMOTE,0,0,0.0
Random Forest,No SMOTE,0,0,0.0
Random Forest,No SMOTE,0,0,0.0
Random Forest,No SMOTE,0,0,0.0
Random Forest,No SMOTE,0,0,0.0
Random Forest,No SMOTE,0,0,0.0
Random Forest,No SMOTE,0,0,0.0
Random Forest,No SMOTE,0,0,0.0
Random Forest,No SMOTE,0,0,0.013518373245934452
Random Forest,No SMOTE,0,0,0.0
Random Forest,No SMOTE,0,0,0.0
Random Forest,No SMOTE,0,0,0.0
Random Forest,No SMOTE,0,0,0.0
Random Forest,No SMOTE,0,0,0.0
Random Forest,No SMOTE,0,0,0.008096769891022433
Random Forest,No SMOTE,0,0,0.0
Random Forest,No SMOTE,0,0,0.0
Random Forest,No SMOTE,0,0,0.0
Random Forest,No SMOTE,0,0,0.0
Random Forest,No SMOTE,0,0,0.0
Random Forest,No SMOTE,0,0,0.0
Random Forest,No SMOTE,0,0,0.0
Random Forest,No SMOTE,0,0,0.0
Random Forest,No SMOTE,0,0,0.0
Random Forest,No SMOTE,0,0,0.0
Random Forest,No SMOTE,0,0,0.0
Random Forest,No SMOTE,0,0,0.0
Random Forest,No SMOTE,0,0,0.0
Random Forest,No SMOTE,0,0,0.0
Random Forest,No SMOTE,0,0,0.0
Random Forest,No SMOTE,0,0,0.0
Random Forest,No SMOTE,0,0,0.0
Random Forest,No SMOTE,0,0,0.0
Random Forest,No SMOTE,0,0,0.0
Random Forest,No SMOTE,0,0,0.0
Random Forest,No SMOTE,0,0,0.0
Random Forest,No SMOTE,0,0,0.0
Random Forest,No SMOTE,0,0,0.0
Random Forest,No SMOTE,0,0,0.008096769891022433
Random Forest,No SMOTE,0,0,0.0
Random Forest,No SMOTE,0,0,0.0
Random Forest,No SMOTE,0,0,0.0
Random Forest,No SMOTE,0,0,0.0
Random Forest,No SMOTE,0,0,0.0
Random Forest,No SMOTE,0,0,0.0
Random Forest,No SMOTE,0,0,0.0
Random Forest,No SMOTE,0,0,0.0
Random Forest,No SMOTE,0,0,0.0
Random Forest,No SMOTE,0,0,0.0
Random Forest,No SMOTE,0,0,0.0
Random Forest,No SMOTE,0,0,0.008096769891022433
Random Forest,No SMOTE,0,0,0.0
Random Forest,No SMOTE,0,0,0.0
Random Forest,No SMOTE,0,0,0.0
Random Forest,No SMOTE,0,0,0.0
Random Forest,No SMOTE,0,0,0.0
Random Forest,No SMOTE,0,0,0.0
Random Forest,No SMOTE,0,0,0.0
Random Forest,No SMOTE,0,0,0.0
Random Forest,No SMOTE,0,0,0.0
Random Forest,No SMOTE,0,0,0.0
Random Forest,No SMOTE,0,0,0.0
Random Forest,No SMOTE,0,0,0.008096769891022433
Random Forest,No SMOTE,0,0,0.0
Random Forest,No SMOTE,0,0,0.0
Random Forest,No SMOTE,0,0,0.0
Random Forest,No SMOTE,0,0,0.0
Random Forest,No SMOTE,0,0,0.013518373245934452
Random Forest,No SMOTE,0,0,0.0
Random Forest,No SMOTE,0,0,0.0
Random Forest,No SMOTE,0,0,0.0
Random Forest,No SMOTE,0,0,0.0
Random Forest,No SMOTE,0,0,0.0
Random Forest,No SMOTE,0,0,0.0
Random Forest,No SMOTE,0,0,0.0
Random Forest,No SMOTE,0,0,0.0
Random Forest,No SMOTE,0,0,0.0
Random Forest,No SMOTE,0,0,0.0
Random Forest,No SMOTE,0,0,0.0
Random Forest,No SMOTE,0,0,0.0
Random Forest,No SMOTE,0,0,0.0
Random Forest,No SMOTE,0,0,0.0
Random Forest,No SMOTE,0,0,0.0
Random Forest,No SMOTE,0,0,0.0
Random Forest,No SMOTE,0,0,0.0
Random Forest,No SMOTE,0,0,0.0
Random Forest,No SMOTE,0,0,0.0
Random Forest,No SMOTE,0,0,0.0
Random Forest,No SMOTE,0,0,0.0
Random Forest,No SMOTE,0,0,0.009918233580508477
Random Forest,No SMOTE,0,0,0.0
Random Forest,No SMOTE,0,0,0.0
Random Forest,No SMOTE,0,0,0.0
Random Forest,No SMOTE,0,0,0.0
Random Forest,No SMOTE,0,0,0.0
Random Forest,No SMOTE,0,0,0.0
Random Forest,No SMOTE,0,0,0.0
Random Forest,No SMOTE,0,0,0.0
Random Forest,No SMOTE,0,0,0.0
Random Forest,No SMOTE,0,0,0.0
Random Forest,No SMOTE,0,0,0.0
Random Forest,No SMOTE,0,0,0.0
Random Forest,No SMOTE,0,0,0.0
Random Forest,No SMOTE,0,0,0.0
Random Forest,No SMOTE,0,0,0.0
Random Forest,No SMOTE,0,0,0.0
Random Forest,No SMOTE,0,0,0.0
Random Forest,No SMOTE,0,0,0.0
Random Forest,No SMOTE,0,0,0.0
Random Forest,No SMOTE,0,0,0.0
Random Forest,No SMOTE,0,0,0.0
Random Forest,No SMOTE,0,0,0.0
Random Forest,No SMOTE,0,0,0.0
Random Forest,No SMOTE,0,0,0.0
Random Forest,No SMOTE,0,0,0.0
Random Forest,No SMOTE,0,0,0.0
Random Forest,No SMOTE,0,0,0.0
Random Forest,No SMOTE,0,0,0.0
Random Forest,No SMOTE,0,0,0.0
Random Forest,No SMOTE,0,0,0.0
Random Forest,No SMOTE,0,0,0.0
Random Forest,No SMOTE,0,0,0.0
Random Forest,No SMOTE,0,0,0.0
Random Forest,No SMOTE,0,0,0.0
Random Forest,No SMOTE,0,0,0.0
Random Forest,No SMOTE,0,0,0.0
Random Forest,No SMOTE,0,0,0.0
Random Forest,No SMOTE,0,0,0.0
Random Forest,No SMOTE,0,0,0.0
Random Forest,No SMOTE,0,0,0.0
Random Forest,No SMOTE,0,0,0.0
Random Forest,No SMOTE,0,0,0.0
Random Forest,No SMOTE,0,0,0.0
Random Forest,No SMOTE,0,0,0.0
Random Forest,No SMOTE,0,0,0.0
Random Forest,No SMOTE,0,0,0.0
Random Forest,No SMOTE,0,0,0.0
Random Forest,No SMOTE,0,0,0.0
Random Forest,No SMOTE,0,0,0.0
Random Forest,No SMOTE,0,0,0.0
Random Forest,No SMOTE,0,0,0.0
Random Forest,No SMOTE,0,0,0.0
Random Forest,No SMOTE,0,0,0.0
Random Forest,No SMOTE,0,0,0.0
Random Forest,No SMOTE,0,0,0.0
Random Forest,No SMOTE,0,0,0.0
Random Forest,No SMOTE,0,0,0.0
Random Forest,No SMOTE,0,0,0.0
Random Forest,No SMOTE,0,0,0.0
Random Forest,No SMOTE,0,0,0.0
Random Forest,No SMOTE,0,0,0.013518373245934452
Random Forest,No SMOTE,0,0,0.0
Random Forest,No SMOTE,0,0,0.0
Random Forest,No SMOTE,0,0,0.0
Random Forest,No SMOTE,0,0,0.0
Random Forest,No SMOTE,0,0,0.0
Random Forest,No SMOTE,0,0,0.0
Random Forest,No SMOTE,0,0,0.0
Random Forest,No SMOTE,0,0,0.0
Random Forest,No SMOTE,0,0,0.0
Random Forest,No SMOTE,0,0,0.0
Random Forest,No SMOTE,0,0,0.0
Random Forest,No SMOTE,0,0,0.0
Random Forest,No SMOTE,0,0,0.0
Random Forest,No SMOTE,0,0,0.0
Random Forest,No SMOTE,0,0,0.0
Random Forest,No SMOTE,0,0,0.008096769891022433
Random Forest,No SMOTE,0,0,0.0
Random Forest,No SMOTE,0,0,0.0
Random Forest,No SMOTE,0,0,0.0
Random Forest,No SMOTE,0,0,0.0
Random Forest,No SMOTE,0,0,0.0
Random Forest,No SMOTE,0,0,0.0
Random Forest,No SMOTE,0,0,0.008096769891022433
Random Forest,No SMOTE,0,0,0.0
Random Forest,No SMOTE,0,0,0.0
Random Forest,No SMOTE,0,0,0.0
Random Forest,No SMOTE,0,0,0.013518373245934452
Random Forest,No SMOTE,0,0,0.0
Random Forest,No SMOTE,0,0,0.0
Random Forest,No SMOTE,0,0,0.0
Random Forest,No SMOTE,0,0,0.0
Random Forest,No SMOTE,0,0,0.0
Random Forest,No SMOTE,0,0,0.0
Random Forest,No SMOTE,0,0,0.0
Random Forest,No SMOTE,0,0,0.0
Random Forest,No SMOTE,0,0,0.0
Random Forest,No SMOTE,0,0,0.0
Random Forest,No SMOTE,0,0,0.0
Random Forest,No SMOTE,0,0,0.0
Random Forest,No SMOTE,0,0,0.0
Random Forest,No SMOTE,0,0,0.0
Random Forest,No SMOTE,0,0,0.0
Random Forest,No SMOTE,0,0,0.0
Random Forest,No SMOTE,0,0,0.008096769891022433
Random Forest,No SMOTE,0,0,0.0
Random Forest,No SMOTE,0,0,0.0
Random Forest,No SMOTE,0,0,0.0
Random Forest,No SMOTE,0,0,0.0
Random Forest,No SMOTE,0,0,0.0
Random Forest,No SMOTE,0,0,0.0
Random Forest,No SMOTE,0,0,0.0
Random Forest,No SMOTE,0,0,0.0
Random Forest,No SMOTE,0,0,0.0
Random Forest,No SMOTE,0,0,0.0
Random Forest,No SMOTE,0,0,0.0
Random Forest,No SMOTE,0,0,0.0
Random Forest,No SMOTE,0,0,0.0
Random Forest,No SMOTE,0,0,0.0
Random Forest,No SMOTE,0,0,0.0
Random Forest,No SMOTE,0,0,0.0
Random Forest,No SMOTE,0,0,0.0
Random Forest,No SMOTE,0,0,0.0
Random Forest,No SMOTE,0,0,0.0
Random Forest,No SMOTE,0,0,0.0
Random Forest,No SMOTE,0,0,0.0
Random Forest,No SMOTE,0,0,0.0
Random Forest,No SMOTE,0,0,0.0
Random Forest,No SMOTE,0,0,0.008096769891022433
Random Forest,No SMOTE,0,0,0.0
Random Forest,No SMOTE,0,0,0.0
Random Forest,No SMOTE,0,0,0.0
Random Forest,No SMOTE,0,0,0.008096769891022433
Random Forest,No SMOTE,0,0,0.0
Random Forest,No SMOTE,0,0,0.0
Random Forest,No SMOTE,0,0,0.0
Random Forest,No SMOTE,0,0,0.0
Random Forest,No SMOTE,0,0,0.0
Random Forest,No SMOTE,0,0,0.0
Random Forest,No SMOTE,0,0,0.0
Random Forest,No SMOTE,0,0,0.0
Random Forest,No SMOTE,0,0,0.0
Random Forest,No SMOTE,0,0,0.0
Random Forest,No SMOTE,0,0,0.013518373245934452
Random Forest,No SMOTE,0,0,0.0
Random Forest,No SMOTE,0,0,0.008096769891022433
Random Forest,No SMOTE,0,0,0.0
Random Forest,No SMOTE,0,0,0.0
Random Forest,No SMOTE,0,0,0.0
Random Forest,No SMOTE,0,0,0.0
Random Forest,No SMOTE,0,0,0.0
Random Forest,No SMOTE,0,0,0.008096769891022433
Random Forest,No SMOTE,0,0,0.0
Random Forest,No SMOTE,0,0,0.0
Random Forest,No SMOTE,0,0,0.0
Random Forest,No SMOTE,0,0,0.0
Random Forest,No SMOTE,0,0,0.0
Random Forest,No SMOTE,0,0,0.0
Random Forest,No SMOTE,0,0,0.0
Random Forest,No SMOTE,0,0,0.0
Random Forest,No SMOTE,0,0,0.0
Random Forest,No SMOTE,0,0,0.0
Random Forest,No SMOTE,0,0,0.0
Random Forest,No SMOTE,0,0,0.008096769891022433
Random Forest,No SMOTE,0,0,0.0
Random Forest,No SMOTE,0,0,0.0
Random Forest,No SMOTE,0,0,0.0
Random Forest,No SMOTE,0,0,0.0
Random Forest,No SMOTE,0,0,0.0
Random Forest,No SMOTE,0,0,0.0
Random Forest,No SMOTE,0,0,0.0
Random Forest,No SMOTE,0,0,0.0
Random Forest,No SMOTE,0,0,0.0
Random Forest,No SMOTE,0,0,0.008096769891022433
Random Forest,No SMOTE,0,0,0.0
Random Forest,No SMOTE,0,0,0.0
Random Forest,No SMOTE,0,0,0.0
Random Forest,No SMOTE,0,0,0.0
Random Forest,No SMOTE,0,0,0.0
Random Forest,No SMOTE,0,0,0.0
Random Forest,No SMOTE,0,0,0.0
Random Forest,No SMOTE,0,0,0.0
Random Forest,No SMOTE,0,0,0.0
Random Forest,No SMOTE,0,0,0.0
Random Forest,No SMOTE,0,0,0.005421603354912019
Random Forest,No SMOTE,0,0,0.0
Random Forest,No SMOTE,0,0,0.0
Random Forest,No SMOTE,0,0,0.0
Random Forest,No SMOTE,0,0,0.0
Random Forest,No SMOTE,0,0,0.0
Random Forest,No SMOTE,0,0,0.0
Random Forest,No SMOTE,0,0,0.0
Random Forest,No SMOTE,0,0,0.0
Random Forest,No SMOTE,0,0,0.0
Random Forest,No SMOTE,0,0,0.0
Random Forest,No SMOTE,0,0,0.0
Random Forest,No SMOTE,0,0,0.0
Random Forest,No SMOTE,0,0,0.0
Random Forest,No SMOTE,0,0,0.0
Random Forest,No SMOTE,0,0,0.0
Random Forest,No SMOTE,0,0,0.0
Random Forest,No SMOTE,0,0,0.0
Random Forest,No SMOTE,0,0,0.0
Random Forest,No SMOTE,0,0,0.0
Random Forest,No SMOTE,0,0,0.0
Random Forest,No SMOTE,0,0,0.0
Random Forest,No SMOTE,0,0,0.0
Random Forest,No SMOTE,0,0,0.0
Random Forest,No SMOTE,0,0,0.013518373245934452
Random Forest,No SMOTE,0,0,0.0
Random Forest,No SMOTE,0,0,0.0
Random Forest,No SMOTE,0,0,0.0
Random Forest,No SMOTE,0,0,0.0
Random Forest,No SMOTE,0,0,0.0
Random Forest,No SMOTE,0,0,0.0
Random Forest,No SMOTE,0,0,0.0
Random Forest,No SMOTE,0,0,0.0
Random Forest,No SMOTE,0,0,0.0
Random Forest,No SMOTE,0,0,0.0
Random Forest,No SMOTE,0,0,0.0
Random Forest,No SMOTE,0,0,0.008096769891022433
Random Forest,No SMOTE,0,0,0.0
Random Forest,No SMOTE,0,0,0.0
Random Forest,No SMOTE,0,0,0.0
Random Forest,No SMOTE,0,0,0.0
Random Forest,No SMOTE,0,0,0.0
Random Forest,No SMOTE,0,0,0.0
Random Forest,No SMOTE,0,0,0.0
Random Forest,No SMOTE,0,0,0.0
Random Forest,No SMOTE,0,0,0.0
Random Forest,No SMOTE,0,0,0.0
Random Forest,No SMOTE,0,0,0.0
Random Forest,No SMOTE,0,0,0.0
Random Forest,No SMOTE,0,0,0.0
Random Forest,No SMOTE,0,0,0.008096769891022433
Random Forest,No SMOTE,0,0,0.0
Random Forest,No SMOTE,0,0,0.008096769891022433
Random Forest,No SMOTE,0,0,0.0
Random Forest,No SMOTE,0,0,0.0
Random Forest,No SMOTE,0,0,0.0
Random Forest,No SMOTE,0,0,0.0
Random Forest,No SMOTE,0,0,0.0
Random Forest,No SMOTE,0,0,0.0
Random Forest,No SMOTE,0,0,0.0
Random Forest,No SMOTE,0,0,0.0
Random Forest,No SMOTE,0,0,0.0
Random Forest,No SMOTE,0,0,0.0
Random Forest,No SMOTE,0,0,0.0
Random Forest,No SMOTE,0,0,0.017769409116204032
Random Forest,No SMOTE,0,0,0.0
Random Forest,No SMOTE,0,0,0.0
Random Forest,No SMOTE,0,0,0.0
Random Forest,No SMOTE,0,0,0.0
Random Forest,No SMOTE,0,0,0.0
Random Forest,No SMOTE,0,0,0.0
Random Forest,No SMOTE,0,0,0.0
Random Forest,No SMOTE,0,0,0.0
Random Forest,No SMOTE,0,0,0.0
Random Forest,No SMOTE,0,0,0.0
Random Forest,No SMOTE,0,0,0.0
Random Forest,No SMOTE,0,0,0.0
Random Forest,No SMOTE,0,0,0.0
Random Forest,No SMOTE,0,0,0.0
Random Forest,No SMOTE,0,0,0.0
Random Forest,No SMOTE,0,0,0.0
Random Forest,No SMOTE,0,0,0.0
Random Forest,No SMOTE,0,0,0.0
Random Forest,No SMOTE,0,0,0.0
Random Forest,No SMOTE,0,0,0.0
Random Forest,No SMOTE,0,0,0.0
Random Forest,No SMOTE,0,0,0.0
Random Forest,No SMOTE,0,0,0.0
Random Forest,No SMOTE,0,0,0.0
Random Forest,No SMOTE,0,0,0.0
Random Forest,No SMOTE,0,0,0.0
Random Forest,No SMOTE,0,0,0.0
Random Forest,No SMOTE,0,0,0.0
Random Forest,No SMOTE,0,0,0.0
Random Forest,No SMOTE,0,0,0.0
Random Forest,No SMOTE,0,0,0.0
Random Forest,No SMOTE,0,0,0.0
Random Forest,No SMOTE,0,0,0.0
Random Forest,No SMOTE,0,0,0.0
Random Forest,No SMOTE,0,0,0.0
Random Forest,No SMOTE,0,0,0.008096769891022433
Random Forest,No SMOTE,0,0,0.0
Random Forest,No SMOTE,0,0,0.0
Random Forest,No SMOTE,0,0,0.0
Random Forest,No SMOTE,0,0,0.0
Random Forest,No SMOTE,0,0,0.0
Random Forest,No SMOTE,0,0,0.0
Random Forest,No SMOTE,0,0,0.0
Random Forest,No SMOTE,0,0,0.0
Random Forest,No SMOTE,0,0,0.0
Random Forest,No SMOTE,0,0,0.0
Random Forest,No SMOTE,0,0,0.0
Random Forest,No SMOTE,0,0,0.0
Random Forest,No SMOTE,0,0,0.0
Random Forest,No SMOTE,0,0,0.0
Random Forest,No SMOTE,0,0,0.0
Random Forest,No SMOTE,0,0,0.0
Random Forest,No SMOTE,0,0,0.0
Random Forest,No SMOTE,0,0,0.0
Random Forest,No SMOTE,0,0,0.008096769891022433
Random Forest,No SMOTE,0,0,0.0
Random Forest,No SMOTE,0,0,0.0
Random Forest,No SMOTE,0,0,0.0
Random Forest,No SMOTE,0,0,0.0
Random Forest,No SMOTE,0,0,0.008096769891022433
Random Forest,No SMOTE,0,0,0.0
Random Forest,No SMOTE,0,0,0.0
Random Forest,No SMOTE,0,0,0.0
Random Forest,No SMOTE,0,0,0.0
Random Forest,No SMOTE,0,0,0.0
Random Forest,No SMOTE,0,0,0.0
Random Forest,No SMOTE,0,0,0.0
Random Forest,No SMOTE,0,0,0.0
Random Forest,No SMOTE,0,0,0.0
Random Forest,No SMOTE,0,0,0.0
Random Forest,No SMOTE,0,0,0.0
Random Forest,No SMOTE,0,0,0.0
Random Forest,No SMOTE,0,0,0.0
Random Forest,No SMOTE,0,0,0.0
Random Forest,No SMOTE,0,0,0.0
Random Forest,No SMOTE,0,0,0.0
Random Forest,No SMOTE,0,0,0.0
Random Forest,No SMOTE,0,0,0.0
Random Forest,No SMOTE,0,0,0.0
Random Forest,No SMOTE,0,0,0.005421603354912019
Random Forest,No SMOTE,0,0,0.0
Random Forest,No SMOTE,0,0,0.0
Random Forest,No SMOTE,0,0,0.0
Random Forest,No SMOTE,0,0,0.0
Random Forest,No SMOTE,0,0,0.0
Random Forest,No SMOTE,0,0,0.0
Random Forest,No SMOTE,0,0,0.0
Random Forest,No SMOTE,0,0,0.0
Random Forest,No SMOTE,0,0,0.0
Random Forest,No SMOTE,0,0,0.0
Random Forest,No SMOTE,0,0,0.0
Random Forest,No SMOTE,0,0,0.0
Random Forest,No SMOTE,0,0,0.0
Random Forest,No SMOTE,0,0,0.0
Random Forest,No SMOTE,0,0,0.0
Random Forest,No SMOTE,0,0,0.0
Random Forest,No SMOTE,0,0,0.0
Random Forest,No SMOTE,0,0,0.0
Random Forest,No SMOTE,0,0,0.0
Random Forest,No SMOTE,0,0,0.0
Random Forest,No SMOTE,0,0,0.0
Random Forest,No SMOTE,0,0,0.0
Random Forest,No SMOTE,0,0,0.0
Random Forest,No SMOTE,0,0,0.0
Random Forest,No SMOTE,0,0,0.0
Random Forest,No SMOTE,0,0,0.0
Random Forest,No SMOTE,0,0,0.0
Random Forest,No SMOTE,0,0,0.0
Random Forest,No SMOTE,0,0,0.0
Random Forest,No SMOTE,0,0,0.0
Random Forest,No SMOTE,0,0,0.0
Random Forest,No SMOTE,0,0,0.0
Random Forest,No SMOTE,0,0,0.0
Random Forest,No SMOTE,0,0,0.0
Random Forest,No SMOTE,0,0,0.0
Random Forest,No SMOTE,0,0,0.0
Random Forest,No SMOTE,0,0,0.0
Random Forest,No SMOTE,0,0,0.0
Random Forest,No SMOTE,0,0,0.005421603354912019
Random Forest,No SMOTE,0,0,0.0
Random Forest,No SMOTE,0,0,0.0
Random Forest,No SMOTE,0,0,0.0
Random Forest,No SMOTE,0,0,0.008096769891022433
Random Forest,No SMOTE,0,0,0.0
Random Forest,No SMOTE,0,0,0.0
Random Forest,No SMOTE,0,0,0.0
Random Forest,No SMOTE,0,0,0.0
Random Forest,No SMOTE,0,0,0.0
Random Forest,No SMOTE,0,0,0.0
Random Forest,No SMOTE,0,0,0.0
Random Forest,No SMOTE,0,0,0.0
Random Forest,No SMOTE,0,0,0.0
Random Forest,No SMOTE,0,0,0.0
Random Forest,No SMOTE,0,0,0.013518373245934452
Random Forest,No SMOTE,0,0,0.0
Random Forest,No SMOTE,0,0,0.0
Random Forest,No SMOTE,0,0,0.0
Random Forest,No SMOTE,0,0,0.0
Random Forest,No SMOTE,0,0,0.0
Random Forest,No SMOTE,0,0,0.0
Random Forest,No SMOTE,0,0,0.0
Random Forest,No SMOTE,0,0,0.0
Random Forest,No SMOTE,0,0,0.0
Random Forest,No SMOTE,0,0,0.0
Random Forest,No SMOTE,0,0,0.0
Random Forest,No SMOTE,0,0,0.0
Random Forest,No SMOTE,0,0,0.0
Random Forest,No SMOTE,1,1,0.9999795387192121
Random Forest,No SMOTE,0,0,0.0
Random Forest,No SMOTE,0,0,0.0
Random Forest,No SMOTE,0,0,0.0
Random Forest,No SMOTE,0,0,0.008096769891022433
Random Forest,No SMOTE,0,0,0.008096769891022433
Random Forest,No SMOTE,0,0,0.0
Random Forest,No SMOTE,0,0,0.0
Random Forest,No SMOTE,0,0,0.0
Random Forest,No SMOTE,0,0,0.0
Random Forest,No SMOTE,0,0,0.0
Random Forest,No SMOTE,0,0,0.0
Random Forest,No SMOTE,0,0,0.0
Random Forest,No SMOTE,0,0,0.013518373245934452
Random Forest,No SMOTE,0,0,0.008096769891022433
Random Forest,No SMOTE,0,0,0.0
Random Forest,No SMOTE,0,0,0.0
Random Forest,No SMOTE,0,0,0.0
Random Forest,No SMOTE,0,0,0.0
Random Forest,No SMOTE,0,0,0.008096769891022433
Random Forest,No SMOTE,0,0,0.0
Random Forest,No SMOTE,0,0,0.0
Random Forest,No SMOTE,0,0,0.0
Random Forest,No SMOTE,0,0,0.0
Random Forest,No SMOTE,0,0,0.0
Random Forest,No SMOTE,0,0,0.0
Random Forest,No SMOTE,0,0,0.0
Random Forest,No SMOTE,0,0,0.0
Random Forest,No SMOTE,0,0,0.0
Random Forest,No SMOTE,0,0,0.0
Random Forest,No SMOTE,0,0,0.0
Random Forest,No SMOTE,0,0,0.0
Random Forest,No SMOTE,0,0,0.0
Random Forest,No SMOTE,0,0,0.013518373245934452
Random Forest,No SMOTE,0,0,0.0
Random Forest,No SMOTE,0,0,0.0
Random Forest,No SMOTE,0,0,0.0
Random Forest,No SMOTE,0,0,0.005421603354912019
Random Forest,No SMOTE,0,0,0.0
Random Forest,No SMOTE,0,0,0.0
Random Forest,No SMOTE,0,0,0.0
Random Forest,No SMOTE,0,0,0.0
Random Forest,No SMOTE,0,0,0.0
Random Forest,No SMOTE,0,0,0.0
Random Forest,No SMOTE,0,0,0.008096769891022433
Random Forest,No SMOTE,0,0,0.0
Random Forest,No SMOTE,0,0,0.0
Random Forest,No SMOTE,0,0,0.0
Random Forest,No SMOTE,0,0,0.0
Random Forest,No SMOTE,0,0,0.0
Random Forest,No SMOTE,0,0,0.0
Random Forest,No SMOTE,0,0,0.0
Random Forest,No SMOTE,0,0,0.0
Random Forest,No SMOTE,0,0,0.0
Random Forest,No SMOTE,0,0,0.0
Random Forest,No SMOTE,0,0,0.0
Random Forest,No SMOTE,0,0,0.0
Random Forest,No SMOTE,0,0,0.0
Random Forest,No SMOTE,0,0,0.0
Random Forest,No SMOTE,0,0,0.0
Random Forest,No SMOTE,0,0,0.0
Random Forest,No SMOTE,0,0,0.0
Random Forest,No SMOTE,0,0,0.0
Random Forest,No SMOTE,0,0,0.0
Random Forest,No SMOTE,0,0,0.0
Random Forest,No SMOTE,0,0,0.013518373245934452
Random Forest,No SMOTE,0,0,0.0
Random Forest,No SMOTE,0,0,0.0
Random Forest,No SMOTE,0,0,0.008096769891022433
Random Forest,No SMOTE,0,0,0.0
Random Forest,No SMOTE,0,0,0.0
Random Forest,No SMOTE,0,0,0.0
Random Forest,No SMOTE,0,0,0.0
Random Forest,No SMOTE,0,0,0.0
Random Forest,No SMOTE,0,0,0.0
Random Forest,No SMOTE,0,0,0.008096769891022433
Random Forest,No SMOTE,0,0,0.005421603354912019
Random Forest,No SMOTE,0,0,0.0
Random Forest,No SMOTE,0,0,0.0
Random Forest,No SMOTE,0,0,0.0
Random Forest,No SMOTE,0,0,0.0
Random Forest,No SMOTE,0,0,0.0
Random Forest,No SMOTE,0,0,0.0
Random Forest,No SMOTE,0,0,0.0
Random Forest,No SMOTE,0,0,0.0
Random Forest,No SMOTE,0,0,0.0
Random Forest,No SMOTE,0,0,0.0
Random Forest,No SMOTE,0,0,0.0
Random Forest,No SMOTE,0,0,0.0
Random Forest,No SMOTE,0,0,0.0
Random Forest,No SMOTE,0,0,0.0
Random Forest,No SMOTE,0,0,0.0
Random Forest,No SMOTE,0,0,0.009479289266866635
Random Forest,No SMOTE,0,0,0.0
Random Forest,No SMOTE,0,0,0.0
Random Forest,No SMOTE,0,0,0.0
Random Forest,No SMOTE,0,0,0.0
Random Forest,No SMOTE,0,0,0.0
Random Forest,No SMOTE,0,0,0.0
Random Forest,No SMOTE,0,0,0.0
Random Forest,No SMOTE,0,0,0.0
Random Forest,No SMOTE,0,0,0.0
Random Forest,No SMOTE,0,0,0.008096769891022433
Random Forest,No SMOTE,0,0,0.008096769891022433
Random Forest,No SMOTE,0,0,0.0
Random Forest,No SMOTE,0,0,0.0
Random Forest,No SMOTE,0,0,0.008096769891022433
Random Forest,No SMOTE,0,0,0.0
Random Forest,No SMOTE,0,0,0.0
Random Forest,No SMOTE,0,0,0.0
Random Forest,No SMOTE,0,0,0.0
Random Forest,No SMOTE,0,0,0.0
Random Forest,No SMOTE,0,0,0.0
Random Forest,No SMOTE,0,0,0.0
Random Forest,No SMOTE,0,0,0.0
Random Forest,No SMOTE,0,0,0.0
Random Forest,No SMOTE,0,0,0.0
Random Forest,No SMOTE,0,0,0.0
Random Forest,No SMOTE,0,0,0.0
Random Forest,No SMOTE,0,0,0.0
Random Forest,No SMOTE,0,0,0.0
Random Forest,No SMOTE,0,0,0.0
Random Forest,No SMOTE,0,0,0.0
Random Forest,No SMOTE,0,0,0.0
Random Forest,No SMOTE,0,0,0.013518373245934452
Random Forest,No SMOTE,0,0,0.0
Random Forest,No SMOTE,0,0,0.008096769891022433
Random Forest,No SMOTE,0,0,0.0
Random Forest,No SMOTE,0,0,0.0
Random Forest,No SMOTE,0,0,0.013518373245934452
Random Forest,No SMOTE,0,0,0.0
Random Forest,No SMOTE,0,0,0.0
Random Forest,No SMOTE,0,0,0.0
Random Forest,No SMOTE,0,0,0.0
Random Forest,No SMOTE,0,0,0.0
Random Forest,No SMOTE,0,0,0.0
Random Forest,No SMOTE,0,0,0.0
Random Forest,No SMOTE,0,0,0.0
Random Forest,No SMOTE,0,0,0.0
Random Forest,No SMOTE,0,0,0.0
Random Forest,No SMOTE,0,0,0.0
Random Forest,No SMOTE,0,0,0.0
Random Forest,No SMOTE,0,0,0.0
Random Forest,No SMOTE,0,0,0.0
Random Forest,No SMOTE,0,0,0.0
Random Forest,No SMOTE,0,0,0.0
Random Forest,No SMOTE,0,0,0.0
Random Forest,No SMOTE,0,0,0.0
Random Forest,No SMOTE,0,0,0.0
Random Forest,No SMOTE,0,0,0.0
Random Forest,No SMOTE,0,0,0.0
Random Forest,No SMOTE,0,0,0.0
Random Forest,No SMOTE,0,0,0.0
Random Forest,No SMOTE,0,0,0.0
Random Forest,No SMOTE,0,0,0.0
Random Forest,No SMOTE,0,0,0.0
Random Forest,No SMOTE,0,0,0.0
Random Forest,No SMOTE,0,0,0.0
Random Forest,No SMOTE,0,0,0.0
Random Forest,No SMOTE,0,0,0.008096769891022433
Random Forest,No SMOTE,0,0,0.0
Random Forest,No SMOTE,0,0,0.0
Random Forest,No SMOTE,0,0,0.0
Random Forest,No SMOTE,0,0,0.0
Random Forest,No SMOTE,0,0,0.0
Random Forest,No SMOTE,0,0,0.008096769891022433
Random Forest,No SMOTE,0,0,0.0
Random Forest,No SMOTE,0,0,0.0
Random Forest,No SMOTE,0,0,0.0
Random Forest,No SMOTE,0,0,0.009479289266866635
Random Forest,No SMOTE,0,0,0.0
Random Forest,No SMOTE,0,0,0.0
Random Forest,No SMOTE,0,0,0.0
Random Forest,No SMOTE,0,0,0.0
Random Forest,No SMOTE,0,0,0.0
Random Forest,No SMOTE,0,0,0.0
Random Forest,No SMOTE,0,0,0.0
Random Forest,No SMOTE,0,0,0.0
Random Forest,No SMOTE,0,0,0.0
Random Forest,No SMOTE,0,0,0.0
Random Forest,No SMOTE,0,0,0.0
Random Forest,No SMOTE,0,0,0.0
Random Forest,No SMOTE,0,0,0.0
Random Forest,No SMOTE,0,0,0.0
Random Forest,No SMOTE,0,0,0.013518373245934452
Random Forest,No SMOTE,0,0,0.0
Random Forest,No SMOTE,0,0,0.0
Random Forest,No SMOTE,0,0,0.0
Random Forest,No SMOTE,0,0,0.0
Random Forest,No SMOTE,0,0,0.0
Random Forest,No SMOTE,0,0,0.0
Random Forest,No SMOTE,0,0,0.0
Random Forest,No SMOTE,0,0,0.005421603354912019
Random Forest,No SMOTE,0,0,0.0
Random Forest,No SMOTE,0,0,0.013518373245934452
Random Forest,No SMOTE,0,0,0.0
Random Forest,No SMOTE,0,0,0.0
Random Forest,No SMOTE,0,0,0.0
Random Forest,No SMOTE,0,0,0.0
Random Forest,No SMOTE,0,0,0.0
Random Forest,No SMOTE,0,0,0.0
Random Forest,No SMOTE,0,0,0.0
Random Forest,No SMOTE,0,0,0.0
Random Forest,No SMOTE,0,0,0.0
Random Forest,No SMOTE,0,0,0.0
Random Forest,No SMOTE,0,0,0.0
Random Forest,No SMOTE,0,0,0.008096769891022433
Random Forest,No SMOTE,0,0,0.0
Random Forest,No SMOTE,0,0,0.0
Random Forest,No SMOTE,0,0,0.0
Random Forest,No SMOTE,0,0,0.0
Random Forest,No SMOTE,0,0,0.0
Random Forest,No SMOTE,0,0,0.0
Random Forest,No SMOTE,0,0,0.0
Random Forest,No SMOTE,0,0,0.0
Random Forest,No SMOTE,0,0,0.0
Random Forest,No SMOTE,0,0,0.013518373245934452
Random Forest,No SMOTE,0,0,0.0
Random Forest,No SMOTE,0,0,0.0
Random Forest,No SMOTE,0,0,0.0
Random Forest,No SMOTE,0,0,0.008096769891022433
Random Forest,No SMOTE,0,0,0.0
Random Forest,No SMOTE,0,0,0.0
Random Forest,No SMOTE,0,0,0.0
Random Forest,No SMOTE,0,0,0.0
Random Forest,No SMOTE,0,0,0.0
Random Forest,No SMOTE,0,0,0.0
Random Forest,No SMOTE,0,0,0.0
Random Forest,No SMOTE,0,0,0.0
Random Forest,No SMOTE,0,0,0.0
Random Forest,No SMOTE,0,0,0.0
Random Forest,No SMOTE,0,0,0.0
Random Forest,No SMOTE,0,0,0.0
Random Forest,No SMOTE,0,0,0.0
Random Forest,No SMOTE,0,0,0.0
Random Forest,No SMOTE,0,0,0.0
Random Forest,No SMOTE,0,0,0.0
Random Forest,No SMOTE,0,0,0.0
Random Forest,No SMOTE,0,0,0.0
Random Forest,No SMOTE,0,0,0.0
Random Forest,No SMOTE,0,0,0.0
Random Forest,No SMOTE,0,0,0.0
Random Forest,No SMOTE,0,0,0.005421603354912019
Random Forest,No SMOTE,0,0,0.0
Random Forest,No SMOTE,0,0,0.0
Random Forest,No SMOTE,0,0,0.0
Random Forest,No SMOTE,0,0,0.0
Random Forest,No SMOTE,0,0,0.0
Random Forest,No SMOTE,0,0,0.0
Random Forest,No SMOTE,0,0,0.0
Random Forest,No SMOTE,0,0,0.0
Random Forest,No SMOTE,0,0,0.0
Random Forest,No SMOTE,0,0,0.0
Random Forest,No SMOTE,0,0,0.0
Random Forest,No SMOTE,0,0,0.008096769891022433
Random Forest,No SMOTE,0,0,0.0
Random Forest,No SMOTE,0,0,0.0
Random Forest,No SMOTE,0,0,0.0
Random Forest,No SMOTE,0,0,0.0
Random Forest,No SMOTE,0,0,0.0
Random Forest,No SMOTE,0,0,0.0
Random Forest,No SMOTE,0,0,0.0
Random Forest,No SMOTE,0,0,0.005421603354912019
Random Forest,No SMOTE,0,0,0.0
Random Forest,No SMOTE,0,0,0.0
Random Forest,No SMOTE,0,0,0.0
Random Forest,No SMOTE,0,0,0.0
Random Forest,No SMOTE,0,0,0.0
Random Forest,No SMOTE,0,0,0.013518373245934452
Random Forest,No SMOTE,0,0,0.0
Random Forest,No SMOTE,0,0,0.0
Random Forest,No SMOTE,0,0,0.0
Random Forest,No SMOTE,0,0,0.008096769891022433
Random Forest,No SMOTE,0,0,0.0
Random Forest,No SMOTE,0,0,0.0
Random Forest,No SMOTE,0,0,0.0
Random Forest,No SMOTE,0,0,0.0
Random Forest,No SMOTE,0,0,0.0
Random Forest,No SMOTE,0,0,0.0
Random Forest,No SMOTE,0,0,0.0
Random Forest,No SMOTE,0,0,0.0
Random Forest,No SMOTE,0,0,0.0
Random Forest,No SMOTE,0,0,0.0
Random Forest,No SMOTE,0,0,0.0
Random Forest,No SMOTE,0,0,0.0
Random Forest,No SMOTE,0,0,0.0
Random Forest,No SMOTE,0,0,0.0
Random Forest,No SMOTE,0,0,0.0
Random Forest,No SMOTE,0,0,0.0
Random Forest,No SMOTE,0,0,0.0
Random Forest,No SMOTE,0,0,0.0
Random Forest,No SMOTE,0,0,0.0
Random Forest,No SMOTE,0,0,0.0
Random Forest,No SMOTE,0,0,0.0
Random Forest,No SMOTE,0,0,0.0
Random Forest,No SMOTE,0,0,0.008096769891022433
Random Forest,No SMOTE,0,0,0.0
Random Forest,No SMOTE,0,0,0.0
Random Forest,No SMOTE,0,0,0.0
Random Forest,No SMOTE,0,0,0.0
Random Forest,No SMOTE,0,0,0.0
Random Forest,No SMOTE,0,0,0.0
Random Forest,No SMOTE,0,0,0.0
Random Forest,No SMOTE,0,0,0.0
Random Forest,No SMOTE,0,0,0.0
Random Forest,No SMOTE,0,0,0.0
Random Forest,No SMOTE,0,0,0.0
Random Forest,No SMOTE,0,0,0.0
Random Forest,No SMOTE,0,0,0.0
Random Forest,No SMOTE,0,0,0.008096769891022433
Random Forest,No SMOTE,0,0,0.0
Random Forest,No SMOTE,0,0,0.0
Random Forest,No SMOTE,0,0,0.0
Random Forest,No SMOTE,0,0,0.0
Random Forest,No SMOTE,0,0,0.0
Random Forest,No SMOTE,0,0,0.0
Random Forest,No SMOTE,0,0,0.0
Random Forest,No SMOTE,0,0,0.0
Random Forest,No SMOTE,0,0,0.0
Random Forest,No SMOTE,0,0,0.0
Random Forest,No SMOTE,0,0,0.0
Random Forest,No SMOTE,0,0,0.0
Random Forest,No SMOTE,0,0,0.013518373245934452
Random Forest,No SMOTE,0,0,0.0
Random Forest,No SMOTE,0,0,0.0
Random Forest,No SMOTE,0,0,0.0
Random Forest,No SMOTE,0,0,0.0
Random Forest,No SMOTE,0,0,0.0
Random Forest,No SMOTE,0,0,0.0
Random Forest,No SMOTE,0,0,0.0
Random Forest,No SMOTE,0,0,0.0
Random Forest,No SMOTE,0,0,0.0
Random Forest,No SMOTE,0,0,0.008096769891022433
Random Forest,No SMOTE,0,0,0.0
Random Forest,No SMOTE,0,0,0.005421603354912019
Random Forest,No SMOTE,0,0,0.0
Random Forest,No SMOTE,0,0,0.0
Random Forest,No SMOTE,0,0,0.0
Random Forest,No SMOTE,0,0,0.0
Random Forest,No SMOTE,0,0,0.0
Random Forest,No SMOTE,0,0,0.0
Random Forest,No SMOTE,0,0,0.0
Random Forest,No SMOTE,0,0,0.0
Random Forest,No SMOTE,0,0,0.0
Random Forest,No SMOTE,0,0,0.013518373245934452
Random Forest,No SMOTE,0,0,0.0
Random Forest,No SMOTE,0,0,0.0
Random Forest,No SMOTE,0,0,0.008096769891022433
Random Forest,No SMOTE,0,0,0.009903316971590064
Random Forest,No SMOTE,0,0,0.0
Random Forest,No SMOTE,0,0,0.008096769891022433
Random Forest,No SMOTE,0,0,0.0
Random Forest,No SMOTE,0,0,0.0
Random Forest,No SMOTE,0,0,0.008096769891022433
Random Forest,No SMOTE,0,0,0.0
Random Forest,No SMOTE,0,0,0.013518373245934452
Random Forest,No SMOTE,0,0,0.0
Random Forest,No SMOTE,0,0,0.0
Random Forest,No SMOTE,0,0,0.0
Random Forest,No SMOTE,0,0,0.0
Random Forest,No SMOTE,0,0,0.0
Random Forest,No SMOTE,0,0,0.0
Random Forest,No SMOTE,0,0,0.0
Random Forest,No SMOTE,0,0,0.0
Random Forest,No SMOTE,0,0,0.0
Random Forest,No SMOTE,0,0,0.0
Random Forest,No SMOTE,0,0,0.0
Random Forest,No SMOTE,0,0,0.0
Random Forest,No SMOTE,0,0,0.008096769891022433
Random Forest,No SMOTE,0,0,0.0
Random Forest,No SMOTE,0,0,0.0
Random Forest,No SMOTE,0,0,0.0
Random Forest,No SMOTE,0,0,0.009955937475077758
Random Forest,No SMOTE,0,0,0.0
Random Forest,No SMOTE,0,0,0.0
Random Forest,No SMOTE,0,0,0.0
Random Forest,No SMOTE,0,0,0.0
Random Forest,No SMOTE,0,0,0.0
Random Forest,No SMOTE,0,0,0.0
Random Forest,No SMOTE,0,0,0.0
Random Forest,No SMOTE,0,0,0.0
Random Forest,No SMOTE,0,0,0.0
Random Forest,No SMOTE,0,0,0.0
Random Forest,No SMOTE,0,0,0.0
Random Forest,No SMOTE,0,0,0.0
Random Forest,No SMOTE,0,0,0.005421603354912019
Random Forest,No SMOTE,0,0,0.0
Random Forest,No SMOTE,0,0,0.0
Random Forest,No SMOTE,0,0,0.008096769891022433
Random Forest,No SMOTE,0,0,0.0
Random Forest,No SMOTE,0,0,0.0
Random Forest,No SMOTE,0,0,0.0
Random Forest,No SMOTE,0,0,0.0
Random Forest,No SMOTE,0,0,0.0
Random Forest,No SMOTE,0,0,0.008096769891022433
Random Forest,No SMOTE,0,0,0.0
Random Forest,No SMOTE,0,0,0.008096769891022433
Random Forest,No SMOTE,0,0,0.0
Random Forest,No SMOTE,0,0,0.0
Random Forest,No SMOTE,0,0,0.0
Random Forest,No SMOTE,0,0,0.0
Random Forest,No SMOTE,0,0,0.013518373245934452
Random Forest,No SMOTE,0,0,0.0
Random Forest,No SMOTE,0,0,0.013518373245934452
Random Forest,No SMOTE,0,0,0.0
Random Forest,No SMOTE,0,0,0.0
Random Forest,No SMOTE,0,0,0.0
Random Forest,No SMOTE,0,0,0.0
Random Forest,No SMOTE,0,0,0.0
Random Forest,No SMOTE,0,0,0.008096769891022433
Random Forest,No SMOTE,0,0,0.0
Random Forest,No SMOTE,0,0,0.0
Random Forest,No SMOTE,0,0,0.0
Random Forest,No SMOTE,0,0,0.0
Random Forest,No SMOTE,0,0,0.005421603354912019
Random Forest,No SMOTE,0,0,0.0
Random Forest,No SMOTE,0,0,0.0
Random Forest,No SMOTE,0,0,0.0
Random Forest,No SMOTE,0,0,0.0
Random Forest,No SMOTE,0,0,0.0
Random Forest,No SMOTE,0,0,0.0
Random Forest,No SMOTE,0,0,0.0
Random Forest,No SMOTE,0,0,0.0
Random Forest,No SMOTE,0,0,0.0
Random Forest,No SMOTE,0,0,0.0
Random Forest,No SMOTE,0,0,0.0
Random Forest,No SMOTE,0,0,0.0
Random Forest,No SMOTE,0,0,0.0
Random Forest,No SMOTE,0,0,0.008096769891022433
Random Forest,No SMOTE,0,0,0.0
Random Forest,No SMOTE,0,0,0.0
Random Forest,No SMOTE,0,0,0.0
Random Forest,No SMOTE,0,0,0.0
Random Forest,No SMOTE,0,0,0.0
Random Forest,No SMOTE,0,0,0.0
Random Forest,No SMOTE,0,0,0.0
Random Forest,No SMOTE,0,0,0.0
Random Forest,No SMOTE,0,0,0.0
Random Forest,No SMOTE,0,0,0.0
Random Forest,No SMOTE,0,0,0.0
Random Forest,No SMOTE,0,0,0.0
Random Forest,No SMOTE,0,0,0.0
Random Forest,No SMOTE,0,0,0.0
Random Forest,No SMOTE,0,0,0.0
Random Forest,No SMOTE,0,0,0.0
Random Forest,No SMOTE,0,0,0.0
Random Forest,No SMOTE,0,0,0.0
Random Forest,No SMOTE,0,0,0.0
Random Forest,No SMOTE,0,0,0.0
Random Forest,No SMOTE,0,0,0.0
Random Forest,No SMOTE,0,0,0.008096769891022433
Random Forest,No SMOTE,0,0,0.0
Random Forest,No SMOTE,0,0,0.0
Random Forest,No SMOTE,0,0,0.0
Random Forest,No SMOTE,0,0,0.0
Random Forest,No SMOTE,0,0,0.0
Random Forest,No SMOTE,0,0,0.0
Random Forest,No SMOTE,0,0,0.0
Random Forest,No SMOTE,0,0,0.008096769891022433
Random Forest,No SMOTE,0,0,0.008096769891022433
Random Forest,No SMOTE,0,0,0.0
Random Forest,No SMOTE,0,0,0.0
Random Forest,No SMOTE,0,0,0.0
Random Forest,No SMOTE,0,0,0.017880273025818672
Random Forest,No SMOTE,0,0,0.0
Random Forest,No SMOTE,0,0,0.0
Random Forest,No SMOTE,0,0,0.008096769891022433
Random Forest,No SMOTE,0,0,0.0
Random Forest,No SMOTE,0,0,0.0
Random Forest,No SMOTE,0,0,0.0
Random Forest,No SMOTE,0,0,0.0
Random Forest,No SMOTE,0,0,0.0
Random Forest,No SMOTE,0,0,0.0
Random Forest,No SMOTE,0,0,0.0
Random Forest,No SMOTE,0,0,0.0
Random Forest,No SMOTE,0,0,0.0
Random Forest,No SMOTE,0,0,0.0
Random Forest,No SMOTE,0,0,0.0
Random Forest,No SMOTE,0,0,0.0
Random Forest,No SMOTE,0,0,0.0
Random Forest,No SMOTE,0,0,0.0
Random Forest,No SMOTE,0,0,0.0
Random Forest,No SMOTE,0,0,0.0
Random Forest,No SMOTE,0,0,0.0
Random Forest,No SMOTE,0,0,0.0
Random Forest,No SMOTE,0,0,0.0
Random Forest,No SMOTE,0,0,0.0
Random Forest,No SMOTE,0,0,0.0
Random Forest,No SMOTE,0,0,0.0
Random Forest,No SMOTE,0,0,0.0
Random Forest,No SMOTE,0,0,0.008096769891022433
Random Forest,No SMOTE,0,0,0.0
Random Forest,No SMOTE,0,0,0.0
Random Forest,No SMOTE,0,0,0.0
Random Forest,No SMOTE,0,0,0.04
Random Forest,No SMOTE,0,0,0.0
Random Forest,No SMOTE,0,0,0.0
Random Forest,No SMOTE,0,0,0.0
Random Forest,No SMOTE,0,0,0.013518373245934452
Random Forest,No SMOTE,0,0,0.0
Random Forest,No SMOTE,0,0,0.009991329576149663
Random Forest,No SMOTE,0,0,0.0
Random Forest,No SMOTE,0,0,0.0
Random Forest,No SMOTE,0,0,0.0
Random Forest,No SMOTE,0,0,0.0
Random Forest,No SMOTE,0,0,0.0
Random Forest,No SMOTE,0,0,0.0
Random Forest,No SMOTE,0,0,0.0
Random Forest,No SMOTE,0,0,0.008096769891022433
Random Forest,No SMOTE,0,0,0.0
Random Forest,No SMOTE,0,0,0.0
Random Forest,No SMOTE,0,0,0.008096769891022433
Random Forest,No SMOTE,0,0,0.0
Random Forest,No SMOTE,0,0,0.0
Random Forest,No SMOTE,0,0,0.0
Random Forest,No SMOTE,0,0,0.0
Random Forest,No SMOTE,0,0,0.0
Random Forest,No SMOTE,0,0,0.0
Random Forest,No SMOTE,0,0,0.0
Random Forest,No SMOTE,0,0,0.0
Random Forest,No SMOTE,0,0,0.0
Random Forest,No SMOTE,0,0,0.0
Random Forest,No SMOTE,0,0,0.0
Random Forest,No SMOTE,0,0,0.0
Random Forest,No SMOTE,0,0,0.0
Random Forest,No SMOTE,0,0,0.0
Random Forest,No SMOTE,0,0,0.0
Random Forest,No SMOTE,0,0,0.0
Random Forest,No SMOTE,0,0,0.0
Random Forest,No SMOTE,0,0,0.0
Random Forest,No SMOTE,0,0,0.0
Random Forest,No SMOTE,0,0,0.0
Random Forest,No SMOTE,0,0,0.0
Random Forest,No SMOTE,0,0,0.0
Random Forest,No SMOTE,0,0,0.0
Random Forest,No SMOTE,0,0,0.0
Random Forest,No SMOTE,0,0,0.0
Random Forest,No SMOTE,0,0,0.0
Random Forest,No SMOTE,0,0,0.0
Random Forest,No SMOTE,0,0,0.0
Random Forest,No SMOTE,0,0,0.0
Random Forest,No SMOTE,0,0,0.0
Random Forest,No SMOTE,0,0,0.0
Random Forest,No SMOTE,0,0,0.0
Random Forest,No SMOTE,0,0,0.008096769891022433
Random Forest,No SMOTE,0,0,0.0
Random Forest,No SMOTE,0,0,0.0
Random Forest,No SMOTE,0,0,0.0
Random Forest,No SMOTE,0,0,0.0
Random Forest,No SMOTE,0,0,0.0
Random Forest,No SMOTE,0,0,0.0
Random Forest,No SMOTE,0,0,0.0
Random Forest,No SMOTE,0,0,0.0
Random Forest,No SMOTE,0,0,0.0
Random Forest,No SMOTE,0,0,0.0
Random Forest,No SMOTE,0,0,0.0
Random Forest,No SMOTE,0,0,0.0
Random Forest,No SMOTE,0,0,0.0
Random Forest,No SMOTE,0,0,0.008096769891022433
Random Forest,No SMOTE,0,0,0.0
Random Forest,No SMOTE,0,0,0.0
Random Forest,No SMOTE,0,0,0.0
Random Forest,No SMOTE,0,0,0.0
Random Forest,No SMOTE,0,0,0.0
Random Forest,No SMOTE,0,0,0.0
Random Forest,No SMOTE,0,0,0.0
Random Forest,No SMOTE,0,0,0.0
Random Forest,No SMOTE,0,0,0.0
Random Forest,No SMOTE,0,0,0.0
Random Forest,No SMOTE,0,0,0.0
Random Forest,No SMOTE,0,0,0.0
Random Forest,No SMOTE,0,0,0.0
Random Forest,No SMOTE,0,0,0.0
Random Forest,No SMOTE,0,0,0.0
Random Forest,No SMOTE,0,0,0.0
Random Forest,No SMOTE,0,0,0.0
Random Forest,No SMOTE,0,0,0.0
Random Forest,No SMOTE,0,0,0.0
Random Forest,No SMOTE,0,0,0.0
Random Forest,No SMOTE,0,0,0.0
Random Forest,No SMOTE,0,0,0.0
Random Forest,No SMOTE,0,0,0.008096769891022433
Random Forest,No SMOTE,0,0,0.0
Random Forest,No SMOTE,0,0,0.0
Random Forest,No SMOTE,0,0,0.0
Random Forest,No SMOTE,0,0,0.008096769891022433
Random Forest,No SMOTE,0,0,0.0
Random Forest,No SMOTE,0,0,0.0
Random Forest,No SMOTE,0,0,0.0
Random Forest,No SMOTE,0,0,0.013518373245934452
Random Forest,No SMOTE,0,0,0.0
Random Forest,No SMOTE,0,0,0.0
Random Forest,No SMOTE,0,0,0.0
Random Forest,No SMOTE,0,0,0.0
Random Forest,No SMOTE,0,0,0.0
Random Forest,No SMOTE,0,0,0.0
Random Forest,No SMOTE,0,0,0.0
Random Forest,No SMOTE,0,0,0.0
Random Forest,No SMOTE,0,0,0.0
Random Forest,No SMOTE,0,0,0.0
Random Forest,No SMOTE,0,0,0.0
Random Forest,No SMOTE,0,0,0.0
Random Forest,No SMOTE,0,0,0.0
Random Forest,No SMOTE,0,0,0.0
Random Forest,No SMOTE,0,0,0.0
Random Forest,No SMOTE,0,0,0.008096769891022433
Random Forest,No SMOTE,0,0,0.0
Random Forest,No SMOTE,0,0,0.0
Random Forest,No SMOTE,0,0,0.02793347217346626
Random Forest,No SMOTE,0,0,0.0
Random Forest,No SMOTE,0,0,0.0
Random Forest,No SMOTE,0,0,0.0
Random Forest,No SMOTE,0,0,0.008096769891022433
Random Forest,No SMOTE,0,0,0.0
Random Forest,No SMOTE,0,0,0.0
Random Forest,No SMOTE,0,0,0.0
Random Forest,No SMOTE,0,0,0.0
Random Forest,No SMOTE,0,0,0.0
Random Forest,No SMOTE,0,0,0.0
Random Forest,No SMOTE,0,0,0.0
Random Forest,No SMOTE,0,0,0.0
Random Forest,No SMOTE,0,0,0.0
Random Forest,No SMOTE,0,0,0.0
Random Forest,No SMOTE,0,0,0.0
Random Forest,No SMOTE,0,0,0.0
Random Forest,No SMOTE,0,0,0.009827306273062737
Random Forest,No SMOTE,0,0,0.0
Random Forest,No SMOTE,0,0,0.0
Random Forest,No SMOTE,0,0,0.0
Random Forest,No SMOTE,0,0,0.013518373245934452
Random Forest,No SMOTE,0,0,0.0
Random Forest,No SMOTE,0,0,0.0
Random Forest,No SMOTE,0,0,0.0
Random Forest,No SMOTE,0,0,0.0
Random Forest,No SMOTE,0,0,0.0
Random Forest,No SMOTE,0,0,0.0
Random Forest,No SMOTE,0,0,0.0
Random Forest,No SMOTE,0,0,0.0
Random Forest,No SMOTE,0,0,0.0
Random Forest,No SMOTE,0,0,0.008096769891022433
Random Forest,No SMOTE,0,0,0.0
Random Forest,No SMOTE,0,0,0.0
Random Forest,No SMOTE,0,0,0.008096769891022433
Random Forest,No SMOTE,0,0,0.0
Random Forest,No SMOTE,0,0,0.0
Random Forest,No SMOTE,0,0,0.0
Random Forest,No SMOTE,0,0,0.0
Random Forest,No SMOTE,0,0,0.0
Random Forest,No SMOTE,0,0,0.0
Random Forest,No SMOTE,0,0,0.0
Random Forest,No SMOTE,0,0,0.0
Random Forest,No SMOTE,0,0,0.008096769891022433
Random Forest,No SMOTE,0,0,0.0
Random Forest,No SMOTE,0,0,0.0
Random Forest,No SMOTE,0,0,0.0
Random Forest,No SMOTE,0,0,0.0
Random Forest,No SMOTE,0,0,0.0
Random Forest,No SMOTE,0,0,0.005421603354912019
Random Forest,No SMOTE,0,0,0.0
Random Forest,No SMOTE,0,0,0.0
Random Forest,No SMOTE,0,0,0.0
Random Forest,No SMOTE,0,0,0.0
Random Forest,No SMOTE,0,0,0.0
Random Forest,No SMOTE,0,0,0.0
Random Forest,No SMOTE,0,0,0.0
Random Forest,No SMOTE,0,0,0.0
Random Forest,No SMOTE,0,0,0.0
Random Forest,No SMOTE,0,0,0.0
Random Forest,No SMOTE,0,0,0.0
Random Forest,No SMOTE,0,0,0.0
Random Forest,No SMOTE,0,0,0.0
Random Forest,No SMOTE,0,0,0.0
Random Forest,No SMOTE,0,0,0.0
Random Forest,No SMOTE,0,0,0.0
Random Forest,No SMOTE,0,0,0.0
Random Forest,No SMOTE,0,0,0.0
Random Forest,No SMOTE,0,0,0.0
Random Forest,No SMOTE,0,0,0.0
Random Forest,No SMOTE,0,0,0.0
Random Forest,No SMOTE,0,0,0.0
Random Forest,No SMOTE,0,0,0.0
Random Forest,No SMOTE,0,0,0.0
Random Forest,No SMOTE,0,0,0.0
Random Forest,No SMOTE,0,0,0.0
Random Forest,No SMOTE,0,0,0.0
Random Forest,No SMOTE,0,0,0.0
Random Forest,No SMOTE,0,0,0.0
Random Forest,No SMOTE,0,0,0.013518373245934452
Random Forest,No SMOTE,0,0,0.0
Random Forest,No SMOTE,0,0,0.0
Random Forest,No SMOTE,0,0,0.0
Random Forest,No SMOTE,0,0,0.0
Random Forest,No SMOTE,0,0,0.0
Random Forest,No SMOTE,0,0,0.0
Random Forest,No SMOTE,0,0,0.0
Random Forest,No SMOTE,0,0,0.0
Random Forest,No SMOTE,0,0,0.0
Random Forest,No SMOTE,0,0,0.0
Random Forest,No SMOTE,0,0,0.0
Random Forest,No SMOTE,0,0,0.0
Random Forest,No SMOTE,0,0,0.0
Random Forest,No SMOTE,0,0,0.0
Random Forest,No SMOTE,0,0,0.0
Random Forest,No SMOTE,0,0,0.0
Random Forest,No SMOTE,0,0,0.0
Random Forest,No SMOTE,0,0,0.0
Random Forest,No SMOTE,0,0,0.013518373245934452
Random Forest,No SMOTE,0,0,0.0
Random Forest,No SMOTE,0,0,0.0
Random Forest,No SMOTE,0,0,0.0
Random Forest,No SMOTE,0,0,0.0
Random Forest,No SMOTE,0,0,0.0
Random Forest,No SMOTE,0,0,0.0
Random Forest,No SMOTE,0,0,0.0
Random Forest,No SMOTE,0,0,0.0
Random Forest,No SMOTE,0,0,0.0
Random Forest,No SMOTE,0,0,0.0
Random Forest,No SMOTE,0,0,0.0
Random Forest,No SMOTE,0,0,0.0
Random Forest,No SMOTE,0,0,0.0
Random Forest,No SMOTE,0,0,0.008096769891022433
Random Forest,No SMOTE,0,0,0.0
Random Forest,No SMOTE,0,0,0.0
Random Forest,No SMOTE,0,0,0.0
Random Forest,No SMOTE,0,0,0.0
Random Forest,No SMOTE,0,0,0.008096769891022433
Random Forest,No SMOTE,0,0,0.0
Random Forest,No SMOTE,0,0,0.0
Random Forest,No SMOTE,0,0,0.0
Random Forest,No SMOTE,0,0,0.0
Random Forest,No SMOTE,0,0,0.008096769891022433
Random Forest,No SMOTE,0,0,0.0
Random Forest,No SMOTE,0,0,0.0
Random Forest,No SMOTE,0,0,0.0
Random Forest,No SMOTE,0,0,0.0
Random Forest,No SMOTE,0,0,0.0
Random Forest,No SMOTE,0,0,0.0
Random Forest,No SMOTE,0,0,0.0
Random Forest,No SMOTE,0,0,0.0
Random Forest,No SMOTE,0,0,0.0
Random Forest,No SMOTE,0,0,0.0
Random Forest,No SMOTE,0,0,0.0
Random Forest,No SMOTE,0,0,0.0
Random Forest,No SMOTE,0,0,0.0
Random Forest,No SMOTE,0,0,0.0
Random Forest,No SMOTE,0,0,0.0
Random Forest,No SMOTE,0,0,0.0
Random Forest,No SMOTE,0,0,0.0
Random Forest,No SMOTE,0,0,0.0
Random Forest,No SMOTE,0,0,0.0
Random Forest,No SMOTE,0,0,0.0
Random Forest,No SMOTE,0,0,0.0
Random Forest,No SMOTE,0,0,0.0
Random Forest,No SMOTE,0,0,0.0
Random Forest,No SMOTE,0,0,0.0
Random Forest,No SMOTE,0,0,0.0
Random Forest,No SMOTE,0,0,0.0
Random Forest,No SMOTE,0,0,0.0
Random Forest,No SMOTE,0,0,0.0
Random Forest,No SMOTE,0,0,0.0
Random Forest,No SMOTE,0,0,0.0
Random Forest,No SMOTE,0,0,0.0
Random Forest,No SMOTE,0,0,0.0
Random Forest,No SMOTE,0,0,0.0
Random Forest,No SMOTE,0,0,0.0
Random Forest,No SMOTE,0,0,0.0
Random Forest,No SMOTE,0,0,0.0
Random Forest,No SMOTE,0,0,0.0
Random Forest,No SMOTE,0,0,0.0
Random Forest,No SMOTE,0,0,0.0
Random Forest,No SMOTE,0,0,0.0
Random Forest,No SMOTE,0,0,0.0
Random Forest,No SMOTE,0,0,0.0
Random Forest,No SMOTE,0,0,0.0
Random Forest,No SMOTE,0,0,0.0
Random Forest,No SMOTE,0,0,0.0
Random Forest,No SMOTE,0,0,0.0
Random Forest,No SMOTE,0,0,0.0
Random Forest,No SMOTE,0,0,0.0
Random Forest,No SMOTE,0,0,0.0
Random Forest,No SMOTE,0,0,0.0
Random Forest,No SMOTE,0,0,0.0
Random Forest,No SMOTE,0,0,0.0
Random Forest,No SMOTE,0,0,0.0
Random Forest,No SMOTE,0,0,0.0
Random Forest,No SMOTE,0,0,0.0
Random Forest,No SMOTE,0,0,0.0
Random Forest,No SMOTE,0,0,0.0
Random Forest,No SMOTE,0,0,0.0
Random Forest,No SMOTE,0,0,0.0
Random Forest,No SMOTE,0,0,0.0
Random Forest,No SMOTE,0,0,0.0
Random Forest,No SMOTE,0,0,0.0
Random Forest,No SMOTE,0,0,0.0
Random Forest,No SMOTE,0,0,0.0
Random Forest,No SMOTE,0,0,0.0
Random Forest,No SMOTE,0,0,0.0
Random Forest,No SMOTE,0,0,0.0
Random Forest,No SMOTE,0,0,0.0
Random Forest,No SMOTE,0,0,0.0
Random Forest,No SMOTE,0,0,0.0
Random Forest,No SMOTE,0,0,0.0
Random Forest,No SMOTE,0,0,0.008096769891022433
Random Forest,No SMOTE,0,0,0.0
Random Forest,No SMOTE,0,0,0.0
Random Forest,No SMOTE,0,0,0.0
Random Forest,No SMOTE,0,0,0.0
Random Forest,No SMOTE,0,0,0.0
Random Forest,No SMOTE,0,0,0.0
Random Forest,No SMOTE,0,0,0.0
Random Forest,No SMOTE,0,0,0.0
Random Forest,No SMOTE,0,0,0.0
Random Forest,No SMOTE,0,0,0.0
Random Forest,No SMOTE,0,0,0.0
Random Forest,No SMOTE,0,0,0.0
Random Forest,No SMOTE,0,0,0.0
Random Forest,No SMOTE,0,0,0.0
Random Forest,No SMOTE,0,0,0.0
Random Forest,No SMOTE,0,0,0.0
Random Forest,No SMOTE,0,0,0.0
Random Forest,No SMOTE,0,0,0.0
Random Forest,No SMOTE,0,0,0.0
Random Forest,No SMOTE,0,0,0.0
Random Forest,No SMOTE,0,0,0.0
Random Forest,No SMOTE,0,0,0.0
Random Forest,No SMOTE,0,0,0.0
Random Forest,No SMOTE,0,0,0.008096769891022433
Random Forest,No SMOTE,0,0,0.013518373245934452
Random Forest,No SMOTE,0,0,0.0
Random Forest,No SMOTE,0,0,0.008096769891022433
Random Forest,No SMOTE,0,0,0.0
Random Forest,No SMOTE,0,0,0.0
Random Forest,No SMOTE,0,0,0.0
Random Forest,No SMOTE,0,0,0.0
Random Forest,No SMOTE,0,0,0.0
Random Forest,No SMOTE,0,0,0.0
Random Forest,No SMOTE,0,0,0.0
Random Forest,No SMOTE,0,0,0.0
Random Forest,No SMOTE,0,0,0.0
Random Forest,No SMOTE,0,0,0.0
Random Forest,No SMOTE,0,0,0.0
Random Forest,No SMOTE,0,0,0.0
Random Forest,No SMOTE,0,0,0.0
Random Forest,No SMOTE,0,0,0.013518373245934452
Random Forest,No SMOTE,0,0,0.0
Random Forest,No SMOTE,0,0,0.0
Random Forest,No SMOTE,0,0,0.0
Random Forest,No SMOTE,0,0,0.0
Random Forest,No SMOTE,0,0,0.0
Random Forest,No SMOTE,0,0,0.008096769891022433
Random Forest,No SMOTE,0,0,0.0
Random Forest,No SMOTE,0,0,0.0
Random Forest,No SMOTE,0,0,0.0
Random Forest,No SMOTE,0,0,0.0
Random Forest,No SMOTE,0,0,0.0
Random Forest,No SMOTE,0,0,0.0
Random Forest,No SMOTE,0,0,0.008096769891022433
Random Forest,No SMOTE,0,0,0.0
Random Forest,No SMOTE,0,0,0.005421603354912019
Random Forest,No SMOTE,0,0,0.0
Random Forest,No SMOTE,0,0,0.0
Random Forest,No SMOTE,0,0,0.0
Random Forest,No SMOTE,0,0,0.0
Random Forest,No SMOTE,0,0,0.0
Random Forest,No SMOTE,0,0,0.0
Random Forest,No SMOTE,0,0,0.0
Random Forest,No SMOTE,0,0,0.0
Random Forest,No SMOTE,0,0,0.0
Random Forest,No SMOTE,0,0,0.0
Random Forest,No SMOTE,0,0,0.0
Random Forest,No SMOTE,0,0,0.0
Random Forest,No SMOTE,0,0,0.0
Random Forest,No SMOTE,0,0,0.0
Random Forest,No SMOTE,0,0,0.0
Random Forest,No SMOTE,0,0,0.0
Random Forest,No SMOTE,0,0,0.0
Random Forest,No SMOTE,0,0,0.0
Random Forest,No SMOTE,0,0,0.008096769891022433
Random Forest,No SMOTE,0,0,0.0
Random Forest,No SMOTE,0,0,0.0
Random Forest,No SMOTE,0,0,0.008096769891022433
Random Forest,No SMOTE,0,0,0.0
Random Forest,No SMOTE,0,0,0.0
Random Forest,No SMOTE,0,0,0.0
Random Forest,No SMOTE,0,0,0.0
Random Forest,No SMOTE,0,0,0.0
Random Forest,No SMOTE,0,0,0.0
Random Forest,No SMOTE,0,0,0.0
Random Forest,No SMOTE,0,0,0.0
Random Forest,No SMOTE,0,0,0.0
Random Forest,No SMOTE,0,0,0.0
Random Forest,No SMOTE,0,0,0.0
Random Forest,No SMOTE,0,0,0.0
Random Forest,No SMOTE,0,0,0.0
Random Forest,No SMOTE,0,0,0.008096769891022433
Random Forest,No SMOTE,0,0,0.0
Random Forest,No SMOTE,0,0,0.0
Random Forest,No SMOTE,0,0,0.0
Random Forest,No SMOTE,0,0,0.0
Random Forest,No SMOTE,0,0,0.0
Random Forest,No SMOTE,0,0,0.0
Random Forest,No SMOTE,0,0,0.0
Random Forest,No SMOTE,0,0,0.0
Random Forest,No SMOTE,0,0,0.0
Random Forest,No SMOTE,0,0,0.0
Random Forest,No SMOTE,0,0,0.0
Random Forest,No SMOTE,0,0,0.0
Random Forest,No SMOTE,0,0,0.0
Random Forest,No SMOTE,0,0,0.008096769891022433
Random Forest,No SMOTE,0,0,0.013518373245934452
Random Forest,No SMOTE,0,0,0.0
Random Forest,No SMOTE,0,0,0.0
Random Forest,No SMOTE,0,0,0.0
Random Forest,No SMOTE,0,0,0.0
Random Forest,No SMOTE,0,0,0.0
Random Forest,No SMOTE,0,0,0.0
Random Forest,No SMOTE,0,0,0.0
Random Forest,No SMOTE,0,0,0.0
Random Forest,No SMOTE,0,0,0.013518373245934452
Random Forest,No SMOTE,0,0,0.0
Random Forest,No SMOTE,0,0,0.0
Random Forest,No SMOTE,0,0,0.0
Random Forest,No SMOTE,0,0,0.0
Random Forest,No SMOTE,0,0,0.0
Random Forest,No SMOTE,0,0,0.0
Random Forest,No SMOTE,0,0,0.0
Random Forest,No SMOTE,0,0,0.0
Random Forest,No SMOTE,0,0,0.0
Random Forest,No SMOTE,0,0,0.0
Random Forest,No SMOTE,0,0,0.0
Random Forest,No SMOTE,0,0,0.0
Random Forest,No SMOTE,0,0,0.0
Random Forest,No SMOTE,0,0,0.0
Random Forest,No SMOTE,0,0,0.0
Random Forest,No SMOTE,0,0,0.0
Random Forest,No SMOTE,0,0,0.0
Random Forest,No SMOTE,0,0,0.0
Random Forest,No SMOTE,0,0,0.0
Random Forest,No SMOTE,0,0,0.0
Random Forest,No SMOTE,0,0,0.005421603354912019
Random Forest,No SMOTE,0,0,0.0
Random Forest,No SMOTE,0,0,0.0
Random Forest,No SMOTE,0,0,0.0
Random Forest,No SMOTE,0,0,0.0
Random Forest,No SMOTE,0,0,0.0
Random Forest,No SMOTE,0,0,0.0
Random Forest,No SMOTE,0,0,0.0
Random Forest,No SMOTE,0,0,0.0
Random Forest,No SMOTE,0,0,0.005421603354912019
Random Forest,No SMOTE,0,0,0.0
Random Forest,No SMOTE,0,0,0.0
Random Forest,No SMOTE,0,0,0.0
Random Forest,No SMOTE,0,0,0.0
Random Forest,No SMOTE,0,0,0.0
Random Forest,No SMOTE,0,0,0.0
Random Forest,No SMOTE,0,0,0.009479289266866635
Random Forest,No SMOTE,0,0,0.0
Random Forest,No SMOTE,0,0,0.0
Random Forest,No SMOTE,0,0,0.0
Random Forest,No SMOTE,0,0,0.0
Random Forest,No SMOTE,0,0,0.0
Random Forest,No SMOTE,0,0,0.0
Random Forest,No SMOTE,0,0,0.0
Random Forest,No SMOTE,1,1,0.8875760591578892
Random Forest,No SMOTE,0,0,0.0
Random Forest,No SMOTE,0,0,0.0
Random Forest,No SMOTE,0,0,0.0
Random Forest,No SMOTE,0,0,0.008096769891022433
Random Forest,No SMOTE,0,0,0.0
Random Forest,No SMOTE,0,0,0.0
Random Forest,No SMOTE,0,0,0.0
Random Forest,No SMOTE,0,0,0.0
Random Forest,No SMOTE,0,0,0.0
Random Forest,No SMOTE,0,0,0.0
Random Forest,No SMOTE,0,0,0.0
Random Forest,No SMOTE,0,0,0.0
Random Forest,No SMOTE,0,0,0.0
Random Forest,No SMOTE,0,0,0.0
Random Forest,No SMOTE,0,0,0.0
Random Forest,No SMOTE,0,0,0.0
Random Forest,No SMOTE,0,0,0.0
Random Forest,No SMOTE,0,0,0.0
Random Forest,No SMOTE,0,0,0.0
Random Forest,No SMOTE,0,0,0.0
Random Forest,No SMOTE,0,0,0.0
Random Forest,No SMOTE,0,0,0.0
Random Forest,No SMOTE,0,0,0.0
Random Forest,No SMOTE,0,0,0.008096769891022433
Random Forest,No SMOTE,0,0,0.0
Random Forest,No SMOTE,0,0,0.0
Random Forest,No SMOTE,0,0,0.0
Random Forest,No SMOTE,0,0,0.0
Random Forest,No SMOTE,0,0,0.0
Random Forest,No SMOTE,0,0,0.008096769891022433
Random Forest,No SMOTE,0,0,0.0
Random Forest,No SMOTE,0,0,0.0
Random Forest,No SMOTE,0,0,0.0
Random Forest,No SMOTE,0,0,0.008096769891022433
Random Forest,No SMOTE,0,0,0.0
Random Forest,No SMOTE,0,0,0.013518373245934452
Random Forest,No SMOTE,0,0,0.008096769891022433
Random Forest,No SMOTE,0,0,0.0
Random Forest,No SMOTE,0,0,0.0
Random Forest,No SMOTE,0,0,0.0
Random Forest,No SMOTE,0,0,0.0
Random Forest,No SMOTE,0,0,0.0
Random Forest,No SMOTE,0,0,0.0
Random Forest,No SMOTE,0,0,0.0
Random Forest,No SMOTE,0,0,0.0
Random Forest,No SMOTE,0,0,0.0
Random Forest,No SMOTE,0,0,0.0
Random Forest,No SMOTE,0,0,0.0
Random Forest,No SMOTE,0,0,0.0
Random Forest,No SMOTE,0,0,0.0
Random Forest,No SMOTE,0,0,0.0
Random Forest,No SMOTE,1,1,0.8896153935863498
Random Forest,No SMOTE,0,0,0.0
Random Forest,No SMOTE,0,0,0.0
Random Forest,No SMOTE,0,0,0.0
Random Forest,No SMOTE,0,0,0.0
Random Forest,No SMOTE,0,0,0.0
Random Forest,No SMOTE,0,0,0.0
Random Forest,No SMOTE,0,0,0.005421603354912019
Random Forest,No SMOTE,0,0,0.0
Random Forest,No SMOTE,0,0,0.0
Random Forest,No SMOTE,0,0,0.0
Random Forest,No SMOTE,0,0,0.0
Random Forest,No SMOTE,0,0,0.0
Random Forest,No SMOTE,0,0,0.0
Random Forest,No SMOTE,0,0,0.0
Random Forest,No SMOTE,0,0,0.0
Random Forest,No SMOTE,0,0,0.0
Random Forest,No SMOTE,0,0,0.0
Random Forest,No SMOTE,0,0,0.0
Random Forest,No SMOTE,0,0,0.0
Random Forest,No SMOTE,0,0,0.0
Random Forest,No SMOTE,0,0,0.0
Random Forest,No SMOTE,0,0,0.0
Random Forest,No SMOTE,0,0,0.0
Random Forest,No SMOTE,0,0,0.0
Random Forest,No SMOTE,0,0,0.0
Random Forest,No SMOTE,0,0,0.0
Random Forest,No SMOTE,0,0,0.0
Random Forest,No SMOTE,0,0,0.0
Random Forest,No SMOTE,0,0,0.0
Random Forest,No SMOTE,0,0,0.0
Random Forest,No SMOTE,0,0,0.0
Random Forest,No SMOTE,0,0,0.0
Random Forest,No SMOTE,0,0,0.0
Random Forest,No SMOTE,0,0,0.0
Random Forest,No SMOTE,0,0,0.0
Random Forest,No SMOTE,0,0,0.0
Random Forest,No SMOTE,0,0,0.0
Random Forest,No SMOTE,0,0,0.0
Random Forest,No SMOTE,0,0,0.0
Random Forest,No SMOTE,0,0,0.0
Random Forest,No SMOTE,0,0,0.0
Random Forest,No SMOTE,0,0,0.0
Random Forest,No SMOTE,0,0,0.0
Random Forest,No SMOTE,0,0,0.0
Random Forest,No SMOTE,0,0,0.0
Random Forest,No SMOTE,0,0,0.0
Random Forest,No SMOTE,0,0,0.0
Random Forest,No SMOTE,0,0,0.013518373245934452
Random Forest,No SMOTE,0,0,0.018070803647139484
Random Forest,No SMOTE,0,0,0.0
Random Forest,No SMOTE,0,0,0.0
Random Forest,No SMOTE,0,0,0.0
Random Forest,No SMOTE,0,0,0.0
Random Forest,No SMOTE,0,0,0.0
Random Forest,No SMOTE,0,0,0.0
Random Forest,No SMOTE,0,0,0.0
Random Forest,No SMOTE,0,0,0.0
Random Forest,No SMOTE,0,0,0.02954667052438288
Random Forest,No SMOTE,0,0,0.0
Random Forest,No SMOTE,0,0,0.0
Random Forest,No SMOTE,0,0,0.0
Random Forest,No SMOTE,0,0,0.0
Random Forest,No SMOTE,0,0,0.0
Random Forest,No SMOTE,0,0,0.0
Random Forest,No SMOTE,0,0,0.0
Random Forest,No SMOTE,0,0,0.0
Random Forest,No SMOTE,0,0,0.03795233400776271
Random Forest,No SMOTE,0,0,0.0
Random Forest,No SMOTE,0,0,0.0
Random Forest,No SMOTE,0,0,0.0
Random Forest,No SMOTE,0,0,0.0
Random Forest,No SMOTE,0,0,0.0
Random Forest,No SMOTE,0,0,0.0
Random Forest,No SMOTE,0,0,0.0
Random Forest,No SMOTE,0,0,0.0
Random Forest,No SMOTE,0,0,0.0
Random Forest,No SMOTE,0,0,0.0
Random Forest,No SMOTE,0,0,0.0
Random Forest,No SMOTE,0,0,0.0
Random Forest,No SMOTE,0,0,0.0
Random Forest,No SMOTE,0,0,0.0
Random Forest,No SMOTE,0,0,0.0
Random Forest,No SMOTE,0,0,0.0
Random Forest,No SMOTE,0,0,0.0
Random Forest,No SMOTE,0,0,0.0
Random Forest,No SMOTE,0,0,0.0
Random Forest,No SMOTE,0,0,0.013518373245934452
Random Forest,No SMOTE,0,0,0.0
Random Forest,No SMOTE,0,0,0.008096769891022433
Random Forest,No SMOTE,0,0,0.0
Random Forest,No SMOTE,0,0,0.009943051711435455
Random Forest,No SMOTE,0,0,0.0
Random Forest,No SMOTE,0,0,0.0
Random Forest,No SMOTE,0,0,0.0
Random Forest,No SMOTE,0,0,0.0
Random Forest,No SMOTE,0,0,0.0
Random Forest,No SMOTE,0,0,0.0
Random Forest,No SMOTE,0,0,0.008096769891022433
Random Forest,No SMOTE,0,0,0.0
Random Forest,No SMOTE,0,0,0.0
Random Forest,No SMOTE,0,0,0.0
Random Forest,No SMOTE,0,0,0.0
Random Forest,No SMOTE,0,0,0.0
Random Forest,No SMOTE,0,0,0.0
Random Forest,No SMOTE,0,0,0.0
Random Forest,No SMOTE,0,0,0.013518373245934452
Random Forest,No SMOTE,0,0,0.0
Random Forest,No SMOTE,0,0,0.0
Random Forest,No SMOTE,0,0,0.0
Random Forest,No SMOTE,0,0,0.0
Random Forest,No SMOTE,0,0,0.0
Random Forest,No SMOTE,0,0,0.008096769891022433
Random Forest,No SMOTE,0,0,0.0
Random Forest,No SMOTE,0,0,0.0
Random Forest,No SMOTE,0,0,0.0
Random Forest,No SMOTE,0,0,0.0
Random Forest,No SMOTE,0,0,0.0
Random Forest,No SMOTE,0,0,0.0
Random Forest,No SMOTE,0,0,0.0
Random Forest,No SMOTE,0,0,0.013518373245934452
Random Forest,No SMOTE,0,0,0.0
Random Forest,No SMOTE,0,0,0.0
Random Forest,No SMOTE,0,0,0.0
Random Forest,No SMOTE,0,0,0.0
Random Forest,No SMOTE,0,0,0.0
Random Forest,No SMOTE,0,0,0.0
Random Forest,No SMOTE,0,0,0.0
Random Forest,No SMOTE,0,0,0.0
Random Forest,No SMOTE,0,0,0.0
Random Forest,No SMOTE,0,0,0.0
Random Forest,No SMOTE,0,0,0.0
Random Forest,No SMOTE,0,0,0.0
Random Forest,No SMOTE,0,0,0.0
Random Forest,No SMOTE,0,0,0.0
Random Forest,No SMOTE,0,0,0.0
Random Forest,No SMOTE,0,0,0.0
Random Forest,No SMOTE,0,0,0.0
Random Forest,No SMOTE,0,0,0.0
Random Forest,No SMOTE,0,0,0.0
Random Forest,No SMOTE,0,0,0.0
Random Forest,No SMOTE,0,0,0.0
Random Forest,No SMOTE,0,0,0.0
Random Forest,No SMOTE,0,0,0.0
Random Forest,No SMOTE,0,0,0.0
Random Forest,No SMOTE,0,0,0.0
Random Forest,No SMOTE,0,0,0.0
Random Forest,No SMOTE,0,0,0.0
Random Forest,No SMOTE,0,0,0.0
Random Forest,No SMOTE,0,0,0.0
Random Forest,No SMOTE,0,0,0.0
Random Forest,No SMOTE,0,0,0.0
Random Forest,No SMOTE,0,0,0.0
Random Forest,No SMOTE,0,0,0.0
Random Forest,No SMOTE,0,0,0.0
Random Forest,No SMOTE,0,0,0.0
Random Forest,No SMOTE,0,0,0.0
Random Forest,No SMOTE,0,0,0.0
Random Forest,No SMOTE,0,0,0.0
Random Forest,No SMOTE,0,0,0.0
Random Forest,No SMOTE,0,0,0.0
Random Forest,No SMOTE,0,0,0.0
Random Forest,No SMOTE,0,0,0.0
Random Forest,No SMOTE,0,0,0.0
Random Forest,No SMOTE,0,0,0.0
Random Forest,No SMOTE,0,0,0.0
Random Forest,No SMOTE,0,0,0.0
Random Forest,No SMOTE,0,0,0.0
Random Forest,No SMOTE,0,0,0.0
Random Forest,No SMOTE,0,0,0.0
Random Forest,No SMOTE,0,0,0.013518373245934452
Random Forest,No SMOTE,0,0,0.0
Random Forest,No SMOTE,0,0,0.0
Random Forest,No SMOTE,0,0,0.0
Random Forest,No SMOTE,0,0,0.0
Random Forest,No SMOTE,0,0,0.0
Random Forest,No SMOTE,0,0,0.0
Random Forest,No SMOTE,0,0,0.0
Random Forest,No SMOTE,0,0,0.0
Random Forest,No SMOTE,0,0,0.0
Random Forest,No SMOTE,0,0,0.0
Random Forest,No SMOTE,0,0,0.005421603354912019
Random Forest,No SMOTE,0,0,0.005421603354912019
Random Forest,No SMOTE,0,0,0.0
Random Forest,No SMOTE,0,0,0.0
Random Forest,No SMOTE,0,0,0.0
Random Forest,No SMOTE,0,0,0.0
Random Forest,No SMOTE,0,0,0.0
Random Forest,No SMOTE,0,0,0.0
Random Forest,No SMOTE,0,0,0.0
Random Forest,No SMOTE,0,0,0.0
Random Forest,No SMOTE,0,0,0.008096769891022433
Random Forest,No SMOTE,0,0,0.0
Random Forest,No SMOTE,0,0,0.008096769891022433
Random Forest,No SMOTE,0,0,0.0
Random Forest,No SMOTE,0,0,0.0
Random Forest,No SMOTE,0,0,0.008096769891022433
Random Forest,No SMOTE,0,0,0.0
Random Forest,No SMOTE,0,0,0.0
Random Forest,No SMOTE,0,0,0.0
Random Forest,No SMOTE,0,0,0.0
Random Forest,No SMOTE,0,0,0.0
Random Forest,No SMOTE,0,0,0.0
Random Forest,No SMOTE,0,0,0.0
Random Forest,No SMOTE,0,0,0.0
Random Forest,No SMOTE,0,0,0.0
Random Forest,No SMOTE,0,0,0.0
Random Forest,No SMOTE,0,0,0.0
Random Forest,No SMOTE,0,0,0.0
Random Forest,No SMOTE,0,0,0.0
Random Forest,No SMOTE,0,0,0.0
Random Forest,No SMOTE,0,0,0.0
Random Forest,No SMOTE,0,0,0.0
Random Forest,No SMOTE,0,0,0.0
Random Forest,No SMOTE,0,0,0.0
Random Forest,No SMOTE,0,0,0.0
Random Forest,No SMOTE,0,0,0.0
Random Forest,No SMOTE,0,0,0.013518373245934452
Random Forest,No SMOTE,0,0,0.0
Random Forest,No SMOTE,0,0,0.0
Random Forest,No SMOTE,0,0,0.0
Random Forest,No SMOTE,0,0,0.0
Random Forest,No SMOTE,0,0,0.0
Random Forest,No SMOTE,0,0,0.0
Random Forest,No SMOTE,0,0,0.0
Random Forest,No SMOTE,0,0,0.0
Random Forest,No SMOTE,0,0,0.0
Random Forest,No SMOTE,0,0,0.0
Random Forest,No SMOTE,0,0,0.008096769891022433
Random Forest,No SMOTE,0,0,0.0
Random Forest,No SMOTE,0,0,0.0
Random Forest,No SMOTE,0,0,0.0
Random Forest,No SMOTE,0,0,0.0
Random Forest,No SMOTE,0,0,0.0
Random Forest,No SMOTE,0,0,0.0
Random Forest,No SMOTE,0,0,0.0
Random Forest,No SMOTE,0,0,0.0
Random Forest,No SMOTE,0,0,0.008096769891022433
Random Forest,No SMOTE,0,0,0.0
Random Forest,No SMOTE,0,0,0.0
Random Forest,No SMOTE,0,0,0.0
Random Forest,No SMOTE,0,0,0.0
Random Forest,No SMOTE,0,0,0.005421603354912019
Random Forest,No SMOTE,0,0,0.0
Random Forest,No SMOTE,0,0,0.0
Random Forest,No SMOTE,0,0,0.0
Random Forest,No SMOTE,0,0,0.0
Random Forest,No SMOTE,0,0,0.0
Random Forest,No SMOTE,0,0,0.0
Random Forest,No SMOTE,0,0,0.0
Random Forest,No SMOTE,0,0,0.0
Random Forest,No SMOTE,0,0,0.0
Random Forest,No SMOTE,0,0,0.0
Random Forest,No SMOTE,0,0,0.0
Random Forest,No SMOTE,0,0,0.0
Random Forest,No SMOTE,0,0,0.0
Random Forest,No SMOTE,0,0,0.0
Random Forest,No SMOTE,0,0,0.0
Random Forest,No SMOTE,0,0,0.0
Random Forest,No SMOTE,0,0,0.008096769891022433
Random Forest,No SMOTE,0,0,0.0
Random Forest,No SMOTE,0,0,0.0
Random Forest,No SMOTE,0,0,0.0
Random Forest,No SMOTE,0,0,0.0
Random Forest,No SMOTE,0,0,0.0
Random Forest,No SMOTE,0,0,0.0
Random Forest,No SMOTE,0,0,0.0
Random Forest,No SMOTE,0,0,0.0
Random Forest,No SMOTE,0,0,0.0
Random Forest,No SMOTE,0,0,0.0
Random Forest,No SMOTE,0,0,0.0
Random Forest,No SMOTE,0,0,0.013518373245934452
Random Forest,No SMOTE,0,0,0.0
Random Forest,No SMOTE,0,0,0.0
Random Forest,No SMOTE,0,0,0.0
Random Forest,No SMOTE,0,0,0.013518373245934452
Random Forest,No SMOTE,0,0,0.0
Random Forest,No SMOTE,0,0,0.0
Random Forest,No SMOTE,0,0,0.0
Random Forest,No SMOTE,0,0,0.0
Random Forest,No SMOTE,0,0,0.0
Random Forest,No SMOTE,0,0,0.0
Random Forest,No SMOTE,0,0,0.0
Random Forest,No SMOTE,0,0,0.0
Random Forest,No SMOTE,0,0,0.008096769891022433
Random Forest,No SMOTE,0,0,0.0
Random Forest,No SMOTE,0,0,0.0
Random Forest,No SMOTE,0,0,0.0
Random Forest,No SMOTE,0,0,0.0
Random Forest,No SMOTE,0,0,0.0
Random Forest,No SMOTE,0,0,0.0
Random Forest,No SMOTE,0,0,0.0
Random Forest,No SMOTE,0,0,0.0
Random Forest,No SMOTE,0,0,0.0
Random Forest,No SMOTE,0,0,0.0
Random Forest,No SMOTE,0,0,0.0
Random Forest,No SMOTE,0,0,0.0
Random Forest,No SMOTE,0,0,0.0
Random Forest,No SMOTE,0,0,0.0
Random Forest,No SMOTE,0,0,0.0
Random Forest,No SMOTE,0,0,0.0
Random Forest,No SMOTE,0,0,0.0
Random Forest,No SMOTE,0,0,0.0
Random Forest,No SMOTE,0,0,0.0
Random Forest,No SMOTE,0,0,0.0
Random Forest,No SMOTE,0,0,0.0
Random Forest,No SMOTE,0,0,0.0
Random Forest,No SMOTE,0,0,0.008096769891022433
Random Forest,No SMOTE,0,0,0.0
Random Forest,No SMOTE,0,0,0.0
Random Forest,No SMOTE,0,0,0.0
Random Forest,No SMOTE,0,0,0.0
Random Forest,No SMOTE,0,0,0.0
Random Forest,No SMOTE,0,0,0.0
Random Forest,No SMOTE,0,0,0.0
Random Forest,No SMOTE,0,0,0.008096769891022433
Random Forest,No SMOTE,0,0,0.0
Random Forest,No SMOTE,0,0,0.0
Random Forest,No SMOTE,0,0,0.0
Random Forest,No SMOTE,0,0,0.0
Random Forest,No SMOTE,0,0,0.0
Random Forest,No SMOTE,0,0,0.0
Random Forest,No SMOTE,0,0,0.0
Random Forest,No SMOTE,0,0,0.0
Random Forest,No SMOTE,0,0,0.0
Random Forest,No SMOTE,0,0,0.008096769891022433
Random Forest,No SMOTE,0,0,0.0
Random Forest,No SMOTE,0,0,0.008096769891022433
Random Forest,No SMOTE,0,0,0.0
Random Forest,No SMOTE,0,0,0.0
Random Forest,No SMOTE,0,0,0.0
Random Forest,No SMOTE,0,0,0.0
Random Forest,No SMOTE,0,0,0.0
Random Forest,No SMOTE,0,0,0.013518373245934452
Random Forest,No SMOTE,0,0,0.0
Random Forest,No SMOTE,0,0,0.0
Random Forest,No SMOTE,0,0,0.0
Random Forest,No SMOTE,0,0,0.0
Random Forest,No SMOTE,0,0,0.0
Random Forest,No SMOTE,0,0,0.008096769891022433
Random Forest,No SMOTE,0,0,0.008096769891022433
Random Forest,No SMOTE,0,0,0.013518373245934452
Random Forest,No SMOTE,0,0,0.0
Random Forest,No SMOTE,0,0,0.0
Random Forest,No SMOTE,0,0,0.0
Random Forest,No SMOTE,0,0,0.0
Random Forest,No SMOTE,0,0,0.0
Random Forest,No SMOTE,0,0,0.0
Random Forest,No SMOTE,0,0,0.0
Random Forest,No SMOTE,0,0,0.0
Random Forest,No SMOTE,0,0,0.0
Random Forest,No SMOTE,0,0,0.0
Random Forest,No SMOTE,0,0,0.0
Random Forest,No SMOTE,0,0,0.0
Random Forest,No SMOTE,0,0,0.0
Random Forest,No SMOTE,0,0,0.008096769891022433
Random Forest,No SMOTE,0,0,0.0
Random Forest,No SMOTE,0,0,0.0
Random Forest,No SMOTE,0,0,0.0
Random Forest,No SMOTE,0,0,0.0
Random Forest,No SMOTE,0,0,0.0
Random Forest,No SMOTE,0,0,0.0
Random Forest,No SMOTE,0,0,0.0
Random Forest,No SMOTE,0,0,0.0
Random Forest,No SMOTE,0,0,0.0
Random Forest,No SMOTE,0,0,0.0
Random Forest,No SMOTE,0,0,0.0
Random Forest,No SMOTE,0,0,0.0
Random Forest,No SMOTE,0,0,0.0
Random Forest,No SMOTE,0,0,0.0
Random Forest,No SMOTE,0,0,0.0
Random Forest,No SMOTE,0,0,0.0
Random Forest,No SMOTE,0,0,0.0
Random Forest,No SMOTE,0,0,0.0
Random Forest,No SMOTE,0,0,0.0
Random Forest,No SMOTE,0,0,0.0
Random Forest,No SMOTE,0,0,0.0
Random Forest,No SMOTE,0,0,0.0
Random Forest,No SMOTE,0,0,0.0
Random Forest,No SMOTE,0,0,0.0
Random Forest,No SMOTE,0,0,0.013518373245934452
Random Forest,No SMOTE,0,0,0.0
Random Forest,No SMOTE,0,0,0.0
Random Forest,No SMOTE,0,0,0.0
Random Forest,No SMOTE,0,0,0.0
Random Forest,No SMOTE,0,0,0.0
Random Forest,No SMOTE,0,0,0.0
Random Forest,No SMOTE,0,0,0.0
Random Forest,No SMOTE,0,0,0.0
Random Forest,No SMOTE,0,0,0.0
Random Forest,No SMOTE,0,0,0.0
Random Forest,No SMOTE,0,0,0.0
Random Forest,No SMOTE,0,0,0.0
Random Forest,No SMOTE,0,0,0.0
Random Forest,No SMOTE,0,0,0.0
Random Forest,No SMOTE,0,0,0.0
Random Forest,No SMOTE,0,0,0.0
Random Forest,No SMOTE,0,0,0.0
Random Forest,No SMOTE,0,0,0.0
Random Forest,No SMOTE,0,0,0.0
Random Forest,No SMOTE,0,0,0.0
Random Forest,No SMOTE,0,0,0.013518373245934452
Random Forest,No SMOTE,0,0,0.0
Random Forest,No SMOTE,0,0,0.0
Random Forest,No SMOTE,0,0,0.0
Random Forest,No SMOTE,0,0,0.0
Random Forest,No SMOTE,0,0,0.0
Random Forest,No SMOTE,0,0,0.0
Random Forest,No SMOTE,0,0,0.0
Random Forest,No SMOTE,0,0,0.013518373245934452
Random Forest,No SMOTE,0,0,0.0
Random Forest,No SMOTE,0,0,0.0
Random Forest,No SMOTE,0,0,0.0
Random Forest,No SMOTE,0,0,0.0
Random Forest,No SMOTE,0,0,0.0
Random Forest,No SMOTE,0,0,0.0
Random Forest,No SMOTE,0,0,0.0
Random Forest,No SMOTE,0,0,0.0
Random Forest,No SMOTE,0,0,0.0
Random Forest,No SMOTE,0,0,0.008096769891022433
Random Forest,No SMOTE,0,0,0.0
Random Forest,No SMOTE,0,0,0.0
Random Forest,No SMOTE,0,0,0.0
Random Forest,No SMOTE,0,0,0.0
Random Forest,No SMOTE,0,0,0.013518373245934452
Random Forest,No SMOTE,0,0,0.0
Random Forest,No SMOTE,0,0,0.0
Random Forest,No SMOTE,0,0,0.013518373245934452
Random Forest,No SMOTE,0,0,0.0
Random Forest,No SMOTE,0,0,0.0
Random Forest,No SMOTE,0,0,0.005421603354912019
Random Forest,No SMOTE,0,0,0.0
Random Forest,No SMOTE,0,0,0.0
Random Forest,No SMOTE,0,0,0.0
Random Forest,No SMOTE,0,0,0.0
Random Forest,No SMOTE,0,0,0.0
Random Forest,No SMOTE,0,0,0.0
Random Forest,No SMOTE,0,0,0.0
Random Forest,No SMOTE,0,0,0.0
Random Forest,No SMOTE,0,0,0.0
Random Forest,No SMOTE,0,0,0.0
Random Forest,No SMOTE,0,0,0.0
Random Forest,No SMOTE,0,0,0.0
Random Forest,No SMOTE,0,0,0.0
Random Forest,No SMOTE,0,0,0.0
Random Forest,No SMOTE,0,0,0.0
Random Forest,No SMOTE,0,0,0.0
Random Forest,No SMOTE,0,0,0.0
Random Forest,No SMOTE,0,0,0.0
Random Forest,No SMOTE,0,0,0.0
Random Forest,No SMOTE,0,0,0.0
Random Forest,No SMOTE,0,0,0.0
Random Forest,No SMOTE,0,0,0.0
Random Forest,No SMOTE,0,0,0.0
Random Forest,No SMOTE,0,0,0.0
Random Forest,No SMOTE,0,0,0.0
Random Forest,No SMOTE,0,0,0.0
Random Forest,No SMOTE,0,0,0.0
Random Forest,No SMOTE,0,0,0.0
Random Forest,No SMOTE,0,0,0.0
Random Forest,No SMOTE,0,0,0.0
Random Forest,No SMOTE,0,0,0.0
Random Forest,No SMOTE,0,0,0.0
Random Forest,No SMOTE,0,0,0.0
Random Forest,No SMOTE,0,0,0.0
Random Forest,No SMOTE,0,0,0.0
Random Forest,No SMOTE,0,0,0.0
Random Forest,No SMOTE,0,0,0.0
Random Forest,No SMOTE,0,0,0.0
Random Forest,No SMOTE,0,0,0.0
Random Forest,No SMOTE,0,0,0.0
Random Forest,No SMOTE,0,0,0.0
Random Forest,No SMOTE,0,0,0.0
Random Forest,No SMOTE,0,0,0.0
Random Forest,No SMOTE,0,0,0.0
Random Forest,No SMOTE,0,0,0.0
Random Forest,No SMOTE,0,0,0.0
Random Forest,No SMOTE,0,0,0.0
Random Forest,No SMOTE,0,0,0.0
Random Forest,No SMOTE,0,0,0.0
Random Forest,No SMOTE,0,0,0.008096769891022433
Random Forest,No SMOTE,0,0,0.0
Random Forest,No SMOTE,0,0,0.0
Random Forest,No SMOTE,0,0,0.0
Random Forest,No SMOTE,0,0,0.0
Random Forest,No SMOTE,0,0,0.0
Random Forest,No SMOTE,0,0,0.0
Random Forest,No SMOTE,0,0,0.0
Random Forest,No SMOTE,0,0,0.0
Random Forest,No SMOTE,0,0,0.0
Random Forest,No SMOTE,0,0,0.0
Random Forest,No SMOTE,0,0,0.0
Random Forest,No SMOTE,0,0,0.0
Random Forest,No SMOTE,0,0,0.0
Random Forest,No SMOTE,0,0,0.0
Random Forest,No SMOTE,0,0,0.0
Random Forest,No SMOTE,0,0,0.0
Random Forest,No SMOTE,0,0,0.0
Random Forest,No SMOTE,0,0,0.013518373245934452
Random Forest,No SMOTE,0,0,0.0
Random Forest,No SMOTE,0,0,0.0
Random Forest,No SMOTE,0,0,0.005421603354912019
Random Forest,No SMOTE,0,0,0.0
Random Forest,No SMOTE,0,0,0.0
Random Forest,No SMOTE,0,0,0.0
Random Forest,No SMOTE,0,0,0.0
Random Forest,No SMOTE,0,0,0.0
Random Forest,No SMOTE,0,0,0.008096769891022433
Random Forest,No SMOTE,0,0,0.0
Random Forest,No SMOTE,0,0,0.0
Random Forest,No SMOTE,0,0,0.0
Random Forest,No SMOTE,0,0,0.0
Random Forest,No SMOTE,0,0,0.0
Random Forest,No SMOTE,0,0,0.0
Random Forest,No SMOTE,0,0,0.0
Random Forest,No SMOTE,0,0,0.0
Random Forest,No SMOTE,0,0,0.0
Random Forest,No SMOTE,0,0,0.0
Random Forest,No SMOTE,0,0,0.008096769891022433
Random Forest,No SMOTE,0,0,0.0
Random Forest,No SMOTE,0,0,0.0
Random Forest,No SMOTE,0,0,0.0
Random Forest,No SMOTE,0,0,0.0
Random Forest,No SMOTE,0,0,0.0
Random Forest,No SMOTE,0,0,0.0
Random Forest,No SMOTE,0,0,0.0
Random Forest,No SMOTE,0,0,0.0
Random Forest,No SMOTE,0,0,0.0
Random Forest,No SMOTE,0,0,0.0
Random Forest,No SMOTE,0,0,0.0
Random Forest,No SMOTE,0,0,0.008096769891022433
Random Forest,No SMOTE,0,0,0.0
Random Forest,No SMOTE,0,0,0.0
Random Forest,No SMOTE,0,0,0.0
Random Forest,No SMOTE,0,0,0.0
Random Forest,No SMOTE,0,0,0.008096769891022433
Random Forest,No SMOTE,0,0,0.0
Random Forest,No SMOTE,0,0,0.0
Random Forest,No SMOTE,0,0,0.0
Random Forest,No SMOTE,0,0,0.0
Random Forest,No SMOTE,0,0,0.0
Random Forest,No SMOTE,0,0,0.0
Random Forest,No SMOTE,0,0,0.009943051711435455
Random Forest,No SMOTE,0,0,0.0
Random Forest,No SMOTE,0,0,0.008096769891022433
Random Forest,No SMOTE,0,0,0.0
Random Forest,No SMOTE,0,0,0.0
Random Forest,No SMOTE,0,0,0.0
Random Forest,No SMOTE,0,0,0.0
Random Forest,No SMOTE,0,0,0.0
Random Forest,No SMOTE,0,0,0.013518373245934452
Random Forest,No SMOTE,0,0,0.0
Random Forest,No SMOTE,0,0,0.0
Random Forest,No SMOTE,0,0,0.0
Random Forest,No SMOTE,0,0,0.0
Random Forest,No SMOTE,0,0,0.008096769891022433
Random Forest,No SMOTE,0,0,0.0
Random Forest,No SMOTE,0,0,0.0
Random Forest,No SMOTE,0,0,0.0
Random Forest,No SMOTE,0,0,0.0
Random Forest,No SMOTE,0,0,0.0
Random Forest,No SMOTE,0,0,0.0
Random Forest,No SMOTE,0,0,0.0
Random Forest,No SMOTE,0,0,0.0
Random Forest,No SMOTE,0,0,0.0
Random Forest,No SMOTE,0,0,0.0
Random Forest,No SMOTE,0,0,0.008096769891022433
Random Forest,No SMOTE,0,0,0.0
Random Forest,No SMOTE,0,0,0.0
Random Forest,No SMOTE,0,0,0.0
Random Forest,No SMOTE,0,0,0.0
Random Forest,No SMOTE,0,0,0.0
Random Forest,No SMOTE,0,0,0.0
Random Forest,No SMOTE,0,0,0.0
Random Forest,No SMOTE,0,0,0.0
Random Forest,No SMOTE,0,0,0.0
Random Forest,No SMOTE,0,0,0.0
Random Forest,No SMOTE,0,0,0.0
Random Forest,No SMOTE,0,0,0.0
Random Forest,No SMOTE,0,0,0.008096769891022433
Random Forest,No SMOTE,0,0,0.0
Random Forest,No SMOTE,0,0,0.0
Random Forest,No SMOTE,0,0,0.0
Random Forest,No SMOTE,0,0,0.0
Random Forest,No SMOTE,0,0,0.0
Random Forest,No SMOTE,0,0,0.0
Random Forest,No SMOTE,0,0,0.0
Random Forest,No SMOTE,0,0,0.0
Random Forest,No SMOTE,0,0,0.0
Random Forest,No SMOTE,0,0,0.008096769891022433
Random Forest,No SMOTE,0,0,0.0
Random Forest,No SMOTE,0,0,0.0
Random Forest,No SMOTE,0,0,0.0
Random Forest,No SMOTE,0,0,0.0
Random Forest,No SMOTE,0,0,0.0
Random Forest,No SMOTE,0,0,0.005421603354912019
Random Forest,No SMOTE,0,0,0.0
Random Forest,No SMOTE,0,0,0.0
Random Forest,No SMOTE,0,0,0.0
Random Forest,No SMOTE,0,0,0.0
Random Forest,No SMOTE,0,0,0.0
Random Forest,No SMOTE,0,0,0.0
Random Forest,No SMOTE,0,0,0.0
Random Forest,No SMOTE,0,0,0.0
Random Forest,No SMOTE,0,0,0.0
Random Forest,No SMOTE,0,0,0.0
Random Forest,No SMOTE,0,0,0.0
Random Forest,No SMOTE,0,0,0.0
Random Forest,No SMOTE,0,0,0.0
Random Forest,No SMOTE,0,0,0.0
Random Forest,No SMOTE,0,0,0.0
Random Forest,No SMOTE,0,0,0.0
Random Forest,No SMOTE,0,0,0.0
Random Forest,No SMOTE,0,0,0.0
Random Forest,No SMOTE,0,0,0.0
Random Forest,No SMOTE,0,0,0.0
Random Forest,No SMOTE,0,0,0.0
Random Forest,No SMOTE,0,0,0.008096769891022433
Random Forest,No SMOTE,0,0,0.0
Random Forest,No SMOTE,0,0,0.0
Random Forest,No SMOTE,0,0,0.0
Random Forest,No SMOTE,0,0,0.0
Random Forest,No SMOTE,0,0,0.0
Random Forest,No SMOTE,0,0,0.0
Random Forest,No SMOTE,0,0,0.0
Random Forest,No SMOTE,0,0,0.0
Random Forest,No SMOTE,0,0,0.0
Random Forest,No SMOTE,0,0,0.013518373245934452
Random Forest,No SMOTE,0,0,0.0
Random Forest,No SMOTE,0,0,0.0
Random Forest,No SMOTE,0,0,0.0
Random Forest,No SMOTE,0,0,0.0
Random Forest,No SMOTE,0,0,0.0
Random Forest,No SMOTE,0,0,0.0
Random Forest,No SMOTE,0,0,0.0
Random Forest,No SMOTE,0,0,0.0
Random Forest,No SMOTE,0,0,0.0
Random Forest,No SMOTE,0,0,0.0
Random Forest,No SMOTE,0,0,0.0
Random Forest,No SMOTE,0,0,0.0
Random Forest,No SMOTE,0,0,0.0
Random Forest,No SMOTE,0,0,0.0
Random Forest,No SMOTE,0,0,0.005421603354912019
Random Forest,No SMOTE,0,0,0.008096769891022433
Random Forest,No SMOTE,0,0,0.0
Random Forest,No SMOTE,0,0,0.0
Random Forest,No SMOTE,0,0,0.0
Random Forest,No SMOTE,0,0,0.0
Random Forest,No SMOTE,0,0,0.0
Random Forest,No SMOTE,0,0,0.0
Random Forest,No SMOTE,0,0,0.0
Random Forest,No SMOTE,0,0,0.0
Random Forest,No SMOTE,0,0,0.0
Random Forest,No SMOTE,0,0,0.0
Random Forest,No SMOTE,0,0,0.0
Random Forest,No SMOTE,0,0,0.0
Random Forest,No SMOTE,0,0,0.0
Random Forest,No SMOTE,0,0,0.0
Random Forest,No SMOTE,0,0,0.0
Random Forest,No SMOTE,0,0,0.0
Random Forest,No SMOTE,0,0,0.008096769891022433
Random Forest,No SMOTE,0,0,0.0
Random Forest,No SMOTE,0,0,0.0
Random Forest,No SMOTE,0,0,0.008096769891022433
Random Forest,No SMOTE,0,0,0.0
Random Forest,No SMOTE,0,0,0.0
Random Forest,No SMOTE,0,0,0.0
Random Forest,No SMOTE,0,0,0.0
Random Forest,No SMOTE,0,0,0.0
Random Forest,No SMOTE,0,0,0.0
Random Forest,No SMOTE,0,0,0.0
Random Forest,No SMOTE,0,0,0.0
Random Forest,No SMOTE,0,0,0.0
Random Forest,No SMOTE,0,0,0.0
Random Forest,No SMOTE,0,0,0.0
Random Forest,No SMOTE,0,0,0.0
Random Forest,No SMOTE,0,0,0.0
Random Forest,No SMOTE,0,0,0.0
Random Forest,No SMOTE,0,0,0.0
Random Forest,No SMOTE,0,0,0.0
Random Forest,No SMOTE,0,0,0.0
Random Forest,No SMOTE,0,0,0.0
Random Forest,No SMOTE,0,0,0.008096769891022433
Random Forest,No SMOTE,0,0,0.0
Random Forest,No SMOTE,0,0,0.0
Random Forest,No SMOTE,0,0,0.0
Random Forest,No SMOTE,0,0,0.0
Random Forest,No SMOTE,0,0,0.0
Random Forest,No SMOTE,0,0,0.0
Random Forest,No SMOTE,0,0,0.0
Random Forest,No SMOTE,0,0,0.0
Random Forest,No SMOTE,0,0,0.0
Random Forest,No SMOTE,0,0,0.0
Random Forest,No SMOTE,0,0,0.0
Random Forest,No SMOTE,0,0,0.0
Random Forest,No SMOTE,0,0,0.0
Random Forest,No SMOTE,0,0,0.0
Random Forest,No SMOTE,0,0,0.0
Random Forest,No SMOTE,0,0,0.0
Random Forest,No SMOTE,0,0,0.0
Random Forest,No SMOTE,0,0,0.0
Random Forest,No SMOTE,0,0,0.0
Random Forest,No SMOTE,0,0,0.0
Random Forest,No SMOTE,0,0,0.0
Random Forest,No SMOTE,0,0,0.0
Random Forest,No SMOTE,0,0,0.0
Random Forest,No SMOTE,0,0,0.0
Random Forest,No SMOTE,0,0,0.0
Random Forest,No SMOTE,0,0,0.0
Random Forest,No SMOTE,0,0,0.0
Random Forest,No SMOTE,0,0,0.0
Random Forest,No SMOTE,0,0,0.0
Random Forest,No SMOTE,0,0,0.0
Random Forest,No SMOTE,0,0,0.0
Random Forest,No SMOTE,0,0,0.0
Random Forest,No SMOTE,0,0,0.005421603354912019
Random Forest,No SMOTE,0,0,0.0
Random Forest,No SMOTE,0,0,0.0
Random Forest,No SMOTE,0,0,0.0
Random Forest,No SMOTE,0,0,0.0
Random Forest,No SMOTE,0,0,0.0
Random Forest,No SMOTE,0,0,0.0
Random Forest,No SMOTE,0,0,0.0
Random Forest,No SMOTE,0,0,0.0
Random Forest,No SMOTE,0,0,0.0
Random Forest,No SMOTE,0,0,0.0
Random Forest,No SMOTE,0,0,0.0
Random Forest,No SMOTE,0,0,0.0
Random Forest,No SMOTE,0,0,0.0
Random Forest,No SMOTE,0,0,0.0
Random Forest,No SMOTE,0,0,0.0
Random Forest,No SMOTE,0,0,0.005421603354912019
Random Forest,No SMOTE,0,0,0.0
Random Forest,No SMOTE,0,0,0.0
Random Forest,No SMOTE,0,0,0.0
Random Forest,No SMOTE,0,0,0.0
Random Forest,No SMOTE,0,0,0.0
Random Forest,No SMOTE,0,0,0.0
Random Forest,No SMOTE,0,0,0.0
Random Forest,No SMOTE,0,0,0.0
Random Forest,No SMOTE,0,0,0.008096769891022433
Random Forest,No SMOTE,0,0,0.0
Random Forest,No SMOTE,0,0,0.0
Random Forest,No SMOTE,0,0,0.0
Random Forest,No SMOTE,0,0,0.0
Random Forest,No SMOTE,0,0,0.008096769891022433
Random Forest,No SMOTE,0,0,0.0
Random Forest,No SMOTE,0,0,0.0
Random Forest,No SMOTE,0,0,0.0
Random Forest,No SMOTE,0,0,0.0
Random Forest,No SMOTE,0,0,0.0
Random Forest,No SMOTE,0,0,0.0
Random Forest,No SMOTE,0,0,0.0
Random Forest,No SMOTE,0,0,0.0
Random Forest,No SMOTE,0,0,0.0
Random Forest,No SMOTE,0,0,0.0
Random Forest,No SMOTE,0,0,0.0
Random Forest,No SMOTE,0,0,0.0
Random Forest,No SMOTE,0,0,0.0
Random Forest,No SMOTE,0,0,0.0
Random Forest,No SMOTE,0,0,0.0
Random Forest,No SMOTE,0,0,0.0
Random Forest,No SMOTE,0,0,0.0
Random Forest,No SMOTE,0,0,0.0
Random Forest,No SMOTE,0,0,0.0
Random Forest,No SMOTE,0,0,0.0
Random Forest,No SMOTE,0,0,0.0
Random Forest,No SMOTE,0,0,0.028038383694832723
Random Forest,No SMOTE,0,0,0.0
Random Forest,No SMOTE,0,0,0.0
Random Forest,No SMOTE,0,0,0.0
Random Forest,No SMOTE,0,0,0.0
Random Forest,No SMOTE,0,0,0.0
Random Forest,No SMOTE,0,0,0.0
Random Forest,No SMOTE,0,0,0.0
Random Forest,No SMOTE,0,0,0.0
Random Forest,No SMOTE,0,0,0.0
Random Forest,No SMOTE,0,0,0.008096769891022433
Random Forest,No SMOTE,0,0,0.0
Random Forest,No SMOTE,0,0,0.0
Random Forest,No SMOTE,0,0,0.0
Random Forest,No SMOTE,0,0,0.0
Random Forest,No SMOTE,0,0,0.0
Random Forest,No SMOTE,0,0,0.0
Random Forest,No SMOTE,0,0,0.0
Random Forest,No SMOTE,0,0,0.0
Random Forest,No SMOTE,0,0,0.0
Random Forest,No SMOTE,0,0,0.0
Random Forest,No SMOTE,0,0,0.0
Random Forest,No SMOTE,0,0,0.013518373245934452
Random Forest,No SMOTE,0,0,0.0
Random Forest,No SMOTE,0,0,0.0
Random Forest,No SMOTE,0,0,0.008096769891022433
Random Forest,No SMOTE,0,0,0.0
Random Forest,No SMOTE,0,0,0.0
Random Forest,No SMOTE,0,0,0.0
Random Forest,No SMOTE,0,0,0.0
Random Forest,No SMOTE,0,0,0.0
Random Forest,No SMOTE,0,0,0.0
Random Forest,No SMOTE,0,0,0.0
Random Forest,No SMOTE,0,0,0.0
Random Forest,No SMOTE,0,0,0.0
Random Forest,No SMOTE,0,0,0.0
Random Forest,No SMOTE,0,0,0.0
Random Forest,No SMOTE,0,0,0.0
Random Forest,No SMOTE,0,0,0.0
Random Forest,No SMOTE,0,0,0.0
Random Forest,No SMOTE,0,0,0.0
Random Forest,No SMOTE,0,0,0.0
Random Forest,No SMOTE,0,0,0.0
Random Forest,No SMOTE,0,0,0.0
Random Forest,No SMOTE,0,0,0.009697057966792896
Random Forest,No SMOTE,0,0,0.0
Random Forest,No SMOTE,0,0,0.0
Random Forest,No SMOTE,0,0,0.0
Random Forest,No SMOTE,0,0,0.0
Random Forest,No SMOTE,0,0,0.008096769891022433
Random Forest,No SMOTE,0,0,0.0
Random Forest,No SMOTE,0,0,0.0
Random Forest,No SMOTE,0,0,0.0
Random Forest,No SMOTE,0,0,0.0
Random Forest,No SMOTE,0,0,0.0
Random Forest,No SMOTE,0,0,0.0
Random Forest,No SMOTE,0,0,0.0
Random Forest,No SMOTE,0,0,0.0
Random Forest,No SMOTE,0,0,0.0
Random Forest,No SMOTE,0,0,0.0
Random Forest,No SMOTE,0,0,0.008096769891022433
Random Forest,No SMOTE,0,0,0.0
Random Forest,No SMOTE,0,0,0.0
Random Forest,No SMOTE,0,0,0.0
Random Forest,No SMOTE,0,0,0.0
Random Forest,No SMOTE,0,0,0.0
Random Forest,No SMOTE,0,0,0.0
Random Forest,No SMOTE,0,0,0.0
Random Forest,No SMOTE,0,0,0.0
Random Forest,No SMOTE,0,0,0.0
Random Forest,No SMOTE,0,0,0.0
Random Forest,No SMOTE,0,0,0.0
Random Forest,No SMOTE,0,0,0.0
Random Forest,No SMOTE,0,0,0.0
Random Forest,No SMOTE,0,0,0.0
Random Forest,No SMOTE,0,0,0.0
Random Forest,No SMOTE,0,0,0.0
Random Forest,No SMOTE,0,0,0.0
Random Forest,No SMOTE,0,0,0.0
Random Forest,No SMOTE,0,0,0.008096769891022433
Random Forest,No SMOTE,0,0,0.0
Random Forest,No SMOTE,0,0,0.0
Random Forest,No SMOTE,0,0,0.0
Random Forest,No SMOTE,0,0,0.0
Random Forest,No SMOTE,0,0,0.0
Random Forest,No SMOTE,0,0,0.008096769891022433
Random Forest,No SMOTE,0,0,0.0
Random Forest,No SMOTE,0,0,0.0
Random Forest,No SMOTE,0,0,0.0
Random Forest,No SMOTE,0,0,0.0
Random Forest,No SMOTE,0,0,0.0
Random Forest,No SMOTE,0,0,0.0
Random Forest,No SMOTE,0,0,0.0
Random Forest,No SMOTE,0,0,0.0
Random Forest,No SMOTE,0,0,0.0
Random Forest,No SMOTE,0,0,0.0
Random Forest,No SMOTE,0,0,0.0
Random Forest,No SMOTE,0,0,0.0
Random Forest,No SMOTE,0,0,0.0
Random Forest,No SMOTE,0,0,0.0
Random Forest,No SMOTE,0,0,0.0
Random Forest,No SMOTE,0,0,0.0
Random Forest,No SMOTE,0,0,0.0
Random Forest,No SMOTE,0,0,0.008096769891022433
Random Forest,No SMOTE,0,0,0.0
Random Forest,No SMOTE,0,0,0.0
Random Forest,No SMOTE,0,0,0.0
Random Forest,No SMOTE,0,0,0.0
Random Forest,No SMOTE,0,0,0.0
Random Forest,No SMOTE,0,0,0.0
Random Forest,No SMOTE,0,0,0.0
Random Forest,No SMOTE,0,0,0.0
Random Forest,No SMOTE,0,0,0.0
Random Forest,No SMOTE,0,0,0.0
Random Forest,No SMOTE,0,0,0.0
Random Forest,No SMOTE,0,0,0.008096769891022433
Random Forest,No SMOTE,0,0,0.0
Random Forest,No SMOTE,0,0,0.0
Random Forest,No SMOTE,0,0,0.0
Random Forest,No SMOTE,0,0,0.013518373245934452
Random Forest,No SMOTE,0,0,0.013518373245934452
Random Forest,No SMOTE,0,0,0.0
Random Forest,No SMOTE,0,0,0.008096769891022433
Random Forest,No SMOTE,0,0,0.0
Random Forest,No SMOTE,0,0,0.0
Random Forest,No SMOTE,0,0,0.013518373245934452
Random Forest,No SMOTE,0,0,0.0
Random Forest,No SMOTE,0,0,0.0
Random Forest,No SMOTE,0,0,0.008096769891022433
Random Forest,No SMOTE,0,0,0.0
Random Forest,No SMOTE,0,0,0.0
Random Forest,No SMOTE,0,0,0.0
Random Forest,No SMOTE,0,0,0.0
Random Forest,No SMOTE,0,0,0.0
Random Forest,No SMOTE,0,0,0.0
Random Forest,No SMOTE,0,0,0.0
Random Forest,No SMOTE,0,0,0.0
Random Forest,No SMOTE,0,0,0.0
Random Forest,No SMOTE,0,0,0.0
Random Forest,No SMOTE,0,0,0.0
Random Forest,No SMOTE,0,0,0.0
Random Forest,No SMOTE,0,0,0.0
Random Forest,No SMOTE,0,0,0.0
Random Forest,No SMOTE,0,0,0.0
Random Forest,No SMOTE,0,0,0.0
Random Forest,No SMOTE,0,0,0.0
Random Forest,No SMOTE,0,0,0.0
Random Forest,No SMOTE,0,0,0.0
Random Forest,No SMOTE,0,0,0.0
Random Forest,No SMOTE,0,0,0.0
Random Forest,No SMOTE,0,0,0.0
Random Forest,No SMOTE,0,0,0.0
Random Forest,No SMOTE,0,0,0.008096769891022433
Random Forest,No SMOTE,0,0,0.0
Random Forest,No SMOTE,0,0,0.0
Random Forest,No SMOTE,0,0,0.0
Random Forest,No SMOTE,0,0,0.0
Random Forest,No SMOTE,0,0,0.0
Random Forest,No SMOTE,0,0,0.0
Random Forest,No SMOTE,0,0,0.0
Random Forest,No SMOTE,0,0,0.0
Random Forest,No SMOTE,0,0,0.0
Random Forest,No SMOTE,0,0,0.0
Random Forest,No SMOTE,0,0,0.0
Random Forest,No SMOTE,0,0,0.013518373245934452
Random Forest,No SMOTE,0,0,0.0
Random Forest,No SMOTE,0,0,0.008096769891022433
Random Forest,No SMOTE,0,0,0.0
Random Forest,No SMOTE,0,0,0.0
Random Forest,No SMOTE,0,0,0.0
Random Forest,No SMOTE,0,0,0.0
Random Forest,No SMOTE,0,0,0.0
Random Forest,No SMOTE,0,0,0.0
Random Forest,No SMOTE,0,0,0.0
Random Forest,No SMOTE,0,0,0.0
Random Forest,No SMOTE,0,0,0.0
Random Forest,No SMOTE,0,0,0.0
Random Forest,No SMOTE,0,0,0.0
Random Forest,No SMOTE,0,0,0.0
Random Forest,No SMOTE,0,0,0.0
Random Forest,No SMOTE,0,0,0.0
Random Forest,No SMOTE,0,0,0.0
Random Forest,No SMOTE,0,0,0.0
Random Forest,No SMOTE,0,0,0.0
Random Forest,No SMOTE,0,0,0.0
Random Forest,No SMOTE,0,0,0.0
Random Forest,No SMOTE,0,0,0.0
Random Forest,No SMOTE,0,0,0.0
Random Forest,No SMOTE,0,0,0.0
Random Forest,No SMOTE,0,0,0.0
Random Forest,No SMOTE,0,0,0.0
Random Forest,No SMOTE,0,0,0.0
Random Forest,No SMOTE,0,0,0.0
Random Forest,No SMOTE,0,0,0.0
Random Forest,No SMOTE,0,0,0.0
Random Forest,No SMOTE,0,0,0.0
Random Forest,No SMOTE,0,0,0.0
Random Forest,No SMOTE,0,0,0.0
Random Forest,No SMOTE,0,0,0.0
Random Forest,No SMOTE,0,0,0.0
Random Forest,No SMOTE,0,0,0.0
Random Forest,No SMOTE,0,0,0.008096769891022433
Random Forest,No SMOTE,0,0,0.0
Random Forest,No SMOTE,0,0,0.0
Random Forest,No SMOTE,0,0,0.0
Random Forest,No SMOTE,0,0,0.0
Random Forest,No SMOTE,0,0,0.0
Random Forest,No SMOTE,0,0,0.0
Random Forest,No SMOTE,0,0,0.0
Random Forest,No SMOTE,0,0,0.0
Random Forest,No SMOTE,0,0,0.0
Random Forest,No SMOTE,0,0,0.0
Random Forest,No SMOTE,0,0,0.0
Random Forest,No SMOTE,0,0,0.0
Random Forest,No SMOTE,0,0,0.0
Random Forest,No SMOTE,0,0,0.0
Random Forest,No SMOTE,0,0,0.0
Random Forest,No SMOTE,0,0,0.008096769891022433
Random Forest,No SMOTE,0,0,0.0
Random Forest,No SMOTE,0,0,0.0
Random Forest,No SMOTE,0,0,0.0
Random Forest,No SMOTE,0,0,0.0
Random Forest,No SMOTE,0,0,0.0
Random Forest,No SMOTE,0,0,0.0
Random Forest,No SMOTE,0,0,0.0
Random Forest,No SMOTE,0,0,0.0
Random Forest,No SMOTE,0,0,0.00997403375611705
Random Forest,No SMOTE,0,0,0.0
Random Forest,No SMOTE,0,0,0.0
Random Forest,No SMOTE,0,0,0.0
Random Forest,No SMOTE,0,0,0.0
Random Forest,No SMOTE,0,0,0.0
Random Forest,No SMOTE,0,0,0.0
Random Forest,No SMOTE,0,0,0.0
Random Forest,No SMOTE,0,0,0.0
Random Forest,No SMOTE,0,0,0.0
Random Forest,No SMOTE,0,0,0.0
Random Forest,No SMOTE,0,0,0.0
Random Forest,No SMOTE,0,0,0.005421603354912019
Random Forest,No SMOTE,0,0,0.0
Random Forest,No SMOTE,0,0,0.013518373245934452
Random Forest,No SMOTE,0,0,0.0
Random Forest,No SMOTE,0,0,0.0
Random Forest,No SMOTE,0,0,0.0
Random Forest,No SMOTE,0,0,0.0
Random Forest,No SMOTE,0,0,0.0
Random Forest,No SMOTE,0,0,0.0
Random Forest,No SMOTE,0,0,0.013518373245934452
Random Forest,No SMOTE,0,0,0.0
Random Forest,No SMOTE,0,0,0.008096769891022433
Random Forest,No SMOTE,0,0,0.0
Random Forest,No SMOTE,0,0,0.0
Random Forest,No SMOTE,0,0,0.0
Random Forest,No SMOTE,0,0,0.0
Random Forest,No SMOTE,0,0,0.013518373245934452
Random Forest,No SMOTE,0,0,0.0
Random Forest,No SMOTE,0,0,0.0
Random Forest,No SMOTE,0,0,0.0
Random Forest,No SMOTE,0,0,0.0
Random Forest,No SMOTE,0,0,0.0
Random Forest,No SMOTE,0,0,0.0
Random Forest,No SMOTE,0,0,0.0
Random Forest,No SMOTE,0,0,0.0
Random Forest,No SMOTE,0,0,0.0
Random Forest,No SMOTE,0,0,0.0
Random Forest,No SMOTE,0,0,0.008096769891022433
Random Forest,No SMOTE,0,0,0.0
Random Forest,No SMOTE,0,0,0.013518373245934452
Random Forest,No SMOTE,0,0,0.0
Random Forest,No SMOTE,0,0,0.0
Random Forest,No SMOTE,0,0,0.0
Random Forest,No SMOTE,0,0,0.0
Random Forest,No SMOTE,0,0,0.0
Random Forest,No SMOTE,0,0,0.0
Random Forest,No SMOTE,0,0,0.0
Random Forest,No SMOTE,0,0,0.0
Random Forest,No SMOTE,0,0,0.0
Random Forest,No SMOTE,0,0,0.0
Random Forest,No SMOTE,0,0,0.0
Random Forest,No SMOTE,0,0,0.0
Random Forest,No SMOTE,0,0,0.0
Random Forest,No SMOTE,0,0,0.0
Random Forest,No SMOTE,0,0,0.0
Random Forest,No SMOTE,0,0,0.0
Random Forest,No SMOTE,0,0,0.0
Random Forest,No SMOTE,0,0,0.0
Random Forest,No SMOTE,0,0,0.0
Random Forest,No SMOTE,0,0,0.0
Random Forest,No SMOTE,0,0,0.008096769891022433
Random Forest,No SMOTE,0,0,0.0
Random Forest,No SMOTE,0,0,0.0
Random Forest,No SMOTE,0,0,0.0
Random Forest,No SMOTE,0,0,0.0
Random Forest,No SMOTE,0,0,0.0
Random Forest,No SMOTE,0,0,0.0
Random Forest,No SMOTE,0,0,0.0
Random Forest,No SMOTE,0,0,0.0
Random Forest,No SMOTE,0,0,0.0
Random Forest,No SMOTE,0,0,0.0
Random Forest,No SMOTE,0,0,0.0
Random Forest,No SMOTE,0,0,0.008096769891022433
Random Forest,No SMOTE,0,0,0.0
Random Forest,No SMOTE,0,0,0.0
Random Forest,No SMOTE,0,0,0.013518373245934452
Random Forest,No SMOTE,0,0,0.005421603354912019
Random Forest,No SMOTE,0,0,0.0
Random Forest,No SMOTE,0,0,0.0
Random Forest,No SMOTE,0,0,0.013518373245934452
Random Forest,No SMOTE,0,0,0.0
Random Forest,No SMOTE,0,0,0.0
Random Forest,No SMOTE,0,0,0.0
Random Forest,No SMOTE,0,0,0.0
Random Forest,No SMOTE,0,0,0.0
Random Forest,No SMOTE,0,0,0.0
Random Forest,No SMOTE,0,0,0.0
Random Forest,No SMOTE,0,0,0.0
Random Forest,No SMOTE,0,0,0.0
Random Forest,No SMOTE,0,0,0.0
Random Forest,No SMOTE,0,0,0.0
Random Forest,No SMOTE,0,0,0.0
Random Forest,No SMOTE,0,0,0.0
Random Forest,No SMOTE,0,0,0.0
Random Forest,No SMOTE,0,0,0.0
Random Forest,No SMOTE,0,0,0.0
Random Forest,No SMOTE,0,0,0.0
Random Forest,No SMOTE,0,0,0.0
Random Forest,No SMOTE,0,0,0.0
Random Forest,No SMOTE,0,0,0.0
Random Forest,No SMOTE,0,0,0.0
Random Forest,No SMOTE,0,0,0.008096769891022433
Random Forest,No SMOTE,0,0,0.0
Random Forest,No SMOTE,0,0,0.0
Random Forest,No SMOTE,0,0,0.0
Random Forest,No SMOTE,0,0,0.0
Random Forest,No SMOTE,0,0,0.0
Random Forest,No SMOTE,0,0,0.0
Random Forest,No SMOTE,0,0,0.0
Random Forest,No SMOTE,0,0,0.0
Random Forest,No SMOTE,0,0,0.0
Random Forest,No SMOTE,0,0,0.0
Random Forest,No SMOTE,0,0,0.0
Random Forest,No SMOTE,0,0,0.0
Random Forest,No SMOTE,0,0,0.0
Random Forest,No SMOTE,0,0,0.0
Random Forest,No SMOTE,0,0,0.0
Random Forest,No SMOTE,0,0,0.0
Random Forest,No SMOTE,0,0,0.0
Random Forest,No SMOTE,0,0,0.0
Random Forest,No SMOTE,0,0,0.0
Random Forest,No SMOTE,0,0,0.008096769891022433
Random Forest,No SMOTE,0,0,0.0
Random Forest,No SMOTE,0,0,0.0
Random Forest,No SMOTE,0,0,0.0
Random Forest,No SMOTE,0,0,0.0
Random Forest,No SMOTE,0,0,0.0
Random Forest,No SMOTE,0,0,0.0
Random Forest,No SMOTE,0,0,0.0
Random Forest,No SMOTE,0,0,0.0
Random Forest,No SMOTE,0,0,0.0
Random Forest,No SMOTE,0,0,0.0
Random Forest,No SMOTE,0,0,0.0
Random Forest,No SMOTE,0,0,0.0
Random Forest,No SMOTE,0,0,0.0
Random Forest,No SMOTE,0,0,0.0
Random Forest,No SMOTE,0,0,0.0
Random Forest,No SMOTE,0,0,0.0
Random Forest,No SMOTE,0,0,0.0
Random Forest,No SMOTE,0,0,0.008096769891022433
Random Forest,No SMOTE,0,0,0.0
Random Forest,No SMOTE,0,0,0.0
Random Forest,No SMOTE,0,0,0.0
Random Forest,No SMOTE,0,0,0.0
Random Forest,No SMOTE,0,0,0.0
Random Forest,No SMOTE,0,0,0.0
Random Forest,No SMOTE,0,0,0.0
Random Forest,No SMOTE,0,0,0.0
Random Forest,No SMOTE,0,0,0.0
Random Forest,No SMOTE,0,0,0.0
Random Forest,No SMOTE,0,0,0.0
Random Forest,No SMOTE,0,0,0.0
Random Forest,No SMOTE,0,0,0.0
Random Forest,No SMOTE,0,0,0.0
Random Forest,No SMOTE,0,0,0.0
Random Forest,No SMOTE,0,0,0.013518373245934452
Random Forest,No SMOTE,0,0,0.0
Random Forest,No SMOTE,0,0,0.0
Random Forest,No SMOTE,0,0,0.0
Random Forest,No SMOTE,0,0,0.0
Random Forest,No SMOTE,0,0,0.0
Random Forest,No SMOTE,0,0,0.0
Random Forest,No SMOTE,0,0,0.0
Random Forest,No SMOTE,0,0,0.0
Random Forest,No SMOTE,0,0,0.0
Random Forest,No SMOTE,0,0,0.0
Random Forest,No SMOTE,0,0,0.0
Random Forest,No SMOTE,0,0,0.0
Random Forest,No SMOTE,0,0,0.008096769891022433
Random Forest,No SMOTE,0,0,0.0
Random Forest,No SMOTE,0,0,0.0
Random Forest,No SMOTE,0,0,0.0
Random Forest,No SMOTE,0,0,0.0
Random Forest,No SMOTE,0,0,0.0
Random Forest,No SMOTE,0,0,0.0
Random Forest,No SMOTE,0,0,0.0
Random Forest,No SMOTE,0,0,0.0
Random Forest,No SMOTE,0,0,0.0
Random Forest,No SMOTE,0,0,0.005421603354912019
Random Forest,No SMOTE,0,0,0.0
Random Forest,No SMOTE,0,0,0.0
Random Forest,No SMOTE,0,0,0.0
Random Forest,No SMOTE,0,0,0.0
Random Forest,No SMOTE,0,0,0.008096769891022433
Random Forest,No SMOTE,0,0,0.0
Random Forest,No SMOTE,0,0,0.0
Random Forest,No SMOTE,0,0,0.0
Random Forest,No SMOTE,0,0,0.0
Random Forest,No SMOTE,0,0,0.0
Random Forest,No SMOTE,0,0,0.0
Random Forest,No SMOTE,0,0,0.0
Random Forest,No SMOTE,0,0,0.008096769891022433
Random Forest,No SMOTE,0,0,0.013518373245934452
Random Forest,No SMOTE,0,0,0.009479289266866635
Random Forest,No SMOTE,0,0,0.0
Random Forest,No SMOTE,0,0,0.0
Random Forest,No SMOTE,0,0,0.0
Random Forest,No SMOTE,0,0,0.0
Random Forest,No SMOTE,0,0,0.0
Random Forest,No SMOTE,0,0,0.0
Random Forest,No SMOTE,0,0,0.0
Random Forest,No SMOTE,0,0,0.0
Random Forest,No SMOTE,0,0,0.0
Random Forest,No SMOTE,0,0,0.0
Random Forest,No SMOTE,0,0,0.0
Random Forest,No SMOTE,0,0,0.0
Random Forest,No SMOTE,0,0,0.0
Random Forest,No SMOTE,0,0,0.008096769891022433
Random Forest,No SMOTE,0,0,0.0
Random Forest,No SMOTE,0,0,0.0
Random Forest,No SMOTE,0,0,0.0
Random Forest,No SMOTE,0,0,0.0
Random Forest,No SMOTE,0,0,0.0
Random Forest,No SMOTE,0,0,0.0
Random Forest,No SMOTE,0,0,0.0
Random Forest,No SMOTE,0,0,0.0
Random Forest,No SMOTE,0,0,0.0
Random Forest,No SMOTE,0,0,0.0
Random Forest,No SMOTE,0,0,0.0
Random Forest,No SMOTE,0,0,0.0
Random Forest,No SMOTE,0,0,0.0
Random Forest,No SMOTE,0,0,0.0
Random Forest,No SMOTE,0,0,0.0
Random Forest,No SMOTE,0,0,0.0
Random Forest,No SMOTE,0,0,0.008096769891022433
Random Forest,No SMOTE,0,0,0.008096769891022433
Random Forest,No SMOTE,0,0,0.0
Random Forest,No SMOTE,0,0,0.0
Random Forest,No SMOTE,0,0,0.008096769891022433
Random Forest,No SMOTE,0,0,0.0
Random Forest,No SMOTE,0,0,0.0
Random Forest,No SMOTE,0,0,0.0
Random Forest,No SMOTE,0,0,0.0
Random Forest,No SMOTE,0,0,0.0
Random Forest,No SMOTE,0,0,0.0
Random Forest,No SMOTE,0,0,0.019986536166824113
Random Forest,No SMOTE,0,0,0.0
Random Forest,No SMOTE,0,0,0.005421603354912019
Random Forest,No SMOTE,0,0,0.0
Random Forest,No SMOTE,1,1,0.8493119761192319
Random Forest,No SMOTE,0,0,0.0
Random Forest,No SMOTE,0,0,0.0
Random Forest,No SMOTE,0,0,0.0
Random Forest,No SMOTE,0,0,0.0
Random Forest,No SMOTE,0,0,0.0
Random Forest,No SMOTE,0,0,0.0
Random Forest,No SMOTE,1,1,0.9998820701178772
Random Forest,No SMOTE,0,0,0.0
Random Forest,No SMOTE,0,0,0.008096769891022433
Random Forest,No SMOTE,0,0,0.0
Random Forest,No SMOTE,0,0,0.0
Random Forest,No SMOTE,0,0,0.0
Random Forest,No SMOTE,0,0,0.0
Random Forest,No SMOTE,0,0,0.0
Random Forest,No SMOTE,0,0,0.0
Random Forest,No SMOTE,0,0,0.0
Random Forest,No SMOTE,0,0,0.008096769891022433
Random Forest,No SMOTE,0,0,0.0
Random Forest,No SMOTE,0,0,0.0
Random Forest,No SMOTE,0,0,0.0
Random Forest,No SMOTE,0,0,0.0
Random Forest,No SMOTE,0,0,0.0
Random Forest,No SMOTE,0,0,0.0
Random Forest,No SMOTE,0,0,0.0
Random Forest,No SMOTE,0,0,0.0
Random Forest,No SMOTE,0,0,0.0
Random Forest,No SMOTE,0,0,0.0
Random Forest,No SMOTE,0,0,0.0
Random Forest,No SMOTE,0,0,0.0
Random Forest,No SMOTE,0,0,0.0
Random Forest,No SMOTE,0,0,0.0
Random Forest,No SMOTE,0,0,0.0
Random Forest,No SMOTE,0,0,0.0
Random Forest,No SMOTE,0,0,0.0
Random Forest,No SMOTE,0,0,0.0
Random Forest,No SMOTE,0,0,0.0
Random Forest,No SMOTE,0,0,0.0
Random Forest,No SMOTE,0,0,0.008096769891022433
Random Forest,No SMOTE,0,0,0.0
Random Forest,No SMOTE,0,0,0.0
Random Forest,No SMOTE,0,0,0.0
Random Forest,No SMOTE,0,0,0.0
Random Forest,No SMOTE,0,0,0.0
Random Forest,No SMOTE,0,0,0.0
Random Forest,No SMOTE,0,0,0.0
Random Forest,No SMOTE,0,0,0.0
Random Forest,No SMOTE,0,0,0.0
Random Forest,No SMOTE,0,0,0.0
Random Forest,No SMOTE,0,0,0.0
Random Forest,No SMOTE,0,0,0.008096769891022433
Random Forest,No SMOTE,0,0,0.0
Random Forest,No SMOTE,0,0,0.0
Random Forest,No SMOTE,0,0,0.0
Random Forest,No SMOTE,0,0,0.0
Random Forest,No SMOTE,0,0,0.0
Random Forest,No SMOTE,0,0,0.0
Random Forest,No SMOTE,0,0,0.0
Random Forest,No SMOTE,0,0,0.0
Random Forest,No SMOTE,0,0,0.008096769891022433
Random Forest,No SMOTE,0,0,0.0
Random Forest,No SMOTE,0,0,0.0
Random Forest,No SMOTE,0,0,0.0
Random Forest,No SMOTE,0,0,0.0
Random Forest,No SMOTE,0,0,0.0
Random Forest,No SMOTE,0,0,0.0
Random Forest,No SMOTE,0,0,0.0
Random Forest,No SMOTE,0,0,0.0
Random Forest,No SMOTE,0,0,0.0
Random Forest,No SMOTE,0,0,0.0
Random Forest,No SMOTE,0,0,0.0
Random Forest,No SMOTE,0,0,0.0
Random Forest,No SMOTE,0,0,0.0
Random Forest,No SMOTE,0,0,0.0
Random Forest,No SMOTE,0,0,0.0
Random Forest,No SMOTE,0,0,0.0
Random Forest,No SMOTE,0,0,0.0
Random Forest,No SMOTE,0,0,0.0
Random Forest,No SMOTE,0,0,0.0
Random Forest,No SMOTE,0,0,0.0
Random Forest,No SMOTE,0,0,0.0
Random Forest,No SMOTE,0,0,0.019881530360623234
Random Forest,No SMOTE,0,0,0.0
Random Forest,No SMOTE,0,0,0.0
Random Forest,No SMOTE,0,0,0.0
Random Forest,No SMOTE,0,0,0.0
Random Forest,No SMOTE,0,0,0.0
Random Forest,No SMOTE,0,0,0.0
Random Forest,No SMOTE,0,0,0.0
Random Forest,No SMOTE,0,0,0.0
Random Forest,No SMOTE,0,0,0.008096769891022433
Random Forest,No SMOTE,0,0,0.0
Random Forest,No SMOTE,0,0,0.0
Random Forest,No SMOTE,0,0,0.0
Random Forest,No SMOTE,0,0,0.008096769891022433
Random Forest,No SMOTE,0,0,0.0
Random Forest,No SMOTE,0,0,0.0
Random Forest,No SMOTE,0,0,0.0
Random Forest,No SMOTE,0,0,0.008096769891022433
Random Forest,No SMOTE,0,0,0.0
Random Forest,No SMOTE,0,0,0.0
Random Forest,No SMOTE,0,0,0.0
Random Forest,No SMOTE,0,0,0.0
Random Forest,No SMOTE,0,0,0.0
Random Forest,No SMOTE,0,0,0.005421603354912019
Random Forest,No SMOTE,0,0,0.0
Random Forest,No SMOTE,0,0,0.0
Random Forest,No SMOTE,0,0,0.0
Random Forest,No SMOTE,0,0,0.0
Random Forest,No SMOTE,0,0,0.0
Random Forest,No SMOTE,0,0,0.0
Random Forest,No SMOTE,0,0,0.0
Random Forest,No SMOTE,0,0,0.0
Random Forest,No SMOTE,0,0,0.008096769891022433
Random Forest,No SMOTE,0,0,0.0
Random Forest,No SMOTE,0,0,0.0
Random Forest,No SMOTE,0,0,0.0
Random Forest,No SMOTE,0,0,0.0
Random Forest,No SMOTE,0,0,0.0
Random Forest,No SMOTE,0,0,0.0
Random Forest,No SMOTE,0,0,0.0
Random Forest,No SMOTE,0,0,0.0
Random Forest,No SMOTE,0,0,0.0
Random Forest,No SMOTE,0,0,0.0
Random Forest,No SMOTE,0,0,0.0
Random Forest,No SMOTE,0,0,0.008096769891022433
Random Forest,No SMOTE,0,0,0.0
Random Forest,No SMOTE,0,0,0.0
Random Forest,No SMOTE,0,0,0.0
Random Forest,No SMOTE,0,0,0.0
Random Forest,No SMOTE,0,0,0.0
Random Forest,No SMOTE,0,0,0.0
Random Forest,No SMOTE,0,0,0.0
Random Forest,No SMOTE,0,0,0.0
Random Forest,No SMOTE,0,0,0.0
Random Forest,No SMOTE,0,0,0.0
Random Forest,No SMOTE,0,0,0.0
Random Forest,No SMOTE,0,0,0.0
Random Forest,No SMOTE,0,0,0.0
Random Forest,No SMOTE,0,0,0.0
Random Forest,No SMOTE,0,0,0.008096769891022433
Random Forest,No SMOTE,0,0,0.0
Random Forest,No SMOTE,0,0,0.0
Random Forest,No SMOTE,0,0,0.0
Random Forest,No SMOTE,0,0,0.0
Random Forest,No SMOTE,0,0,0.0
Random Forest,No SMOTE,0,0,0.0
Random Forest,No SMOTE,0,0,0.008096769891022433
Random Forest,No SMOTE,0,0,0.0
Random Forest,No SMOTE,0,0,0.005421603354912019
Random Forest,No SMOTE,0,0,0.0
Random Forest,No SMOTE,0,0,0.008096769891022433
Random Forest,No SMOTE,0,0,0.0
Random Forest,No SMOTE,0,0,0.0
Random Forest,No SMOTE,0,0,0.0096726392251816
Random Forest,No SMOTE,0,0,0.0
Random Forest,No SMOTE,0,0,0.0
Random Forest,No SMOTE,0,0,0.0
Random Forest,No SMOTE,0,0,0.0
Random Forest,No SMOTE,0,0,0.0
Random Forest,No SMOTE,0,0,0.013518373245934452
Random Forest,No SMOTE,0,0,0.0
Random Forest,No SMOTE,0,0,0.008096769891022433
Random Forest,No SMOTE,0,0,0.0
Random Forest,No SMOTE,0,0,0.0
Random Forest,No SMOTE,0,0,0.0
Random Forest,No SMOTE,0,0,0.0
Random Forest,No SMOTE,0,0,0.0
Random Forest,No SMOTE,0,0,0.0
Random Forest,No SMOTE,0,0,0.005421603354912019
Random Forest,No SMOTE,0,0,0.0
Random Forest,No SMOTE,0,0,0.0
Random Forest,No SMOTE,0,0,0.008096769891022433
Random Forest,No SMOTE,0,0,0.0
Random Forest,No SMOTE,0,0,0.0
Random Forest,No SMOTE,0,0,0.0
Random Forest,No SMOTE,0,0,0.0
Random Forest,No SMOTE,0,0,0.0
Random Forest,No SMOTE,0,0,0.0
Random Forest,No SMOTE,0,0,0.0
Random Forest,No SMOTE,0,0,0.017757245805125742
Random Forest,No SMOTE,0,0,0.0
Random Forest,No SMOTE,0,0,0.029988565247127372
Random Forest,No SMOTE,0,0,0.0
Random Forest,No SMOTE,0,0,0.0
Random Forest,No SMOTE,0,0,0.0
Random Forest,No SMOTE,0,0,0.0
Random Forest,No SMOTE,0,0,0.0
Random Forest,No SMOTE,0,0,0.0
Random Forest,No SMOTE,0,0,0.0
Random Forest,No SMOTE,0,0,0.009961101137043689
Random Forest,No SMOTE,0,0,0.008096769891022433
Random Forest,No SMOTE,0,0,0.0
Random Forest,No SMOTE,0,0,0.0
Random Forest,No SMOTE,0,0,0.0
Random Forest,No SMOTE,0,0,0.0
Random Forest,No SMOTE,0,0,0.0
Random Forest,No SMOTE,0,0,0.0
Random Forest,No SMOTE,0,0,0.0
Random Forest,No SMOTE,0,0,0.0
Random Forest,No SMOTE,0,0,0.0
Random Forest,No SMOTE,0,0,0.0
Random Forest,No SMOTE,0,0,0.0
Random Forest,No SMOTE,0,0,0.0
Random Forest,No SMOTE,0,0,0.0
Random Forest,No SMOTE,0,0,0.0
Random Forest,No SMOTE,0,0,0.0
Random Forest,No SMOTE,0,0,0.0
Random Forest,No SMOTE,0,0,0.0
Random Forest,No SMOTE,0,0,0.0
Random Forest,No SMOTE,0,0,0.0
Random Forest,No SMOTE,0,0,0.008096769891022433
Random Forest,No SMOTE,0,0,0.0
Random Forest,No SMOTE,0,0,0.0
Random Forest,No SMOTE,0,0,0.0
Random Forest,No SMOTE,0,0,0.0
Random Forest,No SMOTE,0,0,0.0
Random Forest,No SMOTE,0,0,0.0
Random Forest,No SMOTE,0,0,0.0
Random Forest,No SMOTE,0,0,0.0
Random Forest,No SMOTE,0,0,0.0
Random Forest,No SMOTE,0,0,0.0
Random Forest,No SMOTE,0,0,0.0
Random Forest,No SMOTE,0,0,0.0
Random Forest,No SMOTE,0,0,0.0
Random Forest,No SMOTE,0,0,0.0
Random Forest,No SMOTE,0,0,0.0
Random Forest,No SMOTE,0,0,0.0
Random Forest,No SMOTE,0,0,0.0
Random Forest,No SMOTE,0,0,0.0
Random Forest,No SMOTE,0,0,0.0
Random Forest,No SMOTE,0,0,0.0
Random Forest,No SMOTE,0,0,0.0
Random Forest,No SMOTE,0,0,0.0
Random Forest,No SMOTE,0,0,0.0
Random Forest,No SMOTE,0,0,0.0
Random Forest,No SMOTE,0,0,0.0
Random Forest,No SMOTE,0,0,0.0
Random Forest,No SMOTE,0,0,0.0
Random Forest,No SMOTE,0,0,0.0
Random Forest,No SMOTE,0,0,0.0
Random Forest,No SMOTE,0,0,0.0
Random Forest,No SMOTE,0,0,0.0
Random Forest,No SMOTE,0,0,0.0
Random Forest,No SMOTE,0,0,0.0
Random Forest,No SMOTE,0,0,0.0
Random Forest,No SMOTE,0,0,0.0
Random Forest,No SMOTE,0,0,0.0
Random Forest,No SMOTE,0,0,0.0
Random Forest,No SMOTE,0,0,0.0
Random Forest,No SMOTE,0,0,0.0
Random Forest,No SMOTE,0,0,0.0
Random Forest,No SMOTE,0,0,0.0
Random Forest,No SMOTE,0,0,0.0
Random Forest,No SMOTE,0,0,0.0
Random Forest,No SMOTE,0,0,0.0
Random Forest,No SMOTE,0,0,0.0
Random Forest,No SMOTE,0,0,0.013518373245934452
Random Forest,No SMOTE,0,0,0.0
Random Forest,No SMOTE,0,0,0.0
Random Forest,No SMOTE,0,0,0.0
Random Forest,No SMOTE,0,0,0.0
Random Forest,No SMOTE,0,0,0.0
Random Forest,No SMOTE,0,0,0.0
Random Forest,No SMOTE,0,0,0.0
Random Forest,No SMOTE,0,0,0.008096769891022433
Random Forest,No SMOTE,0,0,0.0
Random Forest,No SMOTE,0,0,0.0
Random Forest,No SMOTE,0,0,0.008096769891022433
Random Forest,No SMOTE,0,0,0.0
Random Forest,No SMOTE,0,0,0.008096769891022433
Random Forest,No SMOTE,0,0,0.0
Random Forest,No SMOTE,0,0,0.0
Random Forest,No SMOTE,0,0,0.0
Random Forest,No SMOTE,0,0,0.008096769891022433
Random Forest,No SMOTE,0,0,0.0
Random Forest,No SMOTE,0,0,0.008096769891022433
Random Forest,No SMOTE,0,0,0.0
Random Forest,No SMOTE,0,0,0.0
Random Forest,No SMOTE,0,0,0.0
Random Forest,No SMOTE,0,0,0.0
Random Forest,No SMOTE,0,0,0.0
Random Forest,No SMOTE,0,0,0.0
Random Forest,No SMOTE,0,0,0.0
Random Forest,No SMOTE,0,0,0.0
Random Forest,No SMOTE,0,0,0.005421603354912019
Random Forest,No SMOTE,0,0,0.0
Random Forest,No SMOTE,0,0,0.0
Random Forest,No SMOTE,0,0,0.0
Random Forest,No SMOTE,0,0,0.0
Random Forest,No SMOTE,0,0,0.0
Random Forest,No SMOTE,0,0,0.008096769891022433
Random Forest,No SMOTE,0,0,0.0
Random Forest,No SMOTE,0,0,0.0
Random Forest,No SMOTE,0,0,0.0
Random Forest,No SMOTE,0,0,0.0
Random Forest,No SMOTE,0,0,0.0
Random Forest,No SMOTE,0,0,0.0
Random Forest,No SMOTE,0,0,0.0
Random Forest,No SMOTE,0,0,0.0
Random Forest,No SMOTE,0,0,0.0
Random Forest,No SMOTE,0,0,0.0
Random Forest,No SMOTE,0,0,0.0
Random Forest,No SMOTE,0,0,0.0
Random Forest,No SMOTE,0,0,0.0
Random Forest,No SMOTE,0,0,0.0
Random Forest,No SMOTE,0,0,0.0
Random Forest,No SMOTE,0,0,0.0
Random Forest,No SMOTE,0,0,0.0
Random Forest,No SMOTE,0,0,0.0
Random Forest,No SMOTE,0,0,0.0
Random Forest,No SMOTE,0,0,0.0
Random Forest,No SMOTE,0,0,0.0
Random Forest,No SMOTE,0,0,0.0
Random Forest,No SMOTE,0,0,0.0
Random Forest,No SMOTE,0,0,0.0
Random Forest,No SMOTE,0,0,0.0
Random Forest,No SMOTE,0,0,0.0
Random Forest,No SMOTE,0,0,0.0
Random Forest,No SMOTE,0,0,0.0
Random Forest,No SMOTE,0,0,0.0
Random Forest,No SMOTE,0,0,0.0
Random Forest,No SMOTE,0,0,0.008096769891022433
Random Forest,No SMOTE,0,0,0.0
Random Forest,No SMOTE,0,0,0.0
Random Forest,No SMOTE,0,0,0.0
Random Forest,No SMOTE,0,0,0.0
Random Forest,No SMOTE,0,0,0.0
Random Forest,No SMOTE,0,0,0.0
Random Forest,No SMOTE,0,0,0.0
Random Forest,No SMOTE,0,0,0.008096769891022433
Random Forest,No SMOTE,0,0,0.0
Random Forest,No SMOTE,0,0,0.0
Random Forest,No SMOTE,0,0,0.0
Random Forest,No SMOTE,0,0,0.0
Random Forest,No SMOTE,0,0,0.0
Random Forest,No SMOTE,0,0,0.0
Random Forest,No SMOTE,0,0,0.0
Random Forest,No SMOTE,0,0,0.0
Random Forest,No SMOTE,0,0,0.0
Random Forest,No SMOTE,0,0,0.0
Random Forest,No SMOTE,0,0,0.0
Random Forest,No SMOTE,0,0,0.0
Random Forest,No SMOTE,0,0,0.0
Random Forest,No SMOTE,0,0,0.008096769891022433
Random Forest,No SMOTE,0,0,0.0
Random Forest,No SMOTE,0,0,0.0
Random Forest,No SMOTE,0,0,0.0
Random Forest,No SMOTE,0,0,0.0
Random Forest,No SMOTE,0,0,0.0
Random Forest,No SMOTE,0,0,0.0
Random Forest,No SMOTE,0,0,0.0
Random Forest,No SMOTE,0,0,0.0
Random Forest,No SMOTE,0,0,0.0
Random Forest,No SMOTE,0,0,0.0
Random Forest,No SMOTE,0,0,0.0
Random Forest,No SMOTE,0,0,0.0
Random Forest,No SMOTE,0,0,0.0
Random Forest,No SMOTE,0,0,0.0
Random Forest,No SMOTE,0,0,0.0
Random Forest,No SMOTE,0,0,0.0
Random Forest,No SMOTE,0,0,0.0
Random Forest,No SMOTE,0,0,0.0
Random Forest,No SMOTE,0,0,0.008096769891022433
Random Forest,No SMOTE,0,0,0.0
Random Forest,No SMOTE,0,0,0.0
Random Forest,No SMOTE,0,0,0.0
Random Forest,No SMOTE,0,0,0.008096769891022433
Random Forest,No SMOTE,0,0,0.0
Random Forest,No SMOTE,0,0,0.0
Random Forest,No SMOTE,0,0,0.0
Random Forest,No SMOTE,0,0,0.0
Random Forest,No SMOTE,0,0,0.0
Random Forest,No SMOTE,0,0,0.0
Random Forest,No SMOTE,0,0,0.0
Random Forest,No SMOTE,0,0,0.0
Random Forest,No SMOTE,0,0,0.0
Random Forest,No SMOTE,0,0,0.0
Random Forest,No SMOTE,0,0,0.0
Random Forest,No SMOTE,0,0,0.0
Random Forest,No SMOTE,0,0,0.0
Random Forest,No SMOTE,0,0,0.0
Random Forest,No SMOTE,0,0,0.0
Random Forest,No SMOTE,0,0,0.0
Random Forest,No SMOTE,0,0,0.0
Random Forest,No SMOTE,0,0,0.0
Random Forest,No SMOTE,0,0,0.0
Random Forest,No SMOTE,0,0,0.0
Random Forest,No SMOTE,0,0,0.0
Random Forest,No SMOTE,0,0,0.0
Random Forest,No SMOTE,0,0,0.013518373245934452
Random Forest,No SMOTE,0,0,0.0
Random Forest,No SMOTE,0,0,0.0
Random Forest,No SMOTE,0,0,0.0
Random Forest,No SMOTE,0,0,0.0
Random Forest,No SMOTE,0,0,0.0
Random Forest,No SMOTE,0,0,0.0
Random Forest,No SMOTE,0,0,0.0
Random Forest,No SMOTE,0,0,0.0
Random Forest,No SMOTE,0,0,0.0
Random Forest,No SMOTE,0,0,0.0
Random Forest,No SMOTE,0,0,0.0
Random Forest,No SMOTE,0,0,0.0
Random Forest,No SMOTE,0,0,0.0
Random Forest,No SMOTE,0,0,0.0
Random Forest,No SMOTE,0,0,0.013518373245934452
Random Forest,No SMOTE,0,0,0.0
Random Forest,No SMOTE,0,0,0.0
Random Forest,No SMOTE,0,0,0.0
Random Forest,No SMOTE,0,0,0.0
Random Forest,No SMOTE,0,0,0.0
Random Forest,No SMOTE,0,0,0.005421603354912019
Random Forest,No SMOTE,0,0,0.0
Random Forest,No SMOTE,0,0,0.0
Random Forest,No SMOTE,0,0,0.0
Random Forest,No SMOTE,0,0,0.0
Random Forest,No SMOTE,0,0,0.0
Random Forest,No SMOTE,0,0,0.0
Random Forest,No SMOTE,0,0,0.0
Random Forest,No SMOTE,0,0,0.0
Random Forest,No SMOTE,0,0,0.0
Random Forest,No SMOTE,0,0,0.0
Random Forest,No SMOTE,0,0,0.005421603354912019
Random Forest,No SMOTE,0,0,0.0
Random Forest,No SMOTE,0,0,0.0
Random Forest,No SMOTE,0,0,0.0
Random Forest,No SMOTE,0,0,0.0
Random Forest,No SMOTE,0,0,0.008096769891022433
Random Forest,No SMOTE,0,0,0.0
Random Forest,No SMOTE,0,0,0.0
Random Forest,No SMOTE,0,0,0.0
Random Forest,No SMOTE,0,0,0.00999512103584162
Random Forest,No SMOTE,0,0,0.0
Random Forest,No SMOTE,0,0,0.0
Random Forest,No SMOTE,0,0,0.0
Random Forest,No SMOTE,0,0,0.0
Random Forest,No SMOTE,0,0,0.0
Random Forest,No SMOTE,0,0,0.0
Random Forest,No SMOTE,0,0,0.0
Random Forest,No SMOTE,0,0,0.0
Random Forest,No SMOTE,0,0,0.0
Random Forest,No SMOTE,0,0,0.0
Random Forest,No SMOTE,0,0,0.0
Random Forest,No SMOTE,0,0,0.0
Random Forest,No SMOTE,0,0,0.0
Random Forest,No SMOTE,0,0,0.0
Random Forest,No SMOTE,0,0,0.0
Random Forest,No SMOTE,0,0,0.0
Random Forest,No SMOTE,0,0,0.0
Random Forest,No SMOTE,0,0,0.0
Random Forest,No SMOTE,0,0,0.0
Random Forest,No SMOTE,0,0,0.0
Random Forest,No SMOTE,0,0,0.0
Random Forest,No SMOTE,0,0,0.0
Random Forest,No SMOTE,0,0,0.0
Random Forest,No SMOTE,0,0,0.0
Random Forest,No SMOTE,0,0,0.0
Random Forest,No SMOTE,0,0,0.008096769891022433
Random Forest,No SMOTE,0,0,0.0
Random Forest,No SMOTE,0,0,0.0
Random Forest,No SMOTE,0,0,0.013518373245934452
Random Forest,No SMOTE,0,0,0.013518373245934452
Random Forest,No SMOTE,0,0,0.0
Random Forest,No SMOTE,0,0,0.0
Random Forest,No SMOTE,0,0,0.0
Random Forest,No SMOTE,0,0,0.009479289266866635
Random Forest,No SMOTE,0,0,0.0
Random Forest,No SMOTE,0,0,0.0
Random Forest,No SMOTE,0,0,0.0
Random Forest,No SMOTE,0,0,0.0
Random Forest,No SMOTE,0,0,0.0
Random Forest,No SMOTE,0,0,0.0
Random Forest,No SMOTE,0,0,0.0
Random Forest,No SMOTE,0,0,0.0
Random Forest,No SMOTE,0,0,0.0
Random Forest,No SMOTE,0,0,0.0
Random Forest,No SMOTE,0,0,0.0
Random Forest,No SMOTE,0,0,0.0
Random Forest,No SMOTE,0,0,0.0
Random Forest,No SMOTE,0,0,0.0
Random Forest,No SMOTE,0,0,0.0
Random Forest,No SMOTE,0,0,0.0
Random Forest,No SMOTE,0,0,0.0
Random Forest,No SMOTE,0,0,0.0
Random Forest,No SMOTE,0,0,0.0
Random Forest,No SMOTE,0,0,0.0
Random Forest,No SMOTE,0,0,0.0
Random Forest,No SMOTE,0,0,0.0
Random Forest,No SMOTE,0,0,0.0
Random Forest,No SMOTE,0,0,0.0
Random Forest,No SMOTE,0,0,0.0
Random Forest,No SMOTE,0,0,0.0
Random Forest,No SMOTE,0,0,0.0
Random Forest,No SMOTE,0,0,0.0
Random Forest,No SMOTE,0,0,0.0
Random Forest,No SMOTE,0,0,0.0
Random Forest,No SMOTE,0,0,0.0
Random Forest,No SMOTE,0,0,0.0
Random Forest,No SMOTE,0,0,0.0
Random Forest,No SMOTE,0,0,0.0
Random Forest,No SMOTE,0,0,0.0
Random Forest,No SMOTE,0,0,0.0
Random Forest,No SMOTE,0,0,0.0
Random Forest,No SMOTE,0,0,0.0
Random Forest,No SMOTE,0,0,0.0
Random Forest,No SMOTE,0,0,0.0
Random Forest,No SMOTE,0,0,0.008096769891022433
Random Forest,No SMOTE,0,0,0.0
Random Forest,No SMOTE,0,0,0.0
Random Forest,No SMOTE,0,0,0.0
Random Forest,No SMOTE,0,0,0.0
Random Forest,No SMOTE,0,0,0.0
Random Forest,No SMOTE,0,0,0.0
Random Forest,No SMOTE,0,0,0.0
Random Forest,No SMOTE,0,0,0.0
Random Forest,No SMOTE,0,0,0.0
Random Forest,No SMOTE,0,0,0.013518373245934452
Random Forest,No SMOTE,0,0,0.0
Random Forest,No SMOTE,0,0,0.0
Random Forest,No SMOTE,0,0,0.0
Random Forest,No SMOTE,0,0,0.0
Random Forest,No SMOTE,0,0,0.005421603354912019
Random Forest,No SMOTE,0,0,0.0
Random Forest,No SMOTE,0,0,0.0
Random Forest,No SMOTE,0,0,0.0
Random Forest,No SMOTE,0,0,0.0
Random Forest,No SMOTE,0,0,0.0
Random Forest,No SMOTE,0,0,0.0
Random Forest,No SMOTE,0,0,0.0
Random Forest,No SMOTE,0,0,0.008096769891022433
Random Forest,No SMOTE,0,0,0.0
Random Forest,No SMOTE,0,0,0.0
Random Forest,No SMOTE,0,0,0.0
Random Forest,No SMOTE,0,0,0.0
Random Forest,No SMOTE,0,0,0.0
Random Forest,No SMOTE,0,0,0.008096769891022433
Random Forest,No SMOTE,0,0,0.0
Random Forest,No SMOTE,0,0,0.0
Random Forest,No SMOTE,0,0,0.0
Random Forest,No SMOTE,0,0,0.0
Random Forest,No SMOTE,0,0,0.0
Random Forest,No SMOTE,0,0,0.0
Random Forest,No SMOTE,0,0,0.0
Random Forest,No SMOTE,0,0,0.0
Random Forest,No SMOTE,0,0,0.0
Random Forest,No SMOTE,0,0,0.0
Random Forest,No SMOTE,0,0,0.0
Random Forest,No SMOTE,0,0,0.0
Random Forest,No SMOTE,0,0,0.0
Random Forest,No SMOTE,0,0,0.0
Random Forest,No SMOTE,0,0,0.0
Random Forest,No SMOTE,0,0,0.0
Random Forest,No SMOTE,0,0,0.0
Random Forest,No SMOTE,0,0,0.0
Random Forest,No SMOTE,0,0,0.0
Random Forest,No SMOTE,0,0,0.0
Random Forest,No SMOTE,0,0,0.0
Random Forest,No SMOTE,0,0,0.0
Random Forest,No SMOTE,0,0,0.0
Random Forest,No SMOTE,0,0,0.0
Random Forest,No SMOTE,0,0,0.0
Random Forest,No SMOTE,0,0,0.0
Random Forest,No SMOTE,0,0,0.0
Random Forest,No SMOTE,0,0,0.0
Random Forest,No SMOTE,0,0,0.0
Random Forest,No SMOTE,0,0,0.0
Random Forest,No SMOTE,0,0,0.0
Random Forest,No SMOTE,0,0,0.0
Random Forest,No SMOTE,0,0,0.0
Random Forest,No SMOTE,0,0,0.0
Random Forest,No SMOTE,0,0,0.0
Random Forest,No SMOTE,0,0,0.008096769891022433
Random Forest,No SMOTE,0,0,0.0
Random Forest,No SMOTE,0,0,0.0
Random Forest,No SMOTE,0,0,0.0
Random Forest,No SMOTE,0,0,0.0
Random Forest,No SMOTE,0,0,0.0
Random Forest,No SMOTE,0,0,0.0
Random Forest,No SMOTE,0,0,0.013518373245934452
Random Forest,No SMOTE,0,0,0.0
Random Forest,No SMOTE,0,0,0.0
Random Forest,No SMOTE,0,0,0.0
Random Forest,No SMOTE,0,0,0.0
Random Forest,No SMOTE,0,0,0.0
Random Forest,No SMOTE,0,0,0.0
Random Forest,No SMOTE,0,0,0.0
Random Forest,No SMOTE,0,0,0.0
Random Forest,No SMOTE,0,0,0.0
Random Forest,No SMOTE,0,0,0.0
Random Forest,No SMOTE,0,0,0.0
Random Forest,No SMOTE,0,0,0.0
Random Forest,No SMOTE,0,0,0.0
Random Forest,No SMOTE,0,0,0.0
Random Forest,No SMOTE,0,0,0.0
Random Forest,No SMOTE,0,0,0.0
Random Forest,No SMOTE,0,0,0.0
Random Forest,No SMOTE,0,0,0.0
Random Forest,No SMOTE,0,0,0.0
Random Forest,No SMOTE,0,0,0.0
Random Forest,No SMOTE,0,0,0.0
Random Forest,No SMOTE,0,0,0.0
Random Forest,No SMOTE,0,0,0.0
Random Forest,No SMOTE,0,0,0.0
Random Forest,No SMOTE,0,0,0.0
Random Forest,No SMOTE,0,0,0.0
Random Forest,No SMOTE,0,0,0.0
Random Forest,No SMOTE,0,0,0.0
Random Forest,No SMOTE,0,0,0.008096769891022433
Random Forest,No SMOTE,0,0,0.0
Random Forest,No SMOTE,0,0,0.0
Random Forest,No SMOTE,0,0,0.0
Random Forest,No SMOTE,0,0,0.0
Random Forest,No SMOTE,0,0,0.0
Random Forest,No SMOTE,0,0,0.0
Random Forest,No SMOTE,0,0,0.0
Random Forest,No SMOTE,0,0,0.008096769891022433
Random Forest,No SMOTE,0,0,0.0
Random Forest,No SMOTE,0,0,0.008096769891022433
Random Forest,No SMOTE,0,0,0.0
Random Forest,No SMOTE,0,0,0.0
Random Forest,No SMOTE,0,0,0.0
Random Forest,No SMOTE,0,0,0.0
Random Forest,No SMOTE,0,0,0.0
Random Forest,No SMOTE,0,0,0.0
Random Forest,No SMOTE,0,0,0.0
Random Forest,No SMOTE,0,0,0.0
Random Forest,No SMOTE,0,0,0.0
Random Forest,No SMOTE,0,0,0.0
Random Forest,No SMOTE,0,0,0.008096769891022433
Random Forest,No SMOTE,0,0,0.0
Random Forest,No SMOTE,0,0,0.0
Random Forest,No SMOTE,0,0,0.009612127045235808
Random Forest,No SMOTE,0,0,0.0
Random Forest,No SMOTE,0,0,0.0
Random Forest,No SMOTE,0,0,0.0
Random Forest,No SMOTE,0,0,0.0
Random Forest,No SMOTE,0,0,0.0
Random Forest,No SMOTE,0,0,0.0234025775214689
Random Forest,No SMOTE,0,0,0.0
Random Forest,No SMOTE,0,0,0.005421603354912019
Random Forest,No SMOTE,0,0,0.0
Random Forest,No SMOTE,0,0,0.0
Random Forest,No SMOTE,0,0,0.0
Random Forest,No SMOTE,0,0,0.0
Random Forest,No SMOTE,0,0,0.0
Random Forest,No SMOTE,0,0,0.0
Random Forest,No SMOTE,0,0,0.0
Random Forest,No SMOTE,0,0,0.0
Random Forest,No SMOTE,0,0,0.0
Random Forest,No SMOTE,0,0,0.0
Random Forest,No SMOTE,0,0,0.0
Random Forest,No SMOTE,0,0,0.0
Random Forest,No SMOTE,0,0,0.005421603354912019
Random Forest,No SMOTE,0,0,0.0
Random Forest,No SMOTE,0,0,0.0
Random Forest,No SMOTE,0,0,0.0
Random Forest,No SMOTE,0,0,0.0
Random Forest,No SMOTE,0,0,0.0
Random Forest,No SMOTE,0,0,0.0
Random Forest,No SMOTE,0,0,0.0
Random Forest,No SMOTE,0,0,0.0
Random Forest,No SMOTE,0,0,0.0
Random Forest,No SMOTE,0,0,0.0
Random Forest,No SMOTE,0,0,0.0
Random Forest,No SMOTE,0,0,0.0
Random Forest,No SMOTE,0,0,0.0
Random Forest,No SMOTE,0,0,0.0
Random Forest,No SMOTE,0,0,0.0
Random Forest,No SMOTE,0,0,0.0
Random Forest,No SMOTE,0,0,0.0
Random Forest,No SMOTE,0,0,0.0
Random Forest,No SMOTE,0,0,0.0
Random Forest,No SMOTE,0,0,0.0
Random Forest,No SMOTE,0,0,0.0
Random Forest,No SMOTE,0,0,0.0
Random Forest,No SMOTE,0,0,0.018064333142681698
Random Forest,No SMOTE,0,0,0.0
Random Forest,No SMOTE,0,0,0.0
Random Forest,No SMOTE,0,0,0.0
Random Forest,No SMOTE,0,0,0.0
Random Forest,No SMOTE,0,0,0.0
Random Forest,No SMOTE,0,0,0.0
Random Forest,No SMOTE,0,0,0.0
Random Forest,No SMOTE,0,0,0.0
Random Forest,No SMOTE,0,0,0.0
Random Forest,No SMOTE,0,0,0.0
Random Forest,No SMOTE,0,0,0.0
Random Forest,No SMOTE,0,0,0.0
Random Forest,No SMOTE,0,0,0.0
Random Forest,No SMOTE,0,0,0.0
Random Forest,No SMOTE,0,0,0.0
Random Forest,No SMOTE,0,0,0.0
Random Forest,No SMOTE,0,0,0.0
Random Forest,No SMOTE,0,0,0.0
Random Forest,No SMOTE,0,0,0.0
Random Forest,No SMOTE,0,0,0.0
Random Forest,No SMOTE,0,0,0.0
Random Forest,No SMOTE,0,0,0.0
Random Forest,No SMOTE,0,0,0.0
Random Forest,No SMOTE,0,0,0.0
Random Forest,No SMOTE,0,0,0.0
Random Forest,No SMOTE,0,0,0.0
Random Forest,No SMOTE,0,0,0.0
Random Forest,No SMOTE,0,0,0.0
Random Forest,No SMOTE,0,0,0.0
Random Forest,No SMOTE,0,0,0.0
Random Forest,No SMOTE,0,0,0.0
Random Forest,No SMOTE,0,0,0.0
Random Forest,No SMOTE,0,0,0.0
Random Forest,No SMOTE,0,0,0.008096769891022433
Random Forest,No SMOTE,0,0,0.0
Random Forest,No SMOTE,0,0,0.0
Random Forest,No SMOTE,0,0,0.0
Random Forest,No SMOTE,0,0,0.0
Random Forest,No SMOTE,0,0,0.0
Random Forest,No SMOTE,0,0,0.0
Random Forest,No SMOTE,0,0,0.0
Random Forest,No SMOTE,0,0,0.0
Random Forest,No SMOTE,0,0,0.0
Random Forest,No SMOTE,0,0,0.0
Random Forest,No SMOTE,0,0,0.0
Random Forest,No SMOTE,0,0,0.0
Random Forest,No SMOTE,0,0,0.0
Random Forest,No SMOTE,0,0,0.0
Random Forest,No SMOTE,0,0,0.0
Random Forest,No SMOTE,0,0,0.0
Random Forest,No SMOTE,0,0,0.0
Random Forest,No SMOTE,0,0,0.0
Random Forest,No SMOTE,0,0,0.0
Random Forest,No SMOTE,0,0,0.0
Random Forest,No SMOTE,0,0,0.0
Random Forest,No SMOTE,0,0,0.0
Random Forest,No SMOTE,0,0,0.0
Random Forest,No SMOTE,0,0,0.0
Random Forest,No SMOTE,0,0,0.0
Random Forest,No SMOTE,0,0,0.0
Random Forest,No SMOTE,0,0,0.0
Random Forest,No SMOTE,0,0,0.0
Random Forest,No SMOTE,0,0,0.0
Random Forest,No SMOTE,0,0,0.0
Random Forest,No SMOTE,0,0,0.0
Random Forest,No SMOTE,0,0,0.0
Random Forest,No SMOTE,0,0,0.0
Random Forest,No SMOTE,0,0,0.005421603354912019
Random Forest,No SMOTE,0,0,0.0
Random Forest,No SMOTE,0,0,0.0
Random Forest,No SMOTE,0,0,0.0
Random Forest,No SMOTE,0,0,0.0
Random Forest,No SMOTE,0,0,0.0
Random Forest,No SMOTE,0,0,0.0
Random Forest,No SMOTE,0,0,0.0
Random Forest,No SMOTE,0,0,0.0
Random Forest,No SMOTE,0,0,0.0
Random Forest,No SMOTE,0,0,0.0
Random Forest,No SMOTE,0,0,0.0
Random Forest,No SMOTE,0,0,0.0
Random Forest,No SMOTE,0,0,0.0
Random Forest,No SMOTE,0,0,0.0
Random Forest,No SMOTE,0,0,0.0
Random Forest,No SMOTE,0,0,0.0
Random Forest,No SMOTE,0,0,0.0
Random Forest,No SMOTE,0,0,0.0
Random Forest,No SMOTE,0,0,0.0
Random Forest,No SMOTE,0,0,0.0
Random Forest,No SMOTE,0,0,0.0
Random Forest,No SMOTE,0,0,0.0
Random Forest,No SMOTE,0,0,0.013518373245934452
Random Forest,No SMOTE,0,0,0.0
Random Forest,No SMOTE,0,0,0.0
Random Forest,No SMOTE,0,0,0.0
Random Forest,No SMOTE,0,0,0.008096769891022433
Random Forest,No SMOTE,0,0,0.0
Random Forest,No SMOTE,0,0,0.0
Random Forest,No SMOTE,0,0,0.0
Random Forest,No SMOTE,0,0,0.0
Random Forest,No SMOTE,0,0,0.0
Random Forest,No SMOTE,0,0,0.0
Random Forest,No SMOTE,0,0,0.0
Random Forest,No SMOTE,0,0,0.0
Random Forest,No SMOTE,0,0,0.0
Random Forest,No SMOTE,0,0,0.0
Random Forest,No SMOTE,0,0,0.0
Random Forest,No SMOTE,0,0,0.0
Random Forest,No SMOTE,0,0,0.009995206590674448
Random Forest,No SMOTE,0,0,0.0
Random Forest,No SMOTE,0,0,0.0
Random Forest,No SMOTE,0,0,0.0
Random Forest,No SMOTE,0,0,0.0
Random Forest,No SMOTE,0,0,0.0
Random Forest,No SMOTE,0,0,0.0
Random Forest,No SMOTE,0,0,0.0
Random Forest,No SMOTE,0,0,0.0
Random Forest,No SMOTE,0,0,0.0
Random Forest,No SMOTE,0,0,0.0
Random Forest,No SMOTE,0,0,0.0
Random Forest,No SMOTE,0,0,0.0
Random Forest,No SMOTE,0,0,0.0
Random Forest,No SMOTE,0,0,0.0
Random Forest,No SMOTE,0,0,0.0
Random Forest,No SMOTE,0,0,0.0
Random Forest,No SMOTE,0,0,0.0
Random Forest,No SMOTE,0,0,0.0
Random Forest,No SMOTE,0,0,0.0
Random Forest,No SMOTE,0,0,0.0
Random Forest,No SMOTE,0,0,0.0
Random Forest,No SMOTE,0,0,0.0
Random Forest,No SMOTE,0,0,0.0
Random Forest,No SMOTE,0,0,0.0
Random Forest,No SMOTE,0,0,0.0
Random Forest,No SMOTE,0,0,0.0
Random Forest,No SMOTE,0,0,0.0
Random Forest,No SMOTE,0,0,0.0
Random Forest,No SMOTE,0,0,0.0
Random Forest,No SMOTE,0,0,0.008096769891022433
Random Forest,No SMOTE,0,0,0.0
Random Forest,No SMOTE,0,0,0.0
Random Forest,No SMOTE,0,0,0.0
Random Forest,No SMOTE,0,0,0.0
Random Forest,No SMOTE,0,0,0.0
Random Forest,No SMOTE,0,0,0.0
Random Forest,No SMOTE,0,0,0.0
Random Forest,No SMOTE,0,0,0.0
Random Forest,No SMOTE,0,0,0.008096769891022433
Random Forest,No SMOTE,0,0,0.0
Random Forest,No SMOTE,0,0,0.013518373245934452
Random Forest,No SMOTE,0,0,0.0
Random Forest,No SMOTE,0,0,0.008096769891022433
Random Forest,No SMOTE,0,0,0.0
Random Forest,No SMOTE,0,0,0.0
Random Forest,No SMOTE,0,0,0.0
Random Forest,No SMOTE,0,0,0.0
Random Forest,No SMOTE,0,0,0.0
Random Forest,No SMOTE,0,0,0.0
Random Forest,No SMOTE,0,0,0.0
Random Forest,No SMOTE,0,0,0.0
Random Forest,No SMOTE,0,0,0.0
Random Forest,No SMOTE,0,0,0.0
Random Forest,No SMOTE,0,0,0.013518373245934452
Random Forest,No SMOTE,0,0,0.0
Random Forest,No SMOTE,0,0,0.0
Random Forest,No SMOTE,0,0,0.0
Random Forest,No SMOTE,0,0,0.0
Random Forest,No SMOTE,0,0,0.0
Random Forest,No SMOTE,0,0,0.0
Random Forest,No SMOTE,0,0,0.0
Random Forest,No SMOTE,0,0,0.0
Random Forest,No SMOTE,0,0,0.0
Random Forest,No SMOTE,0,0,0.0
Random Forest,No SMOTE,0,0,0.0
Random Forest,No SMOTE,0,0,0.0
Random Forest,No SMOTE,0,0,0.0
Random Forest,No SMOTE,0,0,0.0
Random Forest,No SMOTE,0,0,0.0
Random Forest,No SMOTE,0,0,0.0
Random Forest,No SMOTE,0,0,0.0
Random Forest,No SMOTE,0,0,0.0
Random Forest,No SMOTE,0,0,0.0
Random Forest,No SMOTE,0,0,0.02995416254104243
Random Forest,No SMOTE,0,0,0.0
Random Forest,No SMOTE,0,0,0.0
Random Forest,No SMOTE,0,0,0.0
Random Forest,No SMOTE,0,0,0.0
Random Forest,No SMOTE,0,0,0.0
Random Forest,No SMOTE,0,0,0.0
Random Forest,No SMOTE,0,0,0.0
Random Forest,No SMOTE,0,0,0.0
Random Forest,No SMOTE,0,0,0.008096769891022433
Random Forest,No SMOTE,0,0,0.0
Random Forest,No SMOTE,0,0,0.0
Random Forest,No SMOTE,0,0,0.0
Random Forest,No SMOTE,0,0,0.0
Random Forest,No SMOTE,0,0,0.0
Random Forest,No SMOTE,0,0,0.0
Random Forest,No SMOTE,0,0,0.0
Random Forest,No SMOTE,0,0,0.0
Random Forest,No SMOTE,0,0,0.0
Random Forest,No SMOTE,0,0,0.0
Random Forest,No SMOTE,0,0,0.0
Random Forest,No SMOTE,0,0,0.0
Random Forest,No SMOTE,0,0,0.0
Random Forest,No SMOTE,0,0,0.0
Random Forest,No SMOTE,0,0,0.0
Random Forest,No SMOTE,0,0,0.0
Random Forest,No SMOTE,0,0,0.0
Random Forest,No SMOTE,0,0,0.0
Random Forest,No SMOTE,0,0,0.0
Random Forest,No SMOTE,0,0,0.0
Random Forest,No SMOTE,0,0,0.0
Random Forest,No SMOTE,0,0,0.0
Random Forest,No SMOTE,0,0,0.005421603354912019
Random Forest,No SMOTE,0,0,0.0
Random Forest,No SMOTE,0,0,0.0
Random Forest,No SMOTE,0,0,0.0
Random Forest,No SMOTE,0,0,0.0
Random Forest,No SMOTE,0,0,0.0
Random Forest,No SMOTE,0,0,0.0
Random Forest,No SMOTE,0,0,0.0
Random Forest,No SMOTE,0,0,0.0
Random Forest,No SMOTE,0,0,0.0
Random Forest,No SMOTE,0,0,0.0
Random Forest,No SMOTE,0,0,0.0
Random Forest,No SMOTE,0,0,0.0
Random Forest,No SMOTE,0,0,0.0
Random Forest,No SMOTE,0,0,0.0
Random Forest,No SMOTE,0,0,0.0
Random Forest,No SMOTE,0,0,0.0
Random Forest,No SMOTE,0,0,0.0
Random Forest,No SMOTE,0,0,0.0
Random Forest,No SMOTE,0,0,0.0
Random Forest,No SMOTE,0,0,0.0
Random Forest,No SMOTE,0,0,0.0
Random Forest,No SMOTE,0,0,0.0
Random Forest,No SMOTE,0,0,0.0
Random Forest,No SMOTE,0,0,0.0
Random Forest,No SMOTE,0,0,0.0
Random Forest,No SMOTE,0,0,0.0
Random Forest,No SMOTE,0,0,0.0
Random Forest,No SMOTE,0,0,0.017576059157889068
Random Forest,No SMOTE,0,0,0.0
Random Forest,No SMOTE,0,0,0.0
Random Forest,No SMOTE,0,0,0.0
Random Forest,No SMOTE,0,0,0.0
Random Forest,No SMOTE,0,0,0.0
Random Forest,No SMOTE,0,0,0.0
Random Forest,No SMOTE,0,0,0.0
Random Forest,No SMOTE,0,0,0.0
Random Forest,No SMOTE,0,0,0.0
Random Forest,No SMOTE,0,0,0.0
Random Forest,No SMOTE,0,0,0.0
Random Forest,No SMOTE,0,0,0.0
Random Forest,No SMOTE,0,0,0.0
Random Forest,No SMOTE,0,0,0.0
Random Forest,No SMOTE,0,0,0.0
Random Forest,No SMOTE,0,0,0.0
Random Forest,No SMOTE,0,0,0.0
Random Forest,No SMOTE,0,0,0.005421603354912019
Random Forest,No SMOTE,0,0,0.0
Random Forest,No SMOTE,0,0,0.008096769891022433
Random Forest,No SMOTE,0,0,0.0
Random Forest,No SMOTE,0,0,0.0
Random Forest,No SMOTE,0,0,0.0
Random Forest,No SMOTE,0,0,0.0
Random Forest,No SMOTE,0,0,0.0
Random Forest,No SMOTE,0,0,0.0
Random Forest,No SMOTE,0,0,0.0
Random Forest,No SMOTE,0,0,0.008096769891022433
Random Forest,No SMOTE,0,0,0.0
Random Forest,No SMOTE,0,0,0.0
Random Forest,No SMOTE,0,0,0.0
Random Forest,No SMOTE,0,0,0.0
Random Forest,No SMOTE,0,0,0.0
Random Forest,No SMOTE,0,0,0.0
Random Forest,No SMOTE,0,0,0.0
Random Forest,No SMOTE,0,0,0.019483630455337617
Random Forest,No SMOTE,0,0,0.0
Random Forest,No SMOTE,0,0,0.0
Random Forest,No SMOTE,0,0,0.008096769891022433
Random Forest,No SMOTE,0,0,0.0
Random Forest,No SMOTE,0,0,0.0
Random Forest,No SMOTE,0,0,0.0
Random Forest,No SMOTE,0,0,0.0
Random Forest,No SMOTE,0,0,0.0
Random Forest,No SMOTE,0,0,0.0
Random Forest,No SMOTE,0,0,0.0
Random Forest,No SMOTE,0,0,0.019845139877577238
Random Forest,No SMOTE,0,0,0.008096769891022433
Random Forest,No SMOTE,0,0,0.0
Random Forest,No SMOTE,0,0,0.0
Random Forest,No SMOTE,0,0,0.0
Random Forest,No SMOTE,0,0,0.013518373245934452
Random Forest,No SMOTE,0,0,0.0
Random Forest,No SMOTE,0,0,0.0
Random Forest,No SMOTE,0,0,0.0
Random Forest,No SMOTE,0,0,0.0
Random Forest,No SMOTE,0,0,0.0
Random Forest,No SMOTE,0,0,0.008096769891022433
Random Forest,No SMOTE,0,0,0.0
Random Forest,No SMOTE,0,0,0.0
Random Forest,No SMOTE,0,0,0.0
Random Forest,No SMOTE,0,0,0.0
Random Forest,No SMOTE,0,0,0.0
Random Forest,No SMOTE,0,0,0.0
Random Forest,No SMOTE,0,0,0.0
Random Forest,No SMOTE,0,0,0.0
Random Forest,No SMOTE,0,0,0.0
Random Forest,No SMOTE,0,0,0.0
Random Forest,No SMOTE,0,0,0.0
Random Forest,No SMOTE,0,0,0.0
Random Forest,No SMOTE,0,0,0.01
Random Forest,No SMOTE,0,0,0.0
Random Forest,No SMOTE,0,0,0.013518373245934452
Random Forest,No SMOTE,0,0,0.0
Random Forest,No SMOTE,0,0,0.0
Random Forest,No SMOTE,0,0,0.013518373245934452
Random Forest,No SMOTE,0,0,0.0
Random Forest,No SMOTE,0,0,0.0
Random Forest,No SMOTE,0,0,0.0
Random Forest,No SMOTE,0,0,0.0
Random Forest,No SMOTE,0,0,0.0
Random Forest,No SMOTE,0,0,0.0
Random Forest,No SMOTE,0,0,0.0
Random Forest,No SMOTE,0,0,0.0
Random Forest,No SMOTE,0,0,0.0
Random Forest,No SMOTE,0,0,0.0
Random Forest,No SMOTE,0,0,0.013518373245934452
Random Forest,No SMOTE,0,0,0.0
Random Forest,No SMOTE,0,0,0.0
Random Forest,No SMOTE,0,0,0.0
Random Forest,No SMOTE,0,0,0.005421603354912019
Random Forest,No SMOTE,0,0,0.0
Random Forest,No SMOTE,0,0,0.0
Random Forest,No SMOTE,0,0,0.0
Random Forest,No SMOTE,0,0,0.0
Random Forest,No SMOTE,0,0,0.0
Random Forest,No SMOTE,0,0,0.0
Random Forest,No SMOTE,0,0,0.0
Random Forest,No SMOTE,0,0,0.0
Random Forest,No SMOTE,0,0,0.0
Random Forest,No SMOTE,0,0,0.0
Random Forest,No SMOTE,0,0,0.008096769891022433
Random Forest,No SMOTE,0,0,0.0
Random Forest,No SMOTE,0,0,0.0
Random Forest,No SMOTE,0,0,0.0
Random Forest,No SMOTE,0,0,0.0
Random Forest,No SMOTE,0,0,0.0
Random Forest,No SMOTE,0,0,0.0
Random Forest,No SMOTE,0,0,0.0
Random Forest,No SMOTE,0,0,0.0
Random Forest,No SMOTE,0,0,0.0
Random Forest,No SMOTE,0,0,0.0
Random Forest,No SMOTE,0,0,0.0
Random Forest,No SMOTE,0,0,0.0
Random Forest,No SMOTE,0,0,0.0
Random Forest,No SMOTE,0,0,0.0
Random Forest,No SMOTE,0,0,0.0
Random Forest,No SMOTE,0,0,0.0
Random Forest,No SMOTE,0,0,0.0
Random Forest,No SMOTE,0,0,0.0
Random Forest,No SMOTE,0,0,0.0
Random Forest,No SMOTE,0,0,0.0
Random Forest,No SMOTE,0,0,0.0
Random Forest,No SMOTE,0,0,0.0
Random Forest,No SMOTE,0,0,0.0
Random Forest,No SMOTE,0,0,0.0
Random Forest,No SMOTE,0,0,0.0
Random Forest,No SMOTE,0,0,0.0
Random Forest,No SMOTE,0,0,0.0
Random Forest,No SMOTE,0,0,0.0
Random Forest,No SMOTE,0,0,0.0
Random Forest,No SMOTE,0,0,0.0
Random Forest,No SMOTE,0,0,0.0
Random Forest,No SMOTE,0,0,0.0
Random Forest,No SMOTE,0,0,0.0
Random Forest,No SMOTE,0,0,0.0
Random Forest,No SMOTE,0,0,0.0
Random Forest,No SMOTE,0,0,0.0
Random Forest,No SMOTE,0,0,0.0
Random Forest,No SMOTE,0,0,0.0
Random Forest,No SMOTE,0,0,0.0
Random Forest,No SMOTE,0,0,0.0
Random Forest,No SMOTE,0,0,0.0
Random Forest,No SMOTE,0,0,0.01
Random Forest,No SMOTE,0,0,0.0
Random Forest,No SMOTE,0,0,0.0
Random Forest,No SMOTE,0,0,0.0
Random Forest,No SMOTE,0,0,0.0
Random Forest,No SMOTE,0,0,0.0
Random Forest,No SMOTE,0,0,0.0
Random Forest,No SMOTE,0,0,0.0
Random Forest,No SMOTE,0,0,0.0
Random Forest,No SMOTE,0,0,0.0
Random Forest,No SMOTE,0,0,0.0
Random Forest,No SMOTE,0,0,0.0
Random Forest,No SMOTE,0,0,0.0
Random Forest,No SMOTE,0,0,0.0
Random Forest,No SMOTE,0,0,0.0
Random Forest,No SMOTE,0,0,0.0
Random Forest,No SMOTE,0,0,0.0
Random Forest,No SMOTE,0,0,0.0
Random Forest,No SMOTE,0,0,0.0
Random Forest,No SMOTE,0,0,0.0
Random Forest,No SMOTE,0,0,0.0
Random Forest,No SMOTE,0,0,0.0
Random Forest,No SMOTE,0,0,0.0
Random Forest,No SMOTE,0,0,0.0
Random Forest,No SMOTE,0,0,0.0
Random Forest,No SMOTE,0,0,0.0
Random Forest,No SMOTE,0,0,0.0
Random Forest,No SMOTE,0,0,0.0
Random Forest,No SMOTE,0,0,0.0
Random Forest,No SMOTE,0,0,0.0
Random Forest,No SMOTE,0,0,0.0
Random Forest,No SMOTE,0,0,0.0
Random Forest,No SMOTE,0,0,0.0
Random Forest,No SMOTE,0,0,0.0
Random Forest,No SMOTE,0,0,0.0
Random Forest,No SMOTE,0,0,0.0
Random Forest,No SMOTE,0,0,0.0
Random Forest,No SMOTE,0,0,0.0
Random Forest,No SMOTE,0,0,0.0
Random Forest,No SMOTE,0,0,0.0
Random Forest,No SMOTE,0,0,0.0
Random Forest,No SMOTE,0,0,0.0
Random Forest,No SMOTE,0,0,0.0
Random Forest,No SMOTE,0,0,0.0
Random Forest,No SMOTE,0,0,0.0
Random Forest,No SMOTE,0,0,0.008096769891022433
Random Forest,No SMOTE,0,0,0.0
Random Forest,No SMOTE,0,0,0.008096769891022433
Random Forest,No SMOTE,0,0,0.0
Random Forest,No SMOTE,0,0,0.0
Random Forest,No SMOTE,0,0,0.0
Random Forest,No SMOTE,0,0,0.0
Random Forest,No SMOTE,0,0,0.0
Random Forest,No SMOTE,0,0,0.0
Random Forest,No SMOTE,0,0,0.013518373245934452
Random Forest,No SMOTE,0,0,0.0
Random Forest,No SMOTE,0,0,0.0
Random Forest,No SMOTE,0,0,0.0
Random Forest,No SMOTE,0,0,0.0
Random Forest,No SMOTE,0,0,0.0
Random Forest,No SMOTE,0,0,0.0
Random Forest,No SMOTE,0,0,0.0
Random Forest,No SMOTE,0,0,0.0
Random Forest,No SMOTE,0,0,0.0
Random Forest,No SMOTE,0,0,0.0
Random Forest,No SMOTE,0,0,0.0
Random Forest,No SMOTE,0,0,0.0
Random Forest,No SMOTE,0,0,0.0
Random Forest,No SMOTE,0,0,0.0
Random Forest,No SMOTE,0,0,0.008096769891022433
Random Forest,No SMOTE,0,0,0.0
Random Forest,No SMOTE,0,0,0.0
Random Forest,No SMOTE,0,0,0.0
Random Forest,No SMOTE,0,0,0.0
Random Forest,No SMOTE,0,0,0.0
Random Forest,No SMOTE,0,0,0.0
Random Forest,No SMOTE,0,0,0.0
Random Forest,No SMOTE,0,0,0.0
Random Forest,No SMOTE,0,0,0.0
Random Forest,No SMOTE,0,0,0.0
Random Forest,No SMOTE,0,0,0.0
Random Forest,No SMOTE,0,0,0.0
Random Forest,No SMOTE,0,0,0.0
Random Forest,No SMOTE,0,0,0.0
Random Forest,No SMOTE,0,0,0.0
Random Forest,No SMOTE,0,0,0.0
Random Forest,No SMOTE,0,0,0.0
Random Forest,No SMOTE,0,0,0.0
Random Forest,No SMOTE,0,0,0.0
Random Forest,No SMOTE,0,0,0.0
Random Forest,No SMOTE,0,0,0.0
Random Forest,No SMOTE,0,0,0.0
Random Forest,No SMOTE,0,0,0.0
Random Forest,No SMOTE,0,0,0.0
Random Forest,No SMOTE,0,0,0.0
Random Forest,No SMOTE,0,0,0.0
Random Forest,No SMOTE,0,0,0.0
Random Forest,No SMOTE,0,0,0.0
Random Forest,No SMOTE,0,0,0.0
Random Forest,No SMOTE,0,0,0.0
Random Forest,No SMOTE,0,0,0.0
Random Forest,No SMOTE,0,0,0.0
Random Forest,No SMOTE,0,0,0.0
Random Forest,No SMOTE,0,0,0.0
Random Forest,No SMOTE,0,0,0.0
Random Forest,No SMOTE,0,0,0.0
Random Forest,No SMOTE,0,0,0.008096769891022433
Random Forest,No SMOTE,0,0,0.0
Random Forest,No SMOTE,0,0,0.0
Random Forest,No SMOTE,0,0,0.0
Random Forest,No SMOTE,0,0,0.0
Random Forest,No SMOTE,0,0,0.0
Random Forest,No SMOTE,0,0,0.0
Random Forest,No SMOTE,0,0,0.0
Random Forest,No SMOTE,0,0,0.0
Random Forest,No SMOTE,0,0,0.0
Random Forest,No SMOTE,0,0,0.0
Random Forest,No SMOTE,0,0,0.0
Random Forest,No SMOTE,0,0,0.013518373245934452
Random Forest,No SMOTE,0,0,0.0
Random Forest,No SMOTE,0,0,0.0
Random Forest,No SMOTE,0,0,0.0
Random Forest,No SMOTE,0,0,0.013518373245934452
Random Forest,No SMOTE,0,0,0.005421603354912019
Random Forest,No SMOTE,0,0,0.0
Random Forest,No SMOTE,0,0,0.0
Random Forest,No SMOTE,0,0,0.0
Random Forest,No SMOTE,0,0,0.0
Random Forest,No SMOTE,0,0,0.0
Random Forest,No SMOTE,0,0,0.0
Random Forest,No SMOTE,0,0,0.0
Random Forest,No SMOTE,0,0,0.0
Random Forest,No SMOTE,0,0,0.0
Random Forest,No SMOTE,0,0,0.0
Random Forest,No SMOTE,0,0,0.0
Random Forest,No SMOTE,0,0,0.0
Random Forest,No SMOTE,0,0,0.0
Random Forest,No SMOTE,0,0,0.0
Random Forest,No SMOTE,0,0,0.0
Random Forest,No SMOTE,0,0,0.0
Random Forest,No SMOTE,0,0,0.0
Random Forest,No SMOTE,0,0,0.0
Random Forest,No SMOTE,0,0,0.008096769891022433
Random Forest,No SMOTE,0,0,0.0
Random Forest,No SMOTE,0,0,0.0
Random Forest,No SMOTE,0,0,0.0
Random Forest,No SMOTE,0,0,0.0
Random Forest,No SMOTE,0,0,0.0
Random Forest,No SMOTE,0,0,0.008096769891022433
Random Forest,No SMOTE,0,0,0.0
Random Forest,No SMOTE,0,0,0.0
Random Forest,No SMOTE,0,0,0.0
Random Forest,No SMOTE,0,0,0.0
Random Forest,No SMOTE,0,0,0.0
Random Forest,No SMOTE,0,0,0.0
Random Forest,No SMOTE,0,0,0.0
Random Forest,No SMOTE,0,0,0.0
Random Forest,No SMOTE,0,0,0.0
Random Forest,No SMOTE,0,0,0.008096769891022433
Random Forest,No SMOTE,0,0,0.009479289266866635
Random Forest,No SMOTE,0,0,0.0
Random Forest,No SMOTE,0,0,0.0
Random Forest,No SMOTE,0,0,0.0
Random Forest,No SMOTE,0,0,0.0
Random Forest,No SMOTE,0,0,0.0
Random Forest,No SMOTE,0,0,0.0
Random Forest,No SMOTE,0,0,0.0
Random Forest,No SMOTE,0,0,0.0
Random Forest,No SMOTE,0,0,0.0
Random Forest,No SMOTE,0,0,0.0
Random Forest,No SMOTE,0,0,0.0
Random Forest,No SMOTE,0,0,0.005421603354912019
Random Forest,No SMOTE,0,0,0.0
Random Forest,No SMOTE,0,0,0.008096769891022433
Random Forest,No SMOTE,0,0,0.0
Random Forest,No SMOTE,0,0,0.0
Random Forest,No SMOTE,0,0,0.0
Random Forest,No SMOTE,0,0,0.0
Random Forest,No SMOTE,0,0,0.0
Random Forest,No SMOTE,0,0,0.0
Random Forest,No SMOTE,0,0,0.0
Random Forest,No SMOTE,0,0,0.0
Random Forest,No SMOTE,0,0,0.0
Random Forest,No SMOTE,0,0,0.0
Random Forest,No SMOTE,0,0,0.0
Random Forest,No SMOTE,0,0,0.0
Random Forest,No SMOTE,0,0,0.0
Random Forest,No SMOTE,0,0,0.0
Random Forest,No SMOTE,0,0,0.0
Random Forest,No SMOTE,0,0,0.013518373245934452
Random Forest,No SMOTE,0,0,0.0
Random Forest,No SMOTE,0,0,0.0
Random Forest,No SMOTE,0,0,0.0
Random Forest,No SMOTE,0,0,0.0
Random Forest,No SMOTE,0,0,0.0
Random Forest,No SMOTE,0,0,0.0
Random Forest,No SMOTE,0,0,0.0
Random Forest,No SMOTE,0,0,0.0
Random Forest,No SMOTE,0,0,0.0
Random Forest,No SMOTE,0,0,0.0
Random Forest,No SMOTE,0,0,0.0
Random Forest,No SMOTE,0,0,0.0
Random Forest,No SMOTE,0,0,0.0
Random Forest,No SMOTE,0,0,0.0
Random Forest,No SMOTE,0,0,0.005421603354912019
Random Forest,No SMOTE,0,0,0.0
Random Forest,No SMOTE,0,0,0.0
Random Forest,No SMOTE,0,0,0.0
Random Forest,No SMOTE,0,0,0.0
Random Forest,No SMOTE,0,0,0.0
Random Forest,No SMOTE,0,0,0.0
Random Forest,No SMOTE,0,0,0.0
Random Forest,No SMOTE,0,0,0.0
Random Forest,No SMOTE,0,0,0.0
Random Forest,No SMOTE,0,0,0.0
Random Forest,No SMOTE,0,0,0.0
Random Forest,No SMOTE,0,0,0.0
Random Forest,No SMOTE,0,0,0.0
Random Forest,No SMOTE,0,0,0.008096769891022433
Random Forest,No SMOTE,0,0,0.0
Random Forest,No SMOTE,0,0,0.0
Random Forest,No SMOTE,0,0,0.0
Random Forest,No SMOTE,0,0,0.0
Random Forest,No SMOTE,0,0,0.0
Random Forest,No SMOTE,0,0,0.0
Random Forest,No SMOTE,0,0,0.0
Random Forest,No SMOTE,0,0,0.0
Random Forest,No SMOTE,0,0,0.0
Random Forest,No SMOTE,0,0,0.0
Random Forest,No SMOTE,0,0,0.0
Random Forest,No SMOTE,0,0,0.0
Random Forest,No SMOTE,0,0,0.0
Random Forest,No SMOTE,0,0,0.0
Random Forest,No SMOTE,0,0,0.0
Random Forest,No SMOTE,0,0,0.0
Random Forest,No SMOTE,0,0,0.0
Random Forest,No SMOTE,0,0,0.0
Random Forest,No SMOTE,0,0,0.0
Random Forest,No SMOTE,0,0,0.0
Random Forest,No SMOTE,0,0,0.0
Random Forest,No SMOTE,0,0,0.0
Random Forest,No SMOTE,0,0,0.0
Random Forest,No SMOTE,0,0,0.0
Random Forest,No SMOTE,0,0,0.008096769891022433
Random Forest,No SMOTE,1,1,0.8978485749320264
Random Forest,No SMOTE,0,0,0.008096769891022433
Random Forest,No SMOTE,0,0,0.008096769891022433
Random Forest,No SMOTE,0,0,0.0
Random Forest,No SMOTE,0,0,0.0
Random Forest,No SMOTE,0,0,0.0
Random Forest,No SMOTE,0,0,0.0
Random Forest,No SMOTE,0,0,0.0
Random Forest,No SMOTE,0,0,0.0
Random Forest,No SMOTE,0,0,0.0
Random Forest,No SMOTE,0,0,0.0
Random Forest,No SMOTE,0,0,0.0
Random Forest,No SMOTE,0,0,0.0
Random Forest,No SMOTE,0,0,0.0
Random Forest,No SMOTE,0,0,0.0
Random Forest,No SMOTE,0,0,0.0
Random Forest,No SMOTE,0,0,0.0
Random Forest,No SMOTE,0,0,0.0
Random Forest,No SMOTE,0,0,0.0
Random Forest,No SMOTE,0,0,0.0
Random Forest,No SMOTE,0,0,0.0
Random Forest,No SMOTE,0,0,0.0
Random Forest,No SMOTE,0,0,0.0
Random Forest,No SMOTE,0,0,0.0
Random Forest,No SMOTE,0,0,0.0
Random Forest,No SMOTE,0,0,0.017576059157889068
Random Forest,No SMOTE,0,0,0.0
Random Forest,No SMOTE,0,0,0.0
Random Forest,No SMOTE,0,0,0.0
Random Forest,No SMOTE,0,0,0.0
Random Forest,No SMOTE,0,0,0.0
Random Forest,No SMOTE,0,0,0.0
Random Forest,No SMOTE,0,0,0.0
Random Forest,No SMOTE,0,0,0.0
Random Forest,No SMOTE,0,0,0.0
Random Forest,No SMOTE,0,0,0.009943051711435455
Random Forest,No SMOTE,0,0,0.0
Random Forest,No SMOTE,0,0,0.0
Random Forest,No SMOTE,0,0,0.0
Random Forest,No SMOTE,0,0,0.0
Random Forest,No SMOTE,0,0,0.0
Random Forest,No SMOTE,0,0,0.0
Random Forest,No SMOTE,0,0,0.0
Random Forest,No SMOTE,0,0,0.0
Random Forest,No SMOTE,0,0,0.0
Random Forest,No SMOTE,0,0,0.0
Random Forest,No SMOTE,0,0,0.0
Random Forest,No SMOTE,0,0,0.0
Random Forest,No SMOTE,0,0,0.008096769891022433
Random Forest,No SMOTE,0,0,0.0
Random Forest,No SMOTE,0,0,0.0
Random Forest,No SMOTE,0,0,0.0
Random Forest,No SMOTE,0,0,0.0
Random Forest,No SMOTE,0,0,0.0
Random Forest,No SMOTE,0,0,0.0
Random Forest,No SMOTE,0,0,0.0
Random Forest,No SMOTE,0,0,0.0
Random Forest,No SMOTE,0,0,0.0
Random Forest,No SMOTE,0,0,0.0
Random Forest,No SMOTE,0,0,0.0
Random Forest,No SMOTE,0,0,0.0
Random Forest,No SMOTE,0,0,0.0
Random Forest,No SMOTE,0,0,0.0
Random Forest,No SMOTE,0,0,0.0
Random Forest,No SMOTE,0,0,0.0
Random Forest,No SMOTE,0,0,0.0
Random Forest,No SMOTE,0,0,0.0
Random Forest,No SMOTE,0,0,0.0
Random Forest,No SMOTE,0,0,0.0
Random Forest,No SMOTE,0,0,0.0
Random Forest,No SMOTE,0,0,0.008096769891022433
Random Forest,No SMOTE,0,0,0.0
Random Forest,No SMOTE,0,0,0.008096769891022433
Random Forest,No SMOTE,0,0,0.0
Random Forest,No SMOTE,0,0,0.0
Random Forest,No SMOTE,0,0,0.0
Random Forest,No SMOTE,0,0,0.0
Random Forest,No SMOTE,0,0,0.0
Random Forest,No SMOTE,0,0,0.0
Random Forest,No SMOTE,0,0,0.008096769891022433
Random Forest,No SMOTE,0,0,0.0
Random Forest,No SMOTE,0,0,0.0
Random Forest,No SMOTE,0,0,0.0
Random Forest,No SMOTE,0,0,0.005421603354912019
Random Forest,No SMOTE,0,0,0.0
Random Forest,No SMOTE,0,0,0.0
Random Forest,No SMOTE,0,0,0.0
Random Forest,No SMOTE,0,0,0.0
Random Forest,No SMOTE,0,0,0.0
Random Forest,No SMOTE,0,0,0.0
Random Forest,No SMOTE,0,0,0.0
Random Forest,No SMOTE,0,0,0.0
Random Forest,No SMOTE,0,0,0.013518373245934452
Random Forest,No SMOTE,0,0,0.0
Random Forest,No SMOTE,0,0,0.0
Random Forest,No SMOTE,0,0,0.0
Random Forest,No SMOTE,0,0,0.0
Random Forest,No SMOTE,0,0,0.0
Random Forest,No SMOTE,0,0,0.008096769891022433
Random Forest,No SMOTE,0,0,0.0
Random Forest,No SMOTE,0,0,0.0
Random Forest,No SMOTE,0,0,0.0
Random Forest,No SMOTE,0,0,0.008096769891022433
Random Forest,No SMOTE,0,0,0.0
Random Forest,No SMOTE,0,0,0.0
Random Forest,No SMOTE,0,0,0.008096769891022433
Random Forest,No SMOTE,0,0,0.013518373245934452
Random Forest,No SMOTE,0,0,0.0
Random Forest,No SMOTE,0,0,0.0
Random Forest,No SMOTE,0,0,0.0
Random Forest,No SMOTE,0,0,0.0
Random Forest,No SMOTE,0,0,0.0
Random Forest,No SMOTE,0,0,0.005421603354912019
Random Forest,No SMOTE,0,0,0.0
Random Forest,No SMOTE,0,0,0.0
Random Forest,No SMOTE,0,0,0.0
Random Forest,No SMOTE,0,0,0.0
Random Forest,No SMOTE,0,0,0.0
Random Forest,No SMOTE,0,0,0.0
Random Forest,No SMOTE,0,0,0.0
Random Forest,No SMOTE,0,0,0.027950770671047148
Random Forest,No SMOTE,0,0,0.0
Random Forest,No SMOTE,0,0,0.0
Random Forest,No SMOTE,0,0,0.0
Random Forest,No SMOTE,0,0,0.0
Random Forest,No SMOTE,0,0,0.0
Random Forest,No SMOTE,0,0,0.0
Random Forest,No SMOTE,0,0,0.0
Random Forest,No SMOTE,0,0,0.0
Random Forest,No SMOTE,0,0,0.0
Random Forest,No SMOTE,0,0,0.0
Random Forest,No SMOTE,0,0,0.0
Random Forest,No SMOTE,0,0,0.0
Random Forest,No SMOTE,0,0,0.0
Random Forest,No SMOTE,0,0,0.0
Random Forest,No SMOTE,0,0,0.0
Random Forest,No SMOTE,0,0,0.0
Random Forest,No SMOTE,0,0,0.008096769891022433
Random Forest,No SMOTE,0,0,0.0
Random Forest,No SMOTE,0,0,0.0
Random Forest,No SMOTE,0,0,0.0
Random Forest,No SMOTE,0,0,0.0
Random Forest,No SMOTE,0,0,0.008096769891022433
Random Forest,No SMOTE,0,0,0.0
Random Forest,No SMOTE,0,0,0.0
Random Forest,No SMOTE,0,0,0.0
Random Forest,No SMOTE,0,0,0.008096769891022433
Random Forest,No SMOTE,0,0,0.0
Random Forest,No SMOTE,0,0,0.0
Random Forest,No SMOTE,0,0,0.0
Random Forest,No SMOTE,0,0,0.0
Random Forest,No SMOTE,0,0,0.0
Random Forest,No SMOTE,0,0,0.0
Random Forest,No SMOTE,0,0,0.0
Random Forest,No SMOTE,0,0,0.0
Random Forest,No SMOTE,0,0,0.0
Random Forest,No SMOTE,0,0,0.005421603354912019
Random Forest,No SMOTE,0,0,0.0
Random Forest,No SMOTE,0,0,0.0
Random Forest,No SMOTE,0,0,0.0
Random Forest,No SMOTE,0,0,0.0
Random Forest,No SMOTE,0,0,0.0
Random Forest,No SMOTE,0,0,0.0
Random Forest,No SMOTE,0,0,0.0
Random Forest,No SMOTE,0,0,0.008096769891022433
Random Forest,No SMOTE,0,0,0.0
Random Forest,No SMOTE,0,0,0.0
Random Forest,No SMOTE,0,0,0.0
Random Forest,No SMOTE,0,0,0.0
Random Forest,No SMOTE,0,0,0.0
Random Forest,No SMOTE,0,0,0.0
Random Forest,No SMOTE,0,0,0.0
Random Forest,No SMOTE,0,0,0.0
Random Forest,No SMOTE,0,0,0.0
Random Forest,No SMOTE,0,0,0.0
Random Forest,No SMOTE,0,0,0.0
Random Forest,No SMOTE,0,0,0.0
Random Forest,No SMOTE,0,0,0.0
Random Forest,No SMOTE,0,0,0.0
Random Forest,No SMOTE,0,0,0.0
Random Forest,No SMOTE,0,0,0.0
Random Forest,No SMOTE,0,0,0.0
Random Forest,No SMOTE,0,0,0.0
Random Forest,No SMOTE,0,0,0.0
Random Forest,No SMOTE,0,0,0.0
Random Forest,No SMOTE,0,0,0.0
Random Forest,No SMOTE,0,0,0.0
Random Forest,No SMOTE,0,0,0.008096769891022433
Random Forest,No SMOTE,0,0,0.0
Random Forest,No SMOTE,0,0,0.0
Random Forest,No SMOTE,0,0,0.005421603354912019
Random Forest,No SMOTE,0,0,0.0
Random Forest,No SMOTE,0,0,0.0
Random Forest,No SMOTE,0,0,0.0
Random Forest,No SMOTE,0,0,0.0
Random Forest,No SMOTE,0,0,0.0
Random Forest,No SMOTE,0,0,0.0
Random Forest,No SMOTE,0,0,0.0
Random Forest,No SMOTE,0,0,0.0
Random Forest,No SMOTE,0,0,0.0
Random Forest,No SMOTE,0,0,0.0
Random Forest,No SMOTE,0,0,0.008096769891022433
Random Forest,No SMOTE,0,0,0.0
Random Forest,No SMOTE,0,0,0.0
Random Forest,No SMOTE,0,0,0.0
Random Forest,No SMOTE,0,0,0.0
Random Forest,No SMOTE,0,0,0.0
Random Forest,No SMOTE,0,0,0.008096769891022433
Random Forest,No SMOTE,0,0,0.0
Random Forest,No SMOTE,0,0,0.013518373245934452
Random Forest,No SMOTE,0,0,0.0
Random Forest,No SMOTE,0,0,0.0
Random Forest,No SMOTE,0,0,0.0
Random Forest,No SMOTE,0,0,0.0
Random Forest,No SMOTE,0,0,0.0
Random Forest,No SMOTE,0,0,0.0
Random Forest,No SMOTE,0,0,0.0
Random Forest,No SMOTE,0,0,0.008096769891022433
Random Forest,No SMOTE,0,0,0.0
Random Forest,No SMOTE,0,0,0.0
Random Forest,No SMOTE,0,0,0.0
Random Forest,No SMOTE,0,0,0.0
Random Forest,No SMOTE,0,0,0.0
Random Forest,No SMOTE,0,0,0.0
Random Forest,No SMOTE,0,0,0.0
Random Forest,No SMOTE,0,0,0.0
Random Forest,No SMOTE,0,0,0.0
Random Forest,No SMOTE,0,0,0.0
Random Forest,No SMOTE,0,0,0.0
Random Forest,No SMOTE,0,0,0.0
Random Forest,No SMOTE,0,0,0.0
Random Forest,No SMOTE,0,0,0.0
Random Forest,No SMOTE,0,0,0.008096769891022433
Random Forest,No SMOTE,0,0,0.0
Random Forest,No SMOTE,0,0,0.0
Random Forest,No SMOTE,0,0,0.0
Random Forest,No SMOTE,0,0,0.0
Random Forest,No SMOTE,0,0,0.0
Random Forest,No SMOTE,0,0,0.008096769891022433
Random Forest,No SMOTE,0,0,0.0
Random Forest,No SMOTE,0,0,0.0
Random Forest,No SMOTE,0,0,0.0
Random Forest,No SMOTE,0,0,0.0
Random Forest,No SMOTE,0,0,0.0
Random Forest,No SMOTE,0,0,0.0
Random Forest,No SMOTE,0,0,0.0
Random Forest,No SMOTE,0,0,0.0
Random Forest,No SMOTE,0,0,0.0
Random Forest,No SMOTE,0,0,0.0
Random Forest,No SMOTE,0,0,0.0
Random Forest,No SMOTE,0,0,0.0
Random Forest,No SMOTE,0,0,0.0
Random Forest,No SMOTE,0,0,0.0
Random Forest,No SMOTE,0,0,0.0
Random Forest,No SMOTE,0,0,0.0
Random Forest,No SMOTE,0,0,0.0
Random Forest,No SMOTE,0,0,0.0
Random Forest,No SMOTE,0,0,0.0
Random Forest,No SMOTE,0,0,0.0
Random Forest,No SMOTE,0,0,0.0
Random Forest,No SMOTE,0,0,0.0
Random Forest,No SMOTE,0,0,0.0
Random Forest,No SMOTE,0,0,0.013518373245934452
Random Forest,No SMOTE,0,0,0.0
Random Forest,No SMOTE,0,0,0.0
Random Forest,No SMOTE,0,0,0.0
Random Forest,No SMOTE,0,0,0.0
Random Forest,No SMOTE,0,0,0.0
Random Forest,No SMOTE,0,0,0.0
Random Forest,No SMOTE,0,0,0.0
Random Forest,No SMOTE,0,0,0.013518373245934452
Random Forest,No SMOTE,0,0,0.0
Random Forest,No SMOTE,0,0,0.0
Random Forest,No SMOTE,0,0,0.0
Random Forest,No SMOTE,0,0,0.0
Random Forest,No SMOTE,0,0,0.0
Random Forest,No SMOTE,0,0,0.0
Random Forest,No SMOTE,0,0,0.0
Random Forest,No SMOTE,0,0,0.0
Random Forest,No SMOTE,0,0,0.0
Random Forest,No SMOTE,0,0,0.0
Random Forest,No SMOTE,0,0,0.0
Random Forest,No SMOTE,0,0,0.0
Random Forest,No SMOTE,0,0,0.0
Random Forest,No SMOTE,0,0,0.0
Random Forest,No SMOTE,0,0,0.0
Random Forest,No SMOTE,0,0,0.013518373245934452
Random Forest,No SMOTE,0,0,0.0
Random Forest,No SMOTE,0,0,0.0
Random Forest,No SMOTE,0,0,0.0
Random Forest,No SMOTE,0,0,0.0
Random Forest,No SMOTE,0,0,0.0
Random Forest,No SMOTE,0,0,0.0
Random Forest,No SMOTE,0,0,0.0
Random Forest,No SMOTE,0,0,0.0
Random Forest,No SMOTE,0,0,0.0
Random Forest,No SMOTE,0,0,0.0
Random Forest,No SMOTE,0,0,0.0
Random Forest,No SMOTE,0,0,0.0
Random Forest,No SMOTE,0,0,0.0
Random Forest,No SMOTE,0,0,0.0
Random Forest,No SMOTE,0,0,0.008096769891022433
Random Forest,No SMOTE,0,0,0.0
Random Forest,No SMOTE,0,0,0.0
Random Forest,No SMOTE,0,0,0.0
Random Forest,No SMOTE,0,0,0.0
Random Forest,No SMOTE,0,0,0.0
Random Forest,No SMOTE,0,0,0.0
Random Forest,No SMOTE,0,0,0.0
Random Forest,No SMOTE,0,0,0.0
Random Forest,No SMOTE,0,0,0.0
Random Forest,No SMOTE,0,0,0.0
Random Forest,No SMOTE,0,0,0.0
Random Forest,No SMOTE,0,0,0.0
Random Forest,No SMOTE,0,0,0.0
Random Forest,No SMOTE,0,0,0.0
Random Forest,No SMOTE,0,0,0.0
Random Forest,No SMOTE,0,0,0.0
Random Forest,No SMOTE,0,0,0.0
Random Forest,No SMOTE,0,0,0.0
Random Forest,No SMOTE,0,0,0.008096769891022433
Random Forest,No SMOTE,0,0,0.0
Random Forest,No SMOTE,0,0,0.009879967023907666
Random Forest,No SMOTE,0,0,0.0
Random Forest,No SMOTE,0,0,0.0
Random Forest,No SMOTE,0,0,0.0
Random Forest,No SMOTE,0,0,0.0
Random Forest,No SMOTE,0,0,0.0
Random Forest,No SMOTE,0,0,0.0
Random Forest,No SMOTE,0,0,0.0
Random Forest,No SMOTE,0,0,0.0
Random Forest,No SMOTE,0,0,0.0
Random Forest,No SMOTE,0,0,0.0
Random Forest,No SMOTE,0,0,0.009918233580508477
Random Forest,No SMOTE,0,0,0.0
Random Forest,No SMOTE,0,0,0.0
Random Forest,No SMOTE,0,0,0.0
Random Forest,No SMOTE,0,0,0.0
Random Forest,No SMOTE,0,0,0.0
Random Forest,No SMOTE,0,0,0.0
Random Forest,No SMOTE,0,0,0.0
Random Forest,No SMOTE,0,0,0.0
Random Forest,No SMOTE,0,0,0.0
Random Forest,No SMOTE,0,0,0.0
Random Forest,No SMOTE,0,0,0.0
Random Forest,No SMOTE,0,0,0.0
Random Forest,No SMOTE,0,0,0.0
Random Forest,No SMOTE,0,0,0.0
Random Forest,No SMOTE,0,0,0.0
Random Forest,No SMOTE,0,0,0.0
Random Forest,No SMOTE,0,0,0.008096769891022433
Random Forest,No SMOTE,0,0,0.008096769891022433
Random Forest,No SMOTE,0,0,0.0
Random Forest,No SMOTE,0,0,0.0
Random Forest,No SMOTE,0,0,0.0
Random Forest,No SMOTE,0,0,0.013518373245934452
Random Forest,No SMOTE,0,0,0.0
Random Forest,No SMOTE,0,0,0.0
Random Forest,No SMOTE,0,0,0.0
Random Forest,No SMOTE,0,0,0.0
Random Forest,No SMOTE,0,0,0.0
Random Forest,No SMOTE,0,0,0.0
Random Forest,No SMOTE,0,0,0.0
Random Forest,No SMOTE,0,0,0.0
Random Forest,No SMOTE,0,0,0.0
Random Forest,No SMOTE,0,0,0.0
Random Forest,No SMOTE,0,0,0.0
Random Forest,No SMOTE,0,0,0.0
Random Forest,No SMOTE,0,0,0.0
Random Forest,No SMOTE,0,0,0.0
Random Forest,No SMOTE,0,0,0.0
Random Forest,No SMOTE,0,0,0.0
Random Forest,No SMOTE,0,0,0.0
Random Forest,No SMOTE,0,0,0.0
Random Forest,No SMOTE,0,0,0.0
Random Forest,No SMOTE,0,0,0.0
Random Forest,No SMOTE,0,0,0.0
Random Forest,No SMOTE,0,0,0.0
Random Forest,No SMOTE,0,0,0.0
Random Forest,No SMOTE,0,0,0.0
Random Forest,No SMOTE,0,0,0.0
Random Forest,No SMOTE,0,0,0.0
Random Forest,No SMOTE,0,0,0.0
Random Forest,No SMOTE,0,0,0.0
Random Forest,No SMOTE,0,0,0.0
Random Forest,No SMOTE,0,0,0.0
Random Forest,No SMOTE,0,0,0.0
Random Forest,No SMOTE,0,0,0.0
Random Forest,No SMOTE,0,0,0.0
Random Forest,No SMOTE,0,0,0.0
Random Forest,No SMOTE,0,0,0.0
Random Forest,No SMOTE,0,0,0.008096769891022433
Random Forest,No SMOTE,0,0,0.0
Random Forest,No SMOTE,0,0,0.0
Random Forest,No SMOTE,0,0,0.0
Random Forest,No SMOTE,0,0,0.0
Random Forest,No SMOTE,0,0,0.0
Random Forest,No SMOTE,0,0,0.008096769891022433
Random Forest,No SMOTE,0,0,0.0
Random Forest,No SMOTE,0,0,0.0
Random Forest,No SMOTE,0,0,0.0
Random Forest,No SMOTE,0,0,0.0
Random Forest,No SMOTE,0,0,0.0
Random Forest,No SMOTE,0,0,0.0
Random Forest,No SMOTE,0,0,0.0
Random Forest,No SMOTE,0,0,0.0
Random Forest,No SMOTE,0,0,0.008096769891022433
Random Forest,No SMOTE,0,0,0.0
Random Forest,No SMOTE,0,0,0.0
Random Forest,No SMOTE,0,0,0.0
Random Forest,No SMOTE,0,0,0.0
Random Forest,No SMOTE,0,0,0.0
Random Forest,No SMOTE,0,0,0.0
Random Forest,No SMOTE,0,0,0.0
Random Forest,No SMOTE,0,0,0.0
Random Forest,No SMOTE,0,0,0.0
Random Forest,No SMOTE,0,0,0.0
Random Forest,No SMOTE,0,0,0.0
Random Forest,No SMOTE,0,0,0.0
Random Forest,No SMOTE,0,0,0.0
Random Forest,No SMOTE,0,0,0.0
Random Forest,No SMOTE,0,0,0.0
Random Forest,No SMOTE,0,0,0.0
Random Forest,No SMOTE,0,0,0.03985159996985263
Random Forest,No SMOTE,0,0,0.0
Random Forest,No SMOTE,0,0,0.0
Random Forest,No SMOTE,0,0,0.0
Random Forest,No SMOTE,0,0,0.0
Random Forest,No SMOTE,0,0,0.0
Random Forest,No SMOTE,0,0,0.0
Random Forest,No SMOTE,0,0,0.0
Random Forest,No SMOTE,0,0,0.0
Random Forest,No SMOTE,0,0,0.008096769891022433
Random Forest,No SMOTE,0,0,0.0
Random Forest,No SMOTE,0,0,0.0
Random Forest,No SMOTE,0,0,0.005421603354912019
Random Forest,No SMOTE,0,0,0.0
Random Forest,No SMOTE,0,0,0.0
Random Forest,No SMOTE,0,0,0.0
Random Forest,No SMOTE,0,0,0.0
Random Forest,No SMOTE,0,0,0.0
Random Forest,No SMOTE,0,0,0.0
Random Forest,No SMOTE,0,0,0.0
Random Forest,No SMOTE,0,0,0.0
Random Forest,No SMOTE,0,0,0.0
Random Forest,No SMOTE,0,0,0.0
Random Forest,No SMOTE,0,0,0.0
Random Forest,No SMOTE,0,0,0.0
Random Forest,No SMOTE,0,0,0.0
Random Forest,No SMOTE,0,0,0.0
Random Forest,No SMOTE,0,0,0.0
Random Forest,No SMOTE,0,0,0.0
Random Forest,No SMOTE,0,0,0.0
Random Forest,No SMOTE,0,0,0.0
Random Forest,No SMOTE,0,0,0.0
Random Forest,No SMOTE,0,0,0.0
Random Forest,No SMOTE,0,0,0.0
Random Forest,No SMOTE,0,0,0.005421603354912019
Random Forest,No SMOTE,0,0,0.0
Random Forest,No SMOTE,0,0,0.0
Random Forest,No SMOTE,0,0,0.0
Random Forest,No SMOTE,0,0,0.0
Random Forest,No SMOTE,0,0,0.0
Random Forest,No SMOTE,0,0,0.0
Random Forest,No SMOTE,0,0,0.0
Random Forest,No SMOTE,0,0,0.0
Random Forest,No SMOTE,0,0,0.0
Random Forest,No SMOTE,0,0,0.0
Random Forest,No SMOTE,0,0,0.017576059157889068
Random Forest,No SMOTE,0,0,0.0
Random Forest,No SMOTE,0,0,0.0
Random Forest,No SMOTE,0,0,0.0
Random Forest,No SMOTE,0,0,0.008096769891022433
Random Forest,No SMOTE,0,0,0.0
Random Forest,No SMOTE,0,0,0.0
Random Forest,No SMOTE,0,0,0.0
Random Forest,No SMOTE,0,0,0.0
Random Forest,No SMOTE,0,0,0.0
Random Forest,No SMOTE,0,0,0.0
Random Forest,No SMOTE,0,0,0.0
Random Forest,No SMOTE,0,0,0.0
Random Forest,No SMOTE,0,0,0.0
Random Forest,No SMOTE,0,0,0.0
Random Forest,No SMOTE,0,0,0.008096769891022433
Random Forest,No SMOTE,0,0,0.0
Random Forest,No SMOTE,0,0,0.0
Random Forest,No SMOTE,0,0,0.0
Random Forest,No SMOTE,0,0,0.0
Random Forest,No SMOTE,0,0,0.008096769891022433
Random Forest,No SMOTE,0,0,0.013518373245934452
Random Forest,No SMOTE,0,0,0.0
Random Forest,No SMOTE,0,0,0.0
Random Forest,No SMOTE,0,0,0.0
Random Forest,No SMOTE,0,0,0.0
Random Forest,No SMOTE,0,0,0.0
Random Forest,No SMOTE,0,0,0.0
Random Forest,No SMOTE,0,0,0.005421603354912019
Random Forest,No SMOTE,0,0,0.0
Random Forest,No SMOTE,0,0,0.0
Random Forest,No SMOTE,0,0,0.0
Random Forest,No SMOTE,0,0,0.0
Random Forest,No SMOTE,0,0,0.0
Random Forest,No SMOTE,0,0,0.0
Random Forest,No SMOTE,0,0,0.0
Random Forest,No SMOTE,0,0,0.0
Random Forest,No SMOTE,0,0,0.0
Random Forest,No SMOTE,0,0,0.0
Random Forest,No SMOTE,0,0,0.008096769891022433
Random Forest,No SMOTE,0,0,0.0
Random Forest,No SMOTE,0,0,0.0
Random Forest,No SMOTE,0,0,0.0
Random Forest,No SMOTE,0,0,0.0
Random Forest,No SMOTE,0,0,0.0
Random Forest,No SMOTE,0,0,0.0
Random Forest,No SMOTE,0,0,0.0
Random Forest,No SMOTE,0,0,0.0
Random Forest,No SMOTE,0,0,0.0
Random Forest,No SMOTE,0,0,0.0
Random Forest,No SMOTE,0,0,0.0
Random Forest,No SMOTE,0,0,0.0
Random Forest,No SMOTE,0,0,0.0
Random Forest,No SMOTE,0,0,0.0
Random Forest,No SMOTE,0,0,0.0
Random Forest,No SMOTE,0,0,0.0
Random Forest,No SMOTE,0,0,0.0
Random Forest,No SMOTE,0,0,0.0
Random Forest,No SMOTE,0,0,0.0
Random Forest,No SMOTE,0,0,0.0
Random Forest,No SMOTE,0,0,0.0
Random Forest,No SMOTE,0,0,0.0
Random Forest,No SMOTE,0,0,0.0
Random Forest,No SMOTE,0,0,0.0
Random Forest,No SMOTE,0,0,0.008096769891022433
Random Forest,No SMOTE,0,0,0.0
Random Forest,No SMOTE,0,0,0.0
Random Forest,No SMOTE,0,0,0.0
Random Forest,No SMOTE,0,0,0.0
Random Forest,No SMOTE,0,0,0.0
Random Forest,No SMOTE,0,0,0.0
Random Forest,No SMOTE,0,0,0.0
Random Forest,No SMOTE,0,0,0.0
Random Forest,No SMOTE,0,0,0.0
Random Forest,No SMOTE,0,0,0.0
Random Forest,No SMOTE,0,0,0.0
Random Forest,No SMOTE,0,0,0.0
Random Forest,No SMOTE,0,0,0.0
Random Forest,No SMOTE,0,0,0.0
Random Forest,No SMOTE,0,0,0.0
Random Forest,No SMOTE,0,0,0.0
Random Forest,No SMOTE,0,0,0.0
Random Forest,No SMOTE,0,0,0.0
Random Forest,No SMOTE,0,0,0.0
Random Forest,No SMOTE,0,0,0.0
Random Forest,No SMOTE,0,0,0.0
Random Forest,No SMOTE,0,0,0.0
Random Forest,No SMOTE,0,0,0.0
Random Forest,No SMOTE,0,0,0.0
Random Forest,No SMOTE,0,0,0.0
Random Forest,No SMOTE,0,0,0.0
Random Forest,No SMOTE,0,0,0.0
Random Forest,No SMOTE,0,0,0.0
Random Forest,No SMOTE,0,0,0.0
Random Forest,No SMOTE,0,0,0.0
Random Forest,No SMOTE,0,0,0.0
Random Forest,No SMOTE,0,0,0.0
Random Forest,No SMOTE,0,0,0.0
Random Forest,No SMOTE,0,0,0.0
Random Forest,No SMOTE,0,0,0.0
Random Forest,No SMOTE,0,0,0.0
Random Forest,No SMOTE,0,0,0.0
Random Forest,No SMOTE,0,0,0.0
Random Forest,No SMOTE,0,0,0.0
Random Forest,No SMOTE,0,0,0.0
Random Forest,No SMOTE,0,0,0.0
Random Forest,No SMOTE,0,0,0.0
Random Forest,No SMOTE,0,0,0.0
Random Forest,No SMOTE,0,0,0.0
Random Forest,No SMOTE,0,0,0.0
Random Forest,No SMOTE,0,0,0.0
Random Forest,No SMOTE,0,0,0.0
Random Forest,No SMOTE,0,0,0.0
Random Forest,No SMOTE,0,0,0.0
Random Forest,No SMOTE,0,0,0.0
Random Forest,No SMOTE,0,0,0.0
Random Forest,No SMOTE,0,0,0.0
Random Forest,No SMOTE,0,0,0.0
Random Forest,No SMOTE,0,0,0.0
Random Forest,No SMOTE,0,0,0.008096769891022433
Random Forest,No SMOTE,0,0,0.0
Random Forest,No SMOTE,0,0,0.0
Random Forest,No SMOTE,0,0,0.0
Random Forest,No SMOTE,0,0,0.0
Random Forest,No SMOTE,0,0,0.0
Random Forest,No SMOTE,0,0,0.0
Random Forest,No SMOTE,0,0,0.0
Random Forest,No SMOTE,0,0,0.0
Random Forest,No SMOTE,0,0,0.0
Random Forest,No SMOTE,0,0,0.0
Random Forest,No SMOTE,0,0,0.0
Random Forest,No SMOTE,0,0,0.0
Random Forest,No SMOTE,0,0,0.0
Random Forest,No SMOTE,0,0,0.0
Random Forest,No SMOTE,0,0,0.0
Random Forest,No SMOTE,0,0,0.0
Random Forest,No SMOTE,0,0,0.0
Random Forest,No SMOTE,0,0,0.0
Random Forest,No SMOTE,0,0,0.0
Random Forest,No SMOTE,0,0,0.0
Random Forest,No SMOTE,0,0,0.0
Random Forest,No SMOTE,0,0,0.0
Random Forest,No SMOTE,0,0,0.0
Random Forest,No SMOTE,0,0,0.0
Random Forest,No SMOTE,0,0,0.0
Random Forest,No SMOTE,0,0,0.008096769891022433
Random Forest,No SMOTE,0,0,0.0
Random Forest,No SMOTE,0,0,0.0
Random Forest,No SMOTE,0,0,0.0
Random Forest,No SMOTE,0,0,0.0
Random Forest,No SMOTE,0,0,0.0
Random Forest,No SMOTE,0,0,0.0
Random Forest,No SMOTE,0,0,0.0
Random Forest,No SMOTE,0,0,0.0
Random Forest,No SMOTE,0,0,0.008096769891022433
Random Forest,No SMOTE,0,0,0.0
Random Forest,No SMOTE,0,0,0.0
Random Forest,No SMOTE,0,0,0.0
Random Forest,No SMOTE,0,0,0.0
Random Forest,No SMOTE,0,0,0.0
Random Forest,No SMOTE,0,0,0.0
Random Forest,No SMOTE,0,0,0.0
Random Forest,No SMOTE,0,0,0.0
Random Forest,No SMOTE,0,0,0.0
Random Forest,No SMOTE,0,0,0.0
Random Forest,No SMOTE,0,0,0.0
Random Forest,No SMOTE,0,0,0.0
Random Forest,No SMOTE,0,0,0.0
Random Forest,No SMOTE,0,0,0.0
Random Forest,No SMOTE,0,0,0.0
Random Forest,No SMOTE,0,0,0.0
Random Forest,No SMOTE,0,0,0.0
Random Forest,No SMOTE,0,0,0.008096769891022433
Random Forest,No SMOTE,0,0,0.0
Random Forest,No SMOTE,0,0,0.0
Random Forest,No SMOTE,0,0,0.0
Random Forest,No SMOTE,0,0,0.008096769891022433
Random Forest,No SMOTE,0,0,0.008096769891022433
Random Forest,No SMOTE,0,0,0.009879967023907666
Random Forest,No SMOTE,0,0,0.0
Random Forest,No SMOTE,0,0,0.0
Random Forest,No SMOTE,0,0,0.0
Random Forest,No SMOTE,0,0,0.0
Random Forest,No SMOTE,0,0,0.0
Random Forest,No SMOTE,0,0,0.0
Random Forest,No SMOTE,0,0,0.013518373245934452
Random Forest,No SMOTE,0,0,0.0
Random Forest,No SMOTE,0,0,0.0
Random Forest,No SMOTE,0,0,0.0
Random Forest,No SMOTE,0,0,0.0
Random Forest,No SMOTE,0,0,0.0
Random Forest,No SMOTE,0,0,0.0
Random Forest,No SMOTE,0,0,0.0
Random Forest,No SMOTE,0,0,0.0
Random Forest,No SMOTE,0,0,0.0
Random Forest,No SMOTE,0,0,0.0
Random Forest,No SMOTE,0,0,0.0
Random Forest,No SMOTE,0,0,0.0
Random Forest,No SMOTE,0,0,0.0
Random Forest,No SMOTE,0,0,0.0
Random Forest,No SMOTE,0,0,0.0
Random Forest,No SMOTE,0,0,0.0
Random Forest,No SMOTE,0,0,0.0
Random Forest,No SMOTE,0,0,0.0
Random Forest,No SMOTE,0,0,0.0
Random Forest,No SMOTE,0,0,0.0
Random Forest,No SMOTE,0,0,0.0
Random Forest,No SMOTE,0,0,0.0
Random Forest,No SMOTE,0,0,0.0
Random Forest,No SMOTE,0,0,0.0
Random Forest,No SMOTE,0,0,0.0
Random Forest,No SMOTE,0,0,0.0
Random Forest,No SMOTE,0,0,0.0
Random Forest,No SMOTE,0,0,0.0
Random Forest,No SMOTE,0,0,0.0
Random Forest,No SMOTE,0,0,0.008096769891022433
Random Forest,No SMOTE,0,0,0.0
Random Forest,No SMOTE,0,0,0.0
Random Forest,No SMOTE,0,0,0.0
Random Forest,No SMOTE,0,0,0.0
Random Forest,No SMOTE,0,0,0.0
Random Forest,No SMOTE,0,0,0.0
Random Forest,No SMOTE,0,0,0.0
Random Forest,No SMOTE,0,0,0.0
Random Forest,No SMOTE,0,0,0.0
Random Forest,No SMOTE,0,0,0.0
Random Forest,No SMOTE,0,0,0.0
Random Forest,No SMOTE,0,0,0.0
Random Forest,No SMOTE,0,0,0.0
Random Forest,No SMOTE,0,0,0.0
Random Forest,No SMOTE,0,0,0.0
Random Forest,No SMOTE,0,0,0.0
Random Forest,No SMOTE,0,0,0.0
Random Forest,No SMOTE,0,0,0.0
Random Forest,No SMOTE,0,0,0.0
Random Forest,No SMOTE,0,0,0.0
Random Forest,No SMOTE,0,0,0.0
Random Forest,No SMOTE,0,0,0.0
Random Forest,No SMOTE,0,0,0.0
Random Forest,No SMOTE,0,0,0.0
Random Forest,No SMOTE,0,0,0.0
Random Forest,No SMOTE,0,0,0.0
Random Forest,No SMOTE,0,0,0.0
Random Forest,No SMOTE,0,0,0.0
Random Forest,No SMOTE,0,0,0.0
Random Forest,No SMOTE,0,0,0.0
Random Forest,No SMOTE,0,0,0.0
Random Forest,No SMOTE,0,0,0.0
Random Forest,No SMOTE,0,0,0.0
Random Forest,No SMOTE,0,0,0.0
Random Forest,No SMOTE,0,0,0.0
Random Forest,No SMOTE,0,0,0.0
Random Forest,No SMOTE,0,0,0.0
Random Forest,No SMOTE,0,0,0.0
Random Forest,No SMOTE,0,0,0.008096769891022433
Random Forest,No SMOTE,0,0,0.0
Random Forest,No SMOTE,0,0,0.0
Random Forest,No SMOTE,0,0,0.0
Random Forest,No SMOTE,0,0,0.0
Random Forest,No SMOTE,0,0,0.0
Random Forest,No SMOTE,0,0,0.0
Random Forest,No SMOTE,0,0,0.0
Random Forest,No SMOTE,0,0,0.0
Random Forest,No SMOTE,0,0,0.0
Random Forest,No SMOTE,0,0,0.0
Random Forest,No SMOTE,0,0,0.0
Random Forest,No SMOTE,0,0,0.0
Random Forest,No SMOTE,0,0,0.0
Random Forest,No SMOTE,0,0,0.0
Random Forest,No SMOTE,0,0,0.0
Random Forest,No SMOTE,0,0,0.0
Random Forest,No SMOTE,0,0,0.0
Random Forest,No SMOTE,0,0,0.0
Random Forest,No SMOTE,0,0,0.0
Random Forest,No SMOTE,0,0,0.0
Random Forest,No SMOTE,0,0,0.0
Random Forest,No SMOTE,0,0,0.0
Random Forest,No SMOTE,0,0,0.0
Random Forest,No SMOTE,0,0,0.008096769891022433
Random Forest,No SMOTE,0,0,0.008096769891022433
Random Forest,No SMOTE,0,0,0.0
Random Forest,No SMOTE,0,0,0.0
Random Forest,No SMOTE,0,0,0.0
Random Forest,No SMOTE,0,0,0.0
Random Forest,No SMOTE,0,0,0.0
Random Forest,No SMOTE,0,0,0.0
Random Forest,No SMOTE,0,0,0.0
Random Forest,No SMOTE,0,0,0.0
Random Forest,No SMOTE,0,0,0.0
Random Forest,No SMOTE,0,0,0.005421603354912019
Random Forest,No SMOTE,0,0,0.0
Random Forest,No SMOTE,0,0,0.0
Random Forest,No SMOTE,0,0,0.0
Random Forest,No SMOTE,0,0,0.008096769891022433
Random Forest,No SMOTE,0,0,0.0
Random Forest,No SMOTE,0,0,0.0
Random Forest,No SMOTE,0,0,0.0
Random Forest,No SMOTE,0,0,0.0
Random Forest,No SMOTE,0,0,0.0
Random Forest,No SMOTE,0,0,0.0
Random Forest,No SMOTE,0,0,0.0
Random Forest,No SMOTE,0,0,0.0
Random Forest,No SMOTE,0,0,0.0
Random Forest,No SMOTE,0,0,0.0
Random Forest,No SMOTE,0,0,0.0
Random Forest,No SMOTE,0,0,0.0
Random Forest,No SMOTE,0,0,0.0
Random Forest,No SMOTE,0,0,0.0
Random Forest,No SMOTE,0,0,0.0
Random Forest,No SMOTE,0,0,0.0
Random Forest,No SMOTE,0,0,0.0
Random Forest,No SMOTE,0,0,0.0
Random Forest,No SMOTE,0,0,0.0
Random Forest,No SMOTE,0,0,0.0
Random Forest,No SMOTE,0,0,0.0
Random Forest,No SMOTE,0,0,0.0
Random Forest,No SMOTE,0,0,0.0
Random Forest,No SMOTE,0,0,0.0
Random Forest,No SMOTE,0,0,0.0
Random Forest,No SMOTE,0,0,0.013518373245934452
Random Forest,No SMOTE,0,0,0.0
Random Forest,No SMOTE,0,0,0.0
Random Forest,No SMOTE,0,0,0.0
Random Forest,No SMOTE,0,0,0.0
Random Forest,No SMOTE,0,0,0.0
Random Forest,No SMOTE,0,0,0.0
Random Forest,No SMOTE,0,0,0.0
Random Forest,No SMOTE,0,0,0.0
Random Forest,No SMOTE,0,0,0.0
Random Forest,No SMOTE,0,0,0.0
Random Forest,No SMOTE,0,0,0.0
Random Forest,No SMOTE,0,0,0.0
Random Forest,No SMOTE,0,0,0.0
Random Forest,No SMOTE,0,0,0.0
Random Forest,No SMOTE,0,0,0.0
Random Forest,No SMOTE,0,0,0.0
Random Forest,No SMOTE,0,0,0.0
Random Forest,No SMOTE,0,0,0.005421603354912019
Random Forest,No SMOTE,0,0,0.0
Random Forest,No SMOTE,0,0,0.0
Random Forest,No SMOTE,0,0,0.0
Random Forest,No SMOTE,0,0,0.0
Random Forest,No SMOTE,0,0,0.0
Random Forest,No SMOTE,0,0,0.0
Random Forest,No SMOTE,0,0,0.0
Random Forest,No SMOTE,0,0,0.0
Random Forest,No SMOTE,0,0,0.0
Random Forest,No SMOTE,0,0,0.0
Random Forest,No SMOTE,0,0,0.0
Random Forest,No SMOTE,0,0,0.0
Random Forest,No SMOTE,0,0,0.0
Random Forest,No SMOTE,0,0,0.0
Random Forest,No SMOTE,0,0,0.0
Random Forest,No SMOTE,0,0,0.0
Random Forest,No SMOTE,0,0,0.0
Random Forest,No SMOTE,0,0,0.0
Random Forest,No SMOTE,0,0,0.0
Random Forest,No SMOTE,0,0,0.0
Random Forest,No SMOTE,0,0,0.0
Random Forest,No SMOTE,0,0,0.0
Random Forest,No SMOTE,0,0,0.0
Random Forest,No SMOTE,0,0,0.0
Random Forest,No SMOTE,0,0,0.0
Random Forest,No SMOTE,0,0,0.0
Random Forest,No SMOTE,0,0,0.0
Random Forest,No SMOTE,0,0,0.0
Random Forest,No SMOTE,0,0,0.0
Random Forest,No SMOTE,0,0,0.0
Random Forest,No SMOTE,0,0,0.0
Random Forest,No SMOTE,0,0,0.0
Random Forest,No SMOTE,0,0,0.0
Random Forest,No SMOTE,0,0,0.0
Random Forest,No SMOTE,0,0,0.0
Random Forest,No SMOTE,0,0,0.0
Random Forest,No SMOTE,0,0,0.0
Random Forest,No SMOTE,0,0,0.0
Random Forest,No SMOTE,0,0,0.0
Random Forest,No SMOTE,0,0,0.0
Random Forest,No SMOTE,0,0,0.0
Random Forest,No SMOTE,0,0,0.0
Random Forest,No SMOTE,0,0,0.005421603354912019
Random Forest,No SMOTE,0,0,0.0
Random Forest,No SMOTE,0,0,0.0
Random Forest,No SMOTE,0,0,0.0
Random Forest,No SMOTE,0,0,0.0
Random Forest,No SMOTE,0,0,0.017880273025818672
Random Forest,No SMOTE,0,0,0.0
Random Forest,No SMOTE,0,0,0.005421603354912019
Random Forest,No SMOTE,0,0,0.0
Random Forest,No SMOTE,0,0,0.0
Random Forest,No SMOTE,0,0,0.0
Random Forest,No SMOTE,0,0,0.0
Random Forest,No SMOTE,0,0,0.0
Random Forest,No SMOTE,0,0,0.0
Random Forest,No SMOTE,0,0,0.0
Random Forest,No SMOTE,0,0,0.0
Random Forest,No SMOTE,0,0,0.008096769891022433
Random Forest,No SMOTE,0,0,0.0
Random Forest,No SMOTE,0,0,0.0
Random Forest,No SMOTE,0,0,0.0
Random Forest,No SMOTE,0,0,0.0
Random Forest,No SMOTE,0,0,0.013518373245934452
Random Forest,No SMOTE,0,0,0.0
Random Forest,No SMOTE,0,0,0.0
Random Forest,No SMOTE,0,0,0.0
Random Forest,No SMOTE,0,0,0.0
Random Forest,No SMOTE,0,0,0.0
Random Forest,No SMOTE,0,0,0.0
Random Forest,No SMOTE,0,0,0.0
Random Forest,No SMOTE,0,0,0.0
Random Forest,No SMOTE,0,0,0.0
Random Forest,No SMOTE,0,0,0.0
Random Forest,No SMOTE,0,0,0.0
Random Forest,No SMOTE,0,0,0.0
Random Forest,No SMOTE,0,0,0.0
Random Forest,No SMOTE,0,0,0.0
Random Forest,No SMOTE,0,0,0.0
Random Forest,No SMOTE,0,0,0.0
Random Forest,No SMOTE,0,0,0.0
Random Forest,No SMOTE,0,0,0.0
Random Forest,No SMOTE,0,0,0.0
Random Forest,No SMOTE,0,0,0.0
Random Forest,No SMOTE,0,0,0.0
Random Forest,No SMOTE,0,0,0.0
Random Forest,No SMOTE,0,0,0.0
Random Forest,No SMOTE,0,0,0.008096769891022433
Random Forest,No SMOTE,0,0,0.0
Random Forest,No SMOTE,0,0,0.0
Random Forest,No SMOTE,0,0,0.0
Random Forest,No SMOTE,0,0,0.0
Random Forest,No SMOTE,0,0,0.0
Random Forest,No SMOTE,0,0,0.0
Random Forest,No SMOTE,0,0,0.0
Random Forest,No SMOTE,0,0,0.0
Random Forest,No SMOTE,0,0,0.0
Random Forest,No SMOTE,0,0,0.0
Random Forest,No SMOTE,0,0,0.0
Random Forest,No SMOTE,0,0,0.0
Random Forest,No SMOTE,0,0,0.0
Random Forest,No SMOTE,0,0,0.0
Random Forest,No SMOTE,0,0,0.0
Random Forest,No SMOTE,0,0,0.0
Random Forest,No SMOTE,0,0,0.0
Random Forest,No SMOTE,0,0,0.0
Random Forest,No SMOTE,0,0,0.0
Random Forest,No SMOTE,0,0,0.0
Random Forest,No SMOTE,0,0,0.0
Random Forest,No SMOTE,0,0,0.0
Random Forest,No SMOTE,0,0,0.0
Random Forest,No SMOTE,0,0,0.0
Random Forest,No SMOTE,0,0,0.0
Random Forest,No SMOTE,0,0,0.0
Random Forest,No SMOTE,0,0,0.0
Random Forest,No SMOTE,0,0,0.0
Random Forest,No SMOTE,0,0,0.0
Random Forest,No SMOTE,0,0,0.0
Random Forest,No SMOTE,0,0,0.0
Random Forest,No SMOTE,0,0,0.0
Random Forest,No SMOTE,0,0,0.008096769891022433
Random Forest,No SMOTE,0,0,0.0
Random Forest,No SMOTE,0,0,0.0
Random Forest,No SMOTE,0,0,0.0
Random Forest,No SMOTE,0,0,0.0
Random Forest,No SMOTE,0,0,0.0
Random Forest,No SMOTE,0,0,0.0
Random Forest,No SMOTE,0,0,0.0
Random Forest,No SMOTE,0,0,0.0
Random Forest,No SMOTE,0,0,0.0
Random Forest,No SMOTE,0,0,0.0
Random Forest,No SMOTE,0,0,0.0
Random Forest,No SMOTE,0,0,0.0
Random Forest,No SMOTE,0,0,0.0
Random Forest,No SMOTE,0,0,0.0
Random Forest,No SMOTE,0,0,0.0
Random Forest,No SMOTE,0,0,0.0
Random Forest,No SMOTE,0,0,0.0
Random Forest,No SMOTE,0,0,0.0
Random Forest,No SMOTE,0,0,0.0
Random Forest,No SMOTE,0,0,0.0
Random Forest,No SMOTE,0,0,0.0
Random Forest,No SMOTE,0,0,0.0
Random Forest,No SMOTE,0,0,0.0
Random Forest,No SMOTE,0,0,0.0
Random Forest,No SMOTE,0,0,0.0
Random Forest,No SMOTE,0,0,0.0
Random Forest,No SMOTE,0,0,0.0
Random Forest,No SMOTE,0,0,0.008096769891022433
Random Forest,No SMOTE,0,0,0.0
Random Forest,No SMOTE,0,0,0.0
Random Forest,No SMOTE,0,0,0.0
Random Forest,No SMOTE,0,0,0.0
Random Forest,No SMOTE,0,0,0.0
Random Forest,No SMOTE,0,0,0.008096769891022433
Random Forest,No SMOTE,0,0,0.0
Random Forest,No SMOTE,0,0,0.0
Random Forest,No SMOTE,0,0,0.0
Random Forest,No SMOTE,0,0,0.0
Random Forest,No SMOTE,0,0,0.0
Random Forest,No SMOTE,0,0,0.0
Random Forest,No SMOTE,0,0,0.0
Random Forest,No SMOTE,0,0,0.0
Random Forest,No SMOTE,0,0,0.0
Random Forest,No SMOTE,0,0,0.0
Random Forest,No SMOTE,0,0,0.0
Random Forest,No SMOTE,0,0,0.0
Random Forest,No SMOTE,0,0,0.0
Random Forest,No SMOTE,0,0,0.0
Random Forest,No SMOTE,0,0,0.0
Random Forest,No SMOTE,0,0,0.008096769891022433
Random Forest,No SMOTE,0,0,0.0
Random Forest,No SMOTE,0,0,0.013518373245934452
Random Forest,No SMOTE,0,0,0.0
Random Forest,No SMOTE,0,0,0.0
Random Forest,No SMOTE,0,0,0.008096769891022433
Random Forest,No SMOTE,0,0,0.0
Random Forest,No SMOTE,0,0,0.0
Random Forest,No SMOTE,0,0,0.0
Random Forest,No SMOTE,0,0,0.0
Random Forest,No SMOTE,0,0,0.0
Random Forest,No SMOTE,0,0,0.005421603354912019
Random Forest,No SMOTE,0,0,0.0
Random Forest,No SMOTE,0,0,0.0
Random Forest,No SMOTE,0,0,0.0
Random Forest,No SMOTE,0,0,0.0
Random Forest,No SMOTE,0,0,0.0
Random Forest,No SMOTE,0,0,0.013518373245934452
Random Forest,No SMOTE,0,0,0.0
Random Forest,No SMOTE,0,0,0.0
Random Forest,No SMOTE,0,0,0.0
Random Forest,No SMOTE,0,0,0.0
Random Forest,No SMOTE,0,0,0.0
Random Forest,No SMOTE,0,0,0.0
Random Forest,No SMOTE,0,0,0.0
Random Forest,No SMOTE,0,0,0.0
Random Forest,No SMOTE,0,0,0.0
Random Forest,No SMOTE,0,0,0.0
Random Forest,No SMOTE,0,0,0.0
Random Forest,No SMOTE,0,0,0.0
Random Forest,No SMOTE,0,0,0.0
Random Forest,No SMOTE,0,0,0.013518373245934452
Random Forest,No SMOTE,0,0,0.008096769891022433
Random Forest,No SMOTE,0,0,0.0096726392251816
Random Forest,No SMOTE,0,0,0.0
Random Forest,No SMOTE,0,0,0.0
Random Forest,No SMOTE,0,0,0.0
Random Forest,No SMOTE,0,0,0.0
Random Forest,No SMOTE,0,0,0.0
Random Forest,No SMOTE,0,0,0.0
Random Forest,No SMOTE,0,0,0.0
Random Forest,No SMOTE,0,0,0.0
Random Forest,No SMOTE,0,0,0.0
Random Forest,No SMOTE,0,0,0.0
Random Forest,No SMOTE,0,0,0.0
Random Forest,No SMOTE,0,0,0.0
Random Forest,No SMOTE,0,0,0.0
Random Forest,No SMOTE,0,0,0.0
Random Forest,No SMOTE,0,0,0.0
Random Forest,No SMOTE,0,0,0.0
Random Forest,No SMOTE,0,0,0.0
Random Forest,No SMOTE,0,0,0.0
Random Forest,No SMOTE,0,0,0.0
Random Forest,No SMOTE,0,0,0.0
Random Forest,No SMOTE,0,0,0.0
Random Forest,No SMOTE,0,0,0.0
Random Forest,No SMOTE,0,0,0.0
Random Forest,No SMOTE,0,0,0.0
Random Forest,No SMOTE,0,0,0.0
Random Forest,No SMOTE,0,0,0.0
Random Forest,No SMOTE,0,0,0.0
Random Forest,No SMOTE,0,0,0.0
Random Forest,No SMOTE,0,0,0.0
Random Forest,No SMOTE,0,0,0.0
Random Forest,No SMOTE,0,0,0.0
Random Forest,No SMOTE,0,0,0.0
Random Forest,No SMOTE,0,0,0.0
Random Forest,No SMOTE,0,0,0.0
Random Forest,No SMOTE,0,0,0.0
Random Forest,No SMOTE,0,0,0.0
Random Forest,No SMOTE,0,0,0.0
Random Forest,No SMOTE,0,0,0.0
Random Forest,No SMOTE,0,0,0.0
Random Forest,No SMOTE,0,0,0.0
Random Forest,No SMOTE,0,0,0.0
Random Forest,No SMOTE,0,0,0.0
Random Forest,No SMOTE,0,0,0.0
Random Forest,No SMOTE,0,0,0.0
Random Forest,No SMOTE,0,0,0.0
Random Forest,No SMOTE,0,0,0.0
Random Forest,No SMOTE,0,0,0.0
Random Forest,No SMOTE,0,0,0.0
Random Forest,No SMOTE,0,0,0.0
Random Forest,No SMOTE,0,0,0.0
Random Forest,No SMOTE,0,0,0.0
Random Forest,No SMOTE,0,0,0.0
Random Forest,No SMOTE,0,0,0.0
Random Forest,No SMOTE,0,0,0.0
Random Forest,No SMOTE,0,0,0.0
Random Forest,No SMOTE,0,0,0.0
Random Forest,No SMOTE,0,0,0.0
Random Forest,No SMOTE,0,0,0.0
Random Forest,No SMOTE,0,0,0.0
Random Forest,No SMOTE,0,0,0.0
Random Forest,No SMOTE,0,0,0.0
Random Forest,No SMOTE,0,0,0.0
Random Forest,No SMOTE,0,0,0.0
Random Forest,No SMOTE,0,0,0.0
Random Forest,No SMOTE,0,0,0.0
Random Forest,No SMOTE,0,0,0.0
Random Forest,No SMOTE,0,0,0.0
Random Forest,No SMOTE,0,0,0.0
Random Forest,No SMOTE,0,0,0.0
Random Forest,No SMOTE,0,0,0.0
Random Forest,No SMOTE,0,0,0.008096769891022433
Random Forest,No SMOTE,0,0,0.0
Random Forest,No SMOTE,0,0,0.029396110501573484
Random Forest,No SMOTE,0,0,0.0
Random Forest,No SMOTE,0,0,0.0
Random Forest,No SMOTE,0,0,0.0
Random Forest,No SMOTE,0,0,0.0
Random Forest,No SMOTE,0,0,0.0
Random Forest,No SMOTE,0,0,0.0
Random Forest,No SMOTE,0,0,0.0
Random Forest,No SMOTE,0,0,0.008096769891022433
Random Forest,No SMOTE,0,0,0.0
Random Forest,No SMOTE,0,0,0.0
Random Forest,No SMOTE,0,0,0.009660475914103309
Random Forest,No SMOTE,0,0,0.0
Random Forest,No SMOTE,0,0,0.0
Random Forest,No SMOTE,0,0,0.0
Random Forest,No SMOTE,0,0,0.008096769891022433
Random Forest,No SMOTE,0,0,0.0
Random Forest,No SMOTE,0,0,0.0
Random Forest,No SMOTE,0,0,0.013518373245934452
Random Forest,No SMOTE,0,0,0.0
Random Forest,No SMOTE,0,0,0.0
Random Forest,No SMOTE,0,0,0.0
Random Forest,No SMOTE,0,0,0.0
Random Forest,No SMOTE,0,0,0.0
Random Forest,No SMOTE,0,0,0.0
Random Forest,No SMOTE,0,0,0.0
Random Forest,No SMOTE,0,0,0.0
Random Forest,No SMOTE,0,0,0.0
Random Forest,No SMOTE,0,0,0.0
Random Forest,No SMOTE,0,0,0.0
Random Forest,No SMOTE,0,0,0.0
Random Forest,No SMOTE,0,0,0.0
Random Forest,No SMOTE,0,0,0.0
Random Forest,No SMOTE,0,0,0.0
Random Forest,No SMOTE,0,0,0.0
Random Forest,No SMOTE,0,0,0.0
Random Forest,No SMOTE,0,0,0.0
Random Forest,No SMOTE,0,0,0.0
Random Forest,No SMOTE,0,0,0.0
Random Forest,No SMOTE,0,0,0.0
Random Forest,No SMOTE,0,0,0.0
Random Forest,No SMOTE,0,0,0.0
Random Forest,No SMOTE,0,0,0.0
Random Forest,No SMOTE,0,0,0.0
Random Forest,No SMOTE,0,0,0.0
Random Forest,No SMOTE,0,0,0.0
Random Forest,No SMOTE,0,0,0.0
Random Forest,No SMOTE,0,0,0.0
Random Forest,No SMOTE,0,0,0.0
Random Forest,No SMOTE,0,0,0.0
Random Forest,No SMOTE,0,0,0.0
Random Forest,No SMOTE,0,0,0.0
Random Forest,No SMOTE,0,0,0.0
Random Forest,No SMOTE,0,0,0.0
Random Forest,No SMOTE,0,0,0.0
Random Forest,No SMOTE,0,0,0.0
Random Forest,No SMOTE,0,0,0.0
Random Forest,No SMOTE,0,0,0.0
Random Forest,No SMOTE,0,0,0.0
Random Forest,No SMOTE,0,0,0.0
Random Forest,No SMOTE,0,0,0.0
Random Forest,No SMOTE,0,0,0.0
Random Forest,No SMOTE,0,0,0.0
Random Forest,No SMOTE,0,0,0.0
Random Forest,No SMOTE,0,0,0.0
Random Forest,No SMOTE,0,0,0.0
Random Forest,No SMOTE,0,0,0.0
Random Forest,No SMOTE,0,0,0.0
Random Forest,No SMOTE,0,0,0.0
Random Forest,No SMOTE,0,0,0.0
Random Forest,No SMOTE,0,0,0.005421603354912019
Random Forest,No SMOTE,0,0,0.0
Random Forest,No SMOTE,0,0,0.0
Random Forest,No SMOTE,0,0,0.0
Random Forest,No SMOTE,0,0,0.0
Random Forest,No SMOTE,0,0,0.0
Random Forest,No SMOTE,0,0,0.0
Random Forest,No SMOTE,0,0,0.0
Random Forest,No SMOTE,0,0,0.0
Random Forest,No SMOTE,0,0,0.0
Random Forest,No SMOTE,0,0,0.0
Random Forest,No SMOTE,0,0,0.0
Random Forest,No SMOTE,0,0,0.009660475914103309
Random Forest,No SMOTE,0,0,0.0
Random Forest,No SMOTE,0,0,0.0
Random Forest,No SMOTE,0,0,0.0
Random Forest,No SMOTE,0,0,0.0
Random Forest,No SMOTE,0,0,0.0
Random Forest,No SMOTE,0,0,0.0
Random Forest,No SMOTE,0,0,0.0
Random Forest,No SMOTE,0,0,0.0
Random Forest,No SMOTE,0,0,0.0
Random Forest,No SMOTE,0,0,0.0
Random Forest,No SMOTE,0,0,0.0
Random Forest,No SMOTE,0,0,0.0
Random Forest,No SMOTE,0,0,0.0
Random Forest,No SMOTE,0,0,0.013518373245934452
Random Forest,No SMOTE,0,0,0.0
Random Forest,No SMOTE,0,0,0.0
Random Forest,No SMOTE,0,0,0.0
Random Forest,No SMOTE,0,0,0.0
Random Forest,No SMOTE,0,0,0.0
Random Forest,No SMOTE,0,0,0.0
Random Forest,No SMOTE,0,0,0.0
Random Forest,No SMOTE,0,0,0.0
Random Forest,No SMOTE,0,0,0.0
Random Forest,No SMOTE,0,0,0.0
Random Forest,No SMOTE,0,0,0.0
Random Forest,No SMOTE,0,0,0.0
Random Forest,No SMOTE,0,0,0.0
Random Forest,No SMOTE,0,0,0.0
Random Forest,No SMOTE,0,0,0.0
Random Forest,No SMOTE,0,0,0.0
Random Forest,No SMOTE,0,0,0.0
Random Forest,No SMOTE,0,0,0.0
Random Forest,No SMOTE,0,0,0.0
Random Forest,No SMOTE,0,0,0.0
Random Forest,No SMOTE,0,0,0.0
Random Forest,No SMOTE,0,0,0.0
Random Forest,No SMOTE,0,0,0.0
Random Forest,No SMOTE,0,0,0.0
Random Forest,No SMOTE,0,0,0.0
Random Forest,No SMOTE,0,0,0.0
Random Forest,No SMOTE,0,0,0.0
Random Forest,No SMOTE,0,0,0.0
Random Forest,No SMOTE,0,0,0.0
Random Forest,No SMOTE,0,0,0.0
Random Forest,No SMOTE,0,0,0.005421603354912019
Random Forest,No SMOTE,0,0,0.0
Random Forest,No SMOTE,0,0,0.0
Random Forest,No SMOTE,0,0,0.013518373245934452
Random Forest,No SMOTE,0,0,0.009903316971590064
Random Forest,No SMOTE,0,0,0.0
Random Forest,No SMOTE,0,0,0.0
Random Forest,No SMOTE,0,0,0.0
Random Forest,No SMOTE,0,0,0.0
Random Forest,No SMOTE,0,0,0.0
Random Forest,No SMOTE,0,0,0.0
Random Forest,No SMOTE,0,0,0.0
Random Forest,No SMOTE,0,0,0.0
Random Forest,No SMOTE,0,0,0.0
Random Forest,No SMOTE,0,0,0.0
Random Forest,No SMOTE,0,0,0.0
Random Forest,No SMOTE,0,0,0.0
Random Forest,No SMOTE,0,0,0.013518373245934452
Random Forest,No SMOTE,0,0,0.0
Random Forest,No SMOTE,0,0,0.0
Random Forest,No SMOTE,0,0,0.005421603354912019
Random Forest,No SMOTE,0,0,0.0
Random Forest,No SMOTE,0,0,0.008096769891022433
Random Forest,No SMOTE,0,0,0.0
Random Forest,No SMOTE,0,0,0.0
Random Forest,No SMOTE,0,0,0.0
Random Forest,No SMOTE,0,0,0.0
Random Forest,No SMOTE,0,0,0.0
Random Forest,No SMOTE,0,0,0.0
Random Forest,No SMOTE,0,0,0.0
Random Forest,No SMOTE,0,0,0.005421603354912019
Random Forest,No SMOTE,0,0,0.0
Random Forest,No SMOTE,0,0,0.0
Random Forest,No SMOTE,0,0,0.005421603354912019
Random Forest,No SMOTE,0,0,0.0
Random Forest,No SMOTE,0,0,0.0
Random Forest,No SMOTE,0,0,0.0
Random Forest,No SMOTE,0,0,0.0
Random Forest,No SMOTE,0,0,0.008096769891022433
Random Forest,No SMOTE,0,0,0.0
Random Forest,No SMOTE,0,0,0.0
Random Forest,No SMOTE,0,0,0.0
Random Forest,No SMOTE,0,0,0.0
Random Forest,No SMOTE,0,0,0.0
Random Forest,No SMOTE,0,0,0.0
Random Forest,No SMOTE,0,0,0.0
Random Forest,No SMOTE,0,0,0.0
Random Forest,No SMOTE,0,0,0.0
Random Forest,No SMOTE,0,0,0.0
Random Forest,No SMOTE,0,0,0.0
Random Forest,No SMOTE,0,0,0.008096769891022433
Random Forest,No SMOTE,0,0,0.0
Random Forest,No SMOTE,0,0,0.0
Random Forest,No SMOTE,0,0,0.0
Random Forest,No SMOTE,0,0,0.0
Random Forest,No SMOTE,0,0,0.0
Random Forest,No SMOTE,0,0,0.0
Random Forest,No SMOTE,0,0,0.009991329576149663
Random Forest,No SMOTE,0,0,0.0
Random Forest,No SMOTE,0,0,0.0
Random Forest,No SMOTE,0,0,0.0
Random Forest,No SMOTE,0,0,0.0
Random Forest,No SMOTE,0,0,0.0
Random Forest,No SMOTE,0,0,0.0
Random Forest,No SMOTE,0,0,0.0
Random Forest,No SMOTE,0,0,0.0
Random Forest,No SMOTE,0,0,0.0
Random Forest,No SMOTE,0,0,0.0
Random Forest,No SMOTE,0,0,0.0
Random Forest,No SMOTE,0,0,0.0
Random Forest,No SMOTE,0,0,0.0
Random Forest,No SMOTE,0,0,0.0
Random Forest,No SMOTE,0,0,0.0
Random Forest,No SMOTE,0,0,0.0
Random Forest,No SMOTE,0,0,0.0
Random Forest,No SMOTE,0,0,0.0
Random Forest,No SMOTE,0,0,0.0
Random Forest,No SMOTE,0,0,0.0
Random Forest,No SMOTE,0,0,0.0
Random Forest,No SMOTE,0,0,0.0
Random Forest,No SMOTE,0,0,0.0
Random Forest,No SMOTE,0,0,0.0
Random Forest,No SMOTE,0,0,0.0
Random Forest,No SMOTE,0,0,0.0
Random Forest,No SMOTE,0,0,0.0
Random Forest,No SMOTE,0,0,0.0
Random Forest,No SMOTE,0,0,0.0
Random Forest,No SMOTE,0,0,0.0
Random Forest,No SMOTE,0,0,0.0
Random Forest,No SMOTE,0,0,0.0
Random Forest,No SMOTE,0,0,0.0
Random Forest,No SMOTE,0,0,0.0
Random Forest,No SMOTE,0,0,0.0
Random Forest,No SMOTE,0,0,0.0
Random Forest,No SMOTE,0,0,0.008096769891022433
Random Forest,No SMOTE,0,0,0.0
Random Forest,No SMOTE,0,0,0.0
Random Forest,No SMOTE,0,0,0.0
Random Forest,No SMOTE,0,0,0.0
Random Forest,No SMOTE,0,0,0.013518373245934452
Random Forest,No SMOTE,0,0,0.0
Random Forest,No SMOTE,0,0,0.0
Random Forest,No SMOTE,0,0,0.0
Random Forest,No SMOTE,0,0,0.0
Random Forest,No SMOTE,0,0,0.0
Random Forest,No SMOTE,0,0,0.008096769891022433
Random Forest,No SMOTE,0,0,0.0
Random Forest,No SMOTE,0,0,0.0
Random Forest,No SMOTE,0,0,0.0
Random Forest,No SMOTE,0,0,0.0
Random Forest,No SMOTE,0,0,0.0
Random Forest,No SMOTE,0,0,0.0
Random Forest,No SMOTE,0,0,0.0
Random Forest,No SMOTE,0,0,0.0
Random Forest,No SMOTE,0,0,0.0
Random Forest,No SMOTE,0,0,0.0
Random Forest,No SMOTE,0,0,0.0
Random Forest,No SMOTE,0,0,0.0
Random Forest,No SMOTE,0,0,0.0
Random Forest,No SMOTE,0,0,0.0
Random Forest,No SMOTE,0,0,0.0
Random Forest,No SMOTE,0,0,0.008096769891022433
Random Forest,No SMOTE,0,0,0.0
Random Forest,No SMOTE,0,0,0.0
Random Forest,No SMOTE,0,0,0.0
Random Forest,No SMOTE,0,0,0.0
Random Forest,No SMOTE,0,0,0.013518373245934452
Random Forest,No SMOTE,0,0,0.0
Random Forest,No SMOTE,0,0,0.0
Random Forest,No SMOTE,0,0,0.0
Random Forest,No SMOTE,0,0,0.0
Random Forest,No SMOTE,0,0,0.0
Random Forest,No SMOTE,0,0,0.0
Random Forest,No SMOTE,0,0,0.0
Random Forest,No SMOTE,0,0,0.0
Random Forest,No SMOTE,0,0,0.0
Random Forest,No SMOTE,0,0,0.0
Random Forest,No SMOTE,0,0,0.0
Random Forest,No SMOTE,0,0,0.0
Random Forest,No SMOTE,0,0,0.0
Random Forest,No SMOTE,0,0,0.0
Random Forest,No SMOTE,0,0,0.008096769891022433
Random Forest,No SMOTE,0,0,0.0
Random Forest,No SMOTE,0,0,0.0
Random Forest,No SMOTE,0,0,0.0
Random Forest,No SMOTE,0,0,0.0
Random Forest,No SMOTE,0,0,0.0
Random Forest,No SMOTE,0,0,0.0
Random Forest,No SMOTE,0,0,0.0
Random Forest,No SMOTE,0,0,0.0
Random Forest,No SMOTE,0,0,0.009989597295296778
Random Forest,No SMOTE,0,0,0.0
Random Forest,No SMOTE,0,0,0.0
Random Forest,No SMOTE,0,0,0.0
Random Forest,No SMOTE,0,0,0.008096769891022433
Random Forest,No SMOTE,0,0,0.0
Random Forest,No SMOTE,0,0,0.0
Random Forest,No SMOTE,0,0,0.0
Random Forest,No SMOTE,0,0,0.0
Random Forest,No SMOTE,0,0,0.0
Random Forest,No SMOTE,0,0,0.0
Random Forest,No SMOTE,0,0,0.0
Random Forest,No SMOTE,0,0,0.0
Random Forest,No SMOTE,0,0,0.0
Random Forest,No SMOTE,0,0,0.0
Random Forest,No SMOTE,0,0,0.0
Random Forest,No SMOTE,0,0,0.0
Random Forest,No SMOTE,0,0,0.0
Random Forest,No SMOTE,0,0,0.0
Random Forest,No SMOTE,0,0,0.0
Random Forest,No SMOTE,0,0,0.0
Random Forest,No SMOTE,0,0,0.0
Random Forest,No SMOTE,0,0,0.0
Random Forest,No SMOTE,0,0,0.0
Random Forest,No SMOTE,0,0,0.0
Random Forest,No SMOTE,0,0,0.0
Random Forest,No SMOTE,0,0,0.0
Random Forest,No SMOTE,0,0,0.0
Random Forest,No SMOTE,0,0,0.0
Random Forest,No SMOTE,0,0,0.0
Random Forest,No SMOTE,0,0,0.0
Random Forest,No SMOTE,0,0,0.013518373245934452
Random Forest,No SMOTE,0,0,0.0
Random Forest,No SMOTE,0,0,0.0
Random Forest,No SMOTE,0,0,0.0
Random Forest,No SMOTE,0,0,0.0
Random Forest,No SMOTE,0,0,0.0
Random Forest,No SMOTE,0,0,0.0
Random Forest,No SMOTE,0,0,0.0
Random Forest,No SMOTE,0,0,0.0
Random Forest,No SMOTE,0,0,0.0
Random Forest,No SMOTE,0,0,0.0
Random Forest,No SMOTE,0,0,0.0
Random Forest,No SMOTE,0,0,0.0
Random Forest,No SMOTE,0,0,0.0
Random Forest,No SMOTE,0,0,0.0
Random Forest,No SMOTE,0,0,0.0
Random Forest,No SMOTE,0,0,0.0
Random Forest,No SMOTE,0,0,0.0
Random Forest,No SMOTE,0,0,0.0
Random Forest,No SMOTE,0,0,0.0
Random Forest,No SMOTE,0,0,0.0
Random Forest,No SMOTE,0,0,0.0
Random Forest,No SMOTE,0,0,0.0
Random Forest,No SMOTE,0,0,0.0
Random Forest,No SMOTE,0,0,0.0
Random Forest,No SMOTE,0,0,0.0
Random Forest,No SMOTE,0,0,0.013518373245934452
Random Forest,No SMOTE,0,0,0.0
Random Forest,No SMOTE,0,0,0.0
Random Forest,No SMOTE,0,0,0.0
Random Forest,No SMOTE,0,0,0.008096769891022433
Random Forest,No SMOTE,0,0,0.0
Random Forest,No SMOTE,0,0,0.0
Random Forest,No SMOTE,0,0,0.0
Random Forest,No SMOTE,0,0,0.009479289266866635
Random Forest,No SMOTE,0,0,0.0
Random Forest,No SMOTE,0,0,0.0
Random Forest,No SMOTE,0,0,0.0
Random Forest,No SMOTE,0,0,0.0
Random Forest,No SMOTE,0,0,0.0
Random Forest,No SMOTE,0,0,0.0
Random Forest,No SMOTE,0,0,0.009479289266866635
Random Forest,No SMOTE,0,0,0.0
Random Forest,No SMOTE,0,0,0.0
Random Forest,No SMOTE,0,0,0.0
Random Forest,No SMOTE,0,0,0.0
Random Forest,No SMOTE,0,0,0.0
Random Forest,No SMOTE,0,0,0.0
Random Forest,No SMOTE,0,0,0.0
Random Forest,No SMOTE,0,0,0.0
Random Forest,No SMOTE,0,0,0.0
Random Forest,No SMOTE,0,0,0.0
Random Forest,No SMOTE,0,0,0.0
Random Forest,No SMOTE,0,0,0.0
Random Forest,No SMOTE,0,0,0.0
Random Forest,No SMOTE,0,0,0.0
Random Forest,No SMOTE,0,0,0.0
Random Forest,No SMOTE,0,0,0.0
Random Forest,No SMOTE,0,0,0.0
Random Forest,No SMOTE,0,0,0.0
Random Forest,No SMOTE,0,0,0.0
Random Forest,No SMOTE,0,0,0.0
Random Forest,No SMOTE,0,0,0.0
Random Forest,No SMOTE,0,0,0.0
Random Forest,No SMOTE,0,0,0.0
Random Forest,No SMOTE,0,0,0.0
Random Forest,No SMOTE,0,0,0.0
Random Forest,No SMOTE,0,0,0.0
Random Forest,No SMOTE,0,0,0.0
Random Forest,No SMOTE,0,0,0.0
Random Forest,No SMOTE,0,0,0.0
Random Forest,No SMOTE,0,0,0.0
Random Forest,No SMOTE,0,0,0.0
Random Forest,No SMOTE,0,0,0.0
Random Forest,No SMOTE,0,0,0.0
Random Forest,No SMOTE,0,0,0.0
Random Forest,No SMOTE,0,0,0.0
Random Forest,No SMOTE,0,0,0.0
Random Forest,No SMOTE,0,0,0.0
Random Forest,No SMOTE,0,0,0.0
Random Forest,No SMOTE,0,0,0.0
Random Forest,No SMOTE,0,0,0.008096769891022433
Random Forest,No SMOTE,0,0,0.0
Random Forest,No SMOTE,0,0,0.008096769891022433
Random Forest,No SMOTE,0,0,0.0
Random Forest,No SMOTE,0,0,0.0
Random Forest,No SMOTE,0,0,0.008096769891022433
Random Forest,No SMOTE,0,0,0.0
Random Forest,No SMOTE,0,0,0.0
Random Forest,No SMOTE,0,0,0.0
Random Forest,No SMOTE,0,0,0.0
Random Forest,No SMOTE,0,0,0.0
Random Forest,No SMOTE,0,0,0.0
Random Forest,No SMOTE,0,0,0.0
Random Forest,No SMOTE,0,0,0.0
Random Forest,No SMOTE,0,0,0.0
Random Forest,No SMOTE,0,0,0.0
Random Forest,No SMOTE,0,0,0.0
Random Forest,No SMOTE,0,0,0.0
Random Forest,No SMOTE,0,0,0.0
Random Forest,No SMOTE,0,0,0.0
Random Forest,No SMOTE,0,0,0.0
Random Forest,No SMOTE,0,0,0.0
Random Forest,No SMOTE,0,0,0.0
Random Forest,No SMOTE,0,0,0.0
Random Forest,No SMOTE,0,0,0.0
Random Forest,No SMOTE,0,0,0.0
Random Forest,No SMOTE,0,0,0.0
Random Forest,No SMOTE,0,0,0.0
Random Forest,No SMOTE,0,0,0.0
Random Forest,No SMOTE,0,0,0.0
Random Forest,No SMOTE,0,0,0.0
Random Forest,No SMOTE,0,0,0.0
Random Forest,No SMOTE,0,0,0.009612127045235808
Random Forest,No SMOTE,0,0,0.0
Random Forest,No SMOTE,0,0,0.0
Random Forest,No SMOTE,0,0,0.0
Random Forest,No SMOTE,0,0,0.0
Random Forest,No SMOTE,0,0,0.0
Random Forest,No SMOTE,0,0,0.0
Random Forest,No SMOTE,0,0,0.0
Random Forest,No SMOTE,0,0,0.0
Random Forest,No SMOTE,0,0,0.0
Random Forest,No SMOTE,0,0,0.0
Random Forest,No SMOTE,0,0,0.013518373245934452
Random Forest,No SMOTE,0,0,0.0
Random Forest,No SMOTE,0,0,0.0
Random Forest,No SMOTE,1,1,0.9999146401594418
Random Forest,No SMOTE,0,0,0.0
Random Forest,No SMOTE,0,0,0.0
Random Forest,No SMOTE,0,0,0.0
Random Forest,No SMOTE,0,0,0.0
Random Forest,No SMOTE,0,0,0.0
Random Forest,No SMOTE,0,0,0.0
Random Forest,No SMOTE,0,0,0.0
Random Forest,No SMOTE,0,0,0.0
Random Forest,No SMOTE,0,0,0.0
Random Forest,No SMOTE,0,0,0.0
Random Forest,No SMOTE,0,0,0.0
Random Forest,No SMOTE,0,0,0.0
Random Forest,No SMOTE,0,0,0.0
Random Forest,No SMOTE,0,0,0.0
Random Forest,No SMOTE,0,0,0.0
Random Forest,No SMOTE,0,0,0.0
Random Forest,No SMOTE,0,0,0.0
Random Forest,No SMOTE,0,0,0.0
Random Forest,No SMOTE,0,0,0.0
Random Forest,No SMOTE,0,0,0.0
Random Forest,No SMOTE,0,0,0.0
Random Forest,No SMOTE,0,0,0.0
Random Forest,No SMOTE,0,0,0.0
Random Forest,No SMOTE,0,0,0.0
Random Forest,No SMOTE,1,1,0.988030269075031
Random Forest,No SMOTE,0,0,0.0
Random Forest,No SMOTE,0,0,0.0
Random Forest,No SMOTE,0,0,0.0
Random Forest,No SMOTE,0,0,0.0
Random Forest,No SMOTE,0,0,0.0
Random Forest,No SMOTE,0,0,0.0
Random Forest,No SMOTE,0,0,0.0
Random Forest,No SMOTE,0,0,0.0
Random Forest,No SMOTE,0,0,0.0
Random Forest,No SMOTE,0,0,0.0
Random Forest,No SMOTE,0,0,0.0
Random Forest,No SMOTE,0,0,0.0
Random Forest,No SMOTE,0,0,0.0
Random Forest,No SMOTE,0,0,0.0
Random Forest,No SMOTE,0,0,0.0
Random Forest,No SMOTE,0,0,0.0
Random Forest,No SMOTE,0,0,0.0
Random Forest,No SMOTE,0,0,0.008096769891022433
Random Forest,No SMOTE,0,0,0.0
Random Forest,No SMOTE,0,0,0.0
Random Forest,No SMOTE,0,0,0.0
Random Forest,No SMOTE,0,0,0.013518373245934452
Random Forest,No SMOTE,0,0,0.008096769891022433
Random Forest,No SMOTE,0,0,0.0
Random Forest,No SMOTE,0,0,0.013518373245934452
Random Forest,No SMOTE,0,0,0.0
Random Forest,No SMOTE,0,0,0.005421603354912019
Random Forest,No SMOTE,0,0,0.0
Random Forest,No SMOTE,0,0,0.0
Random Forest,No SMOTE,0,0,0.0
Random Forest,No SMOTE,0,0,0.0
Random Forest,No SMOTE,0,0,0.0
Random Forest,No SMOTE,0,0,0.0
Random Forest,No SMOTE,0,0,0.0
Random Forest,No SMOTE,0,0,0.0
Random Forest,No SMOTE,0,0,0.0
Random Forest,No SMOTE,0,0,0.0
Random Forest,No SMOTE,0,0,0.0
Random Forest,No SMOTE,0,0,0.0
Random Forest,No SMOTE,0,0,0.0
Random Forest,No SMOTE,0,0,0.0
Random Forest,No SMOTE,0,0,0.0
Random Forest,No SMOTE,0,0,0.0
Random Forest,No SMOTE,0,0,0.0
Random Forest,No SMOTE,0,0,0.0
Random Forest,No SMOTE,0,0,0.0
Random Forest,No SMOTE,0,0,0.0
Random Forest,No SMOTE,0,0,0.0
Random Forest,No SMOTE,0,0,0.0
Random Forest,No SMOTE,0,0,0.0
Random Forest,No SMOTE,0,0,0.0
Random Forest,No SMOTE,0,0,0.0
Random Forest,No SMOTE,0,0,0.0
Random Forest,No SMOTE,0,0,0.0
Random Forest,No SMOTE,0,0,0.0
Random Forest,No SMOTE,0,0,0.0
Random Forest,No SMOTE,0,0,0.0
Random Forest,No SMOTE,0,0,0.0
Random Forest,No SMOTE,0,0,0.0
Random Forest,No SMOTE,0,0,0.0
Random Forest,No SMOTE,0,0,0.013518373245934452
Random Forest,No SMOTE,0,0,0.0
Random Forest,No SMOTE,0,0,0.0
Random Forest,No SMOTE,0,0,0.0
Random Forest,No SMOTE,0,0,0.0
Random Forest,No SMOTE,0,0,0.0
Random Forest,No SMOTE,0,0,0.0
Random Forest,No SMOTE,0,0,0.0
Random Forest,No SMOTE,0,0,0.0
Random Forest,No SMOTE,0,0,0.0
Random Forest,No SMOTE,0,0,0.0
Random Forest,No SMOTE,0,0,0.005421603354912019
Random Forest,No SMOTE,0,0,0.0
Random Forest,No SMOTE,0,0,0.0
Random Forest,No SMOTE,0,0,0.0
Random Forest,No SMOTE,0,0,0.008096769891022433
Random Forest,No SMOTE,0,0,0.005421603354912019
Random Forest,No SMOTE,0,0,0.0
Random Forest,No SMOTE,0,0,0.0
Random Forest,No SMOTE,0,0,0.0
Random Forest,No SMOTE,0,0,0.0
Random Forest,No SMOTE,0,0,0.0
Random Forest,No SMOTE,0,0,0.0
Random Forest,No SMOTE,0,0,0.0
Random Forest,No SMOTE,0,0,0.0
Random Forest,No SMOTE,0,0,0.0
Random Forest,No SMOTE,0,0,0.0
Random Forest,No SMOTE,0,0,0.0
Random Forest,No SMOTE,0,0,0.0
Random Forest,No SMOTE,0,0,0.0
Random Forest,No SMOTE,0,0,0.0
Random Forest,No SMOTE,0,0,0.0
Random Forest,No SMOTE,0,0,0.0
Random Forest,No SMOTE,0,0,0.0
Random Forest,No SMOTE,0,0,0.0
Random Forest,No SMOTE,0,0,0.0
Random Forest,No SMOTE,0,0,0.0
Random Forest,No SMOTE,0,0,0.0
Random Forest,No SMOTE,0,0,0.0
Random Forest,No SMOTE,0,0,0.0
Random Forest,No SMOTE,0,0,0.0
Random Forest,No SMOTE,0,0,0.0
Random Forest,No SMOTE,0,0,0.0
Random Forest,No SMOTE,0,0,0.008096769891022433
Random Forest,No SMOTE,0,0,0.008096769891022433
Random Forest,No SMOTE,0,0,0.0
Random Forest,No SMOTE,0,0,0.0
Random Forest,No SMOTE,0,0,0.0
Random Forest,No SMOTE,0,0,0.0
Random Forest,No SMOTE,0,0,0.0
Random Forest,No SMOTE,0,0,0.0
Random Forest,No SMOTE,0,0,0.0
Random Forest,No SMOTE,0,0,0.0
Random Forest,No SMOTE,0,0,0.0
Random Forest,No SMOTE,0,0,0.0
Random Forest,No SMOTE,0,0,0.0
Random Forest,No SMOTE,0,0,0.0
Random Forest,No SMOTE,0,0,0.0
Random Forest,No SMOTE,0,0,0.0
Random Forest,No SMOTE,0,0,0.0
Random Forest,No SMOTE,0,0,0.0
Random Forest,No SMOTE,0,0,0.0
Random Forest,No SMOTE,0,0,0.0
Random Forest,No SMOTE,0,0,0.0
Random Forest,No SMOTE,0,0,0.0
Random Forest,No SMOTE,0,0,0.0
Random Forest,No SMOTE,0,0,0.0
Random Forest,No SMOTE,0,0,0.013518373245934452
Random Forest,No SMOTE,0,0,0.0
Random Forest,No SMOTE,0,0,0.0
Random Forest,No SMOTE,0,0,0.0
Random Forest,No SMOTE,0,0,0.0
Random Forest,No SMOTE,0,0,0.0
Random Forest,No SMOTE,0,0,0.0
Random Forest,No SMOTE,0,0,0.0
Random Forest,No SMOTE,0,0,0.0
Random Forest,No SMOTE,0,0,0.0
Random Forest,No SMOTE,0,0,0.0
Random Forest,No SMOTE,0,0,0.0
Random Forest,No SMOTE,0,0,0.0
Random Forest,No SMOTE,0,0,0.0
Random Forest,No SMOTE,0,0,0.0
Random Forest,No SMOTE,0,0,0.0
Random Forest,No SMOTE,0,0,0.0
Random Forest,No SMOTE,0,0,0.0
Random Forest,No SMOTE,0,0,0.0
Random Forest,No SMOTE,0,0,0.008096769891022433
Random Forest,No SMOTE,0,0,0.0
Random Forest,No SMOTE,0,0,0.008096769891022433
Random Forest,No SMOTE,0,0,0.005421603354912019
Random Forest,No SMOTE,0,0,0.0
Random Forest,No SMOTE,0,0,0.0
Random Forest,No SMOTE,0,0,0.0
Random Forest,No SMOTE,0,0,0.005421603354912019
Random Forest,No SMOTE,0,0,0.0
Random Forest,No SMOTE,0,0,0.0
Random Forest,No SMOTE,0,0,0.0
Random Forest,No SMOTE,0,0,0.0
Random Forest,No SMOTE,0,0,0.0
Random Forest,No SMOTE,0,0,0.0
Random Forest,No SMOTE,0,0,0.0
Random Forest,No SMOTE,0,0,0.0
Random Forest,No SMOTE,0,0,0.0
Random Forest,No SMOTE,0,0,0.0
Random Forest,No SMOTE,0,0,0.0
Random Forest,No SMOTE,0,0,0.0
Random Forest,No SMOTE,0,0,0.0
Random Forest,No SMOTE,0,0,0.0
Random Forest,No SMOTE,0,0,0.013518373245934452
Random Forest,No SMOTE,0,0,0.0434025775214689
Random Forest,No SMOTE,0,0,0.0
Random Forest,No SMOTE,0,0,0.0
Random Forest,No SMOTE,0,0,0.0
Random Forest,No SMOTE,0,0,0.0
Random Forest,No SMOTE,0,0,0.0
Random Forest,No SMOTE,0,0,0.0
Random Forest,No SMOTE,0,0,0.008096769891022433
Random Forest,No SMOTE,0,0,0.0
Random Forest,No SMOTE,0,0,0.005421603354912019
Random Forest,No SMOTE,0,0,0.0
Random Forest,No SMOTE,0,0,0.0
Random Forest,No SMOTE,0,0,0.0
Random Forest,No SMOTE,0,0,0.0
Random Forest,No SMOTE,0,0,0.0
Random Forest,No SMOTE,0,0,0.0
Random Forest,No SMOTE,0,0,0.0
Random Forest,No SMOTE,0,0,0.0
Random Forest,No SMOTE,0,0,0.0
Random Forest,No SMOTE,0,0,0.0
Random Forest,No SMOTE,0,0,0.0
Random Forest,No SMOTE,0,0,0.0
Random Forest,No SMOTE,0,0,0.0
Random Forest,No SMOTE,0,0,0.0
Random Forest,No SMOTE,0,0,0.005421603354912019
Random Forest,No SMOTE,0,0,0.0
Random Forest,No SMOTE,0,0,0.0
Random Forest,No SMOTE,0,0,0.0
Random Forest,No SMOTE,0,0,0.0
Random Forest,No SMOTE,0,0,0.0
Random Forest,No SMOTE,0,0,0.0
Random Forest,No SMOTE,0,0,0.0
Random Forest,No SMOTE,0,0,0.0
Random Forest,No SMOTE,0,0,0.0
Random Forest,No SMOTE,0,0,0.005421603354912019
Random Forest,No SMOTE,0,0,0.0
Random Forest,No SMOTE,0,0,0.0
Random Forest,No SMOTE,0,0,0.0
Random Forest,No SMOTE,0,0,0.0
Random Forest,No SMOTE,0,0,0.0
Random Forest,No SMOTE,0,0,0.0
Random Forest,No SMOTE,0,0,0.0
Random Forest,No SMOTE,0,0,0.0
Random Forest,No SMOTE,0,0,0.0
Random Forest,No SMOTE,0,0,0.0
Random Forest,No SMOTE,0,0,0.0
Random Forest,No SMOTE,0,0,0.0
Random Forest,No SMOTE,0,0,0.0
Random Forest,No SMOTE,0,0,0.0
Random Forest,No SMOTE,0,0,0.0
Random Forest,No SMOTE,0,0,0.0
Random Forest,No SMOTE,0,0,0.0
Random Forest,No SMOTE,0,0,0.0
Random Forest,No SMOTE,0,0,0.0
Random Forest,No SMOTE,0,0,0.008096769891022433
Random Forest,No SMOTE,0,0,0.0
Random Forest,No SMOTE,0,0,0.0
Random Forest,No SMOTE,0,0,0.0
Random Forest,No SMOTE,0,0,0.0
Random Forest,No SMOTE,0,0,0.0
Random Forest,No SMOTE,0,0,0.0
Random Forest,No SMOTE,0,0,0.0
Random Forest,No SMOTE,0,0,0.0
Random Forest,No SMOTE,0,0,0.0
Random Forest,No SMOTE,0,0,0.0
Random Forest,No SMOTE,0,0,0.0
Random Forest,No SMOTE,0,0,0.0
Random Forest,No SMOTE,0,0,0.0
Random Forest,No SMOTE,0,0,0.0
Random Forest,No SMOTE,0,0,0.0
Random Forest,No SMOTE,0,0,0.0
Random Forest,No SMOTE,0,0,0.0
Random Forest,No SMOTE,0,0,0.0
Random Forest,No SMOTE,0,0,0.0
Random Forest,No SMOTE,0,0,0.0
Random Forest,No SMOTE,0,0,0.0
Random Forest,No SMOTE,0,0,0.0
Random Forest,No SMOTE,0,0,0.0
Random Forest,No SMOTE,0,0,0.0
Random Forest,No SMOTE,0,0,0.0
Random Forest,No SMOTE,0,0,0.0
Random Forest,No SMOTE,0,0,0.0
Random Forest,No SMOTE,0,0,0.0
Random Forest,No SMOTE,0,0,0.0
Random Forest,No SMOTE,0,0,0.0
Random Forest,No SMOTE,0,0,0.0
Random Forest,No SMOTE,0,0,0.0
Random Forest,No SMOTE,0,0,0.0
Random Forest,No SMOTE,0,0,0.0
Random Forest,No SMOTE,0,0,0.0
Random Forest,No SMOTE,0,0,0.0
Random Forest,No SMOTE,0,0,0.0
Random Forest,No SMOTE,0,0,0.0
Random Forest,No SMOTE,0,0,0.0
Random Forest,No SMOTE,0,0,0.0
Random Forest,No SMOTE,0,0,0.0
Random Forest,No SMOTE,0,0,0.0
Random Forest,No SMOTE,0,0,0.0
Random Forest,No SMOTE,0,0,0.0
Random Forest,No SMOTE,0,0,0.0
Random Forest,No SMOTE,0,0,0.0
Random Forest,No SMOTE,0,0,0.0
Random Forest,No SMOTE,0,0,0.0
Random Forest,No SMOTE,0,0,0.0
Random Forest,No SMOTE,0,0,0.0
Random Forest,No SMOTE,0,0,0.0
Random Forest,No SMOTE,0,0,0.0
Random Forest,No SMOTE,0,0,0.0
Random Forest,No SMOTE,0,0,0.0
Random Forest,No SMOTE,0,0,0.0
Random Forest,No SMOTE,0,0,0.008096769891022433
Random Forest,No SMOTE,0,0,0.0
Random Forest,No SMOTE,0,0,0.0
Random Forest,No SMOTE,0,0,0.0
Random Forest,No SMOTE,0,0,0.0
Random Forest,No SMOTE,0,0,0.0
Random Forest,No SMOTE,0,0,0.0
Random Forest,No SMOTE,0,0,0.0
Random Forest,No SMOTE,0,0,0.0
Random Forest,No SMOTE,0,0,0.0
Random Forest,No SMOTE,0,0,0.0
Random Forest,No SMOTE,0,0,0.0
Random Forest,No SMOTE,0,0,0.0
Random Forest,No SMOTE,0,0,0.0
Random Forest,No SMOTE,0,0,0.0
Random Forest,No SMOTE,0,0,0.0
Random Forest,No SMOTE,0,0,0.0
Random Forest,No SMOTE,0,0,0.0
Random Forest,No SMOTE,0,0,0.0
Random Forest,No SMOTE,0,0,0.0
Random Forest,No SMOTE,0,0,0.0
Random Forest,No SMOTE,0,0,0.0
Random Forest,No SMOTE,0,0,0.0
Random Forest,No SMOTE,0,0,0.0
Random Forest,No SMOTE,0,0,0.0
Random Forest,No SMOTE,0,0,0.0
Random Forest,No SMOTE,0,0,0.0
Random Forest,No SMOTE,0,0,0.0
Random Forest,No SMOTE,0,0,0.0
Random Forest,No SMOTE,0,0,0.0
Random Forest,No SMOTE,0,0,0.0
Random Forest,No SMOTE,0,0,0.0
Random Forest,No SMOTE,0,0,0.0
Random Forest,No SMOTE,0,0,0.0
Random Forest,No SMOTE,0,0,0.0
Random Forest,No SMOTE,0,0,0.0
Random Forest,No SMOTE,0,0,0.0
Random Forest,No SMOTE,0,0,0.0
Random Forest,No SMOTE,0,0,0.0
Random Forest,No SMOTE,0,0,0.0
Random Forest,No SMOTE,0,0,0.0
Random Forest,No SMOTE,0,0,0.0
Random Forest,No SMOTE,0,0,0.0
Random Forest,No SMOTE,0,0,0.0
Random Forest,No SMOTE,0,0,0.0
Random Forest,No SMOTE,0,0,0.008096769891022433
Random Forest,No SMOTE,0,0,0.0
Random Forest,No SMOTE,0,0,0.0
Random Forest,No SMOTE,0,0,0.0
Random Forest,No SMOTE,0,0,0.0
Random Forest,No SMOTE,0,0,0.0
Random Forest,No SMOTE,0,0,0.0
Random Forest,No SMOTE,0,0,0.0
Random Forest,No SMOTE,0,0,0.0
Random Forest,No SMOTE,0,0,0.0
Random Forest,No SMOTE,0,0,0.0
Random Forest,No SMOTE,0,0,0.0
Random Forest,No SMOTE,0,0,0.0
Random Forest,No SMOTE,0,0,0.0
Random Forest,No SMOTE,0,0,0.0
Random Forest,No SMOTE,0,0,0.0
Random Forest,No SMOTE,0,0,0.0
Random Forest,No SMOTE,0,0,0.0
Random Forest,No SMOTE,0,0,0.0
Random Forest,No SMOTE,0,0,0.0
Random Forest,No SMOTE,0,0,0.0
Random Forest,No SMOTE,0,0,0.0
Random Forest,No SMOTE,0,0,0.0
Random Forest,No SMOTE,0,0,0.008096769891022433
Random Forest,No SMOTE,0,0,0.0
Random Forest,No SMOTE,0,0,0.0
Random Forest,No SMOTE,0,0,0.0
Random Forest,No SMOTE,0,0,0.0
Random Forest,No SMOTE,0,0,0.0
Random Forest,No SMOTE,0,0,0.0
Random Forest,No SMOTE,0,0,0.0
Random Forest,No SMOTE,0,0,0.0
Random Forest,No SMOTE,0,0,0.0
Random Forest,No SMOTE,0,0,0.0
Random Forest,No SMOTE,0,0,0.0
Random Forest,No SMOTE,0,0,0.008096769891022433
Random Forest,No SMOTE,0,0,0.0
Random Forest,No SMOTE,0,0,0.0
Random Forest,No SMOTE,0,0,0.013518373245934452
Random Forest,No SMOTE,0,0,0.0
Random Forest,No SMOTE,0,0,0.0
Random Forest,No SMOTE,0,0,0.0
Random Forest,No SMOTE,0,0,0.0
Random Forest,No SMOTE,0,0,0.0
Random Forest,No SMOTE,0,0,0.0
Random Forest,No SMOTE,0,0,0.0
Random Forest,No SMOTE,0,0,0.0
Random Forest,No SMOTE,0,0,0.0
Random Forest,No SMOTE,0,0,0.0
Random Forest,No SMOTE,0,0,0.0
Random Forest,No SMOTE,0,0,0.0
Random Forest,No SMOTE,0,0,0.0
Random Forest,No SMOTE,0,0,0.0
Random Forest,No SMOTE,0,0,0.0
Random Forest,No SMOTE,0,0,0.0
Random Forest,No SMOTE,0,0,0.0
Random Forest,No SMOTE,0,0,0.009479289266866635
Random Forest,No SMOTE,0,0,0.0
Random Forest,No SMOTE,0,0,0.0
Random Forest,No SMOTE,0,0,0.0
Random Forest,No SMOTE,0,0,0.0
Random Forest,No SMOTE,0,0,0.0
Random Forest,No SMOTE,0,0,0.0
Random Forest,No SMOTE,0,0,0.0
Random Forest,No SMOTE,0,0,0.0
Random Forest,No SMOTE,0,0,0.0
Random Forest,No SMOTE,0,0,0.0
Random Forest,No SMOTE,0,0,0.0
Random Forest,No SMOTE,0,0,0.0
Random Forest,No SMOTE,0,0,0.0
Random Forest,No SMOTE,0,0,0.0
Random Forest,No SMOTE,0,0,0.013518373245934452
Random Forest,No SMOTE,0,0,0.0
Random Forest,No SMOTE,0,0,0.0
Random Forest,No SMOTE,0,0,0.0
Random Forest,No SMOTE,0,0,0.0
Random Forest,No SMOTE,0,0,0.008096769891022433
Random Forest,No SMOTE,0,0,0.0
Random Forest,No SMOTE,0,0,0.0
Random Forest,No SMOTE,0,0,0.0
Random Forest,No SMOTE,0,0,0.0
Random Forest,No SMOTE,0,0,0.0
Random Forest,No SMOTE,0,0,0.0
Random Forest,No SMOTE,0,0,0.028041537776734442
Random Forest,No SMOTE,0,0,0.008096769891022433
Random Forest,No SMOTE,0,0,0.0
Random Forest,No SMOTE,0,0,0.0
Random Forest,No SMOTE,0,0,0.0
Random Forest,No SMOTE,0,0,0.0
Random Forest,No SMOTE,0,0,0.0
Random Forest,No SMOTE,0,0,0.008096769891022433
Random Forest,No SMOTE,0,0,0.0
Random Forest,No SMOTE,0,0,0.0
Random Forest,No SMOTE,0,0,0.0
Random Forest,No SMOTE,0,0,0.0
Random Forest,No SMOTE,0,0,0.0
Random Forest,No SMOTE,0,0,0.0
Random Forest,No SMOTE,0,0,0.0
Random Forest,No SMOTE,0,0,0.0
Random Forest,No SMOTE,0,0,0.0
Random Forest,No SMOTE,0,0,0.0
Random Forest,No SMOTE,0,0,0.008096769891022433
Random Forest,No SMOTE,0,0,0.0
Random Forest,No SMOTE,0,0,0.0
Random Forest,No SMOTE,0,0,0.0
Random Forest,No SMOTE,0,0,0.0
Random Forest,No SMOTE,0,0,0.0
Random Forest,No SMOTE,0,0,0.0
Random Forest,No SMOTE,0,0,0.0
Random Forest,No SMOTE,0,0,0.0
Random Forest,No SMOTE,0,0,0.0
Random Forest,No SMOTE,0,0,0.0
Random Forest,No SMOTE,0,0,0.0
Random Forest,No SMOTE,0,0,0.0
Random Forest,No SMOTE,0,0,0.0
Random Forest,No SMOTE,0,0,0.0
Random Forest,No SMOTE,0,0,0.0
Random Forest,No SMOTE,0,0,0.0
Random Forest,No SMOTE,0,0,0.0
Random Forest,No SMOTE,0,0,0.0
Random Forest,No SMOTE,0,0,0.008096769891022433
Random Forest,No SMOTE,0,0,0.0
Random Forest,No SMOTE,0,0,0.008096769891022433
Random Forest,No SMOTE,0,0,0.0
Random Forest,No SMOTE,0,0,0.0
Random Forest,No SMOTE,0,0,0.0
Random Forest,No SMOTE,0,0,0.0
Random Forest,No SMOTE,0,0,0.0
Random Forest,No SMOTE,0,0,0.0
Random Forest,No SMOTE,0,0,0.0
Random Forest,No SMOTE,0,0,0.0
Random Forest,No SMOTE,0,0,0.0
Random Forest,No SMOTE,0,0,0.0
Random Forest,No SMOTE,0,0,0.008096769891022433
Random Forest,No SMOTE,0,0,0.0
Random Forest,No SMOTE,0,0,0.0
Random Forest,No SMOTE,0,0,0.0
Random Forest,No SMOTE,0,0,0.0
Random Forest,No SMOTE,0,0,0.0
Random Forest,No SMOTE,0,0,0.0
Random Forest,No SMOTE,0,0,0.0
Random Forest,No SMOTE,0,0,0.0
Random Forest,No SMOTE,0,0,0.0
Random Forest,No SMOTE,0,0,0.0
Random Forest,No SMOTE,0,0,0.0
Random Forest,No SMOTE,0,0,0.0
Random Forest,No SMOTE,0,0,0.0
Random Forest,No SMOTE,0,0,0.0
Random Forest,No SMOTE,0,0,0.0
Random Forest,No SMOTE,0,0,0.0
Random Forest,No SMOTE,0,0,0.0
Random Forest,No SMOTE,0,0,0.0
Random Forest,No SMOTE,0,0,0.0
Random Forest,No SMOTE,0,0,0.0
Random Forest,No SMOTE,0,0,0.0
Random Forest,No SMOTE,0,0,0.008096769891022433
Random Forest,No SMOTE,0,0,0.0
Random Forest,No SMOTE,0,0,0.0
Random Forest,No SMOTE,0,0,0.0
Random Forest,No SMOTE,0,0,0.0
Random Forest,No SMOTE,0,0,0.0
Random Forest,No SMOTE,0,0,0.0
Random Forest,No SMOTE,0,0,0.0
Random Forest,No SMOTE,0,0,0.0
Random Forest,No SMOTE,0,0,0.0
Random Forest,No SMOTE,0,0,0.008096769891022433
Random Forest,No SMOTE,0,0,0.0
Random Forest,No SMOTE,0,0,0.0
Random Forest,No SMOTE,0,0,0.008096769891022433
Random Forest,No SMOTE,0,0,0.0
Random Forest,No SMOTE,0,0,0.0
Random Forest,No SMOTE,0,0,0.0
Random Forest,No SMOTE,0,0,0.008096769891022433
Random Forest,No SMOTE,0,0,0.0
Random Forest,No SMOTE,0,0,0.0
Random Forest,No SMOTE,0,0,0.0
Random Forest,No SMOTE,0,0,0.0
Random Forest,No SMOTE,0,0,0.0
Random Forest,No SMOTE,0,0,0.0
Random Forest,No SMOTE,0,0,0.0
Random Forest,No SMOTE,0,0,0.0
Random Forest,No SMOTE,0,0,0.0
Random Forest,No SMOTE,0,0,0.008096769891022433
Random Forest,No SMOTE,0,0,0.0
Random Forest,No SMOTE,0,0,0.0
Random Forest,No SMOTE,0,0,0.013518373245934452
Random Forest,No SMOTE,0,0,0.008096769891022433
Random Forest,No SMOTE,0,0,0.0
Random Forest,No SMOTE,0,0,0.0
Random Forest,No SMOTE,0,0,0.0
Random Forest,No SMOTE,0,0,0.0
Random Forest,No SMOTE,0,0,0.0
Random Forest,No SMOTE,0,0,0.0
Random Forest,No SMOTE,0,0,0.0
Random Forest,No SMOTE,0,0,0.0
Random Forest,No SMOTE,0,0,0.0
Random Forest,No SMOTE,0,0,0.0
Random Forest,No SMOTE,0,0,0.0
Random Forest,No SMOTE,0,0,0.0
Random Forest,No SMOTE,0,0,0.0
Random Forest,No SMOTE,0,0,0.0
Random Forest,No SMOTE,0,0,0.0
Random Forest,No SMOTE,0,0,0.0
Random Forest,No SMOTE,0,0,0.0
Random Forest,No SMOTE,0,0,0.0
Random Forest,No SMOTE,0,0,0.0
Random Forest,No SMOTE,0,0,0.0
Random Forest,No SMOTE,0,0,0.0
Random Forest,No SMOTE,0,0,0.0
Random Forest,No SMOTE,0,0,0.0
Random Forest,No SMOTE,0,0,0.0
Random Forest,No SMOTE,0,0,0.0
Random Forest,No SMOTE,0,0,0.0
Random Forest,No SMOTE,0,0,0.0
Random Forest,No SMOTE,0,0,0.0
Random Forest,No SMOTE,0,0,0.0
Random Forest,No SMOTE,0,0,0.0
Random Forest,No SMOTE,0,0,0.0
Random Forest,No SMOTE,0,0,0.008096769891022433
Random Forest,No SMOTE,0,0,0.0
Random Forest,No SMOTE,0,0,0.0
Random Forest,No SMOTE,0,0,0.005421603354912019
Random Forest,No SMOTE,0,0,0.0
Random Forest,No SMOTE,0,0,0.0
Random Forest,No SMOTE,0,0,0.0
Random Forest,No SMOTE,0,0,0.013518373245934452
Random Forest,No SMOTE,0,0,0.0
Random Forest,No SMOTE,0,0,0.008096769891022433
Random Forest,No SMOTE,0,0,0.013518373245934452
Random Forest,No SMOTE,0,0,0.0
Random Forest,No SMOTE,0,0,0.0
Random Forest,No SMOTE,0,0,0.0
Random Forest,No SMOTE,0,0,0.005421603354912019
Random Forest,No SMOTE,0,0,0.0
Random Forest,No SMOTE,0,0,0.0
Random Forest,No SMOTE,0,0,0.0
Random Forest,No SMOTE,0,0,0.0
Random Forest,No SMOTE,0,0,0.0
Random Forest,No SMOTE,0,0,0.017757245805125742
Random Forest,No SMOTE,0,0,0.0
Random Forest,No SMOTE,0,0,0.005421603354912019
Random Forest,No SMOTE,0,0,0.0
Random Forest,No SMOTE,0,0,0.0
Random Forest,No SMOTE,0,0,0.0
Random Forest,No SMOTE,0,0,0.0
Random Forest,No SMOTE,0,0,0.008096769891022433
Random Forest,No SMOTE,0,0,0.0
Random Forest,No SMOTE,0,0,0.008096769891022433
Random Forest,No SMOTE,0,0,0.0
Random Forest,No SMOTE,0,0,0.0
Random Forest,No SMOTE,0,0,0.0
Random Forest,No SMOTE,0,0,0.0
Random Forest,No SMOTE,0,0,0.0
Random Forest,No SMOTE,0,0,0.0
Random Forest,No SMOTE,0,0,0.0
Random Forest,No SMOTE,0,0,0.0
Random Forest,No SMOTE,0,0,0.0
Random Forest,No SMOTE,0,0,0.008096769891022433
Random Forest,No SMOTE,0,0,0.0
Random Forest,No SMOTE,0,0,0.0
Random Forest,No SMOTE,0,0,0.0
Random Forest,No SMOTE,0,0,0.0
Random Forest,No SMOTE,0,0,0.0
Random Forest,No SMOTE,0,0,0.0
Random Forest,No SMOTE,0,0,0.008096769891022433
Random Forest,No SMOTE,0,0,0.0
Random Forest,No SMOTE,0,0,0.0
Random Forest,No SMOTE,0,0,0.0
Random Forest,No SMOTE,0,0,0.0
Random Forest,No SMOTE,0,0,0.0
Random Forest,No SMOTE,0,0,0.0
Random Forest,No SMOTE,0,0,0.0
Random Forest,No SMOTE,0,0,0.013518373245934452
Random Forest,No SMOTE,0,0,0.0
Random Forest,No SMOTE,0,0,0.0
Random Forest,No SMOTE,0,0,0.0
Random Forest,No SMOTE,0,0,0.008096769891022433
Random Forest,No SMOTE,0,0,0.0
Random Forest,No SMOTE,0,0,0.0
Random Forest,No SMOTE,0,0,0.0
Random Forest,No SMOTE,0,0,0.0
Random Forest,No SMOTE,0,0,0.0
Random Forest,No SMOTE,0,0,0.0
Random Forest,No SMOTE,0,0,0.0
Random Forest,No SMOTE,0,0,0.0
Random Forest,No SMOTE,0,0,0.0
Random Forest,No SMOTE,0,0,0.0
Random Forest,No SMOTE,0,0,0.0
Random Forest,No SMOTE,0,0,0.0
Random Forest,No SMOTE,0,0,0.0
Random Forest,No SMOTE,0,0,0.0
Random Forest,No SMOTE,0,0,0.0
Random Forest,No SMOTE,0,0,0.0
Random Forest,No SMOTE,0,0,0.0
Random Forest,No SMOTE,0,0,0.0
Random Forest,No SMOTE,0,0,0.0
Random Forest,No SMOTE,0,0,0.0
Random Forest,No SMOTE,0,0,0.0
Random Forest,No SMOTE,0,0,0.0
Random Forest,No SMOTE,0,0,0.0
Random Forest,No SMOTE,0,0,0.0
Random Forest,No SMOTE,0,0,0.0
Random Forest,No SMOTE,0,0,0.0
Random Forest,No SMOTE,0,0,0.0
Random Forest,No SMOTE,0,0,0.0
Random Forest,No SMOTE,0,0,0.0
Random Forest,No SMOTE,0,0,0.0
Random Forest,No SMOTE,0,0,0.0
Random Forest,No SMOTE,0,0,0.0
Random Forest,No SMOTE,0,0,0.0
Random Forest,No SMOTE,0,0,0.0
Random Forest,No SMOTE,0,0,0.0
Random Forest,No SMOTE,0,0,0.0
Random Forest,No SMOTE,0,0,0.0
Random Forest,No SMOTE,0,0,0.0
Random Forest,No SMOTE,0,0,0.0
Random Forest,No SMOTE,0,0,0.008096769891022433
Random Forest,No SMOTE,0,0,0.0
Random Forest,No SMOTE,0,0,0.0
Random Forest,No SMOTE,0,0,0.0
Random Forest,No SMOTE,0,0,0.0
Random Forest,No SMOTE,0,0,0.0
Random Forest,No SMOTE,0,0,0.0
Random Forest,No SMOTE,0,0,0.0
Random Forest,No SMOTE,0,0,0.0
Random Forest,No SMOTE,0,0,0.0
Random Forest,No SMOTE,0,0,0.0
Random Forest,No SMOTE,0,0,0.0
Random Forest,No SMOTE,0,0,0.0
Random Forest,No SMOTE,0,0,0.0
Random Forest,No SMOTE,0,0,0.008096769891022433
Random Forest,No SMOTE,0,0,0.0
Random Forest,No SMOTE,0,0,0.01999876044681125
Random Forest,No SMOTE,0,0,0.0
Random Forest,No SMOTE,0,0,0.0
Random Forest,No SMOTE,0,0,0.0
Random Forest,No SMOTE,0,0,0.0
Random Forest,No SMOTE,0,0,0.0
Random Forest,No SMOTE,0,0,0.0
Random Forest,No SMOTE,0,0,0.0
Random Forest,No SMOTE,0,0,0.0
Random Forest,No SMOTE,0,0,0.0
Random Forest,No SMOTE,0,0,0.0
Random Forest,No SMOTE,0,0,0.0
Random Forest,No SMOTE,0,0,0.0
Random Forest,No SMOTE,0,0,0.0
Random Forest,No SMOTE,0,0,0.0
Random Forest,No SMOTE,0,0,0.0
Random Forest,No SMOTE,0,0,0.0
Random Forest,No SMOTE,0,0,0.0
Random Forest,No SMOTE,0,0,0.0
Random Forest,No SMOTE,0,0,0.0
Random Forest,No SMOTE,0,0,0.0
Random Forest,No SMOTE,0,0,0.0
Random Forest,No SMOTE,0,0,0.0
Random Forest,No SMOTE,0,0,0.005421603354912019
Random Forest,No SMOTE,0,0,0.0
Random Forest,No SMOTE,0,0,0.0
Random Forest,No SMOTE,0,0,0.008096769891022433
Random Forest,No SMOTE,0,0,0.0
Random Forest,No SMOTE,0,0,0.0
Random Forest,No SMOTE,0,0,0.0
Random Forest,No SMOTE,0,0,0.0
Random Forest,No SMOTE,0,0,0.0
Random Forest,No SMOTE,0,0,0.0
Random Forest,No SMOTE,0,0,0.0
Random Forest,No SMOTE,0,0,0.0
Random Forest,No SMOTE,0,0,0.0
Random Forest,No SMOTE,0,0,0.0
Random Forest,No SMOTE,0,0,0.0
Random Forest,No SMOTE,1,1,0.9398712847527814
Random Forest,No SMOTE,0,0,0.0
Random Forest,No SMOTE,0,0,0.0
Random Forest,No SMOTE,0,0,0.0
Random Forest,No SMOTE,0,0,0.0
Random Forest,No SMOTE,0,0,0.008096769891022433
Random Forest,No SMOTE,0,0,0.0
Random Forest,No SMOTE,0,0,0.0
Random Forest,No SMOTE,0,0,0.0
Random Forest,No SMOTE,0,0,0.0
Random Forest,No SMOTE,0,0,0.0
Random Forest,No SMOTE,0,0,0.0
Random Forest,No SMOTE,0,0,0.0
Random Forest,No SMOTE,0,0,0.0
Random Forest,No SMOTE,0,0,0.0
Random Forest,No SMOTE,0,0,0.0
Random Forest,No SMOTE,0,0,0.0
Random Forest,No SMOTE,0,0,0.0
Random Forest,No SMOTE,0,0,0.0
Random Forest,No SMOTE,0,0,0.0
Random Forest,No SMOTE,0,0,0.0
Random Forest,No SMOTE,0,0,0.0
Random Forest,No SMOTE,0,0,0.0
Random Forest,No SMOTE,0,0,0.0
Random Forest,No SMOTE,0,0,0.013518373245934452
Random Forest,No SMOTE,0,0,0.0
Random Forest,No SMOTE,0,0,0.0
Random Forest,No SMOTE,0,0,0.0
Random Forest,No SMOTE,0,0,0.0
Random Forest,No SMOTE,0,0,0.0
Random Forest,No SMOTE,0,0,0.0
Random Forest,No SMOTE,0,0,0.0
Random Forest,No SMOTE,0,0,0.0
Random Forest,No SMOTE,0,0,0.0
Random Forest,No SMOTE,0,0,0.0
Random Forest,No SMOTE,0,0,0.0
Random Forest,No SMOTE,0,0,0.0
Random Forest,No SMOTE,0,0,0.0
Random Forest,No SMOTE,0,0,0.0
Random Forest,No SMOTE,0,0,0.0
Random Forest,No SMOTE,0,0,0.0
Random Forest,No SMOTE,0,0,0.0
Random Forest,No SMOTE,0,0,0.0
Random Forest,No SMOTE,0,0,0.0
Random Forest,No SMOTE,0,0,0.0
Random Forest,No SMOTE,0,0,0.0
Random Forest,No SMOTE,0,0,0.0
Random Forest,No SMOTE,0,0,0.0
Random Forest,No SMOTE,0,0,0.0
Random Forest,No SMOTE,0,0,0.0
Random Forest,No SMOTE,0,0,0.0
Random Forest,No SMOTE,0,0,0.0
Random Forest,No SMOTE,0,0,0.0
Random Forest,No SMOTE,0,0,0.0
Random Forest,No SMOTE,0,0,0.0
Random Forest,No SMOTE,0,0,0.0
Random Forest,No SMOTE,0,0,0.008096769891022433
Random Forest,No SMOTE,0,0,0.02
Random Forest,No SMOTE,0,0,0.0
Random Forest,No SMOTE,0,0,0.0
Random Forest,No SMOTE,0,0,0.0
Random Forest,No SMOTE,0,0,0.0
Random Forest,No SMOTE,0,0,0.0
Random Forest,No SMOTE,0,0,0.0
Random Forest,No SMOTE,0,0,0.0
Random Forest,No SMOTE,0,0,0.0
Random Forest,No SMOTE,0,0,0.0
Random Forest,No SMOTE,0,0,0.0
Random Forest,No SMOTE,0,0,0.0
Random Forest,No SMOTE,0,0,0.0
Random Forest,No SMOTE,0,0,0.0
Random Forest,No SMOTE,0,0,0.0
Random Forest,No SMOTE,0,0,0.0
Random Forest,No SMOTE,0,0,0.0
Random Forest,No SMOTE,0,0,0.0
Random Forest,No SMOTE,0,0,0.0
Random Forest,No SMOTE,0,0,0.0
Random Forest,No SMOTE,0,0,0.0
Random Forest,No SMOTE,0,0,0.0
Random Forest,No SMOTE,0,0,0.0
Random Forest,No SMOTE,0,0,0.0
Random Forest,No SMOTE,0,0,0.0
Random Forest,No SMOTE,0,0,0.0
Random Forest,No SMOTE,0,0,0.0
Random Forest,No SMOTE,0,0,0.0
Random Forest,No SMOTE,0,0,0.0
Random Forest,No SMOTE,0,0,0.0
Random Forest,No SMOTE,0,0,0.0
Random Forest,No SMOTE,0,0,0.0
Random Forest,No SMOTE,0,0,0.005421603354912019
Random Forest,No SMOTE,0,0,0.0
Random Forest,No SMOTE,0,0,0.0
Random Forest,No SMOTE,0,0,0.0
Random Forest,No SMOTE,0,0,0.0
Random Forest,No SMOTE,0,0,0.0
Random Forest,No SMOTE,0,0,0.0
Random Forest,No SMOTE,0,0,0.008096769891022433
Random Forest,No SMOTE,0,0,0.0
Random Forest,No SMOTE,0,0,0.0
Random Forest,No SMOTE,0,0,0.0
Random Forest,No SMOTE,0,0,0.0
Random Forest,No SMOTE,0,0,0.0
Random Forest,No SMOTE,0,0,0.0
Random Forest,No SMOTE,0,0,0.0
Random Forest,No SMOTE,0,0,0.0
Random Forest,No SMOTE,0,0,0.0
Random Forest,No SMOTE,0,0,0.0
Random Forest,No SMOTE,0,0,0.0
Random Forest,No SMOTE,0,0,0.0
Random Forest,No SMOTE,0,0,0.0
Random Forest,No SMOTE,0,0,0.0
Random Forest,No SMOTE,0,0,0.0
Random Forest,No SMOTE,0,0,0.0
Random Forest,No SMOTE,0,0,0.008096769891022433
Random Forest,No SMOTE,0,0,0.0
Random Forest,No SMOTE,0,0,0.013518373245934452
Random Forest,No SMOTE,0,0,0.0
Random Forest,No SMOTE,0,0,0.013518373245934452
Random Forest,No SMOTE,0,0,0.005421603354912019
Random Forest,No SMOTE,0,0,0.0
Random Forest,No SMOTE,0,0,0.0
Random Forest,No SMOTE,0,0,0.0
Random Forest,No SMOTE,0,0,0.0
Random Forest,No SMOTE,0,0,0.0
Random Forest,No SMOTE,0,0,0.0
Random Forest,No SMOTE,0,0,0.0
Random Forest,No SMOTE,0,0,0.0
Random Forest,No SMOTE,0,0,0.013518373245934452
Random Forest,No SMOTE,0,0,0.0
Random Forest,No SMOTE,0,0,0.0
Random Forest,No SMOTE,0,0,0.0
Random Forest,No SMOTE,0,0,0.0
Random Forest,No SMOTE,0,0,0.0
Random Forest,No SMOTE,0,0,0.0
Random Forest,No SMOTE,0,0,0.0
Random Forest,No SMOTE,0,0,0.008096769891022433
Random Forest,No SMOTE,0,0,0.0
Random Forest,No SMOTE,0,0,0.0
Random Forest,No SMOTE,0,0,0.0
Random Forest,No SMOTE,0,0,0.04807036827273679
Random Forest,No SMOTE,0,0,0.0
Random Forest,No SMOTE,0,0,0.0
Random Forest,No SMOTE,0,0,0.0
Random Forest,No SMOTE,0,0,0.0
Random Forest,No SMOTE,0,0,0.0
Random Forest,No SMOTE,0,0,0.0
Random Forest,No SMOTE,0,0,0.0
Random Forest,No SMOTE,0,0,0.0
Random Forest,No SMOTE,0,0,0.0
Random Forest,No SMOTE,0,0,0.0
Random Forest,No SMOTE,0,0,0.0
Random Forest,No SMOTE,0,0,0.0
Random Forest,No SMOTE,0,0,0.0
Random Forest,No SMOTE,0,0,0.0
Random Forest,No SMOTE,0,0,0.0
Random Forest,No SMOTE,0,0,0.0
Random Forest,No SMOTE,0,0,0.0
Random Forest,No SMOTE,0,0,0.0
Random Forest,No SMOTE,0,0,0.0
Random Forest,No SMOTE,0,0,0.0
Random Forest,No SMOTE,0,0,0.0
Random Forest,No SMOTE,0,0,0.0
Random Forest,No SMOTE,0,0,0.0
Random Forest,No SMOTE,0,0,0.0
Random Forest,No SMOTE,0,0,0.0
Random Forest,No SMOTE,0,0,0.0
Random Forest,No SMOTE,0,0,0.013518373245934452
Random Forest,No SMOTE,0,0,0.0
Random Forest,No SMOTE,0,0,0.0
Random Forest,No SMOTE,0,0,0.008096769891022433
Random Forest,No SMOTE,0,0,0.005421603354912019
Random Forest,No SMOTE,0,0,0.0
Random Forest,No SMOTE,0,0,0.0
Random Forest,No SMOTE,0,0,0.0
Random Forest,No SMOTE,0,0,0.0
Random Forest,No SMOTE,0,0,0.0
Random Forest,No SMOTE,0,0,0.0
Random Forest,No SMOTE,0,0,0.0
Random Forest,No SMOTE,0,0,0.0
Random Forest,No SMOTE,0,0,0.0
Random Forest,No SMOTE,0,0,0.0
Random Forest,No SMOTE,0,0,0.0
Random Forest,No SMOTE,0,0,0.008096769891022433
Random Forest,No SMOTE,0,0,0.0
Random Forest,No SMOTE,0,0,0.0
Random Forest,No SMOTE,0,0,0.0
Random Forest,No SMOTE,0,0,0.0
Random Forest,No SMOTE,0,0,0.0
Random Forest,No SMOTE,0,0,0.0
Random Forest,No SMOTE,0,0,0.0
Random Forest,No SMOTE,0,0,0.0
Random Forest,No SMOTE,0,0,0.0
Random Forest,No SMOTE,0,0,0.0
Random Forest,No SMOTE,0,0,0.0
Random Forest,No SMOTE,0,0,0.0
Random Forest,No SMOTE,0,0,0.0
Random Forest,No SMOTE,0,0,0.0
Random Forest,No SMOTE,0,0,0.0
Random Forest,No SMOTE,0,0,0.0
Random Forest,No SMOTE,0,0,0.0
Random Forest,No SMOTE,0,0,0.0
Random Forest,No SMOTE,0,0,0.0
Random Forest,No SMOTE,0,0,0.0
Random Forest,No SMOTE,0,0,0.0
Random Forest,No SMOTE,0,0,0.0
Random Forest,No SMOTE,0,0,0.0
Random Forest,No SMOTE,0,0,0.0
Random Forest,No SMOTE,0,0,0.0
Random Forest,No SMOTE,0,0,0.0
Random Forest,No SMOTE,0,0,0.0
Random Forest,No SMOTE,0,0,0.0
Random Forest,No SMOTE,0,0,0.0
Random Forest,No SMOTE,0,0,0.0
Random Forest,No SMOTE,0,0,0.0
Random Forest,No SMOTE,0,0,0.0
Random Forest,No SMOTE,0,0,0.0
Random Forest,No SMOTE,0,0,0.0
Random Forest,No SMOTE,0,0,0.0
Random Forest,No SMOTE,0,0,0.0
Random Forest,No SMOTE,0,0,0.0
Random Forest,No SMOTE,0,0,0.0
Random Forest,No SMOTE,0,0,0.0
Random Forest,No SMOTE,0,0,0.0
Random Forest,No SMOTE,0,0,0.0
Random Forest,No SMOTE,0,0,0.0
Random Forest,No SMOTE,0,0,0.0
Random Forest,No SMOTE,0,0,0.0
Random Forest,No SMOTE,0,0,0.0
Random Forest,No SMOTE,0,0,0.0
Random Forest,No SMOTE,0,0,0.0
Random Forest,No SMOTE,0,0,0.0
Random Forest,No SMOTE,0,0,0.0
Random Forest,No SMOTE,0,0,0.0
Random Forest,No SMOTE,0,0,0.0
Random Forest,No SMOTE,0,0,0.008096769891022433
Random Forest,No SMOTE,0,0,0.005421603354912019
Random Forest,No SMOTE,0,0,0.0
Random Forest,No SMOTE,0,0,0.0
Random Forest,No SMOTE,0,0,0.0
Random Forest,No SMOTE,0,0,0.0
Random Forest,No SMOTE,0,0,0.0
Random Forest,No SMOTE,0,0,0.0
Random Forest,No SMOTE,0,0,0.0
Random Forest,No SMOTE,0,0,0.0
Random Forest,No SMOTE,0,0,0.0
Random Forest,No SMOTE,0,0,0.0
Random Forest,No SMOTE,0,0,0.0
Random Forest,No SMOTE,0,0,0.0
Random Forest,No SMOTE,0,0,0.0
Random Forest,No SMOTE,0,0,0.0
Random Forest,No SMOTE,0,0,0.0
Random Forest,No SMOTE,0,0,0.0
Random Forest,No SMOTE,0,0,0.0
Random Forest,No SMOTE,0,0,0.0
Random Forest,No SMOTE,0,0,0.0
Random Forest,No SMOTE,0,0,0.0
Random Forest,No SMOTE,0,0,0.0
Random Forest,No SMOTE,0,0,0.0
Random Forest,No SMOTE,0,0,0.0
Random Forest,No SMOTE,0,0,0.0
Random Forest,No SMOTE,0,0,0.0
Random Forest,No SMOTE,0,0,0.0
Random Forest,No SMOTE,0,0,0.0
Random Forest,No SMOTE,0,0,0.0
Random Forest,No SMOTE,0,0,0.008096769891022433
Random Forest,No SMOTE,0,0,0.013518373245934452
Random Forest,No SMOTE,0,0,0.0
Random Forest,No SMOTE,0,0,0.0
Random Forest,No SMOTE,0,0,0.0
Random Forest,No SMOTE,0,0,0.0
Random Forest,No SMOTE,0,0,0.0
Random Forest,No SMOTE,0,0,0.0
Random Forest,No SMOTE,0,0,0.008096769891022433
Random Forest,No SMOTE,0,0,0.0
Random Forest,No SMOTE,0,0,0.0
Random Forest,No SMOTE,0,0,0.0
Random Forest,No SMOTE,0,0,0.008096769891022433
Random Forest,No SMOTE,0,0,0.005421603354912019
Random Forest,No SMOTE,0,0,0.0
Random Forest,No SMOTE,0,0,0.008096769891022433
Random Forest,No SMOTE,0,0,0.0
Random Forest,No SMOTE,0,0,0.0
Random Forest,No SMOTE,0,0,0.0
Random Forest,No SMOTE,0,0,0.0
Random Forest,No SMOTE,0,0,0.019890051299525497
Random Forest,No SMOTE,0,0,0.0
Random Forest,No SMOTE,0,0,0.0
Random Forest,No SMOTE,0,0,0.0
Random Forest,No SMOTE,0,0,0.008096769891022433
Random Forest,No SMOTE,0,0,0.0
Random Forest,No SMOTE,0,0,0.0
Random Forest,No SMOTE,0,0,0.0
Random Forest,No SMOTE,0,0,0.0
Random Forest,No SMOTE,0,0,0.0
Random Forest,No SMOTE,0,0,0.0
Random Forest,No SMOTE,0,0,0.0
Random Forest,No SMOTE,0,0,0.0
Random Forest,No SMOTE,0,0,0.0
Random Forest,No SMOTE,0,0,0.0
Random Forest,No SMOTE,0,0,0.0
Random Forest,No SMOTE,0,0,0.0
Random Forest,No SMOTE,0,0,0.0
Random Forest,No SMOTE,0,0,0.0
Random Forest,No SMOTE,0,0,0.0
Random Forest,No SMOTE,0,0,0.008096769891022433
Random Forest,No SMOTE,0,0,0.0
Random Forest,No SMOTE,0,0,0.0
Random Forest,No SMOTE,0,0,0.0
Random Forest,No SMOTE,0,0,0.0
Random Forest,No SMOTE,0,0,0.008096769891022433
Random Forest,No SMOTE,0,0,0.0
Random Forest,No SMOTE,0,0,0.0
Random Forest,No SMOTE,0,0,0.0
Random Forest,No SMOTE,0,0,0.0
Random Forest,No SMOTE,0,0,0.0
Random Forest,No SMOTE,0,0,0.0
Random Forest,No SMOTE,0,0,0.0
Random Forest,No SMOTE,0,0,0.0
Random Forest,No SMOTE,0,0,0.0
Random Forest,No SMOTE,0,0,0.0
Random Forest,No SMOTE,0,0,0.0
Random Forest,No SMOTE,0,0,0.0
Random Forest,No SMOTE,0,0,0.0
Random Forest,No SMOTE,0,0,0.0
Random Forest,No SMOTE,0,0,0.0
Random Forest,No SMOTE,0,0,0.0
Random Forest,No SMOTE,0,0,0.0
Random Forest,No SMOTE,0,0,0.0
Random Forest,No SMOTE,0,0,0.0
Random Forest,No SMOTE,0,0,0.0
Random Forest,No SMOTE,0,0,0.0
Random Forest,No SMOTE,0,0,0.0
Random Forest,No SMOTE,0,0,0.0
Random Forest,No SMOTE,0,0,0.0
Random Forest,No SMOTE,0,0,0.0
Random Forest,No SMOTE,0,0,0.0
Random Forest,No SMOTE,0,0,0.0
Random Forest,No SMOTE,0,0,0.0
Random Forest,No SMOTE,0,0,0.0
Random Forest,No SMOTE,0,0,0.0
Random Forest,No SMOTE,0,0,0.0096726392251816
Random Forest,No SMOTE,0,0,0.0
Random Forest,No SMOTE,0,0,0.0
Random Forest,No SMOTE,0,0,0.0
Random Forest,No SMOTE,0,0,0.0
Random Forest,No SMOTE,0,0,0.0
Random Forest,No SMOTE,0,0,0.0
Random Forest,No SMOTE,0,0,0.013518373245934452
Random Forest,No SMOTE,0,0,0.0
Random Forest,No SMOTE,0,0,0.0
Random Forest,No SMOTE,0,0,0.0
Random Forest,No SMOTE,0,0,0.0
Random Forest,No SMOTE,0,0,0.0
Random Forest,No SMOTE,0,0,0.0
Random Forest,No SMOTE,0,0,0.0
Random Forest,No SMOTE,0,0,0.0
Random Forest,No SMOTE,0,0,0.0
Random Forest,No SMOTE,0,0,0.0
Random Forest,No SMOTE,0,0,0.0
Random Forest,No SMOTE,0,0,0.0
Random Forest,No SMOTE,0,0,0.0
Random Forest,No SMOTE,0,0,0.0
Random Forest,No SMOTE,0,0,0.0
Random Forest,No SMOTE,0,0,0.0
Random Forest,No SMOTE,0,0,0.0
Random Forest,No SMOTE,0,0,0.0
Random Forest,No SMOTE,0,0,0.0
Random Forest,No SMOTE,0,0,0.0
Random Forest,No SMOTE,0,0,0.0
Random Forest,No SMOTE,0,0,0.0
Random Forest,No SMOTE,0,0,0.0
Random Forest,No SMOTE,0,0,0.008096769891022433
Random Forest,No SMOTE,0,0,0.0
Random Forest,No SMOTE,0,0,0.0
Random Forest,No SMOTE,0,0,0.0
Random Forest,No SMOTE,0,0,0.013518373245934452
Random Forest,No SMOTE,0,0,0.0
Random Forest,No SMOTE,0,0,0.0
Random Forest,No SMOTE,0,0,0.0
Random Forest,No SMOTE,0,0,0.0
Random Forest,No SMOTE,0,0,0.0
Random Forest,No SMOTE,0,0,0.013518373245934452
Random Forest,No SMOTE,0,0,0.0
Random Forest,No SMOTE,0,0,0.0
Random Forest,No SMOTE,0,0,0.0
Random Forest,No SMOTE,0,0,0.008096769891022433
Random Forest,No SMOTE,0,0,0.0
Random Forest,No SMOTE,0,0,0.0
Random Forest,No SMOTE,0,0,0.0
Random Forest,No SMOTE,0,0,0.0
Random Forest,No SMOTE,0,0,0.0
Random Forest,No SMOTE,0,0,0.0
Random Forest,No SMOTE,0,0,0.0
Random Forest,No SMOTE,0,0,0.0
Random Forest,No SMOTE,0,0,0.0
Random Forest,No SMOTE,0,0,0.0
Random Forest,No SMOTE,0,0,0.0
Random Forest,No SMOTE,0,0,0.0
Random Forest,No SMOTE,0,0,0.0
Random Forest,No SMOTE,0,0,0.0
Random Forest,No SMOTE,0,0,0.0
Random Forest,No SMOTE,0,0,0.0
Random Forest,No SMOTE,0,0,0.0
Random Forest,No SMOTE,0,0,0.0
Random Forest,No SMOTE,0,0,0.0
Random Forest,No SMOTE,0,0,0.0
Random Forest,No SMOTE,0,0,0.0
Random Forest,No SMOTE,0,0,0.0
Random Forest,No SMOTE,0,0,0.0
Random Forest,No SMOTE,0,0,0.0
Random Forest,No SMOTE,0,0,0.0
Random Forest,No SMOTE,0,0,0.0
Random Forest,No SMOTE,0,0,0.0
Random Forest,No SMOTE,0,0,0.0
Random Forest,No SMOTE,0,0,0.02
Random Forest,No SMOTE,0,0,0.0
Random Forest,No SMOTE,0,0,0.0
Random Forest,No SMOTE,0,0,0.0
Random Forest,No SMOTE,0,0,0.0
Random Forest,No SMOTE,0,0,0.0
Random Forest,No SMOTE,0,0,0.0
Random Forest,No SMOTE,0,0,0.0
Random Forest,No SMOTE,0,0,0.0
Random Forest,No SMOTE,0,0,0.0
Random Forest,No SMOTE,0,0,0.0
Random Forest,No SMOTE,0,0,0.0
Random Forest,No SMOTE,0,0,0.0
Random Forest,No SMOTE,0,0,0.008096769891022433
Random Forest,No SMOTE,0,0,0.0
Random Forest,No SMOTE,0,0,0.0
Random Forest,No SMOTE,0,0,0.0
Random Forest,No SMOTE,0,0,0.0
Random Forest,No SMOTE,0,0,0.013518373245934452
Random Forest,No SMOTE,0,0,0.0
Random Forest,No SMOTE,0,0,0.0
Random Forest,No SMOTE,0,0,0.0
Random Forest,No SMOTE,0,0,0.0
Random Forest,No SMOTE,0,0,0.0
Random Forest,No SMOTE,0,0,0.0
Random Forest,No SMOTE,0,0,0.0
Random Forest,No SMOTE,0,0,0.0
Random Forest,No SMOTE,0,0,0.0
Random Forest,No SMOTE,0,0,0.0
Random Forest,No SMOTE,0,0,0.0
Random Forest,No SMOTE,0,0,0.0
Random Forest,No SMOTE,0,0,0.0
Random Forest,No SMOTE,0,0,0.0
Random Forest,No SMOTE,0,0,0.0
Random Forest,No SMOTE,0,0,0.0
Random Forest,No SMOTE,0,0,0.0
Random Forest,No SMOTE,0,0,0.0
Random Forest,No SMOTE,0,0,0.0
Random Forest,No SMOTE,0,0,0.0
Random Forest,No SMOTE,0,0,0.0
Random Forest,No SMOTE,0,0,0.008096769891022433
Random Forest,No SMOTE,0,0,0.0
Random Forest,No SMOTE,0,0,0.0
Random Forest,No SMOTE,0,0,0.0
Random Forest,No SMOTE,0,0,0.0
Random Forest,No SMOTE,0,0,0.0
Random Forest,No SMOTE,0,0,0.0
Random Forest,No SMOTE,0,0,0.0
Random Forest,No SMOTE,0,0,0.0
Random Forest,No SMOTE,0,0,0.0
Random Forest,No SMOTE,0,0,0.013518373245934452
Random Forest,No SMOTE,0,0,0.0
Random Forest,No SMOTE,0,0,0.0
Random Forest,No SMOTE,0,0,0.0
Random Forest,No SMOTE,0,0,0.0
Random Forest,No SMOTE,0,0,0.0
Random Forest,No SMOTE,0,0,0.0
Random Forest,No SMOTE,0,0,0.03796422245711491
Random Forest,No SMOTE,0,0,0.0
Random Forest,No SMOTE,0,0,0.0
Random Forest,No SMOTE,0,0,0.0
Random Forest,No SMOTE,0,0,0.0
Random Forest,No SMOTE,0,0,0.0
Random Forest,No SMOTE,0,0,0.013518373245934452
Random Forest,No SMOTE,0,0,0.0
Random Forest,No SMOTE,0,0,0.0
Random Forest,No SMOTE,0,0,0.0
Random Forest,No SMOTE,0,0,0.0
Random Forest,No SMOTE,0,0,0.0
Random Forest,No SMOTE,0,0,0.0
Random Forest,No SMOTE,0,0,0.0
Random Forest,No SMOTE,0,0,0.0
Random Forest,No SMOTE,0,0,0.0
Random Forest,No SMOTE,0,0,0.0
Random Forest,No SMOTE,0,0,0.0
Random Forest,No SMOTE,0,0,0.0
Random Forest,No SMOTE,0,0,0.0
Random Forest,No SMOTE,0,0,0.0
Random Forest,No SMOTE,0,0,0.0
Random Forest,No SMOTE,0,0,0.009918233580508477
Random Forest,No SMOTE,0,0,0.017769409116204032
Random Forest,No SMOTE,0,0,0.0
Random Forest,No SMOTE,0,0,0.0
Random Forest,No SMOTE,0,0,0.0
Random Forest,No SMOTE,0,0,0.0
Random Forest,No SMOTE,0,0,0.0
Random Forest,No SMOTE,0,0,0.0
Random Forest,No SMOTE,0,0,0.0
Random Forest,No SMOTE,0,0,0.0
Random Forest,No SMOTE,0,0,0.0
Random Forest,No SMOTE,0,0,0.0
Random Forest,No SMOTE,0,0,0.0
Random Forest,No SMOTE,0,0,0.0
Random Forest,No SMOTE,0,0,0.008096769891022433
Random Forest,No SMOTE,0,0,0.0
Random Forest,No SMOTE,0,0,0.0
Random Forest,No SMOTE,0,0,0.0
Random Forest,No SMOTE,0,0,0.0
Random Forest,No SMOTE,0,0,0.009955937475077758
Random Forest,No SMOTE,0,0,0.0
Random Forest,No SMOTE,0,0,0.0096726392251816
Random Forest,No SMOTE,0,0,0.008096769891022433
Random Forest,No SMOTE,0,0,0.0
Random Forest,No SMOTE,0,0,0.0
Random Forest,No SMOTE,0,0,0.0
Random Forest,No SMOTE,0,0,0.0
Random Forest,No SMOTE,0,0,0.0
Random Forest,No SMOTE,0,0,0.0
Random Forest,No SMOTE,0,0,0.0
Random Forest,No SMOTE,0,0,0.0
Random Forest,No SMOTE,0,0,0.0
Random Forest,No SMOTE,0,0,0.0
Random Forest,No SMOTE,0,0,0.0
Random Forest,No SMOTE,0,0,0.0
Random Forest,No SMOTE,0,0,0.0
Random Forest,No SMOTE,0,0,0.0
Random Forest,No SMOTE,0,0,0.0
Random Forest,No SMOTE,0,0,0.0
Random Forest,No SMOTE,0,0,0.0
Random Forest,No SMOTE,0,0,0.0
Random Forest,No SMOTE,0,0,0.0
Random Forest,No SMOTE,0,0,0.0
Random Forest,No SMOTE,0,0,0.0
Random Forest,No SMOTE,0,0,0.0
Random Forest,No SMOTE,0,0,0.0
Random Forest,No SMOTE,0,0,0.0
Random Forest,No SMOTE,0,0,0.0
Random Forest,No SMOTE,0,0,0.013518373245934452
Random Forest,No SMOTE,0,0,0.0
Random Forest,No SMOTE,0,0,0.0
Random Forest,No SMOTE,0,0,0.0
Random Forest,No SMOTE,0,0,0.0
Random Forest,No SMOTE,0,0,0.0
Random Forest,No SMOTE,0,0,0.0
Random Forest,No SMOTE,0,0,0.0
Random Forest,No SMOTE,0,0,0.0
Random Forest,No SMOTE,0,0,0.0
Random Forest,No SMOTE,0,0,0.0
Random Forest,No SMOTE,0,0,0.0
Random Forest,No SMOTE,0,0,0.0
Random Forest,No SMOTE,0,0,0.0
Random Forest,No SMOTE,0,0,0.0
Random Forest,No SMOTE,0,0,0.0
Random Forest,No SMOTE,0,0,0.0
Random Forest,No SMOTE,0,0,0.0
Random Forest,No SMOTE,0,0,0.0
Random Forest,No SMOTE,0,0,0.0
Random Forest,No SMOTE,0,0,0.0
Random Forest,No SMOTE,0,0,0.0
Random Forest,No SMOTE,0,0,0.0
Random Forest,No SMOTE,0,0,0.008096769891022433
Random Forest,No SMOTE,0,0,0.0
Random Forest,No SMOTE,0,0,0.0
Random Forest,No SMOTE,0,0,0.008096769891022433
Random Forest,No SMOTE,0,0,0.0
Random Forest,No SMOTE,0,0,0.0
Random Forest,No SMOTE,0,0,0.0
Random Forest,No SMOTE,0,0,0.0
Random Forest,No SMOTE,0,0,0.0
Random Forest,No SMOTE,0,0,0.0
Random Forest,No SMOTE,0,0,0.0
Random Forest,No SMOTE,0,0,0.0
Random Forest,No SMOTE,0,0,0.0
Random Forest,No SMOTE,0,0,0.0
Random Forest,No SMOTE,0,0,0.0
Random Forest,No SMOTE,0,0,0.0
Random Forest,No SMOTE,0,0,0.0
Random Forest,No SMOTE,0,0,0.0
Random Forest,No SMOTE,0,0,0.0
Random Forest,No SMOTE,0,0,0.0
Random Forest,No SMOTE,0,0,0.0
Random Forest,No SMOTE,0,0,0.008096769891022433
Random Forest,No SMOTE,0,0,0.0
Random Forest,No SMOTE,0,0,0.0
Random Forest,No SMOTE,0,0,0.0
Random Forest,No SMOTE,0,0,0.0
Random Forest,No SMOTE,0,0,0.0
Random Forest,No SMOTE,0,0,0.0
Random Forest,No SMOTE,0,0,0.0
Random Forest,No SMOTE,0,0,0.0
Random Forest,No SMOTE,0,0,0.0
Random Forest,No SMOTE,0,0,0.005421603354912019
Random Forest,No SMOTE,0,0,0.0
Random Forest,No SMOTE,0,0,0.0
Random Forest,No SMOTE,0,0,0.0
Random Forest,No SMOTE,0,0,0.029396110501573484
Random Forest,No SMOTE,0,0,0.0
Random Forest,No SMOTE,0,0,0.0
Random Forest,No SMOTE,0,0,0.0
Random Forest,No SMOTE,0,0,0.0
Random Forest,No SMOTE,0,0,0.0
Random Forest,No SMOTE,0,0,0.0
Random Forest,No SMOTE,0,0,0.0
Random Forest,No SMOTE,0,0,0.0
Random Forest,No SMOTE,0,0,0.0
Random Forest,No SMOTE,0,0,0.0
Random Forest,No SMOTE,0,0,0.005421603354912019
Random Forest,No SMOTE,0,0,0.0
Random Forest,No SMOTE,0,0,0.0
Random Forest,No SMOTE,0,0,0.0
Random Forest,No SMOTE,0,0,0.0
Random Forest,No SMOTE,0,0,0.0
Random Forest,No SMOTE,0,0,0.008096769891022433
Random Forest,No SMOTE,0,0,0.0
Random Forest,No SMOTE,0,0,0.0
Random Forest,No SMOTE,0,0,0.008096769891022433
Random Forest,No SMOTE,0,0,0.0
Random Forest,No SMOTE,0,0,0.0
Random Forest,No SMOTE,0,0,0.0
Random Forest,No SMOTE,0,0,0.0
Random Forest,No SMOTE,0,0,0.008096769891022433
Random Forest,No SMOTE,0,0,0.008096769891022433
Random Forest,No SMOTE,0,0,0.008096769891022433
Random Forest,No SMOTE,0,0,0.0
Random Forest,No SMOTE,0,0,0.0
Random Forest,No SMOTE,0,0,0.0
Random Forest,No SMOTE,0,0,0.0
Random Forest,No SMOTE,0,0,0.0
Random Forest,No SMOTE,0,0,0.0
Random Forest,No SMOTE,0,0,0.0
Random Forest,No SMOTE,0,0,0.0
Random Forest,No SMOTE,0,0,0.0
Random Forest,No SMOTE,0,0,0.0
Random Forest,No SMOTE,0,0,0.0
Random Forest,No SMOTE,0,0,0.0
Random Forest,No SMOTE,0,0,0.0
Random Forest,No SMOTE,0,0,0.0
Random Forest,No SMOTE,0,0,0.0
Random Forest,No SMOTE,0,0,0.0
Random Forest,No SMOTE,0,0,0.0
Random Forest,No SMOTE,0,0,0.0
Random Forest,No SMOTE,0,0,0.0
Random Forest,No SMOTE,0,0,0.0
Random Forest,No SMOTE,0,0,0.0
Random Forest,No SMOTE,0,0,0.0
Random Forest,No SMOTE,0,0,0.0
Random Forest,No SMOTE,0,0,0.0
Random Forest,No SMOTE,0,0,0.0
Random Forest,No SMOTE,0,0,0.0
Random Forest,No SMOTE,0,0,0.0
Random Forest,No SMOTE,0,0,0.0
Random Forest,No SMOTE,0,0,0.0
Random Forest,No SMOTE,0,0,0.0
Random Forest,No SMOTE,0,0,0.0
Random Forest,No SMOTE,0,0,0.00996971915346732
Random Forest,No SMOTE,0,0,0.0
Random Forest,No SMOTE,0,0,0.0
Random Forest,No SMOTE,0,0,0.0
Random Forest,No SMOTE,0,0,0.0
Random Forest,No SMOTE,0,0,0.0
Random Forest,No SMOTE,0,0,0.0
Random Forest,No SMOTE,0,0,0.0
Random Forest,No SMOTE,0,0,0.0
Random Forest,No SMOTE,0,0,0.0
Random Forest,No SMOTE,0,0,0.0
Random Forest,No SMOTE,0,0,0.0
Random Forest,No SMOTE,0,0,0.0
Random Forest,No SMOTE,0,0,0.0
Random Forest,No SMOTE,0,0,0.0
Random Forest,No SMOTE,0,0,0.0
Random Forest,No SMOTE,0,0,0.0
Random Forest,No SMOTE,0,0,0.0
Random Forest,No SMOTE,0,0,0.0
Random Forest,No SMOTE,0,0,0.005421603354912019
Random Forest,No SMOTE,0,0,0.0
Random Forest,No SMOTE,0,0,0.0
Random Forest,No SMOTE,0,0,0.0
Random Forest,No SMOTE,0,0,0.0
Random Forest,No SMOTE,0,0,0.0
Random Forest,No SMOTE,0,0,0.0
Random Forest,No SMOTE,0,0,0.0
Random Forest,No SMOTE,0,0,0.0
Random Forest,No SMOTE,0,0,0.0
Random Forest,No SMOTE,0,0,0.008096769891022433
Random Forest,No SMOTE,0,0,0.0
Random Forest,No SMOTE,0,0,0.0
Random Forest,No SMOTE,0,0,0.0
Random Forest,No SMOTE,0,0,0.008096769891022433
Random Forest,No SMOTE,0,0,0.0
Random Forest,No SMOTE,0,0,0.0
Random Forest,No SMOTE,0,0,0.008096769891022433
Random Forest,No SMOTE,0,0,0.0
Random Forest,No SMOTE,0,0,0.0
Random Forest,No SMOTE,0,0,0.0
Random Forest,No SMOTE,0,0,0.0
Random Forest,No SMOTE,0,0,0.0
Random Forest,No SMOTE,0,0,0.0
Random Forest,No SMOTE,0,0,0.0
Random Forest,No SMOTE,0,0,0.0
Random Forest,No SMOTE,0,0,0.0
Random Forest,No SMOTE,0,0,0.0
Random Forest,No SMOTE,0,0,0.0
Random Forest,No SMOTE,0,0,0.0
Random Forest,No SMOTE,0,0,0.0
Random Forest,No SMOTE,0,0,0.0
Random Forest,No SMOTE,0,0,0.0
Random Forest,No SMOTE,0,0,0.0
Random Forest,No SMOTE,0,0,0.0
Random Forest,No SMOTE,0,0,0.0
Random Forest,No SMOTE,0,0,0.0
Random Forest,No SMOTE,0,0,0.0
Random Forest,No SMOTE,0,0,0.0
Random Forest,No SMOTE,0,0,0.0
Random Forest,No SMOTE,0,0,0.0
Random Forest,No SMOTE,0,0,0.0
Random Forest,No SMOTE,0,0,0.0
Random Forest,No SMOTE,0,0,0.0
Random Forest,No SMOTE,0,0,0.0
Random Forest,No SMOTE,0,0,0.0
Random Forest,No SMOTE,0,0,0.0
Random Forest,No SMOTE,0,0,0.0
Random Forest,No SMOTE,0,0,0.0
Random Forest,No SMOTE,0,0,0.0
Random Forest,No SMOTE,0,0,0.0
Random Forest,No SMOTE,0,0,0.0
Random Forest,No SMOTE,0,0,0.0
Random Forest,No SMOTE,0,0,0.0
Random Forest,No SMOTE,0,0,0.0
Random Forest,No SMOTE,0,0,0.0
Random Forest,No SMOTE,0,0,0.0
Random Forest,No SMOTE,0,0,0.0
Random Forest,No SMOTE,0,0,0.0
Random Forest,No SMOTE,0,0,0.0
Random Forest,No SMOTE,0,0,0.008096769891022433
Random Forest,No SMOTE,0,0,0.008096769891022433
Random Forest,No SMOTE,0,0,0.0
Random Forest,No SMOTE,0,0,0.0
Random Forest,No SMOTE,0,0,0.0
Random Forest,No SMOTE,0,0,0.0
Random Forest,No SMOTE,0,0,0.0
Random Forest,No SMOTE,0,0,0.0
Random Forest,No SMOTE,0,0,0.0
Random Forest,No SMOTE,0,0,0.0
Random Forest,No SMOTE,0,0,0.0
Random Forest,No SMOTE,0,0,0.0
Random Forest,No SMOTE,0,0,0.0
Random Forest,No SMOTE,0,0,0.0
Random Forest,No SMOTE,0,0,0.008096769891022433
Random Forest,No SMOTE,0,0,0.0
Random Forest,No SMOTE,0,0,0.0
Random Forest,No SMOTE,0,0,0.0
Random Forest,No SMOTE,0,0,0.0
Random Forest,No SMOTE,0,0,0.0
Random Forest,No SMOTE,0,0,0.0
Random Forest,No SMOTE,0,0,0.0
Random Forest,No SMOTE,0,0,0.009995206590674448
Random Forest,No SMOTE,0,0,0.0
Random Forest,No SMOTE,0,0,0.0
Random Forest,No SMOTE,0,0,0.005421603354912019
Random Forest,No SMOTE,0,0,0.0
Random Forest,No SMOTE,0,0,0.0
Random Forest,No SMOTE,0,0,0.0
Random Forest,No SMOTE,0,0,0.0
Random Forest,No SMOTE,0,0,0.0
Random Forest,No SMOTE,0,0,0.0
Random Forest,No SMOTE,0,0,0.0
Random Forest,No SMOTE,0,0,0.0
Random Forest,No SMOTE,0,0,0.0
Random Forest,No SMOTE,0,0,0.0
Random Forest,No SMOTE,0,0,0.0
Random Forest,No SMOTE,0,0,0.0
Random Forest,No SMOTE,0,0,0.0
Random Forest,No SMOTE,0,0,0.005421603354912019
Random Forest,No SMOTE,0,0,0.0
Random Forest,No SMOTE,0,0,0.0
Random Forest,No SMOTE,0,0,0.0
Random Forest,No SMOTE,0,0,0.0
Random Forest,No SMOTE,0,0,0.0
Random Forest,No SMOTE,0,0,0.0
Random Forest,No SMOTE,0,0,0.0
Random Forest,No SMOTE,0,0,0.0
Random Forest,No SMOTE,0,0,0.0
Random Forest,No SMOTE,0,0,0.0
Random Forest,No SMOTE,0,0,0.0
Random Forest,No SMOTE,0,0,0.0
Random Forest,No SMOTE,0,0,0.0
Random Forest,No SMOTE,0,0,0.0
Random Forest,No SMOTE,0,0,0.0
Random Forest,No SMOTE,0,0,0.0
Random Forest,No SMOTE,0,0,0.005421603354912019
Random Forest,No SMOTE,0,0,0.008096769891022433
Random Forest,No SMOTE,0,0,0.0
Random Forest,No SMOTE,0,0,0.0
Random Forest,No SMOTE,0,0,0.0
Random Forest,No SMOTE,0,0,0.0
Random Forest,No SMOTE,0,0,0.0
Random Forest,No SMOTE,0,0,0.0
Random Forest,No SMOTE,0,0,0.0
Random Forest,No SMOTE,0,0,0.0
Random Forest,No SMOTE,0,0,0.0
Random Forest,No SMOTE,0,0,0.0
Random Forest,No SMOTE,0,0,0.0
Random Forest,No SMOTE,0,0,0.0
Random Forest,No SMOTE,0,0,0.0
Random Forest,No SMOTE,0,0,0.0
Random Forest,No SMOTE,0,0,0.0
Random Forest,No SMOTE,0,0,0.0
Random Forest,No SMOTE,0,0,0.0
Random Forest,No SMOTE,0,0,0.0
Random Forest,No SMOTE,0,0,0.0
Random Forest,No SMOTE,0,0,0.0
Random Forest,No SMOTE,0,0,0.0
Random Forest,No SMOTE,0,0,0.008096769891022433
Random Forest,No SMOTE,0,0,0.0
Random Forest,No SMOTE,0,0,0.0
Random Forest,No SMOTE,0,0,0.0
Random Forest,No SMOTE,0,0,0.0
Random Forest,No SMOTE,0,0,0.0
Random Forest,No SMOTE,0,0,0.0
Random Forest,No SMOTE,0,0,0.0
Random Forest,No SMOTE,0,0,0.0
Random Forest,No SMOTE,0,0,0.0
Random Forest,No SMOTE,0,0,0.0
Random Forest,No SMOTE,0,0,0.0
Random Forest,No SMOTE,0,0,0.0
Random Forest,No SMOTE,0,0,0.0
Random Forest,No SMOTE,0,0,0.0
Random Forest,No SMOTE,0,0,0.0
Random Forest,No SMOTE,0,0,0.0
Random Forest,No SMOTE,0,0,0.013518373245934452
Random Forest,No SMOTE,0,0,0.013518373245934452
Random Forest,No SMOTE,0,0,0.0
Random Forest,No SMOTE,0,0,0.0
Random Forest,No SMOTE,0,0,0.0
Random Forest,No SMOTE,0,0,0.0
Random Forest,No SMOTE,0,0,0.0
Random Forest,No SMOTE,0,0,0.009479289266866635
Random Forest,No SMOTE,0,0,0.0
Random Forest,No SMOTE,0,0,0.0
Random Forest,No SMOTE,0,0,0.0
Random Forest,No SMOTE,0,0,0.0
Random Forest,No SMOTE,0,0,0.0
Random Forest,No SMOTE,0,0,0.0
Random Forest,No SMOTE,0,0,0.0
Random Forest,No SMOTE,0,0,0.0
Random Forest,No SMOTE,0,0,0.0
Random Forest,No SMOTE,0,0,0.0
Random Forest,No SMOTE,0,0,0.0
Random Forest,No SMOTE,0,0,0.0
Random Forest,No SMOTE,0,0,0.0
Random Forest,No SMOTE,0,0,0.0
Random Forest,No SMOTE,0,0,0.0
Random Forest,No SMOTE,0,0,0.0
Random Forest,No SMOTE,0,0,0.0
Random Forest,No SMOTE,0,0,0.005421603354912019
Random Forest,No SMOTE,0,0,0.0
Random Forest,No SMOTE,0,0,0.0
Random Forest,No SMOTE,0,0,0.0
Random Forest,No SMOTE,0,0,0.0
Random Forest,No SMOTE,0,0,0.0
Random Forest,No SMOTE,0,0,0.0
Random Forest,No SMOTE,0,0,0.0
Random Forest,No SMOTE,0,0,0.0
Random Forest,No SMOTE,0,0,0.0
Random Forest,No SMOTE,0,0,0.008096769891022433
Random Forest,No SMOTE,0,0,0.0
Random Forest,No SMOTE,0,0,0.0
Random Forest,No SMOTE,0,0,0.0
Random Forest,No SMOTE,0,0,0.0
Random Forest,No SMOTE,0,0,0.0
Random Forest,No SMOTE,0,0,0.0
Random Forest,No SMOTE,0,0,0.0
Random Forest,No SMOTE,0,0,0.0
Random Forest,No SMOTE,0,0,0.0
Random Forest,No SMOTE,0,0,0.008096769891022433
Random Forest,No SMOTE,0,0,0.008096769891022433
Random Forest,No SMOTE,0,0,0.0
Random Forest,No SMOTE,0,0,0.0
Random Forest,No SMOTE,0,0,0.0
Random Forest,No SMOTE,0,0,0.0
Random Forest,No SMOTE,0,0,0.0
Random Forest,No SMOTE,0,0,0.0
Random Forest,No SMOTE,0,0,0.0
Random Forest,No SMOTE,0,0,0.0
Random Forest,No SMOTE,0,0,0.0
Random Forest,No SMOTE,0,0,0.008096769891022433
Random Forest,No SMOTE,0,0,0.0
Random Forest,No SMOTE,0,0,0.0
Random Forest,No SMOTE,0,0,0.013518373245934452
Random Forest,No SMOTE,0,0,0.0
Random Forest,No SMOTE,0,0,0.0
Random Forest,No SMOTE,0,0,0.0
Random Forest,No SMOTE,0,0,0.0
Random Forest,No SMOTE,0,0,0.017880273025818672
Random Forest,No SMOTE,0,0,0.0
Random Forest,No SMOTE,0,0,0.0
Random Forest,No SMOTE,0,0,0.008096769891022433
Random Forest,No SMOTE,0,0,0.0
Random Forest,No SMOTE,0,0,0.0
Random Forest,No SMOTE,0,0,0.017880273025818672
Random Forest,No SMOTE,0,0,0.008096769891022433
Random Forest,No SMOTE,0,0,0.0
Random Forest,No SMOTE,0,0,0.0
Random Forest,No SMOTE,0,0,0.017576059157889068
Random Forest,No SMOTE,0,0,0.0
Random Forest,No SMOTE,0,0,0.008096769891022433
Random Forest,No SMOTE,0,0,0.005421603354912019
Random Forest,No SMOTE,0,0,0.0
Random Forest,No SMOTE,0,0,0.0
Random Forest,No SMOTE,0,0,0.0
Random Forest,No SMOTE,0,0,0.008096769891022433
Random Forest,No SMOTE,0,0,0.0
Random Forest,No SMOTE,0,0,0.0
Random Forest,No SMOTE,0,0,0.0
Random Forest,No SMOTE,0,0,0.0
Random Forest,No SMOTE,0,0,0.0
Random Forest,No SMOTE,0,0,0.0
Random Forest,No SMOTE,0,0,0.0
Random Forest,No SMOTE,0,0,0.0
Random Forest,No SMOTE,0,0,0.0
Random Forest,No SMOTE,0,0,0.0
Random Forest,No SMOTE,0,0,0.0
Random Forest,No SMOTE,0,0,0.0
Random Forest,No SMOTE,0,0,0.0
Random Forest,No SMOTE,0,0,0.008096769891022433
Random Forest,No SMOTE,0,0,0.0
Random Forest,No SMOTE,0,0,0.0
Random Forest,No SMOTE,0,0,0.0
Random Forest,No SMOTE,0,0,0.0
Random Forest,No SMOTE,0,0,0.0
Random Forest,No SMOTE,0,0,0.0
Random Forest,No SMOTE,0,0,0.005421603354912019
Random Forest,No SMOTE,0,0,0.0
Random Forest,No SMOTE,0,0,0.0
Random Forest,No SMOTE,0,0,0.0
Random Forest,No SMOTE,0,0,0.0
Random Forest,No SMOTE,0,0,0.0
Random Forest,No SMOTE,0,0,0.0
Random Forest,No SMOTE,0,0,0.0
Random Forest,No SMOTE,0,0,0.008096769891022433
Random Forest,No SMOTE,0,0,0.0
Random Forest,No SMOTE,0,0,0.0
Random Forest,No SMOTE,0,0,0.0
Random Forest,No SMOTE,0,0,0.0
Random Forest,No SMOTE,0,0,0.0
Random Forest,No SMOTE,0,0,0.0
Random Forest,No SMOTE,0,0,0.0
Random Forest,No SMOTE,0,0,0.0
Random Forest,No SMOTE,0,0,0.0
Random Forest,No SMOTE,0,0,0.008096769891022433
Random Forest,No SMOTE,0,0,0.0
Random Forest,No SMOTE,0,0,0.0
Random Forest,No SMOTE,0,0,0.0
Random Forest,No SMOTE,0,0,0.0
Random Forest,No SMOTE,0,0,0.0
Random Forest,No SMOTE,0,0,0.0
Random Forest,No SMOTE,0,0,0.0
Random Forest,No SMOTE,0,0,0.008096769891022433
Random Forest,No SMOTE,0,0,0.0
Random Forest,No SMOTE,0,0,0.0
Random Forest,No SMOTE,0,0,0.0
Random Forest,No SMOTE,0,0,0.0
Random Forest,No SMOTE,0,0,0.0
Random Forest,No SMOTE,0,0,0.0
Random Forest,No SMOTE,0,0,0.008096769891022433
Random Forest,No SMOTE,0,0,0.0
Random Forest,No SMOTE,0,0,0.008096769891022433
Random Forest,No SMOTE,0,0,0.0
Random Forest,No SMOTE,0,0,0.0
Random Forest,No SMOTE,0,0,0.0
Random Forest,No SMOTE,0,0,0.0
Random Forest,No SMOTE,0,0,0.0
Random Forest,No SMOTE,0,0,0.0
Random Forest,No SMOTE,0,0,0.0
Random Forest,No SMOTE,0,0,0.0
Random Forest,No SMOTE,0,0,0.0
Random Forest,No SMOTE,0,0,0.0
Random Forest,No SMOTE,0,0,0.0
Random Forest,No SMOTE,0,0,0.0
Random Forest,No SMOTE,0,0,0.0
Random Forest,No SMOTE,0,0,0.0
Random Forest,No SMOTE,0,0,0.0
Random Forest,No SMOTE,0,0,0.0
Random Forest,No SMOTE,0,0,0.0
Random Forest,No SMOTE,0,0,0.0
Random Forest,No SMOTE,0,0,0.0
Random Forest,No SMOTE,0,0,0.013518373245934452
Random Forest,No SMOTE,0,0,0.0
Random Forest,No SMOTE,0,0,0.0
Random Forest,No SMOTE,0,0,0.0
Random Forest,No SMOTE,0,0,0.0
Random Forest,No SMOTE,0,0,0.0
Random Forest,No SMOTE,0,0,0.0
Random Forest,No SMOTE,0,0,0.0
Random Forest,No SMOTE,0,0,0.0
Random Forest,No SMOTE,0,0,0.0
Random Forest,No SMOTE,0,0,0.0
Random Forest,No SMOTE,0,0,0.013518373245934452
Random Forest,No SMOTE,0,0,0.0
Random Forest,No SMOTE,0,0,0.0
Random Forest,No SMOTE,0,0,0.0
Random Forest,No SMOTE,0,0,0.0
Random Forest,No SMOTE,0,0,0.0
Random Forest,No SMOTE,0,0,0.0
Random Forest,No SMOTE,0,0,0.0
Random Forest,No SMOTE,0,0,0.0
Random Forest,No SMOTE,0,0,0.0
Random Forest,No SMOTE,0,0,0.0
Random Forest,No SMOTE,0,0,0.0
Random Forest,No SMOTE,0,0,0.0
Random Forest,No SMOTE,0,0,0.0
Random Forest,No SMOTE,0,0,0.0
Random Forest,No SMOTE,0,0,0.0
Random Forest,No SMOTE,0,0,0.0
Random Forest,No SMOTE,0,0,0.0
Random Forest,No SMOTE,0,0,0.0
Random Forest,No SMOTE,0,0,0.0
Random Forest,No SMOTE,0,0,0.0
Random Forest,No SMOTE,0,0,0.0
Random Forest,No SMOTE,0,0,0.0
Random Forest,No SMOTE,0,0,0.0
Random Forest,No SMOTE,0,0,0.0
Random Forest,No SMOTE,0,0,0.0
Random Forest,No SMOTE,0,0,0.0
Random Forest,No SMOTE,0,0,0.0
Random Forest,No SMOTE,0,0,0.0
Random Forest,No SMOTE,0,0,0.005421603354912019
Random Forest,No SMOTE,0,0,0.0
Random Forest,No SMOTE,0,0,0.0
Random Forest,No SMOTE,0,0,0.0
Random Forest,No SMOTE,0,0,0.0
Random Forest,No SMOTE,0,0,0.0
Random Forest,No SMOTE,0,0,0.0
Random Forest,No SMOTE,0,0,0.0
Random Forest,No SMOTE,0,0,0.0
Random Forest,No SMOTE,0,0,0.0
Random Forest,No SMOTE,0,0,0.0
Random Forest,No SMOTE,0,0,0.0
Random Forest,No SMOTE,0,0,0.0
Random Forest,No SMOTE,0,0,0.0
Random Forest,No SMOTE,0,0,0.008096769891022433
Random Forest,No SMOTE,0,0,0.0
Random Forest,No SMOTE,0,0,0.0
Random Forest,No SMOTE,0,0,0.0
Random Forest,No SMOTE,0,0,0.0
Random Forest,No SMOTE,0,0,0.0
Random Forest,No SMOTE,0,0,0.0
Random Forest,No SMOTE,0,0,0.0
Random Forest,No SMOTE,0,0,0.008096769891022433
Random Forest,No SMOTE,0,0,0.005421603354912019
Random Forest,No SMOTE,0,0,0.0
Random Forest,No SMOTE,0,0,0.0
Random Forest,No SMOTE,0,0,0.0
Random Forest,No SMOTE,0,0,0.0
Random Forest,No SMOTE,0,0,0.0
Random Forest,No SMOTE,0,0,0.0
Random Forest,No SMOTE,0,0,0.0
Random Forest,No SMOTE,0,0,0.0
Random Forest,No SMOTE,0,0,0.009903316971590064
Random Forest,No SMOTE,0,0,0.0
Random Forest,No SMOTE,0,0,0.0
Random Forest,No SMOTE,0,0,0.008096769891022433
Random Forest,No SMOTE,0,0,0.0
Random Forest,No SMOTE,0,0,0.0
Random Forest,No SMOTE,0,0,0.0
Random Forest,No SMOTE,0,0,0.0
Random Forest,No SMOTE,0,0,0.0
Random Forest,No SMOTE,0,0,0.0
Random Forest,No SMOTE,0,0,0.0
Random Forest,No SMOTE,0,0,0.0
Random Forest,No SMOTE,0,0,0.009783503134796239
Random Forest,No SMOTE,0,0,0.0
Random Forest,No SMOTE,0,0,0.005421603354912019
Random Forest,No SMOTE,0,0,0.0
Random Forest,No SMOTE,0,0,0.0
Random Forest,No SMOTE,0,0,0.0
Random Forest,No SMOTE,0,0,0.0
Random Forest,No SMOTE,0,0,0.008096769891022433
Random Forest,No SMOTE,0,0,0.0
Random Forest,No SMOTE,0,0,0.0
Random Forest,No SMOTE,0,0,0.0
Random Forest,No SMOTE,0,0,0.0
Random Forest,No SMOTE,0,0,0.0
Random Forest,No SMOTE,0,0,0.0
Random Forest,No SMOTE,0,0,0.0
Random Forest,No SMOTE,0,0,0.0
Random Forest,No SMOTE,0,0,0.0
Random Forest,No SMOTE,0,0,0.0
Random Forest,No SMOTE,0,0,0.0
Random Forest,No SMOTE,0,0,0.0
Random Forest,No SMOTE,0,0,0.0
Random Forest,No SMOTE,0,0,0.0
Random Forest,No SMOTE,0,0,0.0
Random Forest,No SMOTE,0,0,0.0
Random Forest,No SMOTE,0,0,0.0
Random Forest,No SMOTE,0,0,0.0
Random Forest,No SMOTE,0,0,0.0
Random Forest,No SMOTE,0,0,0.0
Random Forest,No SMOTE,0,0,0.0
Random Forest,No SMOTE,0,0,0.0
Random Forest,No SMOTE,0,0,0.0
Random Forest,No SMOTE,0,0,0.0
Random Forest,No SMOTE,0,0,0.0
Random Forest,No SMOTE,0,0,0.0
Random Forest,No SMOTE,0,0,0.0
Random Forest,No SMOTE,0,0,0.018057871028066122
Random Forest,No SMOTE,0,0,0.0
Random Forest,No SMOTE,0,0,0.0
Random Forest,No SMOTE,0,0,0.0
Random Forest,No SMOTE,0,0,0.0
Random Forest,No SMOTE,0,0,0.0
Random Forest,No SMOTE,0,0,0.0
Random Forest,No SMOTE,0,0,0.0
Random Forest,No SMOTE,0,0,0.0
Random Forest,No SMOTE,0,0,0.0
Random Forest,No SMOTE,0,0,0.0
Random Forest,No SMOTE,0,0,0.0
Random Forest,No SMOTE,0,0,0.0
Random Forest,No SMOTE,0,0,0.0
Random Forest,No SMOTE,0,0,0.0
Random Forest,No SMOTE,0,0,0.0
Random Forest,No SMOTE,0,0,0.0
Random Forest,No SMOTE,0,0,0.0
Random Forest,No SMOTE,0,0,0.0
Random Forest,No SMOTE,0,0,0.0
Random Forest,No SMOTE,0,0,0.0
Random Forest,No SMOTE,0,0,0.0
Random Forest,No SMOTE,0,0,0.0
Random Forest,No SMOTE,0,0,0.0
Random Forest,No SMOTE,0,0,0.0
Random Forest,No SMOTE,0,0,0.02954667052438288
Random Forest,No SMOTE,0,0,0.0
Random Forest,No SMOTE,0,0,0.0
Random Forest,No SMOTE,0,0,0.0
Random Forest,No SMOTE,0,0,0.0
Random Forest,No SMOTE,0,0,0.0
Random Forest,No SMOTE,0,0,0.0
Random Forest,No SMOTE,0,0,0.0
Random Forest,No SMOTE,0,0,0.0
Random Forest,No SMOTE,0,0,0.0
Random Forest,No SMOTE,0,0,0.0
Random Forest,No SMOTE,0,0,0.0
Random Forest,No SMOTE,0,0,0.005421603354912019
Random Forest,No SMOTE,0,0,0.0
Random Forest,No SMOTE,0,0,0.0
Random Forest,No SMOTE,0,0,0.0
Random Forest,No SMOTE,0,0,0.0
Random Forest,No SMOTE,0,0,0.0
Random Forest,No SMOTE,0,0,0.0
Random Forest,No SMOTE,0,0,0.0
Random Forest,No SMOTE,0,0,0.0
Random Forest,No SMOTE,0,0,0.0
Random Forest,No SMOTE,0,0,0.0
Random Forest,No SMOTE,0,0,0.005421603354912019
Random Forest,No SMOTE,0,0,0.008096769891022433
Random Forest,No SMOTE,0,0,0.0
Random Forest,No SMOTE,0,0,0.0
Random Forest,No SMOTE,0,0,0.008096769891022433
Random Forest,No SMOTE,0,0,0.0
Random Forest,No SMOTE,0,0,0.0
Random Forest,No SMOTE,0,0,0.0
Random Forest,No SMOTE,0,0,0.0
Random Forest,No SMOTE,0,0,0.0
Random Forest,No SMOTE,0,0,0.0
Random Forest,No SMOTE,0,0,0.0
Random Forest,No SMOTE,0,0,0.0
Random Forest,No SMOTE,0,0,0.0
Random Forest,No SMOTE,0,0,0.0
Random Forest,No SMOTE,0,0,0.0
Random Forest,No SMOTE,0,0,0.0
Random Forest,No SMOTE,0,0,0.019881530360623234
Random Forest,No SMOTE,0,0,0.0
Random Forest,No SMOTE,0,0,0.0
Random Forest,No SMOTE,0,0,0.013518373245934452
Random Forest,No SMOTE,0,0,0.0
Random Forest,No SMOTE,0,0,0.0
Random Forest,No SMOTE,0,0,0.008096769891022433
Random Forest,No SMOTE,0,0,0.0
Random Forest,No SMOTE,0,0,0.0
Random Forest,No SMOTE,0,0,0.0
Random Forest,No SMOTE,0,0,0.0
Random Forest,No SMOTE,0,0,0.0
Random Forest,No SMOTE,0,0,0.0
Random Forest,No SMOTE,0,0,0.0
Random Forest,No SMOTE,0,0,0.013518373245934452
Random Forest,No SMOTE,0,0,0.008096769891022433
Random Forest,No SMOTE,0,0,0.0
Random Forest,No SMOTE,0,0,0.0
Random Forest,No SMOTE,0,0,0.0
Random Forest,No SMOTE,0,0,0.0
Random Forest,No SMOTE,0,0,0.0
Random Forest,No SMOTE,0,0,0.0
Random Forest,No SMOTE,0,0,0.013518373245934452
Random Forest,No SMOTE,0,0,0.0
Random Forest,No SMOTE,0,0,0.0
Random Forest,No SMOTE,0,0,0.0
Random Forest,No SMOTE,0,0,0.0
Random Forest,No SMOTE,0,0,0.0
Random Forest,No SMOTE,0,0,0.0
Random Forest,No SMOTE,0,0,0.0
Random Forest,No SMOTE,0,0,0.0
Random Forest,No SMOTE,0,0,0.0
Random Forest,No SMOTE,0,0,0.0
Random Forest,No SMOTE,0,0,0.0
Random Forest,No SMOTE,0,0,0.008096769891022433
Random Forest,No SMOTE,0,0,0.0
Random Forest,No SMOTE,0,0,0.0
Random Forest,No SMOTE,0,0,0.0
Random Forest,No SMOTE,0,0,0.0
Random Forest,No SMOTE,0,0,0.0
Random Forest,No SMOTE,0,0,0.0
Random Forest,No SMOTE,0,0,0.0
Random Forest,No SMOTE,0,0,0.0
Random Forest,No SMOTE,0,0,0.008096769891022433
Random Forest,No SMOTE,0,0,0.0
Random Forest,No SMOTE,0,0,0.0
Random Forest,No SMOTE,0,0,0.0
Random Forest,No SMOTE,0,0,0.0
Random Forest,No SMOTE,0,0,0.0
Random Forest,No SMOTE,0,0,0.008096769891022433
Random Forest,No SMOTE,0,0,0.0
Random Forest,No SMOTE,0,0,0.0
Random Forest,No SMOTE,0,0,0.0
Random Forest,No SMOTE,0,0,0.0
Random Forest,No SMOTE,0,0,0.0
Random Forest,No SMOTE,0,0,0.0
Random Forest,No SMOTE,0,0,0.0
Random Forest,No SMOTE,0,0,0.0
Random Forest,No SMOTE,0,0,0.0
Random Forest,No SMOTE,0,0,0.0
Random Forest,No SMOTE,0,0,0.0
Random Forest,No SMOTE,0,0,0.0
Random Forest,No SMOTE,0,0,0.0
Random Forest,No SMOTE,0,0,0.0
Random Forest,No SMOTE,0,0,0.0
Random Forest,No SMOTE,0,0,0.0
Random Forest,No SMOTE,0,0,0.0
Random Forest,No SMOTE,0,0,0.0
Random Forest,No SMOTE,0,0,0.008096769891022433
Random Forest,No SMOTE,0,0,0.0
Random Forest,No SMOTE,0,0,0.0
Random Forest,No SMOTE,0,0,0.0
Random Forest,No SMOTE,0,0,0.0
Random Forest,No SMOTE,0,0,0.0
Random Forest,No SMOTE,0,0,0.0
Random Forest,No SMOTE,0,0,0.0
Random Forest,No SMOTE,0,0,0.0
Random Forest,No SMOTE,0,0,0.0
Random Forest,No SMOTE,0,0,0.0
Random Forest,No SMOTE,0,0,0.0
Random Forest,No SMOTE,0,0,0.0
Random Forest,No SMOTE,0,0,0.0
Random Forest,No SMOTE,0,0,0.0
Random Forest,No SMOTE,0,0,0.0
Random Forest,No SMOTE,0,0,0.0
Random Forest,No SMOTE,0,0,0.0
Random Forest,No SMOTE,0,0,0.0
Random Forest,No SMOTE,0,0,0.0
Random Forest,No SMOTE,0,0,0.0
Random Forest,No SMOTE,0,0,0.0
Random Forest,No SMOTE,0,0,0.0
Random Forest,No SMOTE,0,0,0.0
Random Forest,No SMOTE,0,0,0.0
Random Forest,No SMOTE,0,0,0.0
Random Forest,No SMOTE,0,0,0.0
Random Forest,No SMOTE,0,0,0.0
Random Forest,No SMOTE,0,0,0.0
Random Forest,No SMOTE,0,0,0.0
Random Forest,No SMOTE,0,0,0.0
Random Forest,No SMOTE,0,0,0.0
Random Forest,No SMOTE,0,0,0.0
Random Forest,No SMOTE,0,0,0.013518373245934452
Random Forest,No SMOTE,0,0,0.0
Random Forest,No SMOTE,0,0,0.0
Random Forest,No SMOTE,0,0,0.0
Random Forest,No SMOTE,0,0,0.0
Random Forest,No SMOTE,0,0,0.0
Random Forest,No SMOTE,0,0,0.0
Random Forest,No SMOTE,0,0,0.0
Random Forest,No SMOTE,0,0,0.005421603354912019
Random Forest,No SMOTE,0,0,0.0
Random Forest,No SMOTE,0,0,0.0
Random Forest,No SMOTE,0,0,0.0
Random Forest,No SMOTE,0,0,0.0
Random Forest,No SMOTE,0,0,0.0
Random Forest,No SMOTE,0,0,0.0
Random Forest,No SMOTE,0,0,0.0
Random Forest,No SMOTE,0,0,0.0
Random Forest,No SMOTE,0,0,0.0
Random Forest,No SMOTE,0,0,0.0
Random Forest,No SMOTE,0,0,0.0
Random Forest,No SMOTE,0,0,0.0
Random Forest,No SMOTE,0,0,0.0
Random Forest,No SMOTE,0,0,0.0
Random Forest,No SMOTE,0,0,0.0
Random Forest,No SMOTE,0,0,0.0
Random Forest,No SMOTE,0,0,0.0
Random Forest,No SMOTE,0,0,0.0
Random Forest,No SMOTE,0,0,0.0
Random Forest,No SMOTE,0,0,0.0
Random Forest,No SMOTE,0,0,0.0
Random Forest,No SMOTE,0,0,0.0
Random Forest,No SMOTE,0,0,0.0
Random Forest,No SMOTE,0,0,0.0
Random Forest,No SMOTE,0,0,0.0
Random Forest,No SMOTE,0,0,0.0
Random Forest,No SMOTE,0,0,0.0
Random Forest,No SMOTE,0,0,0.008096769891022433
Random Forest,No SMOTE,0,0,0.0
Random Forest,No SMOTE,0,0,0.0
Random Forest,No SMOTE,0,0,0.0
Random Forest,No SMOTE,0,0,0.005421603354912019
Random Forest,No SMOTE,0,0,0.0
Random Forest,No SMOTE,0,0,0.0
Random Forest,No SMOTE,0,0,0.0
Random Forest,No SMOTE,0,0,0.0
Random Forest,No SMOTE,0,0,0.0
Random Forest,No SMOTE,0,0,0.0
Random Forest,No SMOTE,0,0,0.0
Random Forest,No SMOTE,0,0,0.0
Random Forest,No SMOTE,0,0,0.0
Random Forest,No SMOTE,0,0,0.0
Random Forest,No SMOTE,0,0,0.0
Random Forest,No SMOTE,0,0,0.0
Random Forest,No SMOTE,0,0,0.0
Random Forest,No SMOTE,0,0,0.0
Random Forest,No SMOTE,0,0,0.0
Random Forest,No SMOTE,0,0,0.008096769891022433
Random Forest,No SMOTE,0,0,0.0
Random Forest,No SMOTE,0,0,0.0
Random Forest,No SMOTE,0,0,0.0
Random Forest,No SMOTE,0,0,0.0
Random Forest,No SMOTE,0,0,0.0
Random Forest,No SMOTE,0,0,0.0
Random Forest,No SMOTE,0,0,0.0
Random Forest,No SMOTE,0,0,0.0
Random Forest,No SMOTE,0,0,0.0
Random Forest,No SMOTE,0,0,0.0
Random Forest,No SMOTE,0,0,0.005421603354912019
Random Forest,No SMOTE,0,0,0.017880273025818672
Random Forest,No SMOTE,0,0,0.0
Random Forest,No SMOTE,0,0,0.0
Random Forest,No SMOTE,0,0,0.0
Random Forest,No SMOTE,0,0,0.0
Random Forest,No SMOTE,0,0,0.0
Random Forest,No SMOTE,0,0,0.0
Random Forest,No SMOTE,0,0,0.005421603354912019
Random Forest,No SMOTE,0,0,0.0
Random Forest,No SMOTE,0,0,0.0
Random Forest,No SMOTE,0,0,0.0
Random Forest,No SMOTE,0,0,0.0
Random Forest,No SMOTE,0,0,0.0
Random Forest,No SMOTE,0,0,0.0
Random Forest,No SMOTE,0,0,0.0
Random Forest,No SMOTE,0,0,0.0
Random Forest,No SMOTE,0,0,0.0
Random Forest,No SMOTE,0,0,0.0
Random Forest,No SMOTE,0,0,0.0
Random Forest,No SMOTE,0,0,0.0
Random Forest,No SMOTE,0,0,0.0
Random Forest,No SMOTE,0,0,0.0
Random Forest,No SMOTE,0,0,0.0
Random Forest,No SMOTE,0,0,0.0
Random Forest,No SMOTE,0,0,0.0
Random Forest,No SMOTE,0,0,0.0
Random Forest,No SMOTE,0,0,0.0
Random Forest,No SMOTE,0,0,0.0
Random Forest,No SMOTE,0,0,0.0
Random Forest,No SMOTE,0,0,0.0
Random Forest,No SMOTE,0,0,0.009479289266866635
Random Forest,No SMOTE,0,0,0.0
Random Forest,No SMOTE,0,0,0.0
Random Forest,No SMOTE,0,0,0.0
Random Forest,No SMOTE,0,0,0.0
Random Forest,No SMOTE,0,0,0.0
Random Forest,No SMOTE,0,0,0.005421603354912019
Random Forest,No SMOTE,0,0,0.0
Random Forest,No SMOTE,0,0,0.013518373245934452
Random Forest,No SMOTE,0,0,0.0
Random Forest,No SMOTE,0,0,0.0
Random Forest,No SMOTE,0,0,0.005421603354912019
Random Forest,No SMOTE,0,0,0.0
Random Forest,No SMOTE,0,0,0.0
Random Forest,No SMOTE,0,0,0.0
Random Forest,No SMOTE,0,0,0.0
Random Forest,No SMOTE,0,0,0.0
Random Forest,No SMOTE,0,0,0.0
Random Forest,No SMOTE,0,0,0.0
Random Forest,No SMOTE,0,0,0.0
Random Forest,No SMOTE,0,0,0.0
Random Forest,No SMOTE,0,0,0.0
Random Forest,No SMOTE,0,0,0.0
Random Forest,No SMOTE,0,0,0.0
Random Forest,No SMOTE,0,0,0.0
Random Forest,No SMOTE,0,0,0.008096769891022433
Random Forest,No SMOTE,0,0,0.0
Random Forest,No SMOTE,0,0,0.0
Random Forest,No SMOTE,0,0,0.0
Random Forest,No SMOTE,0,0,0.008096769891022433
Random Forest,No SMOTE,0,0,0.0
Random Forest,No SMOTE,0,0,0.0
Random Forest,No SMOTE,0,0,0.0
Random Forest,No SMOTE,0,0,0.0
Random Forest,No SMOTE,0,0,0.0
Random Forest,No SMOTE,0,0,0.009479289266866635
Random Forest,No SMOTE,0,0,0.0
Random Forest,No SMOTE,0,0,0.0
Random Forest,No SMOTE,0,0,0.0
Random Forest,No SMOTE,0,0,0.008096769891022433
Random Forest,No SMOTE,0,0,0.0
Random Forest,No SMOTE,0,0,0.0
Random Forest,No SMOTE,0,0,0.0
Random Forest,No SMOTE,0,0,0.0
Random Forest,No SMOTE,0,0,0.013518373245934452
Random Forest,No SMOTE,0,0,0.0
Random Forest,No SMOTE,0,0,0.013518373245934452
Random Forest,No SMOTE,0,0,0.0
Random Forest,No SMOTE,0,0,0.0
Random Forest,No SMOTE,0,0,0.0
Random Forest,No SMOTE,0,0,0.0
Random Forest,No SMOTE,0,0,0.0
Random Forest,No SMOTE,0,0,0.008096769891022433
Random Forest,No SMOTE,0,0,0.013518373245934452
Random Forest,No SMOTE,0,0,0.0
Random Forest,No SMOTE,0,0,0.0
Random Forest,No SMOTE,0,0,0.0
Random Forest,No SMOTE,0,0,0.0
Random Forest,No SMOTE,0,0,0.0
Random Forest,No SMOTE,0,0,0.0
Random Forest,No SMOTE,0,0,0.0
Random Forest,No SMOTE,0,0,0.008096769891022433
AdaBoost,No SMOTE,0,0,0.16342013312650427
AdaBoost,No SMOTE,0,0,0.1719470769852437
AdaBoost,No SMOTE,0,0,0.21928751511544514
AdaBoost,No SMOTE,0,0,0.17726965587952628
AdaBoost,No SMOTE,0,0,0.17726965587952628
AdaBoost,No SMOTE,0,0,0.1689822365998279
AdaBoost,No SMOTE,0,0,0.14895992415852724
AdaBoost,No SMOTE,0,0,0.1744311028445886
AdaBoost,No SMOTE,0,0,0.1786840584100862
AdaBoost,No SMOTE,0,0,0.18800989342479768
AdaBoost,No SMOTE,0,0,0.17726965587952628
AdaBoost,No SMOTE,0,0,0.16342013312650427
AdaBoost,No SMOTE,0,0,0.1689822365998279
AdaBoost,No SMOTE,0,0,0.19090832035678107
AdaBoost,No SMOTE,0,0,0.1689822365998279
AdaBoost,No SMOTE,0,0,0.2193403423397052
AdaBoost,No SMOTE,0,0,0.13019713023369225
AdaBoost,No SMOTE,0,0,0.21607329118820193
AdaBoost,No SMOTE,0,0,0.14895992415852724
AdaBoost,No SMOTE,0,0,0.17726965587952628
AdaBoost,No SMOTE,0,0,0.22493649393812828
AdaBoost,No SMOTE,0,0,0.22493649393812828
AdaBoost,No SMOTE,0,0,0.17726965587952628
AdaBoost,No SMOTE,0,0,0.1744311028445886
AdaBoost,No SMOTE,0,0,0.1689822365998279
AdaBoost,No SMOTE,0,0,0.13019713023369225
AdaBoost,No SMOTE,0,0,0.17726965587952628
AdaBoost,No SMOTE,0,0,0.1689822365998279
AdaBoost,No SMOTE,0,0,0.1744311028445886
AdaBoost,No SMOTE,0,0,0.17726965587952628
AdaBoost,No SMOTE,0,0,0.22493649393812828
AdaBoost,No SMOTE,0,0,0.18800989342479768
AdaBoost,No SMOTE,0,0,0.18800989342479768
AdaBoost,No SMOTE,0,0,0.1744311028445886
AdaBoost,No SMOTE,0,0,0.1689822365998279
AdaBoost,No SMOTE,0,0,0.1744311028445886
AdaBoost,No SMOTE,0,0,0.22493649393812828
AdaBoost,No SMOTE,0,0,0.17726965587952628
AdaBoost,No SMOTE,0,0,0.22493649393812828
AdaBoost,No SMOTE,0,0,0.22493649393812828
AdaBoost,No SMOTE,0,0,0.1744311028445886
AdaBoost,No SMOTE,0,0,0.13019713023369225
AdaBoost,No SMOTE,0,0,0.17726965587952628
AdaBoost,No SMOTE,0,0,0.17726965587952628
AdaBoost,No SMOTE,0,0,0.1744311028445886
AdaBoost,No SMOTE,0,0,0.1931443810264556
AdaBoost,No SMOTE,0,0,0.17726965587952628
AdaBoost,No SMOTE,0,0,0.1689822365998279
AdaBoost,No SMOTE,0,0,0.16618389338377842
AdaBoost,No SMOTE,0,0,0.13019713023369225
AdaBoost,No SMOTE,0,0,0.22295168509089985
AdaBoost,No SMOTE,0,0,0.1744311028445886
AdaBoost,No SMOTE,0,0,0.1689822365998279
AdaBoost,No SMOTE,0,0,0.1689822365998279
AdaBoost,No SMOTE,0,0,0.21607329118820193
AdaBoost,No SMOTE,0,0,0.14895992415852724
AdaBoost,No SMOTE,0,0,0.1689822365998279
AdaBoost,No SMOTE,0,0,0.16342013312650427
AdaBoost,No SMOTE,0,0,0.1689822365998279
AdaBoost,No SMOTE,0,0,0.13586401457059089
AdaBoost,No SMOTE,0,0,0.1744311028445886
AdaBoost,No SMOTE,0,0,0.17726965587952628
AdaBoost,No SMOTE,0,0,0.22493649393812828
AdaBoost,No SMOTE,0,0,0.2193403423397052
AdaBoost,No SMOTE,0,0,0.1689822365998279
AdaBoost,No SMOTE,0,0,0.1689822365998279
AdaBoost,No SMOTE,0,0,0.13586401457059089
AdaBoost,No SMOTE,0,0,0.13019713023369225
AdaBoost,No SMOTE,0,0,0.14895992415852724
AdaBoost,No SMOTE,0,0,0.13019713023369225
AdaBoost,No SMOTE,0,0,0.16342013312650427
AdaBoost,No SMOTE,0,0,0.1689822365998279
AdaBoost,No SMOTE,0,0,0.2711112187846615
AdaBoost,No SMOTE,0,0,0.17726965587952628
AdaBoost,No SMOTE,0,0,0.22295168509089985
AdaBoost,No SMOTE,0,0,0.1689822365998279
AdaBoost,No SMOTE,0,0,0.21607329118820193
AdaBoost,No SMOTE,0,0,0.1689822365998279
AdaBoost,No SMOTE,0,0,0.1744311028445886
AdaBoost,No SMOTE,0,0,0.17726965587952628
AdaBoost,No SMOTE,0,0,0.17726965587952628
AdaBoost,No SMOTE,0,0,0.1744311028445886
AdaBoost,No SMOTE,0,0,0.16618389338377842
AdaBoost,No SMOTE,0,0,0.13586401457059089
AdaBoost,No SMOTE,0,0,0.17726965587952628
AdaBoost,No SMOTE,0,0,0.1689822365998279
AdaBoost,No SMOTE,0,0,0.1689822365998279
AdaBoost,No SMOTE,0,0,0.1744311028445886
AdaBoost,No SMOTE,0,0,0.1719470769852437
AdaBoost,No SMOTE,0,0,0.1744311028445886
AdaBoost,No SMOTE,0,0,0.21607329118820193
AdaBoost,No SMOTE,0,0,0.22493649393812828
AdaBoost,No SMOTE,0,0,0.16618389338377842
AdaBoost,No SMOTE,0,0,0.21607329118820193
AdaBoost,No SMOTE,0,0,0.22493649393812828
AdaBoost,No SMOTE,0,0,0.17726965587952628
AdaBoost,No SMOTE,0,0,0.17726965587952628
AdaBoost,No SMOTE,0,0,0.17726965587952628
AdaBoost,No SMOTE,0,0,0.22493649393812828
AdaBoost,No SMOTE,0,0,0.1431423024436669
AdaBoost,No SMOTE,0,0,0.1689822365998279
AdaBoost,No SMOTE,0,0,0.17726965587952628
AdaBoost,No SMOTE,0,0,0.1744311028445886
AdaBoost,No SMOTE,0,0,0.17726965587952628
AdaBoost,No SMOTE,0,0,0.2193403423397052
AdaBoost,No SMOTE,0,0,0.17726965587952628
AdaBoost,No SMOTE,0,0,0.1689822365998279
AdaBoost,No SMOTE,0,0,0.1689822365998279
AdaBoost,No SMOTE,0,0,0.13019713023369225
AdaBoost,No SMOTE,0,0,0.1744311028445886
AdaBoost,No SMOTE,0,0,0.17726965587952628
AdaBoost,No SMOTE,0,0,0.17726965587952628
AdaBoost,No SMOTE,0,0,0.14798688540029464
AdaBoost,No SMOTE,0,0,0.1689822365998279
AdaBoost,No SMOTE,0,0,0.18800989342479768
AdaBoost,No SMOTE,0,0,0.1744311028445886
AdaBoost,No SMOTE,0,0,0.17726965587952628
AdaBoost,No SMOTE,0,0,0.1689822365998279
AdaBoost,No SMOTE,0,0,0.1689822365998279
AdaBoost,No SMOTE,0,0,0.25081468689261593
AdaBoost,No SMOTE,0,0,0.18496367037446623
AdaBoost,No SMOTE,0,0,0.1744311028445886
AdaBoost,No SMOTE,0,0,0.21928751511544514
AdaBoost,No SMOTE,0,0,0.191758796857404
AdaBoost,No SMOTE,0,0,0.1689822365998279
AdaBoost,No SMOTE,0,0,0.16618389338377842
AdaBoost,No SMOTE,0,0,0.1431363477165842
AdaBoost,No SMOTE,0,0,0.1689822365998279
AdaBoost,No SMOTE,0,0,0.1744311028445886
AdaBoost,No SMOTE,0,0,0.13019713023369225
AdaBoost,No SMOTE,0,0,0.17133680384090874
AdaBoost,No SMOTE,0,0,0.17726965587952628
AdaBoost,No SMOTE,0,0,0.21607329118820193
AdaBoost,No SMOTE,0,0,0.1744311028445886
AdaBoost,No SMOTE,0,0,0.1689822365998279
AdaBoost,No SMOTE,0,0,0.1744311028445886
AdaBoost,No SMOTE,0,0,0.16342013312650427
AdaBoost,No SMOTE,0,0,0.1744311028445886
AdaBoost,No SMOTE,0,0,0.1744311028445886
AdaBoost,No SMOTE,0,0,0.1744311028445886
AdaBoost,No SMOTE,0,0,0.191758796857404
AdaBoost,No SMOTE,0,0,0.1744311028445886
AdaBoost,No SMOTE,0,0,0.21607329118820193
AdaBoost,No SMOTE,0,0,0.16867357177983938
AdaBoost,No SMOTE,0,0,0.1744311028445886
AdaBoost,No SMOTE,0,0,0.22493649393812828
AdaBoost,No SMOTE,0,0,0.1689822365998279
AdaBoost,No SMOTE,0,0,0.17726965587952628
AdaBoost,No SMOTE,0,0,0.14895992415852724
AdaBoost,No SMOTE,0,0,0.17726965587952628
AdaBoost,No SMOTE,0,0,0.1744311028445886
AdaBoost,No SMOTE,0,0,0.1744311028445886
AdaBoost,No SMOTE,0,0,0.17726965587952628
AdaBoost,No SMOTE,0,0,0.22493649393812828
AdaBoost,No SMOTE,0,0,0.20002774141121915
AdaBoost,No SMOTE,0,0,0.17726965587952628
AdaBoost,No SMOTE,0,0,0.17726965587952628
AdaBoost,No SMOTE,0,0,0.1689822365998279
AdaBoost,No SMOTE,0,0,0.1744311028445886
AdaBoost,No SMOTE,0,0,0.16618389338377842
AdaBoost,No SMOTE,0,0,0.17726965587952628
AdaBoost,No SMOTE,0,0,0.22176486665410824
AdaBoost,No SMOTE,0,0,0.14895992415852724
AdaBoost,No SMOTE,0,0,0.14895992415852724
AdaBoost,No SMOTE,0,0,0.1744311028445886
AdaBoost,No SMOTE,0,0,0.13019713023369225
AdaBoost,No SMOTE,0,0,0.2193403423397052
AdaBoost,No SMOTE,0,0,0.1744311028445886
AdaBoost,No SMOTE,0,0,0.14895992415852724
AdaBoost,No SMOTE,0,0,0.1689822365998279
AdaBoost,No SMOTE,0,0,0.2193403423397052
AdaBoost,No SMOTE,0,0,0.17726965587952628
AdaBoost,No SMOTE,0,0,0.1689822365998279
AdaBoost,No SMOTE,0,0,0.191758796857404
AdaBoost,No SMOTE,0,0,0.1689822365998279
AdaBoost,No SMOTE,0,0,0.17726965587952628
AdaBoost,No SMOTE,0,0,0.2711112187846615
AdaBoost,No SMOTE,0,0,0.1689822365998279
AdaBoost,No SMOTE,0,0,0.16203849466010875
AdaBoost,No SMOTE,0,0,0.1689822365998279
AdaBoost,No SMOTE,0,0,0.21607329118820193
AdaBoost,No SMOTE,0,0,0.17643129068755622
AdaBoost,No SMOTE,0,0,0.16203849466010875
AdaBoost,No SMOTE,0,0,0.13586401457059089
AdaBoost,No SMOTE,0,0,0.1786840584100862
AdaBoost,No SMOTE,0,0,0.1744311028445886
AdaBoost,No SMOTE,0,0,0.1744311028445886
AdaBoost,No SMOTE,0,0,0.22493649393812828
AdaBoost,No SMOTE,0,0,0.1689822365998279
AdaBoost,No SMOTE,0,0,0.14895992415852724
AdaBoost,No SMOTE,0,0,0.1744311028445886
AdaBoost,No SMOTE,0,0,0.21607329118820193
AdaBoost,No SMOTE,0,0,0.22493649393812828
AdaBoost,No SMOTE,0,0,0.1744311028445886
AdaBoost,No SMOTE,0,0,0.1689822365998279
AdaBoost,No SMOTE,0,0,0.1689822365998279
AdaBoost,No SMOTE,0,0,0.13586401457059089
AdaBoost,No SMOTE,0,0,0.1689822365998279
AdaBoost,No SMOTE,0,0,0.1689822365998279
AdaBoost,No SMOTE,0,0,0.1689822365998279
AdaBoost,No SMOTE,0,0,0.1689822365998279
AdaBoost,No SMOTE,0,0,0.13586401457059089
AdaBoost,No SMOTE,0,0,0.205659675438033
AdaBoost,No SMOTE,0,0,0.1689822365998279
AdaBoost,No SMOTE,0,0,0.1689822365998279
AdaBoost,No SMOTE,0,0,0.21607329118820193
AdaBoost,No SMOTE,0,0,0.1744311028445886
AdaBoost,No SMOTE,0,0,0.1689822365998279
AdaBoost,No SMOTE,0,0,0.20002774141121915
AdaBoost,No SMOTE,0,0,0.1744311028445886
AdaBoost,No SMOTE,0,0,0.1689822365998279
AdaBoost,No SMOTE,0,0,0.22493649393812828
AdaBoost,No SMOTE,0,0,0.16618389338377842
AdaBoost,No SMOTE,0,0,0.1689822365998279
AdaBoost,No SMOTE,0,0,0.2193403423397052
AdaBoost,No SMOTE,0,0,0.205659675438033
AdaBoost,No SMOTE,0,0,0.14895992415852724
AdaBoost,No SMOTE,0,0,0.21607329118820193
AdaBoost,No SMOTE,0,0,0.21928751511544514
AdaBoost,No SMOTE,0,0,0.16342013312650427
AdaBoost,No SMOTE,0,0,0.13019713023369225
AdaBoost,No SMOTE,0,0,0.1744311028445886
AdaBoost,No SMOTE,0,0,0.1456228192075175
AdaBoost,No SMOTE,0,0,0.1689822365998279
AdaBoost,No SMOTE,0,0,0.22493649393812828
AdaBoost,No SMOTE,0,0,0.22493649393812828
AdaBoost,No SMOTE,0,0,0.1719470769852437
AdaBoost,No SMOTE,0,0,0.1689822365998279
AdaBoost,No SMOTE,0,0,0.2091061060399178
AdaBoost,No SMOTE,0,0,0.14895992415852724
AdaBoost,No SMOTE,0,0,0.17726965587952628
AdaBoost,No SMOTE,0,0,0.1744311028445886
AdaBoost,No SMOTE,0,0,0.17726965587952628
AdaBoost,No SMOTE,0,0,0.17726965587952628
AdaBoost,No SMOTE,0,0,0.17726965587952628
AdaBoost,No SMOTE,0,0,0.13586401457059089
AdaBoost,No SMOTE,0,0,0.1744311028445886
AdaBoost,No SMOTE,0,0,0.14895992415852724
AdaBoost,No SMOTE,0,0,0.1689822365998279
AdaBoost,No SMOTE,0,0,0.1431423024436669
AdaBoost,No SMOTE,0,0,0.2193403423397052
AdaBoost,No SMOTE,0,0,0.17726965587952628
AdaBoost,No SMOTE,0,0,0.1689822365998279
AdaBoost,No SMOTE,0,0,0.17643129068755622
AdaBoost,No SMOTE,0,0,0.1689822365998279
AdaBoost,No SMOTE,0,0,0.1431363477165842
AdaBoost,No SMOTE,0,0,0.1689822365998279
AdaBoost,No SMOTE,0,0,0.16203849466010875
AdaBoost,No SMOTE,0,0,0.1689822365998279
AdaBoost,No SMOTE,0,0,0.17726965587952628
AdaBoost,No SMOTE,0,0,0.1744311028445886
AdaBoost,No SMOTE,0,0,0.2193403423397052
AdaBoost,No SMOTE,0,0,0.1786840584100862
AdaBoost,No SMOTE,0,0,0.1689822365998279
AdaBoost,No SMOTE,0,0,0.1689822365998279
AdaBoost,No SMOTE,0,0,0.1744311028445886
AdaBoost,No SMOTE,0,0,0.22493649393812828
AdaBoost,No SMOTE,0,0,0.17726965587952628
AdaBoost,No SMOTE,0,0,0.17643129068755622
AdaBoost,No SMOTE,0,0,0.1431423024436669
AdaBoost,No SMOTE,0,0,0.1744311028445886
AdaBoost,No SMOTE,0,0,0.13019713023369225
AdaBoost,No SMOTE,0,0,0.17726965587952628
AdaBoost,No SMOTE,0,0,0.1431423024436669
AdaBoost,No SMOTE,0,0,0.2193403423397052
AdaBoost,No SMOTE,0,0,0.22493649393812828
AdaBoost,No SMOTE,0,0,0.1744311028445886
AdaBoost,No SMOTE,0,0,0.1689822365998279
AdaBoost,No SMOTE,0,0,0.16895403564617684
AdaBoost,No SMOTE,0,0,0.20002774141121915
AdaBoost,No SMOTE,0,0,0.14651749284402038
AdaBoost,No SMOTE,0,0,0.1744311028445886
AdaBoost,No SMOTE,0,0,0.22493649393812828
AdaBoost,No SMOTE,0,0,0.17726965587952628
AdaBoost,No SMOTE,0,0,0.17726965587952628
AdaBoost,No SMOTE,0,0,0.1689822365998279
AdaBoost,No SMOTE,0,0,0.1744311028445886
AdaBoost,No SMOTE,0,0,0.18800989342479768
AdaBoost,No SMOTE,0,0,0.14895992415852724
AdaBoost,No SMOTE,0,0,0.1689822365998279
AdaBoost,No SMOTE,0,0,0.19003443635734119
AdaBoost,No SMOTE,0,0,0.1689822365998279
AdaBoost,No SMOTE,0,0,0.1689822365998279
AdaBoost,No SMOTE,0,0,0.1744311028445886
AdaBoost,No SMOTE,0,0,0.14895992415852724
AdaBoost,No SMOTE,0,0,0.17726965587952628
AdaBoost,No SMOTE,0,0,0.1744311028445886
AdaBoost,No SMOTE,0,0,0.1744311028445886
AdaBoost,No SMOTE,0,0,0.14895992415852724
AdaBoost,No SMOTE,0,0,0.1689822365998279
AdaBoost,No SMOTE,0,0,0.16618389338377842
AdaBoost,No SMOTE,0,0,0.17643129068755622
AdaBoost,No SMOTE,0,0,0.11920292202211763
AdaBoost,No SMOTE,0,0,0.17726965587952628
AdaBoost,No SMOTE,0,0,0.13019713023369225
AdaBoost,No SMOTE,0,0,0.17726965587952628
AdaBoost,No SMOTE,0,0,0.1689822365998279
AdaBoost,No SMOTE,0,0,0.13019713023369225
AdaBoost,No SMOTE,0,0,0.13586401457059089
AdaBoost,No SMOTE,0,0,0.2193403423397052
AdaBoost,No SMOTE,0,0,0.2193403423397052
AdaBoost,No SMOTE,0,0,0.1689822365998279
AdaBoost,No SMOTE,0,0,0.1744311028445886
AdaBoost,No SMOTE,0,0,0.21607329118820193
AdaBoost,No SMOTE,0,0,0.1689822365998279
AdaBoost,No SMOTE,0,0,0.23177895169308674
AdaBoost,No SMOTE,0,0,0.1744311028445886
AdaBoost,No SMOTE,0,0,0.18496367037446623
AdaBoost,No SMOTE,0,0,0.1689822365998279
AdaBoost,No SMOTE,0,0,0.1744311028445886
AdaBoost,No SMOTE,0,0,0.14895992415852724
AdaBoost,No SMOTE,0,0,0.1744311028445886
AdaBoost,No SMOTE,0,0,0.1744311028445886
AdaBoost,No SMOTE,0,0,0.13586401457059089
AdaBoost,No SMOTE,0,0,0.1744311028445886
AdaBoost,No SMOTE,0,0,0.1744311028445886
AdaBoost,No SMOTE,0,0,0.1689822365998279
AdaBoost,No SMOTE,0,0,0.1689822365998279
AdaBoost,No SMOTE,0,0,0.11920292202211763
AdaBoost,No SMOTE,0,0,0.1744311028445886
AdaBoost,No SMOTE,0,0,0.1744311028445886
AdaBoost,No SMOTE,0,0,0.13586401457059089
AdaBoost,No SMOTE,0,0,0.17726965587952628
AdaBoost,No SMOTE,0,0,0.1431423024436669
AdaBoost,No SMOTE,0,0,0.17726965587952628
AdaBoost,No SMOTE,0,0,0.18800989342479768
AdaBoost,No SMOTE,0,0,0.191758796857404
AdaBoost,No SMOTE,0,0,0.1744311028445886
AdaBoost,No SMOTE,0,0,0.1689822365998279
AdaBoost,No SMOTE,0,0,0.1744311028445886
AdaBoost,No SMOTE,0,0,0.1744311028445886
AdaBoost,No SMOTE,0,0,0.13586401457059089
AdaBoost,No SMOTE,0,0,0.21928751511544514
AdaBoost,No SMOTE,0,0,0.11920292202211763
AdaBoost,No SMOTE,0,0,0.14895992415852724
AdaBoost,No SMOTE,0,0,0.1744311028445886
AdaBoost,No SMOTE,0,0,0.17726965587952628
AdaBoost,No SMOTE,0,0,0.17726965587952628
AdaBoost,No SMOTE,0,0,0.17726965587952628
AdaBoost,No SMOTE,0,0,0.13586401457059089
AdaBoost,No SMOTE,0,0,0.17726965587952628
AdaBoost,No SMOTE,0,0,0.14895992415852724
AdaBoost,No SMOTE,0,0,0.18496367037446623
AdaBoost,No SMOTE,0,0,0.17726965587952628
AdaBoost,No SMOTE,0,0,0.1744311028445886
AdaBoost,No SMOTE,0,0,0.16867357177983938
AdaBoost,No SMOTE,0,0,0.14895992415852724
AdaBoost,No SMOTE,0,0,0.17726965587952628
AdaBoost,No SMOTE,0,0,0.16342013312650427
AdaBoost,No SMOTE,0,0,0.13586401457059089
AdaBoost,No SMOTE,0,0,0.1689822365998279
AdaBoost,No SMOTE,0,0,0.20002774141121915
AdaBoost,No SMOTE,0,0,0.1744311028445886
AdaBoost,No SMOTE,0,0,0.21607329118820193
AdaBoost,No SMOTE,0,0,0.16342013312650427
AdaBoost,No SMOTE,0,0,0.1689822365998279
AdaBoost,No SMOTE,0,0,0.1744311028445886
AdaBoost,No SMOTE,0,0,0.16342013312650427
AdaBoost,No SMOTE,0,0,0.13019713023369225
AdaBoost,No SMOTE,0,0,0.1744311028445886
AdaBoost,No SMOTE,0,0,0.1431423024436669
AdaBoost,No SMOTE,0,0,0.205659675438033
AdaBoost,No SMOTE,0,0,0.17726965587952628
AdaBoost,No SMOTE,0,0,0.22493649393812828
AdaBoost,No SMOTE,0,0,0.13019713023369225
AdaBoost,No SMOTE,0,0,0.1431423024436669
AdaBoost,No SMOTE,0,0,0.17726965587952628
AdaBoost,No SMOTE,0,0,0.1744311028445886
AdaBoost,No SMOTE,0,0,0.14895992415852724
AdaBoost,No SMOTE,0,0,0.25081468689261593
AdaBoost,No SMOTE,0,0,0.13586401457059089
AdaBoost,No SMOTE,0,0,0.13019713023369225
AdaBoost,No SMOTE,0,0,0.1744311028445886
AdaBoost,No SMOTE,0,0,0.18496367037446623
AdaBoost,No SMOTE,0,0,0.22493649393812828
AdaBoost,No SMOTE,0,0,0.1689822365998279
AdaBoost,No SMOTE,0,0,0.16342013312650427
AdaBoost,No SMOTE,0,0,0.1744311028445886
AdaBoost,No SMOTE,0,0,0.2091061060399178
AdaBoost,No SMOTE,0,0,0.16867357177983938
AdaBoost,No SMOTE,0,0,0.1689822365998279
AdaBoost,No SMOTE,0,0,0.1689822365998279
AdaBoost,No SMOTE,0,0,0.1689822365998279
AdaBoost,No SMOTE,0,0,0.17726965587952628
AdaBoost,No SMOTE,0,0,0.1744311028445886
AdaBoost,No SMOTE,0,0,0.17726965587952628
AdaBoost,No SMOTE,0,0,0.1689822365998279
AdaBoost,No SMOTE,0,0,0.1689822365998279
AdaBoost,No SMOTE,0,0,0.205659675438033
AdaBoost,No SMOTE,0,0,0.17726965587952628
AdaBoost,No SMOTE,0,0,0.1689822365998279
AdaBoost,No SMOTE,0,0,0.14895992415852724
AdaBoost,No SMOTE,0,0,0.1744311028445886
AdaBoost,No SMOTE,0,0,0.1744311028445886
AdaBoost,No SMOTE,0,0,0.1689822365998279
AdaBoost,No SMOTE,0,0,0.1689822365998279
AdaBoost,No SMOTE,0,0,0.17726965587952628
AdaBoost,No SMOTE,0,0,0.16203849466010875
AdaBoost,No SMOTE,0,0,0.1689822365998279
AdaBoost,No SMOTE,0,0,0.1689822365998279
AdaBoost,No SMOTE,0,0,0.17726965587952628
AdaBoost,No SMOTE,0,0,0.21607329118820193
AdaBoost,No SMOTE,0,0,0.14895992415852724
AdaBoost,No SMOTE,0,0,0.17726965587952628
AdaBoost,No SMOTE,0,0,0.17643129068755622
AdaBoost,No SMOTE,0,0,0.2193403423397052
AdaBoost,No SMOTE,0,0,0.1689822365998279
AdaBoost,No SMOTE,0,0,0.17182074334119965
AdaBoost,No SMOTE,0,0,0.16867357177983938
AdaBoost,No SMOTE,0,0,0.1689822365998279
AdaBoost,No SMOTE,0,0,0.1431423024436669
AdaBoost,No SMOTE,0,0,0.1744311028445886
AdaBoost,No SMOTE,0,0,0.14895992415852724
AdaBoost,No SMOTE,0,0,0.18496367037446623
AdaBoost,No SMOTE,0,0,0.22176486665410824
AdaBoost,No SMOTE,0,0,0.21607329118820193
AdaBoost,No SMOTE,0,0,0.1744311028445886
AdaBoost,No SMOTE,0,0,0.1431423024436669
AdaBoost,No SMOTE,0,0,0.1744311028445886
AdaBoost,No SMOTE,0,0,0.1689822365998279
AdaBoost,No SMOTE,0,0,0.191758796857404
AdaBoost,No SMOTE,0,0,0.17726965587952628
AdaBoost,No SMOTE,0,0,0.17726965587952628
AdaBoost,No SMOTE,0,0,0.1689822365998279
AdaBoost,No SMOTE,0,0,0.17726965587952628
AdaBoost,No SMOTE,0,0,0.1431363477165842
AdaBoost,No SMOTE,0,0,0.1689822365998279
AdaBoost,No SMOTE,0,0,0.1719470769852437
AdaBoost,No SMOTE,0,0,0.14895992415852724
AdaBoost,No SMOTE,0,0,0.17726965587952628
AdaBoost,No SMOTE,0,0,0.14895992415852724
AdaBoost,No SMOTE,0,0,0.1689822365998279
AdaBoost,No SMOTE,0,0,0.1744311028445886
AdaBoost,No SMOTE,0,0,0.13019713023369225
AdaBoost,No SMOTE,0,0,0.1689822365998279
AdaBoost,No SMOTE,0,0,0.1744311028445886
AdaBoost,No SMOTE,0,0,0.1689822365998279
AdaBoost,No SMOTE,0,0,0.1719470769852437
AdaBoost,No SMOTE,0,0,0.13586401457059089
AdaBoost,No SMOTE,0,0,0.1744311028445886
AdaBoost,No SMOTE,0,0,0.14895992415852724
AdaBoost,No SMOTE,0,0,0.1719470769852437
AdaBoost,No SMOTE,0,0,0.14895992415852724
AdaBoost,No SMOTE,0,0,0.21607329118820193
AdaBoost,No SMOTE,0,0,0.17726965587952628
AdaBoost,No SMOTE,0,0,0.1786840584100862
AdaBoost,No SMOTE,0,0,0.1744311028445886
AdaBoost,No SMOTE,0,0,0.191758796857404
AdaBoost,No SMOTE,0,0,0.16618389338377842
AdaBoost,No SMOTE,0,0,0.22493649393812828
AdaBoost,No SMOTE,0,0,0.17726965587952628
AdaBoost,No SMOTE,0,0,0.17726965587952628
AdaBoost,No SMOTE,0,0,0.17726965587952628
AdaBoost,No SMOTE,0,0,0.17726965587952628
AdaBoost,No SMOTE,0,0,0.1744311028445886
AdaBoost,No SMOTE,0,0,0.18800989342479768
AdaBoost,No SMOTE,0,0,0.17726965587952628
AdaBoost,No SMOTE,0,0,0.2193403423397052
AdaBoost,No SMOTE,0,0,0.1744311028445886
AdaBoost,No SMOTE,0,0,0.1744311028445886
AdaBoost,No SMOTE,0,0,0.13586401457059089
AdaBoost,No SMOTE,0,0,0.1744311028445886
AdaBoost,No SMOTE,0,0,0.1689822365998279
AdaBoost,No SMOTE,0,0,0.16342013312650427
AdaBoost,No SMOTE,0,0,0.17726965587952628
AdaBoost,No SMOTE,0,0,0.1744311028445886
AdaBoost,No SMOTE,0,0,0.2193403423397052
AdaBoost,No SMOTE,0,0,0.1744311028445886
AdaBoost,No SMOTE,0,0,0.1689822365998279
AdaBoost,No SMOTE,0,0,0.1744311028445886
AdaBoost,No SMOTE,0,0,0.1744311028445886
AdaBoost,No SMOTE,0,0,0.21607329118820193
AdaBoost,No SMOTE,0,0,0.21573524134425506
AdaBoost,No SMOTE,0,0,0.22044238283982498
AdaBoost,No SMOTE,0,0,0.16618389338377842
AdaBoost,No SMOTE,0,0,0.17726965587952628
AdaBoost,No SMOTE,0,0,0.17133680384090874
AdaBoost,No SMOTE,0,0,0.13586401457059089
AdaBoost,No SMOTE,0,0,0.17043552930931818
AdaBoost,No SMOTE,0,0,0.1689822365998279
AdaBoost,No SMOTE,0,0,0.1689822365998279
AdaBoost,No SMOTE,0,0,0.16618389338377842
AdaBoost,No SMOTE,0,0,0.16342013312650427
AdaBoost,No SMOTE,0,0,0.1744311028445886
AdaBoost,No SMOTE,0,0,0.2193403423397052
AdaBoost,No SMOTE,0,0,0.17726965587952628
AdaBoost,No SMOTE,0,0,0.22493649393812828
AdaBoost,No SMOTE,0,0,0.21607329118820193
AdaBoost,No SMOTE,0,0,0.13019713023369225
AdaBoost,No SMOTE,0,0,0.1744311028445886
AdaBoost,No SMOTE,0,0,0.17643129068755622
AdaBoost,No SMOTE,0,0,0.1689822365998279
AdaBoost,No SMOTE,0,0,0.14651749284402038
AdaBoost,No SMOTE,0,0,0.1689822365998279
AdaBoost,No SMOTE,0,0,0.16342013312650427
AdaBoost,No SMOTE,0,0,0.1744311028445886
AdaBoost,No SMOTE,0,0,0.14895992415852724
AdaBoost,No SMOTE,0,0,0.1689822365998279
AdaBoost,No SMOTE,0,0,0.1744311028445886
AdaBoost,No SMOTE,0,0,0.17726965587952628
AdaBoost,No SMOTE,0,0,0.1689822365998279
AdaBoost,No SMOTE,0,0,0.22493649393812828
AdaBoost,No SMOTE,0,0,0.21607329118820193
AdaBoost,No SMOTE,0,0,0.1689822365998279
AdaBoost,No SMOTE,0,0,0.1744311028445886
AdaBoost,No SMOTE,0,0,0.18800989342479768
AdaBoost,No SMOTE,0,0,0.1744311028445886
AdaBoost,No SMOTE,0,0,0.13586401457059089
AdaBoost,No SMOTE,0,0,0.13019713023369225
AdaBoost,No SMOTE,0,0,0.1431363477165842
AdaBoost,No SMOTE,0,0,0.1689822365998279
AdaBoost,No SMOTE,0,0,0.2193403423397052
AdaBoost,No SMOTE,0,0,0.1431423024436669
AdaBoost,No SMOTE,0,0,0.1431363477165842
AdaBoost,No SMOTE,0,0,0.22493649393812828
AdaBoost,No SMOTE,0,0,0.1431363477165842
AdaBoost,No SMOTE,0,0,0.17726965587952628
AdaBoost,No SMOTE,0,0,0.17726965587952628
AdaBoost,No SMOTE,0,0,0.1744311028445886
AdaBoost,No SMOTE,0,0,0.1689822365998279
AdaBoost,No SMOTE,0,0,0.205659675438033
AdaBoost,No SMOTE,0,0,0.16867357177983938
AdaBoost,No SMOTE,0,0,0.21607329118820193
AdaBoost,No SMOTE,0,0,0.1689822365998279
AdaBoost,No SMOTE,0,0,0.16342013312650427
AdaBoost,No SMOTE,0,0,0.2193403423397052
AdaBoost,No SMOTE,0,0,0.21607329118820193
AdaBoost,No SMOTE,0,0,0.1744311028445886
AdaBoost,No SMOTE,0,0,0.191758796857404
AdaBoost,No SMOTE,0,0,0.17726965587952628
AdaBoost,No SMOTE,0,0,0.1744311028445886
AdaBoost,No SMOTE,0,0,0.1744311028445886
AdaBoost,No SMOTE,0,0,0.1689822365998279
AdaBoost,No SMOTE,0,0,0.16895403564617684
AdaBoost,No SMOTE,0,0,0.1719470769852437
AdaBoost,No SMOTE,0,0,0.14895992415852724
AdaBoost,No SMOTE,0,0,0.17726965587952628
AdaBoost,No SMOTE,0,0,0.1689822365998279
AdaBoost,No SMOTE,0,0,0.1744311028445886
AdaBoost,No SMOTE,0,0,0.18800989342479768
AdaBoost,No SMOTE,0,0,0.1719470769852437
AdaBoost,No SMOTE,0,0,0.1744311028445886
AdaBoost,No SMOTE,0,0,0.1744311028445886
AdaBoost,No SMOTE,0,0,0.1689822365998279
AdaBoost,No SMOTE,0,0,0.13586401457059089
AdaBoost,No SMOTE,0,0,0.1689822365998279
AdaBoost,No SMOTE,0,0,0.1744311028445886
AdaBoost,No SMOTE,0,0,0.13586401457059089
AdaBoost,No SMOTE,0,0,0.17726965587952628
AdaBoost,No SMOTE,0,0,0.16618389338377842
AdaBoost,No SMOTE,0,0,0.13586401457059089
AdaBoost,No SMOTE,0,0,0.17726965587952628
AdaBoost,No SMOTE,0,0,0.1689822365998279
AdaBoost,No SMOTE,0,0,0.1744311028445886
AdaBoost,No SMOTE,0,0,0.1689822365998279
AdaBoost,No SMOTE,0,0,0.1689822365998279
AdaBoost,No SMOTE,0,0,0.22493649393812828
AdaBoost,No SMOTE,0,0,0.1431423024436669
AdaBoost,No SMOTE,0,0,0.1689822365998279
AdaBoost,No SMOTE,0,0,0.18800989342479768
AdaBoost,No SMOTE,0,0,0.21607329118820193
AdaBoost,No SMOTE,0,0,0.1689822365998279
AdaBoost,No SMOTE,0,0,0.16867357177983938
AdaBoost,No SMOTE,0,0,0.1689822365998279
AdaBoost,No SMOTE,0,0,0.22044238283982498
AdaBoost,No SMOTE,0,0,0.1744311028445886
AdaBoost,No SMOTE,0,0,0.17726965587952628
AdaBoost,No SMOTE,0,0,0.22044238283982498
AdaBoost,No SMOTE,0,0,0.1689822365998279
AdaBoost,No SMOTE,0,0,0.1689822365998279
AdaBoost,No SMOTE,0,0,0.1689822365998279
AdaBoost,No SMOTE,0,0,0.21607329118820193
AdaBoost,No SMOTE,0,0,0.22493649393812828
AdaBoost,No SMOTE,0,0,0.1744311028445886
AdaBoost,No SMOTE,0,0,0.16867357177983938
AdaBoost,No SMOTE,0,0,0.1689822365998279
AdaBoost,No SMOTE,0,0,0.1744311028445886
AdaBoost,No SMOTE,0,0,0.22493649393812828
AdaBoost,No SMOTE,0,0,0.1744311028445886
AdaBoost,No SMOTE,0,0,0.14895992415852724
AdaBoost,No SMOTE,0,0,0.18800989342479768
AdaBoost,No SMOTE,0,0,0.22017433581447826
AdaBoost,No SMOTE,0,0,0.1744311028445886
AdaBoost,No SMOTE,0,0,0.16342013312650427
AdaBoost,No SMOTE,0,0,0.13586401457059089
AdaBoost,No SMOTE,0,0,0.1744311028445886
AdaBoost,No SMOTE,0,0,0.17726965587952628
AdaBoost,No SMOTE,0,0,0.17726965587952628
AdaBoost,No SMOTE,0,0,0.1744311028445886
AdaBoost,No SMOTE,0,0,0.17643129068755622
AdaBoost,No SMOTE,0,0,0.1744311028445886
AdaBoost,No SMOTE,0,0,0.17726965587952628
AdaBoost,No SMOTE,0,0,0.11920292202211763
AdaBoost,No SMOTE,0,0,0.1744311028445886
AdaBoost,No SMOTE,0,0,0.1689822365998279
AdaBoost,No SMOTE,0,0,0.1689822365998279
AdaBoost,No SMOTE,0,0,0.21607329118820193
AdaBoost,No SMOTE,0,0,0.17726965587952628
AdaBoost,No SMOTE,0,0,0.17726965587952628
AdaBoost,No SMOTE,0,0,0.1689822365998279
AdaBoost,No SMOTE,0,0,0.14895992415852724
AdaBoost,No SMOTE,0,0,0.13586401457059089
AdaBoost,No SMOTE,0,0,0.16895403564617684
AdaBoost,No SMOTE,0,0,0.2193403423397052
AdaBoost,No SMOTE,0,0,0.1689822365998279
AdaBoost,No SMOTE,0,0,0.1744311028445886
AdaBoost,No SMOTE,0,0,0.1744311028445886
AdaBoost,No SMOTE,0,0,0.1689822365998279
AdaBoost,No SMOTE,0,0,0.22231945314816468
AdaBoost,No SMOTE,0,0,0.16618389338377842
AdaBoost,No SMOTE,0,0,0.21607329118820193
AdaBoost,No SMOTE,0,0,0.1719470769852437
AdaBoost,No SMOTE,0,0,0.21607329118820193
AdaBoost,No SMOTE,0,0,0.1744311028445886
AdaBoost,No SMOTE,0,0,0.16895403564617684
AdaBoost,No SMOTE,0,0,0.17726965587952628
AdaBoost,No SMOTE,0,0,0.21607329118820193
AdaBoost,No SMOTE,0,0,0.22493649393812828
AdaBoost,No SMOTE,0,0,0.1689822365998279
AdaBoost,No SMOTE,0,0,0.1689822365998279
AdaBoost,No SMOTE,0,0,0.18800989342479768
AdaBoost,No SMOTE,0,0,0.22493649393812828
AdaBoost,No SMOTE,0,0,0.17726965587952628
AdaBoost,No SMOTE,0,0,0.1689822365998279
AdaBoost,No SMOTE,0,0,0.2193403423397052
AdaBoost,No SMOTE,0,0,0.17726965587952628
AdaBoost,No SMOTE,0,0,0.1744311028445886
AdaBoost,No SMOTE,0,0,0.1689822365998279
AdaBoost,No SMOTE,0,0,0.17726965587952628
AdaBoost,No SMOTE,0,0,0.18800989342479768
AdaBoost,No SMOTE,0,0,0.11920292202211763
AdaBoost,No SMOTE,0,0,0.1689822365998279
AdaBoost,No SMOTE,0,0,0.1744311028445886
AdaBoost,No SMOTE,0,0,0.1689822365998279
AdaBoost,No SMOTE,0,0,0.16342013312650427
AdaBoost,No SMOTE,0,0,0.1744311028445886
AdaBoost,No SMOTE,0,0,0.1689822365998279
AdaBoost,No SMOTE,0,0,0.1744311028445886
AdaBoost,No SMOTE,0,0,0.14895992415852724
AdaBoost,No SMOTE,0,0,0.17726965587952628
AdaBoost,No SMOTE,0,0,0.18800989342479768
AdaBoost,No SMOTE,0,0,0.17726965587952628
AdaBoost,No SMOTE,0,0,0.1689822365998279
AdaBoost,No SMOTE,0,0,0.1744311028445886
AdaBoost,No SMOTE,0,0,0.1689822365998279
AdaBoost,No SMOTE,0,0,0.17726965587952628
AdaBoost,No SMOTE,0,0,0.1689822365998279
AdaBoost,No SMOTE,0,0,0.22493649393812828
AdaBoost,No SMOTE,0,0,0.1744311028445886
AdaBoost,No SMOTE,0,0,0.18496367037446623
AdaBoost,No SMOTE,0,0,0.17726965587952628
AdaBoost,No SMOTE,0,0,0.17726965587952628
AdaBoost,No SMOTE,0,0,0.11920292202211763
AdaBoost,No SMOTE,0,0,0.1744311028445886
AdaBoost,No SMOTE,0,0,0.1689822365998279
AdaBoost,No SMOTE,0,0,0.22044238283982498
AdaBoost,No SMOTE,0,0,0.1744311028445886
AdaBoost,No SMOTE,0,0,0.16342013312650427
AdaBoost,No SMOTE,0,0,0.1719470769852437
AdaBoost,No SMOTE,0,0,0.17726965587952628
AdaBoost,No SMOTE,0,0,0.17726965587952628
AdaBoost,No SMOTE,0,0,0.17726965587952628
AdaBoost,No SMOTE,0,0,0.18496367037446623
AdaBoost,No SMOTE,0,0,0.21928751511544514
AdaBoost,No SMOTE,0,0,0.1744311028445886
AdaBoost,No SMOTE,0,0,0.18496367037446623
AdaBoost,No SMOTE,0,0,0.2193403423397052
AdaBoost,No SMOTE,0,0,0.1744311028445886
AdaBoost,No SMOTE,0,0,0.205659675438033
AdaBoost,No SMOTE,0,0,0.1744311028445886
AdaBoost,No SMOTE,0,0,0.13586401457059089
AdaBoost,No SMOTE,0,0,0.1931443810264556
AdaBoost,No SMOTE,0,0,0.27527438042003993
AdaBoost,No SMOTE,0,0,0.13019713023369225
AdaBoost,No SMOTE,0,0,0.1689822365998279
AdaBoost,No SMOTE,0,0,0.1689822365998279
AdaBoost,No SMOTE,0,0,0.17726965587952628
AdaBoost,No SMOTE,0,0,0.17726965587952628
AdaBoost,No SMOTE,0,0,0.1689822365998279
AdaBoost,No SMOTE,0,0,0.21607329118820193
AdaBoost,No SMOTE,0,0,0.1744311028445886
AdaBoost,No SMOTE,0,0,0.2211488914469814
AdaBoost,No SMOTE,0,0,0.1689822365998279
AdaBoost,No SMOTE,0,0,0.16618389338377842
AdaBoost,No SMOTE,0,0,0.14895992415852724
AdaBoost,No SMOTE,0,0,0.1689822365998279
AdaBoost,No SMOTE,0,0,0.1744311028445886
AdaBoost,No SMOTE,0,0,0.18800989342479768
AdaBoost,No SMOTE,0,0,0.14798688540029464
AdaBoost,No SMOTE,0,0,0.14895992415852724
AdaBoost,No SMOTE,0,0,0.1744311028445886
AdaBoost,No SMOTE,0,0,0.17726965587952628
AdaBoost,No SMOTE,0,0,0.22843520662470906
AdaBoost,No SMOTE,0,0,0.1744311028445886
AdaBoost,No SMOTE,0,0,0.1689822365998279
AdaBoost,No SMOTE,0,0,0.1719470769852437
AdaBoost,No SMOTE,0,0,0.17726965587952628
AdaBoost,No SMOTE,0,0,0.1744311028445886
AdaBoost,No SMOTE,0,0,0.17726965587952628
AdaBoost,No SMOTE,0,0,0.21607329118820193
AdaBoost,No SMOTE,0,0,0.1689822365998279
AdaBoost,No SMOTE,0,0,0.22493649393812828
AdaBoost,No SMOTE,0,0,0.13019713023369225
AdaBoost,No SMOTE,0,0,0.18496367037446623
AdaBoost,No SMOTE,0,0,0.1786840584100862
AdaBoost,No SMOTE,0,0,0.1689822365998279
AdaBoost,No SMOTE,0,0,0.22493649393812828
AdaBoost,No SMOTE,0,0,0.2217171988769872
AdaBoost,No SMOTE,0,0,0.22493649393812828
AdaBoost,No SMOTE,0,0,0.21607329118820193
AdaBoost,No SMOTE,0,0,0.17726965587952628
AdaBoost,No SMOTE,0,0,0.18800989342479768
AdaBoost,No SMOTE,0,0,0.19003443635734119
AdaBoost,No SMOTE,0,0,0.16342013312650427
AdaBoost,No SMOTE,0,0,0.13586401457059089
AdaBoost,No SMOTE,0,0,0.11920292202211763
AdaBoost,No SMOTE,0,0,0.21607329118820193
AdaBoost,No SMOTE,0,0,0.17452323501899744
AdaBoost,No SMOTE,0,0,0.1689822365998279
AdaBoost,No SMOTE,0,0,0.1744311028445886
AdaBoost,No SMOTE,0,0,0.17726965587952628
AdaBoost,No SMOTE,0,0,0.14895992415852724
AdaBoost,No SMOTE,0,0,0.1689822365998279
AdaBoost,No SMOTE,0,0,0.13019713023369225
AdaBoost,No SMOTE,0,0,0.13019713023369225
AdaBoost,No SMOTE,0,0,0.1689822365998279
AdaBoost,No SMOTE,0,0,0.17726965587952628
AdaBoost,No SMOTE,0,0,0.1689822365998279
AdaBoost,No SMOTE,0,0,0.14895992415852724
AdaBoost,No SMOTE,0,0,0.17726965587952628
AdaBoost,No SMOTE,0,0,0.17726965587952628
AdaBoost,No SMOTE,0,0,0.1689822365998279
AdaBoost,No SMOTE,0,0,0.1744311028445886
AdaBoost,No SMOTE,0,0,0.1744311028445886
AdaBoost,No SMOTE,0,0,0.1689822365998279
AdaBoost,No SMOTE,0,0,0.16342013312650427
AdaBoost,No SMOTE,0,0,0.14895992415852724
AdaBoost,No SMOTE,0,0,0.1719470769852437
AdaBoost,No SMOTE,0,0,0.14895992415852724
AdaBoost,No SMOTE,0,0,0.1689822365998279
AdaBoost,No SMOTE,0,0,0.18800989342479768
AdaBoost,No SMOTE,0,0,0.1689822365998279
AdaBoost,No SMOTE,0,0,0.1744311028445886
AdaBoost,No SMOTE,0,0,0.1689822365998279
AdaBoost,No SMOTE,0,0,0.13586401457059089
AdaBoost,No SMOTE,0,0,0.17726965587952628
AdaBoost,No SMOTE,0,0,0.11920292202211763
AdaBoost,No SMOTE,0,0,0.19090832035678107
AdaBoost,No SMOTE,0,0,0.18800989342479768
AdaBoost,No SMOTE,0,0,0.1744311028445886
AdaBoost,No SMOTE,0,0,0.1689822365998279
AdaBoost,No SMOTE,0,0,0.1744311028445886
AdaBoost,No SMOTE,0,0,0.16618389338377842
AdaBoost,No SMOTE,0,0,0.17726965587952628
AdaBoost,No SMOTE,0,0,0.1689822365998279
AdaBoost,No SMOTE,0,0,0.1689822365998279
AdaBoost,No SMOTE,0,0,0.1744311028445886
AdaBoost,No SMOTE,0,0,0.1931443810264556
AdaBoost,No SMOTE,0,0,0.13586401457059089
AdaBoost,No SMOTE,0,0,0.2193403423397052
AdaBoost,No SMOTE,0,0,0.16618389338377842
AdaBoost,No SMOTE,0,0,0.17726965587952628
AdaBoost,No SMOTE,0,0,0.13019713023369225
AdaBoost,No SMOTE,0,0,0.1744311028445886
AdaBoost,No SMOTE,0,0,0.1689822365998279
AdaBoost,No SMOTE,0,0,0.1689822365998279
AdaBoost,No SMOTE,0,0,0.17726965587952628
AdaBoost,No SMOTE,0,0,0.1689822365998279
AdaBoost,No SMOTE,0,0,0.16342013312650427
AdaBoost,No SMOTE,0,0,0.16342013312650427
AdaBoost,No SMOTE,0,0,0.17726965587952628
AdaBoost,No SMOTE,0,0,0.17726965587952628
AdaBoost,No SMOTE,0,0,0.1689822365998279
AdaBoost,No SMOTE,0,0,0.1744311028445886
AdaBoost,No SMOTE,0,0,0.1744311028445886
AdaBoost,No SMOTE,0,0,0.17726965587952628
AdaBoost,No SMOTE,0,0,0.16895403564617684
AdaBoost,No SMOTE,0,0,0.17726965587952628
AdaBoost,No SMOTE,0,0,0.2193403423397052
AdaBoost,No SMOTE,0,0,0.17043552930931818
AdaBoost,No SMOTE,0,0,0.1689822365998279
AdaBoost,No SMOTE,0,0,0.16867357177983938
AdaBoost,No SMOTE,0,0,0.1689822365998279
AdaBoost,No SMOTE,0,0,0.14895992415852724
AdaBoost,No SMOTE,0,0,0.14895992415852724
AdaBoost,No SMOTE,0,0,0.17726965587952628
AdaBoost,No SMOTE,0,0,0.22493649393812828
AdaBoost,No SMOTE,0,0,0.22493649393812828
AdaBoost,No SMOTE,0,0,0.21607329118820193
AdaBoost,No SMOTE,0,0,0.1689822365998279
AdaBoost,No SMOTE,0,0,0.17726965587952628
AdaBoost,No SMOTE,0,0,0.17726965587952628
AdaBoost,No SMOTE,0,0,0.14895992415852724
AdaBoost,No SMOTE,0,0,0.1689822365998279
AdaBoost,No SMOTE,0,0,0.1744311028445886
AdaBoost,No SMOTE,0,0,0.13019713023369225
AdaBoost,No SMOTE,0,0,0.1744311028445886
AdaBoost,No SMOTE,0,0,0.1689822365998279
AdaBoost,No SMOTE,0,0,0.16342013312650427
AdaBoost,No SMOTE,0,0,0.1431363477165842
AdaBoost,No SMOTE,0,0,0.1689822365998279
AdaBoost,No SMOTE,0,0,0.16342013312650427
AdaBoost,No SMOTE,0,0,0.1744311028445886
AdaBoost,No SMOTE,0,0,0.1689822365998279
AdaBoost,No SMOTE,0,0,0.17726965587952628
AdaBoost,No SMOTE,0,0,0.1689822365998279
AdaBoost,No SMOTE,0,0,0.18496367037446623
AdaBoost,No SMOTE,0,0,0.17726965587952628
AdaBoost,No SMOTE,0,0,0.20002774141121915
AdaBoost,No SMOTE,0,0,0.17726965587952628
AdaBoost,No SMOTE,0,0,0.1744311028445886
AdaBoost,No SMOTE,0,0,0.2193403423397052
AdaBoost,No SMOTE,0,0,0.22493649393812828
AdaBoost,No SMOTE,0,0,0.17726965587952628
AdaBoost,No SMOTE,0,0,0.14895992415852724
AdaBoost,No SMOTE,0,0,0.1689822365998279
AdaBoost,No SMOTE,0,0,0.16618389338377842
AdaBoost,No SMOTE,0,0,0.1744311028445886
AdaBoost,No SMOTE,0,0,0.2193403423397052
AdaBoost,No SMOTE,0,0,0.1744311028445886
AdaBoost,No SMOTE,0,0,0.21607329118820193
AdaBoost,No SMOTE,0,0,0.20002774141121915
AdaBoost,No SMOTE,0,0,0.22176486665410824
AdaBoost,No SMOTE,0,0,0.16618389338377842
AdaBoost,No SMOTE,0,0,0.17726965587952628
AdaBoost,No SMOTE,0,0,0.17726965587952628
AdaBoost,No SMOTE,0,0,0.2193403423397052
AdaBoost,No SMOTE,0,0,0.17726965587952628
AdaBoost,No SMOTE,0,0,0.22493649393812828
AdaBoost,No SMOTE,0,0,0.1744311028445886
AdaBoost,No SMOTE,0,0,0.2850837726175028
AdaBoost,No SMOTE,0,0,0.191758796857404
AdaBoost,No SMOTE,0,0,0.22176486665410824
AdaBoost,No SMOTE,0,0,0.14895992415852724
AdaBoost,No SMOTE,0,0,0.1689822365998279
AdaBoost,No SMOTE,0,0,0.1744311028445886
AdaBoost,No SMOTE,0,0,0.13019713023369225
AdaBoost,No SMOTE,0,0,0.1689822365998279
AdaBoost,No SMOTE,0,0,0.1744311028445886
AdaBoost,No SMOTE,0,0,0.22493649393812828
AdaBoost,No SMOTE,0,0,0.18800989342479768
AdaBoost,No SMOTE,0,0,0.13019713023369225
AdaBoost,No SMOTE,0,0,0.17726965587952628
AdaBoost,No SMOTE,0,0,0.17726965587952628
AdaBoost,No SMOTE,0,0,0.1689822365998279
AdaBoost,No SMOTE,0,0,0.1689822365998279
AdaBoost,No SMOTE,0,0,0.1689822365998279
AdaBoost,No SMOTE,0,0,0.17726965587952628
AdaBoost,No SMOTE,0,0,0.1431423024436669
AdaBoost,No SMOTE,0,0,0.13586401457059089
AdaBoost,No SMOTE,0,0,0.1689822365998279
AdaBoost,No SMOTE,0,0,0.1744311028445886
AdaBoost,No SMOTE,0,0,0.1689822365998279
AdaBoost,No SMOTE,0,0,0.1689822365998279
AdaBoost,No SMOTE,0,0,0.16342013312650427
AdaBoost,No SMOTE,0,0,0.1689822365998279
AdaBoost,No SMOTE,0,0,0.1744311028445886
AdaBoost,No SMOTE,0,0,0.1689822365998279
AdaBoost,No SMOTE,0,0,0.18800989342479768
AdaBoost,No SMOTE,0,0,0.17726965587952628
AdaBoost,No SMOTE,0,0,0.22493649393812828
AdaBoost,No SMOTE,0,0,0.21607329118820193
AdaBoost,No SMOTE,0,0,0.1744311028445886
AdaBoost,No SMOTE,0,0,0.1431423024436669
AdaBoost,No SMOTE,0,0,0.1689822365998279
AdaBoost,No SMOTE,0,0,0.16342013312650427
AdaBoost,No SMOTE,0,0,0.2193403423397052
AdaBoost,No SMOTE,0,0,0.17726965587952628
AdaBoost,No SMOTE,0,0,0.14895992415852724
AdaBoost,No SMOTE,0,0,0.13019713023369225
AdaBoost,No SMOTE,0,0,0.191758796857404
AdaBoost,No SMOTE,0,0,0.1689822365998279
AdaBoost,No SMOTE,0,0,0.2193403423397052
AdaBoost,No SMOTE,0,0,0.1689822365998279
AdaBoost,No SMOTE,0,0,0.1689822365998279
AdaBoost,No SMOTE,0,0,0.1689822365998279
AdaBoost,No SMOTE,0,0,0.1689822365998279
AdaBoost,No SMOTE,0,0,0.18800989342479768
AdaBoost,No SMOTE,0,0,0.16342013312650427
AdaBoost,No SMOTE,0,0,0.1431423024436669
AdaBoost,No SMOTE,0,0,0.1689822365998279
AdaBoost,No SMOTE,0,0,0.1744311028445886
AdaBoost,No SMOTE,0,0,0.1744311028445886
AdaBoost,No SMOTE,0,0,0.17726965587952628
AdaBoost,No SMOTE,0,0,0.21607329118820193
AdaBoost,No SMOTE,0,0,0.22493649393812828
AdaBoost,No SMOTE,0,0,0.17726965587952628
AdaBoost,No SMOTE,0,0,0.16203849466010875
AdaBoost,No SMOTE,0,0,0.22493649393812828
AdaBoost,No SMOTE,0,0,0.17726965587952628
AdaBoost,No SMOTE,0,0,0.16342013312650427
AdaBoost,No SMOTE,0,0,0.1431363477165842
AdaBoost,No SMOTE,0,0,0.1744311028445886
AdaBoost,No SMOTE,0,0,0.1744311028445886
AdaBoost,No SMOTE,0,0,0.1689822365998279
AdaBoost,No SMOTE,0,0,0.16618389338377842
AdaBoost,No SMOTE,0,0,0.21607329118820193
AdaBoost,No SMOTE,0,0,0.1744311028445886
AdaBoost,No SMOTE,0,0,0.13019713023369225
AdaBoost,No SMOTE,0,0,0.1689822365998279
AdaBoost,No SMOTE,0,0,0.1431363477165842
AdaBoost,No SMOTE,0,0,0.17726965587952628
AdaBoost,No SMOTE,0,0,0.1744311028445886
AdaBoost,No SMOTE,0,0,0.22843520662470906
AdaBoost,No SMOTE,0,0,0.22017433581447826
AdaBoost,No SMOTE,0,0,0.21607329118820193
AdaBoost,No SMOTE,0,0,0.1719470769852437
AdaBoost,No SMOTE,0,0,0.16342013312650427
AdaBoost,No SMOTE,0,0,0.1689822365998279
AdaBoost,No SMOTE,0,0,0.1744311028445886
AdaBoost,No SMOTE,0,0,0.17726965587952628
AdaBoost,No SMOTE,0,0,0.1689822365998279
AdaBoost,No SMOTE,0,0,0.1744311028445886
AdaBoost,No SMOTE,0,0,0.1689822365998279
AdaBoost,No SMOTE,0,0,0.1744311028445886
AdaBoost,No SMOTE,0,0,0.1431363477165842
AdaBoost,No SMOTE,0,0,0.13019713023369225
AdaBoost,No SMOTE,0,0,0.1689822365998279
AdaBoost,No SMOTE,0,0,0.17726965587952628
AdaBoost,No SMOTE,0,0,0.22493649393812828
AdaBoost,No SMOTE,0,0,0.18496367037446623
AdaBoost,No SMOTE,0,0,0.22493649393812828
AdaBoost,No SMOTE,0,0,0.17726965587952628
AdaBoost,No SMOTE,0,0,0.17726965587952628
AdaBoost,No SMOTE,0,0,0.1689822365998279
AdaBoost,No SMOTE,0,0,0.14895992415852724
AdaBoost,No SMOTE,0,0,0.1744311028445886
AdaBoost,No SMOTE,0,0,0.17726965587952628
AdaBoost,No SMOTE,0,0,0.25081468689261593
AdaBoost,No SMOTE,0,0,0.22843520662470906
AdaBoost,No SMOTE,0,0,0.191758796857404
AdaBoost,No SMOTE,0,0,0.22017433581447826
AdaBoost,No SMOTE,0,0,0.1689822365998279
AdaBoost,No SMOTE,0,0,0.17726965587952628
AdaBoost,No SMOTE,0,0,0.21607329118820193
AdaBoost,No SMOTE,0,0,0.1689822365998279
AdaBoost,No SMOTE,0,0,0.1689822365998279
AdaBoost,No SMOTE,0,0,0.1744311028445886
AdaBoost,No SMOTE,0,0,0.191758796857404
AdaBoost,No SMOTE,0,0,0.2547751181527878
AdaBoost,No SMOTE,0,0,0.1689822365998279
AdaBoost,No SMOTE,0,0,0.17726965587952628
AdaBoost,No SMOTE,0,0,0.1744311028445886
AdaBoost,No SMOTE,0,0,0.18496367037446623
AdaBoost,No SMOTE,0,0,0.13019713023369225
AdaBoost,No SMOTE,0,0,0.21573524134425506
AdaBoost,No SMOTE,0,0,0.1744311028445886
AdaBoost,No SMOTE,0,0,0.17726965587952628
AdaBoost,No SMOTE,0,0,0.20002774141121915
AdaBoost,No SMOTE,0,0,0.17726965587952628
AdaBoost,No SMOTE,0,0,0.16342013312650427
AdaBoost,No SMOTE,0,0,0.1689822365998279
AdaBoost,No SMOTE,0,0,0.22493649393812828
AdaBoost,No SMOTE,0,0,0.1689822365998279
AdaBoost,No SMOTE,0,0,0.1689822365998279
AdaBoost,No SMOTE,0,0,0.2193403423397052
AdaBoost,No SMOTE,0,0,0.1744311028445886
AdaBoost,No SMOTE,0,0,0.1456228192075175
AdaBoost,No SMOTE,0,0,0.17726965587952628
AdaBoost,No SMOTE,0,0,0.14895992415852724
AdaBoost,No SMOTE,0,0,0.14895992415852724
AdaBoost,No SMOTE,0,0,0.1431423024436669
AdaBoost,No SMOTE,0,0,0.11920292202211763
AdaBoost,No SMOTE,0,0,0.18800989342479768
AdaBoost,No SMOTE,0,0,0.13586401457059089
AdaBoost,No SMOTE,0,0,0.21928751511544514
AdaBoost,No SMOTE,0,0,0.1689822365998279
AdaBoost,No SMOTE,0,0,0.13586401457059089
AdaBoost,No SMOTE,0,0,0.14895992415852724
AdaBoost,No SMOTE,0,0,0.14895992415852724
AdaBoost,No SMOTE,0,0,0.18496367037446623
AdaBoost,No SMOTE,0,0,0.17726965587952628
AdaBoost,No SMOTE,0,0,0.191758796857404
AdaBoost,No SMOTE,0,0,0.13586401457059089
AdaBoost,No SMOTE,0,0,0.1431423024436669
AdaBoost,No SMOTE,0,0,0.17726965587952628
AdaBoost,No SMOTE,0,0,0.22493649393812828
AdaBoost,No SMOTE,0,0,0.21607329118820193
AdaBoost,No SMOTE,0,0,0.1689822365998279
AdaBoost,No SMOTE,0,0,0.1689822365998279
AdaBoost,No SMOTE,0,0,0.191758796857404
AdaBoost,No SMOTE,0,0,0.1744311028445886
AdaBoost,No SMOTE,0,0,0.1744311028445886
AdaBoost,No SMOTE,0,0,0.1689822365998279
AdaBoost,No SMOTE,0,0,0.17726965587952628
AdaBoost,No SMOTE,0,0,0.1719470769852437
AdaBoost,No SMOTE,0,0,0.18800989342479768
AdaBoost,No SMOTE,0,0,0.23435506113090693
AdaBoost,No SMOTE,0,0,0.14798688540029464
AdaBoost,No SMOTE,0,0,0.17182074334119965
AdaBoost,No SMOTE,0,0,0.1689822365998279
AdaBoost,No SMOTE,0,0,0.13586401457059089
AdaBoost,No SMOTE,0,0,0.13586401457059089
AdaBoost,No SMOTE,0,0,0.1744311028445886
AdaBoost,No SMOTE,0,0,0.18800989342479768
AdaBoost,No SMOTE,0,0,0.16618389338377842
AdaBoost,No SMOTE,0,0,0.21607329118820193
AdaBoost,No SMOTE,0,0,0.13019713023369225
AdaBoost,No SMOTE,0,0,0.22493649393812828
AdaBoost,No SMOTE,0,0,0.1689822365998279
AdaBoost,No SMOTE,0,0,0.14895992415852724
AdaBoost,No SMOTE,0,0,0.1689822365998279
AdaBoost,No SMOTE,0,0,0.13019713023369225
AdaBoost,No SMOTE,0,0,0.17643129068755622
AdaBoost,No SMOTE,0,0,0.1689822365998279
AdaBoost,No SMOTE,0,0,0.17726965587952628
AdaBoost,No SMOTE,0,0,0.1744311028445886
AdaBoost,No SMOTE,0,0,0.21607329118820193
AdaBoost,No SMOTE,0,0,0.1744311028445886
AdaBoost,No SMOTE,0,0,0.1744311028445886
AdaBoost,No SMOTE,0,0,0.1689822365998279
AdaBoost,No SMOTE,0,0,0.17133680384090874
AdaBoost,No SMOTE,0,0,0.21607329118820193
AdaBoost,No SMOTE,0,0,0.1744311028445886
AdaBoost,No SMOTE,0,0,0.18496367037446623
AdaBoost,No SMOTE,0,0,0.1744311028445886
AdaBoost,No SMOTE,0,0,0.17643129068755622
AdaBoost,No SMOTE,0,0,0.1744311028445886
AdaBoost,No SMOTE,0,0,0.1744311028445886
AdaBoost,No SMOTE,0,0,0.22493649393812828
AdaBoost,No SMOTE,0,0,0.13586401457059089
AdaBoost,No SMOTE,0,0,0.1689822365998279
AdaBoost,No SMOTE,0,0,0.1689822365998279
AdaBoost,No SMOTE,0,0,0.14895992415852724
AdaBoost,No SMOTE,0,0,0.1689822365998279
AdaBoost,No SMOTE,0,0,0.205659675438033
AdaBoost,No SMOTE,0,0,0.17726965587952628
AdaBoost,No SMOTE,0,0,0.14895992415852724
AdaBoost,No SMOTE,0,0,0.13019713023369225
AdaBoost,No SMOTE,0,0,0.1744311028445886
AdaBoost,No SMOTE,0,0,0.1719470769852437
AdaBoost,No SMOTE,0,0,0.2193403423397052
AdaBoost,No SMOTE,0,0,0.17726965587952628
AdaBoost,No SMOTE,0,0,0.13019713023369225
AdaBoost,No SMOTE,0,0,0.1689822365998279
AdaBoost,No SMOTE,0,0,0.14895992415852724
AdaBoost,No SMOTE,0,0,0.1744311028445886
AdaBoost,No SMOTE,0,0,0.11920292202211763
AdaBoost,No SMOTE,0,0,0.1744311028445886
AdaBoost,No SMOTE,0,0,0.22493649393812828
AdaBoost,No SMOTE,0,0,0.1689822365998279
AdaBoost,No SMOTE,0,0,0.1689822365998279
AdaBoost,No SMOTE,0,0,0.21607329118820193
AdaBoost,No SMOTE,0,0,0.17726965587952628
AdaBoost,No SMOTE,0,0,0.18496367037446623
AdaBoost,No SMOTE,0,0,0.1744311028445886
AdaBoost,No SMOTE,0,0,0.1689822365998279
AdaBoost,No SMOTE,0,0,0.1431423024436669
AdaBoost,No SMOTE,0,0,0.1431423024436669
AdaBoost,No SMOTE,0,0,0.1689822365998279
AdaBoost,No SMOTE,0,0,0.1689822365998279
AdaBoost,No SMOTE,0,0,0.17726965587952628
AdaBoost,No SMOTE,0,0,0.17726965587952628
AdaBoost,No SMOTE,0,0,0.17726965587952628
AdaBoost,No SMOTE,0,0,0.1689822365998279
AdaBoost,No SMOTE,0,0,0.20002774141121915
AdaBoost,No SMOTE,0,0,0.22044238283982498
AdaBoost,No SMOTE,0,0,0.22493649393812828
AdaBoost,No SMOTE,0,0,0.1719470769852437
AdaBoost,No SMOTE,0,0,0.1744311028445886
AdaBoost,No SMOTE,0,0,0.205659675438033
AdaBoost,No SMOTE,0,0,0.16342013312650427
AdaBoost,No SMOTE,0,0,0.1719470769852437
AdaBoost,No SMOTE,0,0,0.17726965587952628
AdaBoost,No SMOTE,0,0,0.22493649393812828
AdaBoost,No SMOTE,0,0,0.1689822365998279
AdaBoost,No SMOTE,0,0,0.17726965587952628
AdaBoost,No SMOTE,0,0,0.1689822365998279
AdaBoost,No SMOTE,0,0,0.22493649393812828
AdaBoost,No SMOTE,0,0,0.1689822365998279
AdaBoost,No SMOTE,0,0,0.22493649393812828
AdaBoost,No SMOTE,0,0,0.13019713023369225
AdaBoost,No SMOTE,0,0,0.1689822365998279
AdaBoost,No SMOTE,0,0,0.1744311028445886
AdaBoost,No SMOTE,0,0,0.14895992415852724
AdaBoost,No SMOTE,0,0,0.1689822365998279
AdaBoost,No SMOTE,0,0,0.13019713023369225
AdaBoost,No SMOTE,0,0,0.11920292202211763
AdaBoost,No SMOTE,0,0,0.17043552930931818
AdaBoost,No SMOTE,0,0,0.1689822365998279
AdaBoost,No SMOTE,0,0,0.1744311028445886
AdaBoost,No SMOTE,0,0,0.22176486665410824
AdaBoost,No SMOTE,0,0,0.14895992415852724
AdaBoost,No SMOTE,0,0,0.17726965587952628
AdaBoost,No SMOTE,0,0,0.205659675438033
AdaBoost,No SMOTE,0,0,0.1689822365998279
AdaBoost,No SMOTE,0,0,0.16342013312650427
AdaBoost,No SMOTE,0,0,0.17726965587952628
AdaBoost,No SMOTE,0,0,0.21607329118820193
AdaBoost,No SMOTE,0,0,0.19090832035678107
AdaBoost,No SMOTE,0,0,0.1744311028445886
AdaBoost,No SMOTE,0,0,0.1689822365998279
AdaBoost,No SMOTE,0,0,0.17726965587952628
AdaBoost,No SMOTE,0,0,0.1744311028445886
AdaBoost,No SMOTE,0,0,0.17726965587952628
AdaBoost,No SMOTE,0,0,0.14895992415852724
AdaBoost,No SMOTE,0,0,0.21607329118820193
AdaBoost,No SMOTE,0,0,0.1689822365998279
AdaBoost,No SMOTE,0,0,0.21607329118820193
AdaBoost,No SMOTE,0,0,0.16342013312650427
AdaBoost,No SMOTE,0,0,0.1744311028445886
AdaBoost,No SMOTE,0,0,0.13019713023369225
AdaBoost,No SMOTE,0,0,0.17643129068755622
AdaBoost,No SMOTE,0,0,0.17726965587952628
AdaBoost,No SMOTE,0,0,0.17726965587952628
AdaBoost,No SMOTE,0,0,0.1689822365998279
AdaBoost,No SMOTE,0,0,0.17726965587952628
AdaBoost,No SMOTE,0,0,0.21607329118820193
AdaBoost,No SMOTE,0,0,0.16342013312650427
AdaBoost,No SMOTE,0,0,0.14895992415852724
AdaBoost,No SMOTE,0,0,0.16203849466010875
AdaBoost,No SMOTE,0,0,0.22017433581447826
AdaBoost,No SMOTE,0,0,0.13019713023369225
AdaBoost,No SMOTE,0,0,0.13019713023369225
AdaBoost,No SMOTE,0,0,0.17133680384090874
AdaBoost,No SMOTE,0,0,0.1689822365998279
AdaBoost,No SMOTE,0,0,0.1431363477165842
AdaBoost,No SMOTE,0,0,0.17726965587952628
AdaBoost,No SMOTE,0,0,0.1689822365998279
AdaBoost,No SMOTE,0,0,0.17726965587952628
AdaBoost,No SMOTE,0,0,0.191758796857404
AdaBoost,No SMOTE,0,0,0.17726965587952628
AdaBoost,No SMOTE,0,0,0.1689822365998279
AdaBoost,No SMOTE,0,0,0.14895992415852724
AdaBoost,No SMOTE,0,0,0.17726965587952628
AdaBoost,No SMOTE,0,0,0.16618389338377842
AdaBoost,No SMOTE,0,0,0.1744311028445886
AdaBoost,No SMOTE,0,0,0.17726965587952628
AdaBoost,No SMOTE,0,0,0.1744311028445886
AdaBoost,No SMOTE,0,0,0.17726965587952628
AdaBoost,No SMOTE,0,0,0.2193403423397052
AdaBoost,No SMOTE,0,0,0.17726965587952628
AdaBoost,No SMOTE,0,0,0.11920292202211763
AdaBoost,No SMOTE,0,0,0.1744311028445886
AdaBoost,No SMOTE,0,0,0.1744311028445886
AdaBoost,No SMOTE,0,0,0.1689822365998279
AdaBoost,No SMOTE,0,0,0.1689822365998279
AdaBoost,No SMOTE,0,0,0.1744311028445886
AdaBoost,No SMOTE,0,0,0.21607329118820193
AdaBoost,No SMOTE,0,0,0.1689822365998279
AdaBoost,No SMOTE,0,0,0.17133680384090874
AdaBoost,No SMOTE,0,0,0.1719470769852437
AdaBoost,No SMOTE,0,0,0.1689822365998279
AdaBoost,No SMOTE,0,0,0.17726965587952628
AdaBoost,No SMOTE,0,0,0.17726965587952628
AdaBoost,No SMOTE,0,0,0.1744311028445886
AdaBoost,No SMOTE,0,0,0.17726965587952628
AdaBoost,No SMOTE,0,0,0.22493649393812828
AdaBoost,No SMOTE,0,0,0.1744311028445886
AdaBoost,No SMOTE,0,0,0.17726965587952628
AdaBoost,No SMOTE,0,0,0.1744311028445886
AdaBoost,No SMOTE,0,0,0.1689822365998279
AdaBoost,No SMOTE,0,0,0.22493649393812828
AdaBoost,No SMOTE,0,0,0.1689822365998279
AdaBoost,No SMOTE,0,0,0.17643129068755622
AdaBoost,No SMOTE,0,0,0.1689822365998279
AdaBoost,No SMOTE,0,0,0.13586401457059089
AdaBoost,No SMOTE,0,0,0.22295168509089985
AdaBoost,No SMOTE,0,0,0.1719470769852437
AdaBoost,No SMOTE,0,0,0.2193403423397052
AdaBoost,No SMOTE,0,0,0.1689822365998279
AdaBoost,No SMOTE,0,0,0.17726965587952628
AdaBoost,No SMOTE,0,0,0.21607329118820193
AdaBoost,No SMOTE,0,0,0.14895992415852724
AdaBoost,No SMOTE,0,0,0.16867357177983938
AdaBoost,No SMOTE,0,0,0.17726965587952628
AdaBoost,No SMOTE,0,0,0.17726965587952628
AdaBoost,No SMOTE,0,0,0.1719470769852437
AdaBoost,No SMOTE,0,0,0.22493649393812828
AdaBoost,No SMOTE,0,0,0.1689822365998279
AdaBoost,No SMOTE,0,0,0.16895403564617684
AdaBoost,No SMOTE,0,0,0.17726965587952628
AdaBoost,No SMOTE,0,0,0.17726965587952628
AdaBoost,No SMOTE,0,0,0.1744311028445886
AdaBoost,No SMOTE,0,0,0.22493649393812828
AdaBoost,No SMOTE,0,0,0.1689822365998279
AdaBoost,No SMOTE,0,0,0.2193403423397052
AdaBoost,No SMOTE,0,0,0.1689822365998279
AdaBoost,No SMOTE,0,0,0.1744311028445886
AdaBoost,No SMOTE,0,0,0.2193403423397052
AdaBoost,No SMOTE,0,0,0.17726965587952628
AdaBoost,No SMOTE,0,0,0.22493649393812828
AdaBoost,No SMOTE,0,0,0.21607329118820193
AdaBoost,No SMOTE,0,0,0.1689822365998279
AdaBoost,No SMOTE,0,0,0.17726965587952628
AdaBoost,No SMOTE,0,0,0.1689822365998279
AdaBoost,No SMOTE,0,0,0.1744311028445886
AdaBoost,No SMOTE,0,0,0.1689822365998279
AdaBoost,No SMOTE,0,0,0.1689822365998279
AdaBoost,No SMOTE,0,0,0.1689822365998279
AdaBoost,No SMOTE,0,0,0.17726965587952628
AdaBoost,No SMOTE,0,0,0.17726965587952628
AdaBoost,No SMOTE,0,0,0.16618389338377842
AdaBoost,No SMOTE,0,0,0.1689822365998279
AdaBoost,No SMOTE,0,0,0.14895992415852724
AdaBoost,No SMOTE,0,0,0.18800989342479768
AdaBoost,No SMOTE,0,0,0.1744311028445886
AdaBoost,No SMOTE,0,0,0.14895992415852724
AdaBoost,No SMOTE,0,0,0.16342013312650427
AdaBoost,No SMOTE,0,0,0.1689822365998279
AdaBoost,No SMOTE,0,0,0.22044238283982498
AdaBoost,No SMOTE,1,1,0.8537415624495786
AdaBoost,No SMOTE,0,0,0.1719470769852437
AdaBoost,No SMOTE,0,0,0.16342013312650427
AdaBoost,No SMOTE,0,0,0.1689822365998279
AdaBoost,No SMOTE,0,0,0.1744311028445886
AdaBoost,No SMOTE,0,0,0.1689822365998279
AdaBoost,No SMOTE,0,0,0.1689822365998279
AdaBoost,No SMOTE,0,0,0.1689822365998279
AdaBoost,No SMOTE,0,0,0.2193403423397052
AdaBoost,No SMOTE,0,0,0.1689822365998279
AdaBoost,No SMOTE,0,0,0.17726965587952628
AdaBoost,No SMOTE,0,0,0.13019713023369225
AdaBoost,No SMOTE,0,0,0.17726965587952628
AdaBoost,No SMOTE,0,0,0.1744311028445886
AdaBoost,No SMOTE,0,0,0.17726965587952628
AdaBoost,No SMOTE,0,0,0.14798688540029464
AdaBoost,No SMOTE,0,0,0.18800989342479768
AdaBoost,No SMOTE,0,0,0.17726965587952628
AdaBoost,No SMOTE,0,0,0.1744311028445886
AdaBoost,No SMOTE,0,0,0.14895992415852724
AdaBoost,No SMOTE,0,0,0.13586401457059089
AdaBoost,No SMOTE,0,0,0.2193403423397052
AdaBoost,No SMOTE,0,0,0.1744311028445886
AdaBoost,No SMOTE,0,0,0.1719470769852437
AdaBoost,No SMOTE,0,0,0.1744311028445886
AdaBoost,No SMOTE,0,0,0.17726965587952628
AdaBoost,No SMOTE,0,0,0.22493649393812828
AdaBoost,No SMOTE,0,0,0.1689822365998279
AdaBoost,No SMOTE,0,0,0.18800989342479768
AdaBoost,No SMOTE,0,0,0.17726965587952628
AdaBoost,No SMOTE,0,0,0.1689822365998279
AdaBoost,No SMOTE,0,0,0.22493649393812828
AdaBoost,No SMOTE,0,0,0.1744311028445886
AdaBoost,No SMOTE,0,0,0.1719470769852437
AdaBoost,No SMOTE,0,0,0.22017433581447826
AdaBoost,No SMOTE,0,0,0.1961028463772009
AdaBoost,No SMOTE,0,0,0.16867357177983938
AdaBoost,No SMOTE,0,0,0.205659675438033
AdaBoost,No SMOTE,0,0,0.17726965587952628
AdaBoost,No SMOTE,0,0,0.1689822365998279
AdaBoost,No SMOTE,0,0,0.14895992415852724
AdaBoost,No SMOTE,0,0,0.18800989342479768
AdaBoost,No SMOTE,0,0,0.18800989342479768
AdaBoost,No SMOTE,0,0,0.2193403423397052
AdaBoost,No SMOTE,0,0,0.1689822365998279
AdaBoost,No SMOTE,0,0,0.22843520662470906
AdaBoost,No SMOTE,0,0,0.14895992415852724
AdaBoost,No SMOTE,0,0,0.1689822365998279
AdaBoost,No SMOTE,0,0,0.17726965587952628
AdaBoost,No SMOTE,0,0,0.1744311028445886
AdaBoost,No SMOTE,0,0,0.13019713023369225
AdaBoost,No SMOTE,0,0,0.2193403423397052
AdaBoost,No SMOTE,0,0,0.17726965587952628
AdaBoost,No SMOTE,0,0,0.2193403423397052
AdaBoost,No SMOTE,0,0,0.1689822365998279
AdaBoost,No SMOTE,0,0,0.13019713023369225
AdaBoost,No SMOTE,0,0,0.17726965587952628
AdaBoost,No SMOTE,0,0,0.2193403423397052
AdaBoost,No SMOTE,0,0,0.17726965587952628
AdaBoost,No SMOTE,0,0,0.16867357177983938
AdaBoost,No SMOTE,0,0,0.16342013312650427
AdaBoost,No SMOTE,0,0,0.17726965587952628
AdaBoost,No SMOTE,0,0,0.2193403423397052
AdaBoost,No SMOTE,0,0,0.16342013312650427
AdaBoost,No SMOTE,0,0,0.14895992415852724
AdaBoost,No SMOTE,0,0,0.17726965587952628
AdaBoost,No SMOTE,0,0,0.1689822365998279
AdaBoost,No SMOTE,0,0,0.1744311028445886
AdaBoost,No SMOTE,0,0,0.1689822365998279
AdaBoost,No SMOTE,0,0,0.1689822365998279
AdaBoost,No SMOTE,0,0,0.17726965587952628
AdaBoost,No SMOTE,0,0,0.1744311028445886
AdaBoost,No SMOTE,0,0,0.17726965587952628
AdaBoost,No SMOTE,0,0,0.13019713023369225
AdaBoost,No SMOTE,0,0,0.1786840584100862
AdaBoost,No SMOTE,0,0,0.13019713023369225
AdaBoost,No SMOTE,0,0,0.17726965587952628
AdaBoost,No SMOTE,0,0,0.17726965587952628
AdaBoost,No SMOTE,0,0,0.1744311028445886
AdaBoost,No SMOTE,0,0,0.1689822365998279
AdaBoost,No SMOTE,0,0,0.17726965587952628
AdaBoost,No SMOTE,0,0,0.1456228192075175
AdaBoost,No SMOTE,0,0,0.1689822365998279
AdaBoost,No SMOTE,0,0,0.18496367037446623
AdaBoost,No SMOTE,0,0,0.17643129068755622
AdaBoost,No SMOTE,0,0,0.17726965587952628
AdaBoost,No SMOTE,0,0,0.1744311028445886
AdaBoost,No SMOTE,0,0,0.1744311028445886
AdaBoost,No SMOTE,0,0,0.1744311028445886
AdaBoost,No SMOTE,0,0,0.17726965587952628
AdaBoost,No SMOTE,0,0,0.22493649393812828
AdaBoost,No SMOTE,0,0,0.1744311028445886
AdaBoost,No SMOTE,0,0,0.22493649393812828
AdaBoost,No SMOTE,0,0,0.21928751511544514
AdaBoost,No SMOTE,0,0,0.2193403423397052
AdaBoost,No SMOTE,0,0,0.14895992415852724
AdaBoost,No SMOTE,0,0,0.1744311028445886
AdaBoost,No SMOTE,0,0,0.1744311028445886
AdaBoost,No SMOTE,0,0,0.17726965587952628
AdaBoost,No SMOTE,0,0,0.1456228192075175
AdaBoost,No SMOTE,0,0,0.16174210924637233
AdaBoost,No SMOTE,0,0,0.22044238283982498
AdaBoost,No SMOTE,0,0,0.18800989342479768
AdaBoost,No SMOTE,0,0,0.1689822365998279
AdaBoost,No SMOTE,0,0,0.1689822365998279
AdaBoost,No SMOTE,0,0,0.21607329118820193
AdaBoost,No SMOTE,0,0,0.1431423024436669
AdaBoost,No SMOTE,0,0,0.16203849466010875
AdaBoost,No SMOTE,0,0,0.17726965587952628
AdaBoost,No SMOTE,0,0,0.17726965587952628
AdaBoost,No SMOTE,0,0,0.1689822365998279
AdaBoost,No SMOTE,1,1,0.6327167526046565
AdaBoost,No SMOTE,0,0,0.17726965587952628
AdaBoost,No SMOTE,0,0,0.1719470769852437
AdaBoost,No SMOTE,0,0,0.17726965587952628
AdaBoost,No SMOTE,0,0,0.13019713023369225
AdaBoost,No SMOTE,0,0,0.14895992415852724
AdaBoost,No SMOTE,0,0,0.13586401457059089
AdaBoost,No SMOTE,0,0,0.1719470769852437
AdaBoost,No SMOTE,0,0,0.1744311028445886
AdaBoost,No SMOTE,0,0,0.1719470769852437
AdaBoost,No SMOTE,0,0,0.17726965587952628
AdaBoost,No SMOTE,0,0,0.191758796857404
AdaBoost,No SMOTE,0,0,0.1931443810264556
AdaBoost,No SMOTE,0,0,0.17726965587952628
AdaBoost,No SMOTE,0,0,0.17726965587952628
AdaBoost,No SMOTE,0,0,0.1719470769852437
AdaBoost,No SMOTE,0,0,0.1719470769852437
AdaBoost,No SMOTE,0,0,0.17726965587952628
AdaBoost,No SMOTE,0,0,0.22493649393812828
AdaBoost,No SMOTE,0,0,0.22493649393812828
AdaBoost,No SMOTE,0,0,0.1744311028445886
AdaBoost,No SMOTE,0,0,0.2193403423397052
AdaBoost,No SMOTE,0,0,0.16342013312650427
AdaBoost,No SMOTE,0,0,0.18800989342479768
AdaBoost,No SMOTE,0,0,0.22493649393812828
AdaBoost,No SMOTE,0,0,0.1744311028445886
AdaBoost,No SMOTE,0,0,0.17726965587952628
AdaBoost,No SMOTE,0,0,0.17726965587952628
AdaBoost,No SMOTE,0,0,0.17726965587952628
AdaBoost,No SMOTE,0,0,0.13586401457059089
AdaBoost,No SMOTE,0,0,0.1689822365998279
AdaBoost,No SMOTE,0,0,0.17726965587952628
AdaBoost,No SMOTE,0,0,0.1744311028445886
AdaBoost,No SMOTE,0,0,0.17726965587952628
AdaBoost,No SMOTE,0,0,0.1744311028445886
AdaBoost,No SMOTE,0,0,0.22843520662470906
AdaBoost,No SMOTE,0,0,0.16895403564617684
AdaBoost,No SMOTE,0,0,0.1719470769852437
AdaBoost,No SMOTE,0,0,0.14895992415852724
AdaBoost,No SMOTE,0,0,0.14895992415852724
AdaBoost,No SMOTE,0,0,0.1689822365998279
AdaBoost,No SMOTE,0,0,0.191758796857404
AdaBoost,No SMOTE,0,0,0.1689822365998279
AdaBoost,No SMOTE,0,0,0.22493649393812828
AdaBoost,No SMOTE,0,0,0.17726965587952628
AdaBoost,No SMOTE,0,0,0.17133680384090874
AdaBoost,No SMOTE,0,0,0.17726965587952628
AdaBoost,No SMOTE,0,0,0.17726965587952628
AdaBoost,No SMOTE,0,0,0.1689822365998279
AdaBoost,No SMOTE,0,0,0.1744311028445886
AdaBoost,No SMOTE,0,0,0.1719470769852437
AdaBoost,No SMOTE,0,0,0.16867357177983938
AdaBoost,No SMOTE,0,0,0.1744311028445886
AdaBoost,No SMOTE,0,0,0.1744311028445886
AdaBoost,No SMOTE,0,0,0.1431423024436669
AdaBoost,No SMOTE,0,0,0.17726965587952628
AdaBoost,No SMOTE,0,0,0.18496367037446623
AdaBoost,No SMOTE,0,0,0.1744311028445886
AdaBoost,No SMOTE,0,0,0.1689822365998279
AdaBoost,No SMOTE,0,0,0.14895992415852724
AdaBoost,No SMOTE,0,0,0.17726965587952628
AdaBoost,No SMOTE,0,0,0.17726965587952628
AdaBoost,No SMOTE,0,0,0.14895992415852724
AdaBoost,No SMOTE,0,0,0.2193403423397052
AdaBoost,No SMOTE,0,0,0.1744311028445886
AdaBoost,No SMOTE,0,0,0.13019713023369225
AdaBoost,No SMOTE,0,0,0.1689822365998279
AdaBoost,No SMOTE,0,0,0.13586401457059089
AdaBoost,No SMOTE,0,0,0.22493649393812828
AdaBoost,No SMOTE,0,0,0.1689822365998279
AdaBoost,No SMOTE,0,0,0.1744311028445886
AdaBoost,No SMOTE,0,0,0.1431423024436669
AdaBoost,No SMOTE,0,0,0.17726965587952628
AdaBoost,No SMOTE,0,0,0.17726965587952628
AdaBoost,No SMOTE,0,0,0.1689822365998279
AdaBoost,No SMOTE,0,0,0.2193403423397052
AdaBoost,No SMOTE,0,0,0.16618389338377842
AdaBoost,No SMOTE,0,0,0.1744311028445886
AdaBoost,No SMOTE,0,0,0.13019713023369225
AdaBoost,No SMOTE,0,0,0.16342013312650427
AdaBoost,No SMOTE,0,0,0.22493649393812828
AdaBoost,No SMOTE,0,0,0.17726965587952628
AdaBoost,No SMOTE,0,0,0.1719470769852437
AdaBoost,No SMOTE,0,0,0.11920292202211763
AdaBoost,No SMOTE,0,0,0.17726965587952628
AdaBoost,No SMOTE,0,0,0.1744311028445886
AdaBoost,No SMOTE,0,0,0.2193403423397052
AdaBoost,No SMOTE,0,0,0.17726965587952628
AdaBoost,No SMOTE,0,0,0.21607329118820193
AdaBoost,No SMOTE,0,0,0.1689822365998279
AdaBoost,No SMOTE,0,0,0.17726965587952628
AdaBoost,No SMOTE,0,0,0.11920292202211763
AdaBoost,No SMOTE,0,0,0.1744311028445886
AdaBoost,No SMOTE,0,0,0.16342013312650427
AdaBoost,No SMOTE,0,0,0.2193403423397052
AdaBoost,No SMOTE,0,0,0.17726965587952628
AdaBoost,No SMOTE,0,0,0.1689822365998279
AdaBoost,No SMOTE,0,0,0.13586401457059089
AdaBoost,No SMOTE,0,0,0.13019713023369225
AdaBoost,No SMOTE,0,0,0.1744311028445886
AdaBoost,No SMOTE,0,0,0.14895992415852724
AdaBoost,No SMOTE,0,0,0.1689822365998279
AdaBoost,No SMOTE,0,0,0.17726965587952628
AdaBoost,No SMOTE,0,0,0.1689822365998279
AdaBoost,No SMOTE,0,0,0.16618389338377842
AdaBoost,No SMOTE,0,0,0.1744311028445886
AdaBoost,No SMOTE,0,0,0.16203849466010875
AdaBoost,No SMOTE,0,0,0.14895992415852724
AdaBoost,No SMOTE,0,0,0.1689822365998279
AdaBoost,No SMOTE,0,0,0.17726965587952628
AdaBoost,No SMOTE,0,0,0.13019713023369225
AdaBoost,No SMOTE,0,0,0.2193403423397052
AdaBoost,No SMOTE,0,0,0.1431363477165842
AdaBoost,No SMOTE,0,0,0.22493649393812828
AdaBoost,No SMOTE,0,0,0.13019713023369225
AdaBoost,No SMOTE,0,0,0.16342013312650427
AdaBoost,No SMOTE,0,0,0.13019713023369225
AdaBoost,No SMOTE,0,0,0.14895992415852724
AdaBoost,No SMOTE,0,0,0.16618389338377842
AdaBoost,No SMOTE,0,0,0.22493649393812828
AdaBoost,No SMOTE,0,0,0.1689822365998279
AdaBoost,No SMOTE,0,0,0.1744311028445886
AdaBoost,No SMOTE,0,0,0.1744311028445886
AdaBoost,No SMOTE,0,0,0.1744311028445886
AdaBoost,No SMOTE,0,0,0.1689822365998279
AdaBoost,No SMOTE,0,0,0.16895403564617684
AdaBoost,No SMOTE,0,0,0.1689822365998279
AdaBoost,No SMOTE,0,0,0.2193403423397052
AdaBoost,No SMOTE,0,0,0.1689822365998279
AdaBoost,No SMOTE,0,0,0.14895992415852724
AdaBoost,No SMOTE,0,0,0.13586401457059089
AdaBoost,No SMOTE,0,0,0.1744311028445886
AdaBoost,No SMOTE,0,0,0.16895403564617684
AdaBoost,No SMOTE,0,0,0.1689822365998279
AdaBoost,No SMOTE,0,0,0.1744311028445886
AdaBoost,No SMOTE,0,0,0.22493649393812828
AdaBoost,No SMOTE,0,0,0.1431423024436669
AdaBoost,No SMOTE,0,0,0.17726965587952628
AdaBoost,No SMOTE,0,0,0.17726965587952628
AdaBoost,No SMOTE,0,0,0.22017433581447826
AdaBoost,No SMOTE,0,0,0.16203849466010875
AdaBoost,No SMOTE,0,0,0.1744311028445886
AdaBoost,No SMOTE,0,0,0.17182074334119965
AdaBoost,No SMOTE,0,0,0.18311285361171212
AdaBoost,No SMOTE,0,0,0.22017433581447826
AdaBoost,No SMOTE,0,0,0.1689822365998279
AdaBoost,No SMOTE,0,0,0.21607329118820193
AdaBoost,No SMOTE,0,0,0.16203849466010875
AdaBoost,No SMOTE,0,0,0.22843520662470906
AdaBoost,No SMOTE,0,0,0.18496367037446623
AdaBoost,No SMOTE,0,0,0.17726965587952628
AdaBoost,No SMOTE,0,0,0.1744311028445886
AdaBoost,No SMOTE,0,0,0.1689822365998279
AdaBoost,No SMOTE,0,0,0.17726965587952628
AdaBoost,No SMOTE,0,0,0.1744311028445886
AdaBoost,No SMOTE,0,0,0.1689822365998279
AdaBoost,No SMOTE,0,0,0.16342013312650427
AdaBoost,No SMOTE,0,0,0.1744311028445886
AdaBoost,No SMOTE,0,0,0.17726965587952628
AdaBoost,No SMOTE,0,0,0.1431423024436669
AdaBoost,No SMOTE,0,0,0.16618389338377842
AdaBoost,No SMOTE,0,0,0.1719470769852437
AdaBoost,No SMOTE,0,0,0.1744311028445886
AdaBoost,No SMOTE,0,0,0.22493649393812828
AdaBoost,No SMOTE,0,0,0.16342013312650427
AdaBoost,No SMOTE,0,0,0.13586401457059089
AdaBoost,No SMOTE,0,0,0.17726965587952628
AdaBoost,No SMOTE,0,0,0.22176486665410824
AdaBoost,No SMOTE,0,0,0.1744311028445886
AdaBoost,No SMOTE,0,0,0.21928751511544514
AdaBoost,No SMOTE,0,0,0.16342013312650427
AdaBoost,No SMOTE,0,0,0.17726965587952628
AdaBoost,No SMOTE,0,0,0.14895992415852724
AdaBoost,No SMOTE,0,0,0.1744311028445886
AdaBoost,No SMOTE,0,0,0.1744311028445886
AdaBoost,No SMOTE,0,0,0.16618389338377842
AdaBoost,No SMOTE,0,0,0.1744311028445886
AdaBoost,No SMOTE,0,0,0.11920292202211763
AdaBoost,No SMOTE,0,0,0.14895992415852724
AdaBoost,No SMOTE,0,0,0.1719470769852437
AdaBoost,No SMOTE,0,0,0.13019713023369225
AdaBoost,No SMOTE,0,0,0.18800989342479768
AdaBoost,No SMOTE,0,0,0.22493649393812828
AdaBoost,No SMOTE,0,0,0.1744311028445886
AdaBoost,No SMOTE,0,0,0.1744311028445886
AdaBoost,No SMOTE,0,0,0.17726965587952628
AdaBoost,No SMOTE,0,0,0.1744311028445886
AdaBoost,No SMOTE,0,0,0.11920292202211763
AdaBoost,No SMOTE,0,0,0.17726965587952628
AdaBoost,No SMOTE,0,0,0.1689822365998279
AdaBoost,No SMOTE,0,0,0.1689822365998279
AdaBoost,No SMOTE,0,0,0.14895992415852724
AdaBoost,No SMOTE,0,0,0.1689822365998279
AdaBoost,No SMOTE,0,0,0.13586401457059089
AdaBoost,No SMOTE,0,0,0.1744311028445886
AdaBoost,No SMOTE,0,0,0.17726965587952628
AdaBoost,No SMOTE,0,0,0.13586401457059089
AdaBoost,No SMOTE,0,0,0.1689822365998279
AdaBoost,No SMOTE,0,0,0.14895992415852724
AdaBoost,No SMOTE,0,0,0.1689822365998279
AdaBoost,No SMOTE,0,0,0.22493649393812828
AdaBoost,No SMOTE,0,0,0.1744311028445886
AdaBoost,No SMOTE,0,0,0.23595205353816107
AdaBoost,No SMOTE,0,0,0.1431363477165842
AdaBoost,No SMOTE,0,0,0.17726965587952628
AdaBoost,No SMOTE,0,0,0.14895992415852724
AdaBoost,No SMOTE,0,0,0.1931443810264556
AdaBoost,No SMOTE,0,0,0.17726965587952628
AdaBoost,No SMOTE,0,0,0.17726965587952628
AdaBoost,No SMOTE,0,0,0.13019713023369225
AdaBoost,No SMOTE,0,0,0.17726965587952628
AdaBoost,No SMOTE,0,0,0.22509870925966874
AdaBoost,No SMOTE,0,0,0.1689822365998279
AdaBoost,No SMOTE,0,0,0.17726965587952628
AdaBoost,No SMOTE,0,0,0.21607329118820193
AdaBoost,No SMOTE,1,1,0.7664214140884963
AdaBoost,No SMOTE,0,0,0.17726965587952628
AdaBoost,No SMOTE,0,0,0.1719470769852437
AdaBoost,No SMOTE,0,0,0.17643129068755622
AdaBoost,No SMOTE,0,0,0.14895992415852724
AdaBoost,No SMOTE,0,0,0.1689822365998279
AdaBoost,No SMOTE,0,0,0.1744311028445886
AdaBoost,No SMOTE,0,0,0.13586401457059089
AdaBoost,No SMOTE,0,0,0.18800989342479768
AdaBoost,No SMOTE,0,0,0.191758796857404
AdaBoost,No SMOTE,0,0,0.1689822365998279
AdaBoost,No SMOTE,0,0,0.17726965587952628
AdaBoost,No SMOTE,0,0,0.1744311028445886
AdaBoost,No SMOTE,0,0,0.13586401457059089
AdaBoost,No SMOTE,0,0,0.2850837726175028
AdaBoost,No SMOTE,0,0,0.1744311028445886
AdaBoost,No SMOTE,0,0,0.1689822365998279
AdaBoost,No SMOTE,0,0,0.1689822365998279
AdaBoost,No SMOTE,0,0,0.11920292202211763
AdaBoost,No SMOTE,0,0,0.17726965587952628
AdaBoost,No SMOTE,0,0,0.2193403423397052
AdaBoost,No SMOTE,0,0,0.1744311028445886
AdaBoost,No SMOTE,0,0,0.22493649393812828
AdaBoost,No SMOTE,0,0,0.1431423024436669
AdaBoost,No SMOTE,0,0,0.1744311028445886
AdaBoost,No SMOTE,0,0,0.17726965587952628
AdaBoost,No SMOTE,0,0,0.1689822365998279
AdaBoost,No SMOTE,0,0,0.17726965587952628
AdaBoost,No SMOTE,0,0,0.1744311028445886
AdaBoost,No SMOTE,0,0,0.13019713023369225
AdaBoost,No SMOTE,0,0,0.18800989342479768
AdaBoost,No SMOTE,0,0,0.1689822365998279
AdaBoost,No SMOTE,0,0,0.17182074334119965
AdaBoost,No SMOTE,0,0,0.17726965587952628
AdaBoost,No SMOTE,0,0,0.1689822365998279
AdaBoost,No SMOTE,0,0,0.1744311028445886
AdaBoost,No SMOTE,0,0,0.21607329118820193
AdaBoost,No SMOTE,0,0,0.21607329118820193
AdaBoost,No SMOTE,0,0,0.1689822365998279
AdaBoost,No SMOTE,0,0,0.14895992415852724
AdaBoost,No SMOTE,0,0,0.17726965587952628
AdaBoost,No SMOTE,0,0,0.17726965587952628
AdaBoost,No SMOTE,0,0,0.16618389338377842
AdaBoost,No SMOTE,0,0,0.1744311028445886
AdaBoost,No SMOTE,0,0,0.1689822365998279
AdaBoost,No SMOTE,0,0,0.22044238283982498
AdaBoost,No SMOTE,0,0,0.18800989342479768
AdaBoost,No SMOTE,0,0,0.22843520662470906
AdaBoost,No SMOTE,0,0,0.1719470769852437
AdaBoost,No SMOTE,0,0,0.22493649393812828
AdaBoost,No SMOTE,0,0,0.1689822365998279
AdaBoost,No SMOTE,0,0,0.22493649393812828
AdaBoost,No SMOTE,0,0,0.13586401457059089
AdaBoost,No SMOTE,0,0,0.17726965587952628
AdaBoost,No SMOTE,0,0,0.205659675438033
AdaBoost,No SMOTE,0,0,0.17726965587952628
AdaBoost,No SMOTE,0,0,0.16618389338377842
AdaBoost,No SMOTE,0,0,0.17726965587952628
AdaBoost,No SMOTE,0,0,0.17726965587952628
AdaBoost,No SMOTE,0,0,0.13019713023369225
AdaBoost,No SMOTE,0,0,0.1689822365998279
AdaBoost,No SMOTE,0,0,0.22493649393812828
AdaBoost,No SMOTE,0,0,0.1744311028445886
AdaBoost,No SMOTE,0,0,0.22493649393812828
AdaBoost,No SMOTE,0,0,0.14895992415852724
AdaBoost,No SMOTE,0,0,0.17726965587952628
AdaBoost,No SMOTE,0,0,0.17726965587952628
AdaBoost,No SMOTE,0,0,0.18800989342479768
AdaBoost,No SMOTE,0,0,0.16618389338377842
AdaBoost,No SMOTE,0,0,0.17726965587952628
AdaBoost,No SMOTE,0,0,0.1744311028445886
AdaBoost,No SMOTE,0,0,0.17726965587952628
AdaBoost,No SMOTE,0,0,0.2193403423397052
AdaBoost,No SMOTE,0,0,0.21607329118820193
AdaBoost,No SMOTE,0,0,0.13019713023369225
AdaBoost,No SMOTE,0,0,0.17726965587952628
AdaBoost,No SMOTE,0,0,0.13019713023369225
AdaBoost,No SMOTE,0,0,0.21607329118820193
AdaBoost,No SMOTE,0,0,0.22493649393812828
AdaBoost,No SMOTE,0,0,0.17043552930931818
AdaBoost,No SMOTE,0,0,0.17726965587952628
AdaBoost,No SMOTE,0,0,0.17726965587952628
AdaBoost,No SMOTE,0,0,0.17726965587952628
AdaBoost,No SMOTE,0,0,0.14895992415852724
AdaBoost,No SMOTE,0,0,0.14895992415852724
AdaBoost,No SMOTE,0,0,0.1744311028445886
AdaBoost,No SMOTE,0,0,0.16618389338377842
AdaBoost,No SMOTE,0,0,0.1689822365998279
AdaBoost,No SMOTE,0,0,0.1689822365998279
AdaBoost,No SMOTE,0,0,0.1689822365998279
AdaBoost,No SMOTE,0,0,0.16342013312650427
AdaBoost,No SMOTE,0,0,0.13019713023369225
AdaBoost,No SMOTE,0,0,0.1689822365998279
AdaBoost,No SMOTE,0,0,0.14895992415852724
AdaBoost,No SMOTE,0,0,0.22493649393812828
AdaBoost,No SMOTE,0,0,0.1689822365998279
AdaBoost,No SMOTE,0,0,0.14798688540029464
AdaBoost,No SMOTE,0,0,0.1744311028445886
AdaBoost,No SMOTE,0,0,0.11920292202211763
AdaBoost,No SMOTE,0,0,0.1744311028445886
AdaBoost,No SMOTE,0,0,0.18496367037446623
AdaBoost,No SMOTE,0,0,0.2193403423397052
AdaBoost,No SMOTE,0,0,0.13019713023369225
AdaBoost,No SMOTE,0,0,0.1689822365998279
AdaBoost,No SMOTE,0,0,0.22255765333999847
AdaBoost,No SMOTE,0,0,0.11920292202211763
AdaBoost,No SMOTE,0,0,0.1689822365998279
AdaBoost,No SMOTE,0,0,0.205659675438033
AdaBoost,No SMOTE,0,0,0.22044238283982498
AdaBoost,No SMOTE,0,0,0.18800989342479768
AdaBoost,No SMOTE,0,0,0.21607329118820193
AdaBoost,No SMOTE,0,0,0.22493649393812828
AdaBoost,No SMOTE,0,0,0.1689822365998279
AdaBoost,No SMOTE,0,0,0.13019713023369225
AdaBoost,No SMOTE,0,0,0.1689822365998279
AdaBoost,No SMOTE,0,0,0.22493649393812828
AdaBoost,No SMOTE,0,0,0.1689822365998279
AdaBoost,No SMOTE,0,0,0.1744311028445886
AdaBoost,No SMOTE,0,0,0.13586401457059089
AdaBoost,No SMOTE,0,0,0.16867357177983938
AdaBoost,No SMOTE,0,0,0.17726965587952628
AdaBoost,No SMOTE,0,0,0.1744311028445886
AdaBoost,No SMOTE,0,0,0.1744311028445886
AdaBoost,No SMOTE,0,0,0.14895992415852724
AdaBoost,No SMOTE,0,0,0.17726965587952628
AdaBoost,No SMOTE,0,0,0.21607329118820193
AdaBoost,No SMOTE,0,0,0.16618389338377842
AdaBoost,No SMOTE,0,0,0.21607329118820193
AdaBoost,No SMOTE,0,0,0.2217171988769872
AdaBoost,No SMOTE,0,0,0.19003443635734119
AdaBoost,No SMOTE,0,0,0.1689822365998279
AdaBoost,No SMOTE,0,0,0.11920292202211763
AdaBoost,No SMOTE,0,0,0.13586401457059089
AdaBoost,No SMOTE,0,0,0.17726965587952628
AdaBoost,No SMOTE,0,0,0.14895992415852724
AdaBoost,No SMOTE,0,0,0.22493649393812828
AdaBoost,No SMOTE,0,0,0.21607329118820193
AdaBoost,No SMOTE,0,0,0.1689822365998279
AdaBoost,No SMOTE,0,0,0.17726965587952628
AdaBoost,No SMOTE,0,0,0.13019713023369225
AdaBoost,No SMOTE,0,0,0.16895403564617684
AdaBoost,No SMOTE,0,0,0.17726965587952628
AdaBoost,No SMOTE,0,0,0.1689822365998279
AdaBoost,No SMOTE,0,0,0.18800989342479768
AdaBoost,No SMOTE,0,0,0.18496367037446623
AdaBoost,No SMOTE,0,0,0.16618389338377842
AdaBoost,No SMOTE,0,0,0.17726965587952628
AdaBoost,No SMOTE,0,0,0.16342013312650427
AdaBoost,No SMOTE,0,0,0.22493649393812828
AdaBoost,No SMOTE,0,0,0.16618389338377842
AdaBoost,No SMOTE,0,0,0.1744311028445886
AdaBoost,No SMOTE,0,0,0.16618389338377842
AdaBoost,No SMOTE,0,0,0.22017433581447826
AdaBoost,No SMOTE,0,0,0.14895992415852724
AdaBoost,No SMOTE,0,0,0.1689822365998279
AdaBoost,No SMOTE,0,0,0.1744311028445886
AdaBoost,No SMOTE,0,0,0.17726965587952628
AdaBoost,No SMOTE,0,0,0.1689822365998279
AdaBoost,No SMOTE,0,0,0.1744311028445886
AdaBoost,No SMOTE,0,0,0.1689822365998279
AdaBoost,No SMOTE,0,0,0.1744311028445886
AdaBoost,No SMOTE,0,0,0.1689822365998279
AdaBoost,No SMOTE,0,0,0.18800989342479768
AdaBoost,No SMOTE,0,0,0.17726965587952628
AdaBoost,No SMOTE,0,0,0.1431423024436669
AdaBoost,No SMOTE,0,0,0.14895992415852724
AdaBoost,No SMOTE,0,0,0.1719470769852437
AdaBoost,No SMOTE,0,0,0.21607329118820193
AdaBoost,No SMOTE,0,0,0.13019713023369225
AdaBoost,No SMOTE,0,0,0.1689822365998279
AdaBoost,No SMOTE,0,0,0.17726965587952628
AdaBoost,No SMOTE,0,0,0.14895992415852724
AdaBoost,No SMOTE,0,0,0.21607329118820193
AdaBoost,No SMOTE,0,0,0.1744311028445886
AdaBoost,No SMOTE,0,0,0.1689822365998279
AdaBoost,No SMOTE,0,0,0.1689822365998279
AdaBoost,No SMOTE,0,0,0.17726965587952628
AdaBoost,No SMOTE,0,0,0.1744311028445886
AdaBoost,No SMOTE,0,0,0.1689822365998279
AdaBoost,No SMOTE,0,0,0.1744311028445886
AdaBoost,No SMOTE,0,0,0.13586401457059089
AdaBoost,No SMOTE,0,0,0.17726965587952628
AdaBoost,No SMOTE,0,0,0.1744311028445886
AdaBoost,No SMOTE,0,0,0.16342013312650427
AdaBoost,No SMOTE,0,0,0.17726965587952628
AdaBoost,No SMOTE,0,0,0.22493649393812828
AdaBoost,No SMOTE,0,0,0.22493649393812828
AdaBoost,No SMOTE,0,0,0.11920292202211763
AdaBoost,No SMOTE,0,0,0.1744311028445886
AdaBoost,No SMOTE,0,0,0.21607329118820193
AdaBoost,No SMOTE,0,0,0.1689822365998279
AdaBoost,No SMOTE,0,0,0.22295168509089985
AdaBoost,No SMOTE,0,0,0.1744311028445886
AdaBoost,No SMOTE,0,0,0.13586401457059089
AdaBoost,No SMOTE,0,0,0.13019713023369225
AdaBoost,No SMOTE,0,0,0.18800989342479768
AdaBoost,No SMOTE,0,0,0.1719470769852437
AdaBoost,No SMOTE,0,0,0.14895992415852724
AdaBoost,No SMOTE,0,0,0.22493649393812828
AdaBoost,No SMOTE,0,0,0.1689822365998279
AdaBoost,No SMOTE,0,0,0.16618389338377842
AdaBoost,No SMOTE,0,0,0.1744311028445886
AdaBoost,No SMOTE,0,0,0.16618389338377842
AdaBoost,No SMOTE,0,0,0.1689822365998279
AdaBoost,No SMOTE,0,0,0.22493649393812828
AdaBoost,No SMOTE,0,0,0.22017433581447826
AdaBoost,No SMOTE,0,0,0.17726965587952628
AdaBoost,No SMOTE,0,0,0.17726965587952628
AdaBoost,No SMOTE,0,0,0.1689822365998279
AdaBoost,No SMOTE,0,0,0.17726965587952628
AdaBoost,No SMOTE,0,0,0.1431363477165842
AdaBoost,No SMOTE,0,0,0.17726965587952628
AdaBoost,No SMOTE,0,0,0.14895992415852724
AdaBoost,No SMOTE,0,0,0.1744311028445886
AdaBoost,No SMOTE,0,0,0.1689822365998279
AdaBoost,No SMOTE,0,0,0.25081468689261593
AdaBoost,No SMOTE,0,0,0.2193403423397052
AdaBoost,No SMOTE,0,0,0.18800989342479768
AdaBoost,No SMOTE,0,0,0.18496367037446623
AdaBoost,No SMOTE,0,0,0.18496367037446623
AdaBoost,No SMOTE,0,0,0.17726965587952628
AdaBoost,No SMOTE,0,0,0.13019713023369225
AdaBoost,No SMOTE,0,0,0.1689822365998279
AdaBoost,No SMOTE,0,0,0.18496367037446623
AdaBoost,No SMOTE,0,0,0.14895992415852724
AdaBoost,No SMOTE,0,0,0.1689822365998279
AdaBoost,No SMOTE,0,0,0.16618389338377842
AdaBoost,No SMOTE,0,0,0.1689822365998279
AdaBoost,No SMOTE,0,0,0.1744311028445886
AdaBoost,No SMOTE,0,0,0.17726965587952628
AdaBoost,No SMOTE,0,0,0.1689822365998279
AdaBoost,No SMOTE,0,0,0.1689822365998279
AdaBoost,No SMOTE,0,0,0.1431423024436669
AdaBoost,No SMOTE,0,0,0.1744311028445886
AdaBoost,No SMOTE,0,0,0.22176486665410824
AdaBoost,No SMOTE,0,0,0.16342013312650427
AdaBoost,No SMOTE,0,0,0.22493649393812828
AdaBoost,No SMOTE,0,0,0.17726965587952628
AdaBoost,No SMOTE,0,0,0.11920292202211763
AdaBoost,No SMOTE,0,0,0.16895403564617684
AdaBoost,No SMOTE,0,0,0.1689822365998279
AdaBoost,No SMOTE,0,0,0.1431423024436669
AdaBoost,No SMOTE,0,0,0.17726965587952628
AdaBoost,No SMOTE,0,0,0.22493649393812828
AdaBoost,No SMOTE,0,0,0.1689822365998279
AdaBoost,No SMOTE,0,0,0.18496367037446623
AdaBoost,No SMOTE,0,0,0.1744311028445886
AdaBoost,No SMOTE,0,0,0.1744311028445886
AdaBoost,No SMOTE,0,0,0.17726965587952628
AdaBoost,No SMOTE,0,0,0.205659675438033
AdaBoost,No SMOTE,0,0,0.1689822365998279
AdaBoost,No SMOTE,0,0,0.13586401457059089
AdaBoost,No SMOTE,0,0,0.17726965587952628
AdaBoost,No SMOTE,0,0,0.1744311028445886
AdaBoost,No SMOTE,0,0,0.13586401457059089
AdaBoost,No SMOTE,0,0,0.13586401457059089
AdaBoost,No SMOTE,0,0,0.1456228192075175
AdaBoost,No SMOTE,0,0,0.13019713023369225
AdaBoost,No SMOTE,0,0,0.14895992415852724
AdaBoost,No SMOTE,0,0,0.1744311028445886
AdaBoost,No SMOTE,0,0,0.1744311028445886
AdaBoost,No SMOTE,0,0,0.1689822365998279
AdaBoost,No SMOTE,0,0,0.1744311028445886
AdaBoost,No SMOTE,0,0,0.1689822365998279
AdaBoost,No SMOTE,0,0,0.1689822365998279
AdaBoost,No SMOTE,0,0,0.17726965587952628
AdaBoost,No SMOTE,0,0,0.1689822365998279
AdaBoost,No SMOTE,0,0,0.17726965587952628
AdaBoost,No SMOTE,0,0,0.1689822365998279
AdaBoost,No SMOTE,0,0,0.17726965587952628
AdaBoost,No SMOTE,0,0,0.17726965587952628
AdaBoost,No SMOTE,0,0,0.16342013312650427
AdaBoost,No SMOTE,0,0,0.17726965587952628
AdaBoost,No SMOTE,0,0,0.21607329118820193
AdaBoost,No SMOTE,0,0,0.1689822365998279
AdaBoost,No SMOTE,0,0,0.16895403564617684
AdaBoost,No SMOTE,0,0,0.1744311028445886
AdaBoost,No SMOTE,0,0,0.23435506113090693
AdaBoost,No SMOTE,0,0,0.17726965587952628
AdaBoost,No SMOTE,0,0,0.1431423024436669
AdaBoost,No SMOTE,0,0,0.1689822365998279
AdaBoost,No SMOTE,0,0,0.1744311028445886
AdaBoost,No SMOTE,0,0,0.1689822365998279
AdaBoost,No SMOTE,0,0,0.18496367037446623
AdaBoost,No SMOTE,0,0,0.21607329118820193
AdaBoost,No SMOTE,0,0,0.16342013312650427
AdaBoost,No SMOTE,0,0,0.16203849466010875
AdaBoost,No SMOTE,0,0,0.1744311028445886
AdaBoost,No SMOTE,0,0,0.1689822365998279
AdaBoost,No SMOTE,0,0,0.1744311028445886
AdaBoost,No SMOTE,0,0,0.17726965587952628
AdaBoost,No SMOTE,0,0,0.1719470769852437
AdaBoost,No SMOTE,0,0,0.21607329118820193
AdaBoost,No SMOTE,0,0,0.1689822365998279
AdaBoost,No SMOTE,0,0,0.22493649393812828
AdaBoost,No SMOTE,0,0,0.1689822365998279
AdaBoost,No SMOTE,0,0,0.17726965587952628
AdaBoost,No SMOTE,0,0,0.16342013312650427
AdaBoost,No SMOTE,0,0,0.1689822365998279
AdaBoost,No SMOTE,0,0,0.1689822365998279
AdaBoost,No SMOTE,0,0,0.1744311028445886
AdaBoost,No SMOTE,0,0,0.1689822365998279
AdaBoost,No SMOTE,0,0,0.1689822365998279
AdaBoost,No SMOTE,0,0,0.17726965587952628
AdaBoost,No SMOTE,0,0,0.1689822365998279
AdaBoost,No SMOTE,0,0,0.1689822365998279
AdaBoost,No SMOTE,0,0,0.14895992415852724
AdaBoost,No SMOTE,0,0,0.17726965587952628
AdaBoost,No SMOTE,0,0,0.22837027507102015
AdaBoost,No SMOTE,0,0,0.1744311028445886
AdaBoost,No SMOTE,0,0,0.16618389338377842
AdaBoost,No SMOTE,0,0,0.13019713023369225
AdaBoost,No SMOTE,0,0,0.13019713023369225
AdaBoost,No SMOTE,0,0,0.22493649393812828
AdaBoost,No SMOTE,0,0,0.2193403423397052
AdaBoost,No SMOTE,0,0,0.13019713023369225
AdaBoost,No SMOTE,0,0,0.17726965587952628
AdaBoost,No SMOTE,0,0,0.18496367037446623
AdaBoost,No SMOTE,0,0,0.1744311028445886
AdaBoost,No SMOTE,0,0,0.22255765333999847
AdaBoost,No SMOTE,0,0,0.2193403423397052
AdaBoost,No SMOTE,0,0,0.16867357177983938
AdaBoost,No SMOTE,0,0,0.1744311028445886
AdaBoost,No SMOTE,0,0,0.1744311028445886
AdaBoost,No SMOTE,0,0,0.22493649393812828
AdaBoost,No SMOTE,0,0,0.1689822365998279
AdaBoost,No SMOTE,0,0,0.22044238283982498
AdaBoost,No SMOTE,0,0,0.1689822365998279
AdaBoost,No SMOTE,0,0,0.13019713023369225
AdaBoost,No SMOTE,0,0,0.16867357177983938
AdaBoost,No SMOTE,0,0,0.17726965587952628
AdaBoost,No SMOTE,0,0,0.1744311028445886
AdaBoost,No SMOTE,0,0,0.1744311028445886
AdaBoost,No SMOTE,0,0,0.1689822365998279
AdaBoost,No SMOTE,0,0,0.1689822365998279
AdaBoost,No SMOTE,0,0,0.1689822365998279
AdaBoost,No SMOTE,0,0,0.1689822365998279
AdaBoost,No SMOTE,0,0,0.17726965587952628
AdaBoost,No SMOTE,0,0,0.17726965587952628
AdaBoost,No SMOTE,0,0,0.13586401457059089
AdaBoost,No SMOTE,0,0,0.11920292202211763
AdaBoost,No SMOTE,0,0,0.1744311028445886
AdaBoost,No SMOTE,0,0,0.17726965587952628
AdaBoost,No SMOTE,0,0,0.1744311028445886
AdaBoost,No SMOTE,0,0,0.16342013312650427
AdaBoost,No SMOTE,0,0,0.1744311028445886
AdaBoost,No SMOTE,0,0,0.13019713023369225
AdaBoost,No SMOTE,0,0,0.1689822365998279
AdaBoost,No SMOTE,0,0,0.1719470769852437
AdaBoost,No SMOTE,0,0,0.1744311028445886
AdaBoost,No SMOTE,0,0,0.13586401457059089
AdaBoost,No SMOTE,0,0,0.21928751511544514
AdaBoost,No SMOTE,0,0,0.17726965587952628
AdaBoost,No SMOTE,0,0,0.2193403423397052
AdaBoost,No SMOTE,0,0,0.14895992415852724
AdaBoost,No SMOTE,0,0,0.13019713023369225
AdaBoost,No SMOTE,0,0,0.1744311028445886
AdaBoost,No SMOTE,0,0,0.191758796857404
AdaBoost,No SMOTE,0,0,0.17726965587952628
AdaBoost,No SMOTE,0,0,0.17726965587952628
AdaBoost,No SMOTE,0,0,0.16895403564617684
AdaBoost,No SMOTE,0,0,0.1931443810264556
AdaBoost,No SMOTE,0,0,0.17726965587952628
AdaBoost,No SMOTE,0,0,0.16203849466010875
AdaBoost,No SMOTE,0,0,0.1689822365998279
AdaBoost,No SMOTE,0,0,0.1744311028445886
AdaBoost,No SMOTE,0,0,0.17726965587952628
AdaBoost,No SMOTE,0,0,0.17726965587952628
AdaBoost,No SMOTE,0,0,0.16342013312650427
AdaBoost,No SMOTE,0,0,0.2193403423397052
AdaBoost,No SMOTE,0,0,0.17726965587952628
AdaBoost,No SMOTE,0,0,0.1744311028445886
AdaBoost,No SMOTE,0,0,0.1689822365998279
AdaBoost,No SMOTE,0,0,0.1744311028445886
AdaBoost,No SMOTE,0,0,0.13586401457059089
AdaBoost,No SMOTE,0,0,0.1689822365998279
AdaBoost,No SMOTE,0,0,0.1744311028445886
AdaBoost,No SMOTE,0,0,0.17726965587952628
AdaBoost,No SMOTE,0,0,0.17726965587952628
AdaBoost,No SMOTE,0,0,0.11920292202211763
AdaBoost,No SMOTE,0,0,0.16895403564617684
AdaBoost,No SMOTE,0,0,0.17726965587952628
AdaBoost,No SMOTE,0,0,0.17726965587952628
AdaBoost,No SMOTE,0,0,0.1719470769852437
AdaBoost,No SMOTE,0,0,0.1689822365998279
AdaBoost,No SMOTE,0,0,0.22493649393812828
AdaBoost,No SMOTE,0,0,0.17726965587952628
AdaBoost,No SMOTE,0,0,0.17726965587952628
AdaBoost,No SMOTE,0,0,0.2193403423397052
AdaBoost,No SMOTE,0,0,0.21607329118820193
AdaBoost,No SMOTE,0,0,0.16203849466010875
AdaBoost,No SMOTE,0,0,0.19003443635734119
AdaBoost,No SMOTE,0,0,0.14895992415852724
AdaBoost,No SMOTE,0,0,0.13019713023369225
AdaBoost,No SMOTE,0,0,0.13019713023369225
AdaBoost,No SMOTE,0,0,0.1744311028445886
AdaBoost,No SMOTE,0,0,0.16618389338377842
AdaBoost,No SMOTE,0,0,0.17726965587952628
AdaBoost,No SMOTE,0,0,0.1744311028445886
AdaBoost,No SMOTE,0,0,0.11920292202211763
AdaBoost,No SMOTE,0,0,0.14895992415852724
AdaBoost,No SMOTE,0,0,0.1744311028445886
AdaBoost,No SMOTE,0,0,0.17726965587952628
AdaBoost,No SMOTE,0,0,0.16895403564617684
AdaBoost,No SMOTE,0,0,0.17726965587952628
AdaBoost,No SMOTE,0,0,0.14895992415852724
AdaBoost,No SMOTE,0,0,0.16867357177983938
AdaBoost,No SMOTE,0,0,0.1689822365998279
AdaBoost,No SMOTE,0,0,0.22493649393812828
AdaBoost,No SMOTE,0,0,0.1744311028445886
AdaBoost,No SMOTE,0,0,0.17643129068755622
AdaBoost,No SMOTE,0,0,0.1431423024436669
AdaBoost,No SMOTE,0,0,0.17726965587952628
AdaBoost,No SMOTE,0,0,0.14895992415852724
AdaBoost,No SMOTE,0,0,0.16342013312650427
AdaBoost,No SMOTE,0,0,0.22255765333999847
AdaBoost,No SMOTE,0,0,0.1689822365998279
AdaBoost,No SMOTE,0,0,0.14895992415852724
AdaBoost,No SMOTE,0,0,0.13586401457059089
AdaBoost,No SMOTE,0,0,0.22493649393812828
AdaBoost,No SMOTE,0,0,0.21607329118820193
AdaBoost,No SMOTE,0,0,0.22493649393812828
AdaBoost,No SMOTE,0,0,0.16342013312650427
AdaBoost,No SMOTE,0,0,0.1744311028445886
AdaBoost,No SMOTE,0,0,0.1689822365998279
AdaBoost,No SMOTE,0,0,0.16618389338377842
AdaBoost,No SMOTE,0,0,0.1689822365998279
AdaBoost,No SMOTE,0,0,0.17726965587952628
AdaBoost,No SMOTE,0,0,0.2193403423397052
AdaBoost,No SMOTE,0,0,0.17726965587952628
AdaBoost,No SMOTE,0,0,0.17726965587952628
AdaBoost,No SMOTE,0,0,0.17726965587952628
AdaBoost,No SMOTE,0,0,0.1689822365998279
AdaBoost,No SMOTE,0,0,0.1744311028445886
AdaBoost,No SMOTE,0,0,0.1689822365998279
AdaBoost,No SMOTE,0,0,0.14895992415852724
AdaBoost,No SMOTE,0,0,0.2193403423397052
AdaBoost,No SMOTE,0,0,0.17726965587952628
AdaBoost,No SMOTE,0,0,0.1744311028445886
AdaBoost,No SMOTE,0,0,0.1786840584100862
AdaBoost,No SMOTE,0,0,0.1744311028445886
AdaBoost,No SMOTE,0,0,0.1744311028445886
AdaBoost,No SMOTE,0,0,0.22843520662470906
AdaBoost,No SMOTE,0,0,0.1689822365998279
AdaBoost,No SMOTE,0,0,0.1689822365998279
AdaBoost,No SMOTE,0,0,0.1719470769852437
AdaBoost,No SMOTE,0,0,0.21607329118820193
AdaBoost,No SMOTE,0,0,0.16895403564617684
AdaBoost,No SMOTE,0,0,0.2193403423397052
AdaBoost,No SMOTE,0,0,0.17726965587952628
AdaBoost,No SMOTE,0,0,0.16618389338377842
AdaBoost,No SMOTE,0,0,0.1744311028445886
AdaBoost,No SMOTE,0,0,0.1689822365998279
AdaBoost,No SMOTE,0,0,0.1431423024436669
AdaBoost,No SMOTE,0,0,0.13586401457059089
AdaBoost,No SMOTE,0,0,0.1689822365998279
AdaBoost,No SMOTE,0,0,0.13019713023369225
AdaBoost,No SMOTE,0,0,0.17133680384090874
AdaBoost,No SMOTE,0,0,0.1689822365998279
AdaBoost,No SMOTE,0,0,0.1744311028445886
AdaBoost,No SMOTE,0,0,0.1719470769852437
AdaBoost,No SMOTE,0,0,0.1744311028445886
AdaBoost,No SMOTE,0,0,0.17726965587952628
AdaBoost,No SMOTE,0,0,0.17726965587952628
AdaBoost,No SMOTE,0,0,0.17726965587952628
AdaBoost,No SMOTE,0,0,0.18496367037446623
AdaBoost,No SMOTE,0,0,0.22493649393812828
AdaBoost,No SMOTE,0,0,0.1689822365998279
AdaBoost,No SMOTE,0,0,0.13019713023369225
AdaBoost,No SMOTE,0,0,0.22493649393812828
AdaBoost,No SMOTE,0,0,0.18496367037446623
AdaBoost,No SMOTE,0,0,0.17726965587952628
AdaBoost,No SMOTE,0,0,0.17726965587952628
AdaBoost,No SMOTE,0,0,0.17726965587952628
AdaBoost,No SMOTE,0,0,0.17726965587952628
AdaBoost,No SMOTE,0,0,0.14895992415852724
AdaBoost,No SMOTE,0,0,0.1744311028445886
AdaBoost,No SMOTE,0,0,0.21607329118820193
AdaBoost,No SMOTE,0,0,0.2193403423397052
AdaBoost,No SMOTE,0,0,0.22493649393812828
AdaBoost,No SMOTE,0,0,0.1744311028445886
AdaBoost,No SMOTE,0,0,0.1744311028445886
AdaBoost,No SMOTE,0,0,0.1744311028445886
AdaBoost,No SMOTE,0,0,0.1744311028445886
AdaBoost,No SMOTE,0,0,0.1689822365998279
AdaBoost,No SMOTE,0,0,0.1744311028445886
AdaBoost,No SMOTE,0,0,0.1744311028445886
AdaBoost,No SMOTE,0,0,0.1744311028445886
AdaBoost,No SMOTE,0,0,0.17726965587952628
AdaBoost,No SMOTE,0,0,0.1744311028445886
AdaBoost,No SMOTE,0,0,0.205659675438033
AdaBoost,No SMOTE,0,0,0.13019713023369225
AdaBoost,No SMOTE,0,0,0.1689822365998279
AdaBoost,No SMOTE,0,0,0.16203849466010875
AdaBoost,No SMOTE,0,0,0.11920292202211763
AdaBoost,No SMOTE,0,0,0.1689822365998279
AdaBoost,No SMOTE,0,0,0.13019713023369225
AdaBoost,No SMOTE,0,0,0.2091061060399178
AdaBoost,No SMOTE,0,0,0.1689822365998279
AdaBoost,No SMOTE,0,0,0.1689822365998279
AdaBoost,No SMOTE,0,0,0.22493649393812828
AdaBoost,No SMOTE,0,0,0.1689822365998279
AdaBoost,No SMOTE,0,0,0.1744311028445886
AdaBoost,No SMOTE,0,0,0.1689822365998279
AdaBoost,No SMOTE,0,0,0.22493649393812828
AdaBoost,No SMOTE,0,0,0.22017433581447826
AdaBoost,No SMOTE,0,0,0.1689822365998279
AdaBoost,No SMOTE,0,0,0.17726965587952628
AdaBoost,No SMOTE,0,0,0.17726965587952628
AdaBoost,No SMOTE,0,0,0.1689822365998279
AdaBoost,No SMOTE,0,0,0.22493649393812828
AdaBoost,No SMOTE,0,0,0.17726965587952628
AdaBoost,No SMOTE,0,0,0.1744311028445886
AdaBoost,No SMOTE,0,0,0.21607329118820193
AdaBoost,No SMOTE,0,0,0.1689822365998279
AdaBoost,No SMOTE,0,0,0.18800989342479768
AdaBoost,No SMOTE,0,0,0.16895403564617684
AdaBoost,No SMOTE,0,0,0.16895403564617684
AdaBoost,No SMOTE,0,0,0.1744311028445886
AdaBoost,No SMOTE,0,0,0.11920292202211763
AdaBoost,No SMOTE,0,0,0.13019713023369225
AdaBoost,No SMOTE,0,0,0.1431363477165842
AdaBoost,No SMOTE,0,0,0.17726965587952628
AdaBoost,No SMOTE,0,0,0.1744311028445886
AdaBoost,No SMOTE,0,0,0.14895992415852724
AdaBoost,No SMOTE,0,0,0.13586401457059089
AdaBoost,No SMOTE,0,0,0.13019713023369225
AdaBoost,No SMOTE,0,0,0.1431423024436669
AdaBoost,No SMOTE,0,0,0.1744311028445886
AdaBoost,No SMOTE,0,0,0.1931443810264556
AdaBoost,No SMOTE,0,0,0.1689822365998279
AdaBoost,No SMOTE,0,0,0.17726965587952628
AdaBoost,No SMOTE,0,0,0.1689822365998279
AdaBoost,No SMOTE,0,0,0.16867357177983938
AdaBoost,No SMOTE,0,0,0.2193403423397052
AdaBoost,No SMOTE,0,0,0.1689822365998279
AdaBoost,No SMOTE,0,0,0.17726965587952628
AdaBoost,No SMOTE,0,0,0.1744311028445886
AdaBoost,No SMOTE,0,0,0.16895403564617684
AdaBoost,No SMOTE,0,0,0.14895992415852724
AdaBoost,No SMOTE,0,0,0.11920292202211763
AdaBoost,No SMOTE,0,0,0.1744311028445886
AdaBoost,No SMOTE,0,0,0.1744311028445886
AdaBoost,No SMOTE,0,0,0.1744311028445886
AdaBoost,No SMOTE,0,0,0.16342013312650427
AdaBoost,No SMOTE,0,0,0.16895403564617684
AdaBoost,No SMOTE,0,0,0.13586401457059089
AdaBoost,No SMOTE,0,0,0.17726965587952628
AdaBoost,No SMOTE,0,0,0.1744311028445886
AdaBoost,No SMOTE,0,0,0.17726965587952628
AdaBoost,No SMOTE,0,0,0.18800989342479768
AdaBoost,No SMOTE,0,0,0.1689822365998279
AdaBoost,No SMOTE,0,0,0.1744311028445886
AdaBoost,No SMOTE,0,0,0.1744311028445886
AdaBoost,No SMOTE,0,0,0.11920292202211763
AdaBoost,No SMOTE,0,0,0.17726965587952628
AdaBoost,No SMOTE,0,0,0.191758796857404
AdaBoost,No SMOTE,0,0,0.1689822365998279
AdaBoost,No SMOTE,0,0,0.16618389338377842
AdaBoost,No SMOTE,0,0,0.16895403564617684
AdaBoost,No SMOTE,0,0,0.2193403423397052
AdaBoost,No SMOTE,0,0,0.17726965587952628
AdaBoost,No SMOTE,0,0,0.22843520662470906
AdaBoost,No SMOTE,0,0,0.17726965587952628
AdaBoost,No SMOTE,0,0,0.1744311028445886
AdaBoost,No SMOTE,0,0,0.17726965587952628
AdaBoost,No SMOTE,0,0,0.14895992415852724
AdaBoost,No SMOTE,0,0,0.21607329118820193
AdaBoost,No SMOTE,0,0,0.1744311028445886
AdaBoost,No SMOTE,0,0,0.17726965587952628
AdaBoost,No SMOTE,0,0,0.1689822365998279
AdaBoost,No SMOTE,0,0,0.16342013312650427
AdaBoost,No SMOTE,0,0,0.2193403423397052
AdaBoost,No SMOTE,0,0,0.14895992415852724
AdaBoost,No SMOTE,0,0,0.1744311028445886
AdaBoost,No SMOTE,0,0,0.17726965587952628
AdaBoost,No SMOTE,0,0,0.21607329118820193
AdaBoost,No SMOTE,0,0,0.1689822365998279
AdaBoost,No SMOTE,0,0,0.22843520662470906
AdaBoost,No SMOTE,0,0,0.1744311028445886
AdaBoost,No SMOTE,0,0,0.22493649393812828
AdaBoost,No SMOTE,0,0,0.13019713023369225
AdaBoost,No SMOTE,0,0,0.17043552930931818
AdaBoost,No SMOTE,0,0,0.14895992415852724
AdaBoost,No SMOTE,0,0,0.1744311028445886
AdaBoost,No SMOTE,0,0,0.17726965587952628
AdaBoost,No SMOTE,0,0,0.17726965587952628
AdaBoost,No SMOTE,0,0,0.22493649393812828
AdaBoost,No SMOTE,0,0,0.22493649393812828
AdaBoost,No SMOTE,0,0,0.17726965587952628
AdaBoost,No SMOTE,0,0,0.17726965587952628
AdaBoost,No SMOTE,0,0,0.20002774141121915
AdaBoost,No SMOTE,0,0,0.1744311028445886
AdaBoost,No SMOTE,0,0,0.1744311028445886
AdaBoost,No SMOTE,0,0,0.1744311028445886
AdaBoost,No SMOTE,0,0,0.1689822365998279
AdaBoost,No SMOTE,0,0,0.1786840584100862
AdaBoost,No SMOTE,0,0,0.18800989342479768
AdaBoost,No SMOTE,0,0,0.14895992415852724
AdaBoost,No SMOTE,0,0,0.1689822365998279
AdaBoost,No SMOTE,0,0,0.17726965587952628
AdaBoost,No SMOTE,0,0,0.25081468689261593
AdaBoost,No SMOTE,0,0,0.22493649393812828
AdaBoost,No SMOTE,0,0,0.1744311028445886
AdaBoost,No SMOTE,0,0,0.1744311028445886
AdaBoost,No SMOTE,0,0,0.1744311028445886
AdaBoost,No SMOTE,0,0,0.11920292202211763
AdaBoost,No SMOTE,0,0,0.22493649393812828
AdaBoost,No SMOTE,0,0,0.17726965587952628
AdaBoost,No SMOTE,0,0,0.1689822365998279
AdaBoost,No SMOTE,0,0,0.1744311028445886
AdaBoost,No SMOTE,0,0,0.17726965587952628
AdaBoost,No SMOTE,0,0,0.1719470769852437
AdaBoost,No SMOTE,0,0,0.191758796857404
AdaBoost,No SMOTE,0,0,0.1689822365998279
AdaBoost,No SMOTE,0,0,0.21607329118820193
AdaBoost,No SMOTE,0,0,0.14895992415852724
AdaBoost,No SMOTE,0,0,0.14895992415852724
AdaBoost,No SMOTE,0,0,0.13019713023369225
AdaBoost,No SMOTE,0,0,0.1689822365998279
AdaBoost,No SMOTE,0,0,0.22493649393812828
AdaBoost,No SMOTE,0,0,0.18800989342479768
AdaBoost,No SMOTE,0,0,0.17726965587952628
AdaBoost,No SMOTE,0,0,0.1689822365998279
AdaBoost,No SMOTE,0,0,0.22493649393812828
AdaBoost,No SMOTE,0,0,0.191758796857404
AdaBoost,No SMOTE,0,0,0.21573524134425506
AdaBoost,No SMOTE,0,0,0.2193403423397052
AdaBoost,No SMOTE,0,0,0.1689822365998279
AdaBoost,No SMOTE,0,0,0.1744311028445886
AdaBoost,No SMOTE,0,0,0.22843520662470906
AdaBoost,No SMOTE,0,0,0.1744311028445886
AdaBoost,No SMOTE,0,0,0.17726965587952628
AdaBoost,No SMOTE,0,0,0.1744311028445886
AdaBoost,No SMOTE,0,0,0.1689822365998279
AdaBoost,No SMOTE,0,0,0.1431423024436669
AdaBoost,No SMOTE,0,0,0.17726965587952628
AdaBoost,No SMOTE,0,0,0.1744311028445886
AdaBoost,No SMOTE,0,0,0.17726965587952628
AdaBoost,No SMOTE,0,0,0.17726965587952628
AdaBoost,No SMOTE,0,0,0.13019713023369225
AdaBoost,No SMOTE,0,0,0.14895992415852724
AdaBoost,No SMOTE,0,0,0.22493649393812828
AdaBoost,No SMOTE,0,0,0.22493649393812828
AdaBoost,No SMOTE,0,0,0.2193403423397052
AdaBoost,No SMOTE,0,0,0.17726965587952628
AdaBoost,No SMOTE,0,0,0.16618389338377842
AdaBoost,No SMOTE,0,0,0.17726965587952628
AdaBoost,No SMOTE,0,0,0.17726965587952628
AdaBoost,No SMOTE,0,0,0.21607329118820193
AdaBoost,No SMOTE,0,0,0.1689822365998279
AdaBoost,No SMOTE,0,0,0.22493649393812828
AdaBoost,No SMOTE,0,0,0.22044238283982498
AdaBoost,No SMOTE,0,0,0.22493649393812828
AdaBoost,No SMOTE,0,0,0.1689822365998279
AdaBoost,No SMOTE,0,0,0.11920292202211763
AdaBoost,No SMOTE,0,0,0.1744311028445886
AdaBoost,No SMOTE,0,0,0.16895403564617684
AdaBoost,No SMOTE,0,0,0.1744311028445886
AdaBoost,No SMOTE,0,0,0.17726965587952628
AdaBoost,No SMOTE,0,0,0.11920292202211763
AdaBoost,No SMOTE,0,0,0.1744311028445886
AdaBoost,No SMOTE,0,0,0.17726965587952628
AdaBoost,No SMOTE,0,0,0.14895992415852724
AdaBoost,No SMOTE,0,0,0.1744311028445886
AdaBoost,No SMOTE,0,0,0.1689822365998279
AdaBoost,No SMOTE,0,0,0.14895992415852724
AdaBoost,No SMOTE,0,0,0.11920292202211763
AdaBoost,No SMOTE,0,0,0.17726965587952628
AdaBoost,No SMOTE,0,0,0.17726965587952628
AdaBoost,No SMOTE,0,0,0.1744311028445886
AdaBoost,No SMOTE,0,0,0.1689822365998279
AdaBoost,No SMOTE,0,0,0.17643129068755622
AdaBoost,No SMOTE,0,0,0.1431423024436669
AdaBoost,No SMOTE,0,0,0.1689822365998279
AdaBoost,No SMOTE,0,0,0.16342013312650427
AdaBoost,No SMOTE,0,0,0.18800989342479768
AdaBoost,No SMOTE,0,0,0.1744311028445886
AdaBoost,No SMOTE,0,0,0.17726965587952628
AdaBoost,No SMOTE,0,0,0.16618389338377842
AdaBoost,No SMOTE,0,0,0.1744311028445886
AdaBoost,No SMOTE,0,0,0.17726965587952628
AdaBoost,No SMOTE,0,0,0.1744311028445886
AdaBoost,No SMOTE,0,0,0.14895992415852724
AdaBoost,No SMOTE,0,0,0.17726965587952628
AdaBoost,No SMOTE,0,0,0.17452323501899744
AdaBoost,No SMOTE,0,0,0.22493649393812828
AdaBoost,No SMOTE,0,0,0.14895992415852724
AdaBoost,No SMOTE,0,0,0.17726965587952628
AdaBoost,No SMOTE,0,0,0.1744311028445886
AdaBoost,No SMOTE,0,0,0.18800989342479768
AdaBoost,No SMOTE,0,0,0.1689822365998279
AdaBoost,No SMOTE,0,0,0.2193403423397052
AdaBoost,No SMOTE,0,0,0.20002774141121915
AdaBoost,No SMOTE,0,0,0.2193403423397052
AdaBoost,No SMOTE,0,0,0.1689822365998279
AdaBoost,No SMOTE,0,0,0.1744311028445886
AdaBoost,No SMOTE,0,0,0.1744311028445886
AdaBoost,No SMOTE,0,0,0.21607329118820193
AdaBoost,No SMOTE,0,0,0.1689822365998279
AdaBoost,No SMOTE,0,0,0.14895992415852724
AdaBoost,No SMOTE,0,0,0.18496367037446623
AdaBoost,No SMOTE,0,0,0.2193403423397052
AdaBoost,No SMOTE,0,0,0.17726965587952628
AdaBoost,No SMOTE,0,0,0.13019713023369225
AdaBoost,No SMOTE,0,0,0.17726965587952628
AdaBoost,No SMOTE,0,0,0.1744311028445886
AdaBoost,No SMOTE,0,0,0.16867357177983938
AdaBoost,No SMOTE,0,0,0.16618389338377842
AdaBoost,No SMOTE,0,0,0.1744311028445886
AdaBoost,No SMOTE,0,0,0.13586401457059089
AdaBoost,No SMOTE,0,0,0.16895403564617684
AdaBoost,No SMOTE,0,0,0.1689822365998279
AdaBoost,No SMOTE,0,0,0.17726965587952628
AdaBoost,No SMOTE,0,0,0.1744311028445886
AdaBoost,No SMOTE,0,0,0.1689822365998279
AdaBoost,No SMOTE,0,0,0.17726965587952628
AdaBoost,No SMOTE,0,0,0.21607329118820193
AdaBoost,No SMOTE,0,0,0.16342013312650427
AdaBoost,No SMOTE,0,0,0.14895992415852724
AdaBoost,No SMOTE,0,0,0.1689822365998279
AdaBoost,No SMOTE,0,0,0.18800989342479768
AdaBoost,No SMOTE,0,0,0.1744311028445886
AdaBoost,No SMOTE,0,0,0.17726965587952628
AdaBoost,No SMOTE,0,0,0.17726965587952628
AdaBoost,No SMOTE,0,0,0.14895992415852724
AdaBoost,No SMOTE,0,0,0.22493649393812828
AdaBoost,No SMOTE,0,0,0.17726965587952628
AdaBoost,No SMOTE,0,0,0.17726965587952628
AdaBoost,No SMOTE,0,0,0.1689822365998279
AdaBoost,No SMOTE,0,0,0.16867357177983938
AdaBoost,No SMOTE,0,0,0.17726965587952628
AdaBoost,No SMOTE,0,0,0.1431423024436669
AdaBoost,No SMOTE,0,0,0.1689822365998279
AdaBoost,No SMOTE,0,0,0.17726965587952628
AdaBoost,No SMOTE,0,0,0.17726965587952628
AdaBoost,No SMOTE,0,0,0.13019713023369225
AdaBoost,No SMOTE,0,0,0.17726965587952628
AdaBoost,No SMOTE,0,0,0.1456228192075175
AdaBoost,No SMOTE,0,0,0.1689822365998279
AdaBoost,No SMOTE,0,0,0.1744311028445886
AdaBoost,No SMOTE,0,0,0.17726965587952628
AdaBoost,No SMOTE,0,0,0.1744311028445886
AdaBoost,No SMOTE,0,0,0.17726965587952628
AdaBoost,No SMOTE,0,0,0.13019713023369225
AdaBoost,No SMOTE,0,0,0.11920292202211763
AdaBoost,No SMOTE,0,0,0.11920292202211763
AdaBoost,No SMOTE,0,0,0.1431423024436669
AdaBoost,No SMOTE,0,0,0.1744311028445886
AdaBoost,No SMOTE,0,0,0.17726965587952628
AdaBoost,No SMOTE,0,0,0.21607329118820193
AdaBoost,No SMOTE,0,0,0.14895992415852724
AdaBoost,No SMOTE,0,0,0.14895992415852724
AdaBoost,No SMOTE,0,0,0.1744311028445886
AdaBoost,No SMOTE,0,0,0.1744311028445886
AdaBoost,No SMOTE,0,0,0.1744311028445886
AdaBoost,No SMOTE,0,0,0.1456228192075175
AdaBoost,No SMOTE,0,0,0.2193403423397052
AdaBoost,No SMOTE,0,0,0.18311285361171212
AdaBoost,No SMOTE,0,0,0.1744311028445886
AdaBoost,No SMOTE,0,0,0.17726965587952628
AdaBoost,No SMOTE,0,0,0.18800989342479768
AdaBoost,No SMOTE,0,0,0.2193403423397052
AdaBoost,No SMOTE,0,0,0.205659675438033
AdaBoost,No SMOTE,0,0,0.22493649393812828
AdaBoost,No SMOTE,0,0,0.1744311028445886
AdaBoost,No SMOTE,0,0,0.22843520662470906
AdaBoost,No SMOTE,0,0,0.1689822365998279
AdaBoost,No SMOTE,0,0,0.17726965587952628
AdaBoost,No SMOTE,0,0,0.16342013312650427
AdaBoost,No SMOTE,0,0,0.17726965587952628
AdaBoost,No SMOTE,0,0,0.16895403564617684
AdaBoost,No SMOTE,0,0,0.17726965587952628
AdaBoost,No SMOTE,0,0,0.18800989342479768
AdaBoost,No SMOTE,0,0,0.1744311028445886
AdaBoost,No SMOTE,0,0,0.1431363477165842
AdaBoost,No SMOTE,0,0,0.16203849466010875
AdaBoost,No SMOTE,0,0,0.1689822365998279
AdaBoost,No SMOTE,0,0,0.22493649393812828
AdaBoost,No SMOTE,0,0,0.17643129068755622
AdaBoost,No SMOTE,0,0,0.1744311028445886
AdaBoost,No SMOTE,0,0,0.2193403423397052
AdaBoost,No SMOTE,0,0,0.1744311028445886
AdaBoost,No SMOTE,0,0,0.1689822365998279
AdaBoost,No SMOTE,0,0,0.1744311028445886
AdaBoost,No SMOTE,0,0,0.18496367037446623
AdaBoost,No SMOTE,0,0,0.1689822365998279
AdaBoost,No SMOTE,0,0,0.14651749284402038
AdaBoost,No SMOTE,0,0,0.22493649393812828
AdaBoost,No SMOTE,0,0,0.17726965587952628
AdaBoost,No SMOTE,0,0,0.1689822365998279
AdaBoost,No SMOTE,0,0,0.17726965587952628
AdaBoost,No SMOTE,0,0,0.1744311028445886
AdaBoost,No SMOTE,0,0,0.1689822365998279
AdaBoost,No SMOTE,0,0,0.1689822365998279
AdaBoost,No SMOTE,0,0,0.18496367037446623
AdaBoost,No SMOTE,0,0,0.13019713023369225
AdaBoost,No SMOTE,0,0,0.1689822365998279
AdaBoost,No SMOTE,0,0,0.22493649393812828
AdaBoost,No SMOTE,0,0,0.1431363477165842
AdaBoost,No SMOTE,0,0,0.16895403564617684
AdaBoost,No SMOTE,0,0,0.17726965587952628
AdaBoost,No SMOTE,0,0,0.1744311028445886
AdaBoost,No SMOTE,0,0,0.18800989342479768
AdaBoost,No SMOTE,0,0,0.1689822365998279
AdaBoost,No SMOTE,0,0,0.1689822365998279
AdaBoost,No SMOTE,0,0,0.1744311028445886
AdaBoost,No SMOTE,0,0,0.16203849466010875
AdaBoost,No SMOTE,0,0,0.13586401457059089
AdaBoost,No SMOTE,0,0,0.17726965587952628
AdaBoost,No SMOTE,0,0,0.1689822365998279
AdaBoost,No SMOTE,0,0,0.1689822365998279
AdaBoost,No SMOTE,0,0,0.17726965587952628
AdaBoost,No SMOTE,0,0,0.1689822365998279
AdaBoost,No SMOTE,0,0,0.17726965587952628
AdaBoost,No SMOTE,0,0,0.13019713023369225
AdaBoost,No SMOTE,0,0,0.18800989342479768
AdaBoost,No SMOTE,0,0,0.13019713023369225
AdaBoost,No SMOTE,0,0,0.1689822365998279
AdaBoost,No SMOTE,0,0,0.13019713023369225
AdaBoost,No SMOTE,0,0,0.22493649393812828
AdaBoost,No SMOTE,0,0,0.14895992415852724
AdaBoost,No SMOTE,0,0,0.1744311028445886
AdaBoost,No SMOTE,0,0,0.1689822365998279
AdaBoost,No SMOTE,0,0,0.1689822365998279
AdaBoost,No SMOTE,0,0,0.16203849466010875
AdaBoost,No SMOTE,0,0,0.1744311028445886
AdaBoost,No SMOTE,0,0,0.17726965587952628
AdaBoost,No SMOTE,0,0,0.1689822365998279
AdaBoost,No SMOTE,0,0,0.18800989342479768
AdaBoost,No SMOTE,0,0,0.13019713023369225
AdaBoost,No SMOTE,0,0,0.1744311028445886
AdaBoost,No SMOTE,0,0,0.1689822365998279
AdaBoost,No SMOTE,0,0,0.1744311028445886
AdaBoost,No SMOTE,0,0,0.22493649393812828
AdaBoost,No SMOTE,0,0,0.16203849466010875
AdaBoost,No SMOTE,0,0,0.1744311028445886
AdaBoost,No SMOTE,0,0,0.1689822365998279
AdaBoost,No SMOTE,0,0,0.1744311028445886
AdaBoost,No SMOTE,0,0,0.17726965587952628
AdaBoost,No SMOTE,0,0,0.1744311028445886
AdaBoost,No SMOTE,0,0,0.1689822365998279
AdaBoost,No SMOTE,0,0,0.17726965587952628
AdaBoost,No SMOTE,0,0,0.17726965587952628
AdaBoost,No SMOTE,0,0,0.14895992415852724
AdaBoost,No SMOTE,0,0,0.13019713023369225
AdaBoost,No SMOTE,0,0,0.14895992415852724
AdaBoost,No SMOTE,0,0,0.17726965587952628
AdaBoost,No SMOTE,0,0,0.16342013312650427
AdaBoost,No SMOTE,0,0,0.14895992415852724
AdaBoost,No SMOTE,0,0,0.1689822365998279
AdaBoost,No SMOTE,0,0,0.14895992415852724
AdaBoost,No SMOTE,0,0,0.13019713023369225
AdaBoost,No SMOTE,0,0,0.1689822365998279
AdaBoost,No SMOTE,0,0,0.17452323501899744
AdaBoost,No SMOTE,0,0,0.1689822365998279
AdaBoost,No SMOTE,0,0,0.1689822365998279
AdaBoost,No SMOTE,0,0,0.16203849466010875
AdaBoost,No SMOTE,0,0,0.17726965587952628
AdaBoost,No SMOTE,0,0,0.1744311028445886
AdaBoost,No SMOTE,0,0,0.2193403423397052
AdaBoost,No SMOTE,0,0,0.1744311028445886
AdaBoost,No SMOTE,0,0,0.17726965587952628
AdaBoost,No SMOTE,0,0,0.17726965587952628
AdaBoost,No SMOTE,0,0,0.18800989342479768
AdaBoost,No SMOTE,0,0,0.17726965587952628
AdaBoost,No SMOTE,0,0,0.1689822365998279
AdaBoost,No SMOTE,0,0,0.1689822365998279
AdaBoost,No SMOTE,0,0,0.17726965587952628
AdaBoost,No SMOTE,0,0,0.17726965587952628
AdaBoost,No SMOTE,0,0,0.1744311028445886
AdaBoost,No SMOTE,0,0,0.1744311028445886
AdaBoost,No SMOTE,0,0,0.1744311028445886
AdaBoost,No SMOTE,0,0,0.1744311028445886
AdaBoost,No SMOTE,0,0,0.22493649393812828
AdaBoost,No SMOTE,0,0,0.1689822365998279
AdaBoost,No SMOTE,0,0,0.21607329118820193
AdaBoost,No SMOTE,0,0,0.1689822365998279
AdaBoost,No SMOTE,0,0,0.14895992415852724
AdaBoost,No SMOTE,0,0,0.14895992415852724
AdaBoost,No SMOTE,0,0,0.17726965587952628
AdaBoost,No SMOTE,0,0,0.1689822365998279
AdaBoost,No SMOTE,0,0,0.2193403423397052
AdaBoost,No SMOTE,0,0,0.22493649393812828
AdaBoost,No SMOTE,0,0,0.16867357177983938
AdaBoost,No SMOTE,0,0,0.22017433581447826
AdaBoost,No SMOTE,0,0,0.2193403423397052
AdaBoost,No SMOTE,0,0,0.1689822365998279
AdaBoost,No SMOTE,0,0,0.17726965587952628
AdaBoost,No SMOTE,0,0,0.1431363477165842
AdaBoost,No SMOTE,0,0,0.17726965587952628
AdaBoost,No SMOTE,0,0,0.1689822365998279
AdaBoost,No SMOTE,0,0,0.22493649393812828
AdaBoost,No SMOTE,0,0,0.17643129068755622
AdaBoost,No SMOTE,0,0,0.11920292202211763
AdaBoost,No SMOTE,0,0,0.1456228192075175
AdaBoost,No SMOTE,0,0,0.1431423024436669
AdaBoost,No SMOTE,0,0,0.18800989342479768
AdaBoost,No SMOTE,0,0,0.1744311028445886
AdaBoost,No SMOTE,0,0,0.1689822365998279
AdaBoost,No SMOTE,0,0,0.13586401457059089
AdaBoost,No SMOTE,0,0,0.17726965587952628
AdaBoost,No SMOTE,0,0,0.1689822365998279
AdaBoost,No SMOTE,0,0,0.1744311028445886
AdaBoost,No SMOTE,0,0,0.1689822365998279
AdaBoost,No SMOTE,0,0,0.1689822365998279
AdaBoost,No SMOTE,0,0,0.17726965587952628
AdaBoost,No SMOTE,0,0,0.17726965587952628
AdaBoost,No SMOTE,0,0,0.1689822365998279
AdaBoost,No SMOTE,0,0,0.1689822365998279
AdaBoost,No SMOTE,0,0,0.22493649393812828
AdaBoost,No SMOTE,0,0,0.11920292202211763
AdaBoost,No SMOTE,0,0,0.11920292202211763
AdaBoost,No SMOTE,0,0,0.18800989342479768
AdaBoost,No SMOTE,0,0,0.17726965587952628
AdaBoost,No SMOTE,0,0,0.1744311028445886
AdaBoost,No SMOTE,0,0,0.1744311028445886
AdaBoost,No SMOTE,0,0,0.21607329118820193
AdaBoost,No SMOTE,0,0,0.1744311028445886
AdaBoost,No SMOTE,0,0,0.14895992415852724
AdaBoost,No SMOTE,0,0,0.1744311028445886
AdaBoost,No SMOTE,0,0,0.1689822365998279
AdaBoost,No SMOTE,0,0,0.17726965587952628
AdaBoost,No SMOTE,0,0,0.1744311028445886
AdaBoost,No SMOTE,0,0,0.16618389338377842
AdaBoost,No SMOTE,0,0,0.14895992415852724
AdaBoost,No SMOTE,0,0,0.1456228192075175
AdaBoost,No SMOTE,0,0,0.17726965587952628
AdaBoost,No SMOTE,0,0,0.18496367037446623
AdaBoost,No SMOTE,0,0,0.1689822365998279
AdaBoost,No SMOTE,0,0,0.1689822365998279
AdaBoost,No SMOTE,0,0,0.11920292202211763
AdaBoost,No SMOTE,0,0,0.17726965587952628
AdaBoost,No SMOTE,0,0,0.17643129068755622
AdaBoost,No SMOTE,0,0,0.13019713023369225
AdaBoost,No SMOTE,0,0,0.1744311028445886
AdaBoost,No SMOTE,0,0,0.17726965587952628
AdaBoost,No SMOTE,0,0,0.18800989342479768
AdaBoost,No SMOTE,0,0,0.14895992415852724
AdaBoost,No SMOTE,0,0,0.1689822365998279
AdaBoost,No SMOTE,0,0,0.14895992415852724
AdaBoost,No SMOTE,0,0,0.16895403564617684
AdaBoost,No SMOTE,0,0,0.21607329118820193
AdaBoost,No SMOTE,0,0,0.18496367037446623
AdaBoost,No SMOTE,0,0,0.1744311028445886
AdaBoost,No SMOTE,0,0,0.1744311028445886
AdaBoost,No SMOTE,0,0,0.1744311028445886
AdaBoost,No SMOTE,0,0,0.1744311028445886
AdaBoost,No SMOTE,0,0,0.1744311028445886
AdaBoost,No SMOTE,0,0,0.13586401457059089
AdaBoost,No SMOTE,0,0,0.1689822365998279
AdaBoost,No SMOTE,0,0,0.1431423024436669
AdaBoost,No SMOTE,0,0,0.14895992415852724
AdaBoost,No SMOTE,0,0,0.11920292202211763
AdaBoost,No SMOTE,0,0,0.21607329118820193
AdaBoost,No SMOTE,0,0,0.17726965587952628
AdaBoost,No SMOTE,0,0,0.17726965587952628
AdaBoost,No SMOTE,0,0,0.13019713023369225
AdaBoost,No SMOTE,0,0,0.1689822365998279
AdaBoost,No SMOTE,0,0,0.1744311028445886
AdaBoost,No SMOTE,0,0,0.13019713023369225
AdaBoost,No SMOTE,0,0,0.17726965587952628
AdaBoost,No SMOTE,0,0,0.17726965587952628
AdaBoost,No SMOTE,0,0,0.11920292202211763
AdaBoost,No SMOTE,0,0,0.16618389338377842
AdaBoost,No SMOTE,0,0,0.17726965587952628
AdaBoost,No SMOTE,0,0,0.205659675438033
AdaBoost,No SMOTE,0,0,0.14895992415852724
AdaBoost,No SMOTE,0,0,0.16618389338377842
AdaBoost,No SMOTE,0,0,0.17726965587952628
AdaBoost,No SMOTE,0,0,0.1689822365998279
AdaBoost,No SMOTE,0,0,0.22493649393812828
AdaBoost,No SMOTE,0,0,0.18800989342479768
AdaBoost,No SMOTE,0,0,0.17726965587952628
AdaBoost,No SMOTE,0,0,0.21573524134425506
AdaBoost,No SMOTE,0,0,0.1689822365998279
AdaBoost,No SMOTE,0,0,0.1689822365998279
AdaBoost,No SMOTE,0,0,0.13586401457059089
AdaBoost,No SMOTE,0,0,0.1689822365998279
AdaBoost,No SMOTE,0,0,0.17726965587952628
AdaBoost,No SMOTE,0,0,0.21607329118820193
AdaBoost,No SMOTE,0,0,0.22493649393812828
AdaBoost,No SMOTE,0,0,0.17726965587952628
AdaBoost,No SMOTE,0,0,0.16203849466010875
AdaBoost,No SMOTE,0,0,0.17726965587952628
AdaBoost,No SMOTE,0,0,0.17726965587952628
AdaBoost,No SMOTE,0,0,0.1744311028445886
AdaBoost,No SMOTE,0,0,0.14895992415852724
AdaBoost,No SMOTE,0,0,0.1744311028445886
AdaBoost,No SMOTE,0,0,0.17726965587952628
AdaBoost,No SMOTE,0,0,0.16895403564617684
AdaBoost,No SMOTE,0,0,0.14895992415852724
AdaBoost,No SMOTE,0,0,0.1689822365998279
AdaBoost,No SMOTE,0,0,0.16618389338377842
AdaBoost,No SMOTE,0,0,0.18496367037446623
AdaBoost,No SMOTE,0,0,0.1689822365998279
AdaBoost,No SMOTE,0,0,0.17726965587952628
AdaBoost,No SMOTE,0,0,0.17726965587952628
AdaBoost,No SMOTE,0,0,0.1744311028445886
AdaBoost,No SMOTE,0,0,0.17726965587952628
AdaBoost,No SMOTE,0,0,0.17726965587952628
AdaBoost,No SMOTE,0,0,0.1689822365998279
AdaBoost,No SMOTE,0,0,0.14895992415852724
AdaBoost,No SMOTE,0,0,0.14895992415852724
AdaBoost,No SMOTE,0,0,0.14895992415852724
AdaBoost,No SMOTE,0,0,0.17726965587952628
AdaBoost,No SMOTE,0,0,0.1689822365998279
AdaBoost,No SMOTE,0,0,0.14895992415852724
AdaBoost,No SMOTE,0,0,0.2193403423397052
AdaBoost,No SMOTE,0,0,0.22493649393812828
AdaBoost,No SMOTE,0,0,0.14895992415852724
AdaBoost,No SMOTE,0,0,0.17726965587952628
AdaBoost,No SMOTE,0,0,0.191758796857404
AdaBoost,No SMOTE,0,0,0.17726965587952628
AdaBoost,No SMOTE,0,0,0.17726965587952628
AdaBoost,No SMOTE,0,0,0.17726965587952628
AdaBoost,No SMOTE,0,0,0.1744311028445886
AdaBoost,No SMOTE,0,0,0.1689822365998279
AdaBoost,No SMOTE,0,0,0.17726965587952628
AdaBoost,No SMOTE,0,0,0.16203849466010875
AdaBoost,No SMOTE,0,0,0.16203849466010875
AdaBoost,No SMOTE,0,0,0.16895403564617684
AdaBoost,No SMOTE,0,0,0.191758796857404
AdaBoost,No SMOTE,0,0,0.17726965587952628
AdaBoost,No SMOTE,0,0,0.1744311028445886
AdaBoost,No SMOTE,0,0,0.17043552930931818
AdaBoost,No SMOTE,0,0,0.14895992415852724
AdaBoost,No SMOTE,0,0,0.21607329118820193
AdaBoost,No SMOTE,0,0,0.1689822365998279
AdaBoost,No SMOTE,0,0,0.22493649393812828
AdaBoost,No SMOTE,0,0,0.17726965587952628
AdaBoost,No SMOTE,0,0,0.17726965587952628
AdaBoost,No SMOTE,0,0,0.1689822365998279
AdaBoost,No SMOTE,0,0,0.22725488101194322
AdaBoost,No SMOTE,0,0,0.17726965587952628
AdaBoost,No SMOTE,0,0,0.1744311028445886
AdaBoost,No SMOTE,0,0,0.22493649393812828
AdaBoost,No SMOTE,0,0,0.1744311028445886
AdaBoost,No SMOTE,0,0,0.1744311028445886
AdaBoost,No SMOTE,0,0,0.22493649393812828
AdaBoost,No SMOTE,0,0,0.2193403423397052
AdaBoost,No SMOTE,0,0,0.1744311028445886
AdaBoost,No SMOTE,0,0,0.1689822365998279
AdaBoost,No SMOTE,0,0,0.1431363477165842
AdaBoost,No SMOTE,0,0,0.1689822365998279
AdaBoost,No SMOTE,0,0,0.17726965587952628
AdaBoost,No SMOTE,0,0,0.1689822365998279
AdaBoost,No SMOTE,0,0,0.1689822365998279
AdaBoost,No SMOTE,0,0,0.2193403423397052
AdaBoost,No SMOTE,0,0,0.18800989342479768
AdaBoost,No SMOTE,0,0,0.205659675438033
AdaBoost,No SMOTE,0,0,0.14895992415852724
AdaBoost,No SMOTE,0,0,0.22493649393812828
AdaBoost,No SMOTE,0,0,0.22493649393812828
AdaBoost,No SMOTE,0,0,0.17726965587952628
AdaBoost,No SMOTE,0,0,0.17726965587952628
AdaBoost,No SMOTE,0,0,0.1431423024436669
AdaBoost,No SMOTE,0,0,0.1744311028445886
AdaBoost,No SMOTE,0,0,0.21607329118820193
AdaBoost,No SMOTE,0,0,0.1689822365998279
AdaBoost,No SMOTE,0,0,0.1744311028445886
AdaBoost,No SMOTE,0,0,0.1689822365998279
AdaBoost,No SMOTE,0,0,0.22493649393812828
AdaBoost,No SMOTE,0,0,0.1689822365998279
AdaBoost,No SMOTE,0,0,0.17726965587952628
AdaBoost,No SMOTE,0,0,0.16618389338377842
AdaBoost,No SMOTE,0,0,0.13586401457059089
AdaBoost,No SMOTE,0,0,0.14895992415852724
AdaBoost,No SMOTE,0,0,0.1689822365998279
AdaBoost,No SMOTE,0,0,0.2193403423397052
AdaBoost,No SMOTE,0,0,0.1689822365998279
AdaBoost,No SMOTE,0,0,0.1689822365998279
AdaBoost,No SMOTE,0,0,0.16618389338377842
AdaBoost,No SMOTE,0,0,0.13586401457059089
AdaBoost,No SMOTE,0,0,0.1744311028445886
AdaBoost,No SMOTE,0,0,0.17726965587952628
AdaBoost,No SMOTE,0,0,0.22843520662470906
AdaBoost,No SMOTE,0,0,0.17726965587952628
AdaBoost,No SMOTE,0,0,0.1431423024436669
AdaBoost,No SMOTE,0,0,0.1744311028445886
AdaBoost,No SMOTE,0,0,0.1744311028445886
AdaBoost,No SMOTE,0,0,0.21607329118820193
AdaBoost,No SMOTE,0,0,0.17726965587952628
AdaBoost,No SMOTE,0,0,0.17726965587952628
AdaBoost,No SMOTE,0,0,0.22493649393812828
AdaBoost,No SMOTE,0,0,0.17726965587952628
AdaBoost,No SMOTE,0,0,0.1689822365998279
AdaBoost,No SMOTE,0,0,0.1689822365998279
AdaBoost,No SMOTE,0,0,0.22493649393812828
AdaBoost,No SMOTE,0,0,0.17726965587952628
AdaBoost,No SMOTE,0,0,0.20002774141121915
AdaBoost,No SMOTE,0,0,0.14895992415852724
AdaBoost,No SMOTE,0,0,0.1456228192075175
AdaBoost,No SMOTE,0,0,0.1431363477165842
AdaBoost,No SMOTE,0,0,0.13586401457059089
AdaBoost,No SMOTE,0,0,0.14895992415852724
AdaBoost,No SMOTE,0,0,0.13019713023369225
AdaBoost,No SMOTE,0,0,0.1744311028445886
AdaBoost,No SMOTE,0,0,0.17726965587952628
AdaBoost,No SMOTE,0,0,0.17756452100554534
AdaBoost,No SMOTE,0,0,0.1689822365998279
AdaBoost,No SMOTE,0,0,0.1744311028445886
AdaBoost,No SMOTE,0,0,0.16342013312650427
AdaBoost,No SMOTE,0,0,0.1744311028445886
AdaBoost,No SMOTE,0,0,0.1689822365998279
AdaBoost,No SMOTE,0,0,0.17726965587952628
AdaBoost,No SMOTE,0,0,0.17726965587952628
AdaBoost,No SMOTE,0,0,0.16342013312650427
AdaBoost,No SMOTE,0,0,0.14895992415852724
AdaBoost,No SMOTE,0,0,0.18800989342479768
AdaBoost,No SMOTE,0,0,0.17452323501899744
AdaBoost,No SMOTE,0,0,0.22843520662470906
AdaBoost,No SMOTE,0,0,0.13019713023369225
AdaBoost,No SMOTE,0,0,0.16895403564617684
AdaBoost,No SMOTE,0,0,0.17726965587952628
AdaBoost,No SMOTE,0,0,0.14895992415852724
AdaBoost,No SMOTE,0,0,0.1744311028445886
AdaBoost,No SMOTE,0,0,0.1931443810264556
AdaBoost,No SMOTE,0,0,0.17726965587952628
AdaBoost,No SMOTE,0,0,0.13019713023369225
AdaBoost,No SMOTE,0,0,0.22493649393812828
AdaBoost,No SMOTE,0,0,0.11920292202211763
AdaBoost,No SMOTE,0,0,0.22493649393812828
AdaBoost,No SMOTE,0,0,0.1689822365998279
AdaBoost,No SMOTE,0,0,0.1689822365998279
AdaBoost,No SMOTE,0,0,0.1719470769852437
AdaBoost,No SMOTE,0,0,0.17726965587952628
AdaBoost,No SMOTE,0,0,0.1744311028445886
AdaBoost,No SMOTE,0,0,0.14895992415852724
AdaBoost,No SMOTE,0,0,0.1744311028445886
AdaBoost,No SMOTE,0,0,0.1744311028445886
AdaBoost,No SMOTE,0,0,0.16895403564617684
AdaBoost,No SMOTE,0,0,0.1689822365998279
AdaBoost,No SMOTE,0,0,0.1689822365998279
AdaBoost,No SMOTE,0,0,0.1744311028445886
AdaBoost,No SMOTE,0,0,0.1431363477165842
AdaBoost,No SMOTE,0,0,0.2193403423397052
AdaBoost,No SMOTE,0,0,0.22017433581447826
AdaBoost,No SMOTE,0,0,0.1719470769852437
AdaBoost,No SMOTE,0,0,0.13019713023369225
AdaBoost,No SMOTE,0,0,0.1744311028445886
AdaBoost,No SMOTE,0,0,0.1689822365998279
AdaBoost,No SMOTE,0,0,0.16342013312650427
AdaBoost,No SMOTE,0,0,0.14895992415852724
AdaBoost,No SMOTE,0,0,0.1719470769852437
AdaBoost,No SMOTE,0,0,0.17726965587952628
AdaBoost,No SMOTE,0,0,0.1431363477165842
AdaBoost,No SMOTE,0,0,0.17726965587952628
AdaBoost,No SMOTE,0,0,0.22493649393812828
AdaBoost,No SMOTE,0,0,0.17726965587952628
AdaBoost,No SMOTE,0,0,0.17726965587952628
AdaBoost,No SMOTE,0,0,0.1689822365998279
AdaBoost,No SMOTE,0,0,0.1744311028445886
AdaBoost,No SMOTE,0,0,0.21573524134425506
AdaBoost,No SMOTE,0,0,0.1744311028445886
AdaBoost,No SMOTE,0,0,0.17726965587952628
AdaBoost,No SMOTE,0,0,0.17726965587952628
AdaBoost,No SMOTE,0,0,0.13019713023369225
AdaBoost,No SMOTE,0,0,0.17726965587952628
AdaBoost,No SMOTE,0,0,0.2211488914469814
AdaBoost,No SMOTE,0,0,0.1744311028445886
AdaBoost,No SMOTE,0,0,0.17726965587952628
AdaBoost,No SMOTE,0,0,0.17726965587952628
AdaBoost,No SMOTE,0,0,0.21607329118820193
AdaBoost,No SMOTE,0,0,0.17726965587952628
AdaBoost,No SMOTE,0,0,0.22176486665410824
AdaBoost,No SMOTE,0,0,0.13019713023369225
AdaBoost,No SMOTE,0,0,0.1744311028445886
AdaBoost,No SMOTE,0,0,0.17726965587952628
AdaBoost,No SMOTE,0,0,0.17726965587952628
AdaBoost,No SMOTE,0,0,0.1744311028445886
AdaBoost,No SMOTE,0,0,0.1744311028445886
AdaBoost,No SMOTE,0,0,0.2193403423397052
AdaBoost,No SMOTE,0,0,0.21607329118820193
AdaBoost,No SMOTE,0,0,0.17726965587952628
AdaBoost,No SMOTE,0,0,0.1744311028445886
AdaBoost,No SMOTE,0,0,0.17726965587952628
AdaBoost,No SMOTE,0,0,0.191758796857404
AdaBoost,No SMOTE,0,0,0.1689822365998279
AdaBoost,No SMOTE,0,0,0.16342013312650427
AdaBoost,No SMOTE,0,0,0.17726965587952628
AdaBoost,No SMOTE,0,0,0.2193403423397052
AdaBoost,No SMOTE,0,0,0.18800989342479768
AdaBoost,No SMOTE,0,0,0.17726965587952628
AdaBoost,No SMOTE,0,0,0.1689822365998279
AdaBoost,No SMOTE,0,0,0.13586401457059089
AdaBoost,No SMOTE,0,0,0.16895403564617684
AdaBoost,No SMOTE,0,0,0.17726965587952628
AdaBoost,No SMOTE,0,0,0.1744311028445886
AdaBoost,No SMOTE,0,0,0.1744311028445886
AdaBoost,No SMOTE,0,0,0.13586401457059089
AdaBoost,No SMOTE,0,0,0.13586401457059089
AdaBoost,No SMOTE,0,0,0.22843520662470906
AdaBoost,No SMOTE,0,0,0.17726965587952628
AdaBoost,No SMOTE,0,0,0.17726965587952628
AdaBoost,No SMOTE,0,0,0.1744311028445886
AdaBoost,No SMOTE,0,0,0.22493649393812828
AdaBoost,No SMOTE,0,0,0.1689822365998279
AdaBoost,No SMOTE,0,0,0.18800989342479768
AdaBoost,No SMOTE,0,0,0.1744311028445886
AdaBoost,No SMOTE,0,0,0.1744311028445886
AdaBoost,No SMOTE,0,0,0.18800989342479768
AdaBoost,No SMOTE,0,0,0.1744311028445886
AdaBoost,No SMOTE,0,0,0.22493649393812828
AdaBoost,No SMOTE,0,0,0.14895992415852724
AdaBoost,No SMOTE,0,0,0.17726965587952628
AdaBoost,No SMOTE,0,0,0.14895992415852724
AdaBoost,No SMOTE,0,0,0.17726965587952628
AdaBoost,No SMOTE,0,0,0.1689822365998279
AdaBoost,No SMOTE,0,0,0.18800989342479768
AdaBoost,No SMOTE,0,0,0.17726965587952628
AdaBoost,No SMOTE,0,0,0.14895992415852724
AdaBoost,No SMOTE,0,0,0.17726965587952628
AdaBoost,No SMOTE,0,0,0.14895992415852724
AdaBoost,No SMOTE,0,0,0.13019713023369225
AdaBoost,No SMOTE,0,0,0.1719470769852437
AdaBoost,No SMOTE,0,0,0.14895992415852724
AdaBoost,No SMOTE,0,0,0.17726965587952628
AdaBoost,No SMOTE,0,0,0.13019713023369225
AdaBoost,No SMOTE,0,0,0.22493649393812828
AdaBoost,No SMOTE,0,0,0.14895992415852724
AdaBoost,No SMOTE,0,0,0.17726965587952628
AdaBoost,No SMOTE,0,0,0.1744311028445886
AdaBoost,No SMOTE,0,0,0.16618389338377842
AdaBoost,No SMOTE,0,0,0.17726965587952628
AdaBoost,No SMOTE,0,0,0.16618389338377842
AdaBoost,No SMOTE,0,0,0.1744311028445886
AdaBoost,No SMOTE,0,0,0.17726965587952628
AdaBoost,No SMOTE,0,0,0.13586401457059089
AdaBoost,No SMOTE,0,0,0.1689822365998279
AdaBoost,No SMOTE,0,0,0.22493649393812828
AdaBoost,No SMOTE,0,0,0.18496367037446623
AdaBoost,No SMOTE,0,0,0.1689822365998279
AdaBoost,No SMOTE,0,0,0.21607329118820193
AdaBoost,No SMOTE,0,0,0.1689822365998279
AdaBoost,No SMOTE,0,0,0.1689822365998279
AdaBoost,No SMOTE,0,0,0.17726965587952628
AdaBoost,No SMOTE,0,0,0.17726965587952628
AdaBoost,No SMOTE,0,0,0.17726965587952628
AdaBoost,No SMOTE,0,0,0.11920292202211763
AdaBoost,No SMOTE,0,0,0.1689822365998279
AdaBoost,No SMOTE,0,0,0.22493649393812828
AdaBoost,No SMOTE,0,0,0.191758796857404
AdaBoost,No SMOTE,0,0,0.21607329118820193
AdaBoost,No SMOTE,0,0,0.16618389338377842
AdaBoost,No SMOTE,0,0,0.1689822365998279
AdaBoost,No SMOTE,0,0,0.17726965587952628
AdaBoost,No SMOTE,0,0,0.17643129068755622
AdaBoost,No SMOTE,0,0,0.11920292202211763
AdaBoost,No SMOTE,0,0,0.22493649393812828
AdaBoost,No SMOTE,0,0,0.16342013312650427
AdaBoost,No SMOTE,0,0,0.13019713023369225
AdaBoost,No SMOTE,0,0,0.1689822365998279
AdaBoost,No SMOTE,0,0,0.22493649393812828
AdaBoost,No SMOTE,0,0,0.22493649393812828
AdaBoost,No SMOTE,0,0,0.22493649393812828
AdaBoost,No SMOTE,0,0,0.1744311028445886
AdaBoost,No SMOTE,0,0,0.17726965587952628
AdaBoost,No SMOTE,0,0,0.1689822365998279
AdaBoost,No SMOTE,0,0,0.21607329118820193
AdaBoost,No SMOTE,0,0,0.1689822365998279
AdaBoost,No SMOTE,0,0,0.1744311028445886
AdaBoost,No SMOTE,0,0,0.1744311028445886
AdaBoost,No SMOTE,0,0,0.18800989342479768
AdaBoost,No SMOTE,0,0,0.21607329118820193
AdaBoost,No SMOTE,0,0,0.17726965587952628
AdaBoost,No SMOTE,0,0,0.26348243932586984
AdaBoost,No SMOTE,0,0,0.14895992415852724
AdaBoost,No SMOTE,0,0,0.1744311028445886
AdaBoost,No SMOTE,0,0,0.1744311028445886
AdaBoost,No SMOTE,0,0,0.1719470769852437
AdaBoost,No SMOTE,0,0,0.17726965587952628
AdaBoost,No SMOTE,0,0,0.17726965587952628
AdaBoost,No SMOTE,0,0,0.1689822365998279
AdaBoost,No SMOTE,0,0,0.18496367037446623
AdaBoost,No SMOTE,0,0,0.17726965587952628
AdaBoost,No SMOTE,0,0,0.1689822365998279
AdaBoost,No SMOTE,0,0,0.16342013312650427
AdaBoost,No SMOTE,0,0,0.1689822365998279
AdaBoost,No SMOTE,0,0,0.1689822365998279
AdaBoost,No SMOTE,0,0,0.18800989342479768
AdaBoost,No SMOTE,0,0,0.1744311028445886
AdaBoost,No SMOTE,0,0,0.22017433581447826
AdaBoost,No SMOTE,0,0,0.1689822365998279
AdaBoost,No SMOTE,0,0,0.22493649393812828
AdaBoost,No SMOTE,0,0,0.1744311028445886
AdaBoost,No SMOTE,0,0,0.17726965587952628
AdaBoost,No SMOTE,0,0,0.13019713023369225
AdaBoost,No SMOTE,0,0,0.14895992415852724
AdaBoost,No SMOTE,0,0,0.17726965587952628
AdaBoost,No SMOTE,0,0,0.2262158342304544
AdaBoost,No SMOTE,0,0,0.13019713023369225
AdaBoost,No SMOTE,0,0,0.22493649393812828
AdaBoost,No SMOTE,0,0,0.1689822365998279
AdaBoost,No SMOTE,0,0,0.1744311028445886
AdaBoost,No SMOTE,0,0,0.17043552930931818
AdaBoost,No SMOTE,0,0,0.1744311028445886
AdaBoost,No SMOTE,0,0,0.14895992415852724
AdaBoost,No SMOTE,0,0,0.1689822365998279
AdaBoost,No SMOTE,0,0,0.1689822365998279
AdaBoost,No SMOTE,0,0,0.1431423024436669
AdaBoost,No SMOTE,0,0,0.17726965587952628
AdaBoost,No SMOTE,0,0,0.13586401457059089
AdaBoost,No SMOTE,0,0,0.1744311028445886
AdaBoost,No SMOTE,0,0,0.1689822365998279
AdaBoost,No SMOTE,0,0,0.1431423024436669
AdaBoost,No SMOTE,0,0,0.17726965587952628
AdaBoost,No SMOTE,0,0,0.1744311028445886
AdaBoost,No SMOTE,0,0,0.1689822365998279
AdaBoost,No SMOTE,0,0,0.14895992415852724
AdaBoost,No SMOTE,0,0,0.191758796857404
AdaBoost,No SMOTE,0,0,0.21607329118820193
AdaBoost,No SMOTE,0,0,0.1719470769852437
AdaBoost,No SMOTE,0,0,0.17726965587952628
AdaBoost,No SMOTE,0,0,0.17726965587952628
AdaBoost,No SMOTE,0,0,0.17726965587952628
AdaBoost,No SMOTE,0,0,0.17726965587952628
AdaBoost,No SMOTE,0,0,0.13586401457059089
AdaBoost,No SMOTE,0,0,0.1744311028445886
AdaBoost,No SMOTE,0,0,0.17452323501899744
AdaBoost,No SMOTE,0,0,0.13019713023369225
AdaBoost,No SMOTE,0,0,0.17726965587952628
AdaBoost,No SMOTE,0,0,0.17726965587952628
AdaBoost,No SMOTE,0,0,0.1689822365998279
AdaBoost,No SMOTE,0,0,0.1689822365998279
AdaBoost,No SMOTE,0,0,0.17726965587952628
AdaBoost,No SMOTE,0,0,0.1744311028445886
AdaBoost,No SMOTE,0,0,0.14895992415852724
AdaBoost,No SMOTE,0,0,0.1744311028445886
AdaBoost,No SMOTE,0,0,0.1689822365998279
AdaBoost,No SMOTE,0,0,0.1689822365998279
AdaBoost,No SMOTE,0,0,0.1744311028445886
AdaBoost,No SMOTE,0,0,0.17726965587952628
AdaBoost,No SMOTE,0,0,0.1719470769852437
AdaBoost,No SMOTE,0,0,0.17726965587952628
AdaBoost,No SMOTE,0,0,0.1689822365998279
AdaBoost,No SMOTE,0,0,0.1689822365998279
AdaBoost,No SMOTE,0,0,0.14895992415852724
AdaBoost,No SMOTE,0,0,0.21607329118820193
AdaBoost,No SMOTE,0,0,0.17726965587952628
AdaBoost,No SMOTE,0,0,0.1689822365998279
AdaBoost,No SMOTE,0,0,0.1689822365998279
AdaBoost,No SMOTE,0,0,0.13019713023369225
AdaBoost,No SMOTE,0,0,0.21607329118820193
AdaBoost,No SMOTE,0,0,0.17726965587952628
AdaBoost,No SMOTE,0,0,0.17726965587952628
AdaBoost,No SMOTE,0,0,0.18800989342479768
AdaBoost,No SMOTE,0,0,0.1431423024436669
AdaBoost,No SMOTE,0,0,0.1689822365998279
AdaBoost,No SMOTE,0,0,0.19090832035678107
AdaBoost,No SMOTE,0,0,0.17726965587952628
AdaBoost,No SMOTE,0,0,0.17726965587952628
AdaBoost,No SMOTE,0,0,0.14895992415852724
AdaBoost,No SMOTE,0,0,0.1689822365998279
AdaBoost,No SMOTE,0,0,0.21928751511544514
AdaBoost,No SMOTE,0,0,0.17726965587952628
AdaBoost,No SMOTE,0,0,0.1744311028445886
AdaBoost,No SMOTE,0,0,0.14895992415852724
AdaBoost,No SMOTE,0,0,0.1689822365998279
AdaBoost,No SMOTE,0,0,0.17726965587952628
AdaBoost,No SMOTE,0,0,0.2091061060399178
AdaBoost,No SMOTE,0,0,0.16618389338377842
AdaBoost,No SMOTE,0,0,0.17726965587952628
AdaBoost,No SMOTE,0,0,0.17726965587952628
AdaBoost,No SMOTE,0,0,0.14895992415852724
AdaBoost,No SMOTE,0,0,0.17643129068755622
AdaBoost,No SMOTE,0,0,0.22493649393812828
AdaBoost,No SMOTE,0,0,0.2193403423397052
AdaBoost,No SMOTE,0,0,0.16618389338377842
AdaBoost,No SMOTE,0,0,0.22493649393812828
AdaBoost,No SMOTE,0,0,0.13586401457059089
AdaBoost,No SMOTE,0,0,0.17726965587952628
AdaBoost,No SMOTE,0,0,0.22493649393812828
AdaBoost,No SMOTE,0,0,0.1689822365998279
AdaBoost,No SMOTE,0,0,0.1431423024436669
AdaBoost,No SMOTE,0,0,0.17726965587952628
AdaBoost,No SMOTE,0,0,0.18800989342479768
AdaBoost,No SMOTE,0,0,0.21607329118820193
AdaBoost,No SMOTE,0,0,0.1689822365998279
AdaBoost,No SMOTE,0,0,0.1719470769852437
AdaBoost,No SMOTE,0,0,0.14895992415852724
AdaBoost,No SMOTE,0,0,0.16342013312650427
AdaBoost,No SMOTE,0,0,0.1689822365998279
AdaBoost,No SMOTE,0,0,0.13586401457059089
AdaBoost,No SMOTE,0,0,0.14895992415852724
AdaBoost,No SMOTE,0,0,0.21607329118820193
AdaBoost,No SMOTE,0,0,0.1744311028445886
AdaBoost,No SMOTE,0,0,0.1744311028445886
AdaBoost,No SMOTE,0,0,0.14895992415852724
AdaBoost,No SMOTE,0,0,0.13586401457059089
AdaBoost,No SMOTE,0,0,0.22044238283982498
AdaBoost,No SMOTE,0,0,0.17726965587952628
AdaBoost,No SMOTE,0,0,0.22493649393812828
AdaBoost,No SMOTE,0,0,0.1744311028445886
AdaBoost,No SMOTE,0,0,0.1744311028445886
AdaBoost,No SMOTE,0,0,0.1689822365998279
AdaBoost,No SMOTE,0,0,0.17726965587952628
AdaBoost,No SMOTE,0,0,0.1744311028445886
AdaBoost,No SMOTE,0,0,0.1744311028445886
AdaBoost,No SMOTE,0,0,0.21607329118820193
AdaBoost,No SMOTE,0,0,0.1431363477165842
AdaBoost,No SMOTE,0,0,0.1689822365998279
AdaBoost,No SMOTE,0,0,0.1744311028445886
AdaBoost,No SMOTE,0,0,0.14895992415852724
AdaBoost,No SMOTE,0,0,0.1689822365998279
AdaBoost,No SMOTE,0,0,0.1744311028445886
AdaBoost,No SMOTE,0,0,0.16342013312650427
AdaBoost,No SMOTE,0,0,0.1689822365998279
AdaBoost,No SMOTE,0,0,0.17726965587952628
AdaBoost,No SMOTE,0,0,0.14895992415852724
AdaBoost,No SMOTE,0,0,0.14895992415852724
AdaBoost,No SMOTE,0,0,0.17726965587952628
AdaBoost,No SMOTE,0,0,0.1689822365998279
AdaBoost,No SMOTE,0,0,0.22493649393812828
AdaBoost,No SMOTE,0,0,0.1689822365998279
AdaBoost,No SMOTE,0,0,0.11920292202211763
AdaBoost,No SMOTE,0,0,0.22493649393812828
AdaBoost,No SMOTE,0,0,0.1689822365998279
AdaBoost,No SMOTE,0,0,0.2091061060399178
AdaBoost,No SMOTE,0,0,0.22176486665410824
AdaBoost,No SMOTE,0,0,0.1689822365998279
AdaBoost,No SMOTE,0,0,0.1689822365998279
AdaBoost,No SMOTE,0,0,0.17726965587952628
AdaBoost,No SMOTE,0,0,0.17726965587952628
AdaBoost,No SMOTE,0,0,0.17726965587952628
AdaBoost,No SMOTE,0,0,0.21607329118820193
AdaBoost,No SMOTE,0,0,0.1744311028445886
AdaBoost,No SMOTE,0,0,0.1744311028445886
AdaBoost,No SMOTE,0,0,0.13019713023369225
AdaBoost,No SMOTE,0,0,0.1719470769852437
AdaBoost,No SMOTE,0,0,0.1744311028445886
AdaBoost,No SMOTE,0,0,0.17726965587952628
AdaBoost,No SMOTE,0,0,0.1689822365998279
AdaBoost,No SMOTE,0,0,0.16342013312650427
AdaBoost,No SMOTE,0,0,0.22017433581447826
AdaBoost,No SMOTE,0,0,0.17726965587952628
AdaBoost,No SMOTE,0,0,0.1744311028445886
AdaBoost,No SMOTE,0,0,0.16867357177983938
AdaBoost,No SMOTE,0,0,0.17726965587952628
AdaBoost,No SMOTE,0,0,0.13019713023369225
AdaBoost,No SMOTE,0,0,0.13019713023369225
AdaBoost,No SMOTE,0,0,0.17726965587952628
AdaBoost,No SMOTE,0,0,0.1744311028445886
AdaBoost,No SMOTE,0,0,0.16342013312650427
AdaBoost,No SMOTE,0,0,0.17726965587952628
AdaBoost,No SMOTE,0,0,0.13019713023369225
AdaBoost,No SMOTE,0,0,0.1689822365998279
AdaBoost,No SMOTE,0,0,0.1744311028445886
AdaBoost,No SMOTE,0,0,0.17726965587952628
AdaBoost,No SMOTE,0,0,0.1689822365998279
AdaBoost,No SMOTE,0,0,0.17726965587952628
AdaBoost,No SMOTE,0,0,0.17726965587952628
AdaBoost,No SMOTE,0,0,0.17726965587952628
AdaBoost,No SMOTE,0,0,0.11920292202211763
AdaBoost,No SMOTE,0,0,0.14895992415852724
AdaBoost,No SMOTE,0,0,0.22493649393812828
AdaBoost,No SMOTE,0,0,0.1689822365998279
AdaBoost,No SMOTE,0,0,0.16867357177983938
AdaBoost,No SMOTE,0,0,0.22843520662470906
AdaBoost,No SMOTE,0,0,0.1744311028445886
AdaBoost,No SMOTE,0,0,0.17726965587952628
AdaBoost,No SMOTE,0,0,0.1689822365998279
AdaBoost,No SMOTE,0,0,0.1689822365998279
AdaBoost,No SMOTE,0,0,0.22017433581447826
AdaBoost,No SMOTE,0,0,0.17726965587952628
AdaBoost,No SMOTE,0,0,0.2193403423397052
AdaBoost,No SMOTE,0,0,0.21607329118820193
AdaBoost,No SMOTE,0,0,0.17726965587952628
AdaBoost,No SMOTE,0,0,0.1744311028445886
AdaBoost,No SMOTE,0,0,0.1689822365998279
AdaBoost,No SMOTE,0,0,0.1744311028445886
AdaBoost,No SMOTE,0,0,0.1744311028445886
AdaBoost,No SMOTE,0,0,0.191758796857404
AdaBoost,No SMOTE,0,0,0.1431423024436669
AdaBoost,No SMOTE,0,0,0.17726965587952628
AdaBoost,No SMOTE,0,0,0.22493649393812828
AdaBoost,No SMOTE,0,0,0.1744311028445886
AdaBoost,No SMOTE,0,0,0.21607329118820193
AdaBoost,No SMOTE,0,0,0.16618389338377842
AdaBoost,No SMOTE,0,0,0.17726965587952628
AdaBoost,No SMOTE,0,0,0.1744311028445886
AdaBoost,No SMOTE,0,0,0.1689822365998279
AdaBoost,No SMOTE,0,0,0.2193403423397052
AdaBoost,No SMOTE,0,0,0.1689822365998279
AdaBoost,No SMOTE,0,0,0.1689822365998279
AdaBoost,No SMOTE,0,0,0.1744311028445886
AdaBoost,No SMOTE,0,0,0.191758796857404
AdaBoost,No SMOTE,0,0,0.1744311028445886
AdaBoost,No SMOTE,0,0,0.1744311028445886
AdaBoost,No SMOTE,0,0,0.17726965587952628
AdaBoost,No SMOTE,0,0,0.17726965587952628
AdaBoost,No SMOTE,0,0,0.17043552930931818
AdaBoost,No SMOTE,0,0,0.1689822365998279
AdaBoost,No SMOTE,0,0,0.17726965587952628
AdaBoost,No SMOTE,0,0,0.1689822365998279
AdaBoost,No SMOTE,0,0,0.1744311028445886
AdaBoost,No SMOTE,0,0,0.17726965587952628
AdaBoost,No SMOTE,0,0,0.1744311028445886
AdaBoost,No SMOTE,0,0,0.13586401457059089
AdaBoost,No SMOTE,0,0,0.1689822365998279
AdaBoost,No SMOTE,0,0,0.1744311028445886
AdaBoost,No SMOTE,0,0,0.17726965587952628
AdaBoost,No SMOTE,0,0,0.17726965587952628
AdaBoost,No SMOTE,0,0,0.17726965587952628
AdaBoost,No SMOTE,0,0,0.191758796857404
AdaBoost,No SMOTE,0,0,0.1689822365998279
AdaBoost,No SMOTE,0,0,0.22493649393812828
AdaBoost,No SMOTE,0,0,0.13019713023369225
AdaBoost,No SMOTE,0,0,0.21607329118820193
AdaBoost,No SMOTE,0,0,0.1689822365998279
AdaBoost,No SMOTE,0,0,0.17726965587952628
AdaBoost,No SMOTE,0,0,0.1689822365998279
AdaBoost,No SMOTE,0,0,0.1689822365998279
AdaBoost,No SMOTE,0,0,0.22493649393812828
AdaBoost,No SMOTE,0,0,0.1689822365998279
AdaBoost,No SMOTE,0,0,0.14895992415852724
AdaBoost,No SMOTE,0,0,0.17726965587952628
AdaBoost,No SMOTE,0,0,0.17726965587952628
AdaBoost,No SMOTE,0,0,0.1689822365998279
AdaBoost,No SMOTE,0,0,0.17726965587952628
AdaBoost,No SMOTE,0,0,0.1689822365998279
AdaBoost,No SMOTE,0,0,0.1744311028445886
AdaBoost,No SMOTE,0,0,0.1744311028445886
AdaBoost,No SMOTE,0,0,0.17726965587952628
AdaBoost,No SMOTE,0,0,0.13019713023369225
AdaBoost,No SMOTE,0,0,0.1744311028445886
AdaBoost,No SMOTE,0,0,0.1689822365998279
AdaBoost,No SMOTE,0,0,0.18800989342479768
AdaBoost,No SMOTE,0,0,0.22295168509089985
AdaBoost,No SMOTE,0,0,0.1744311028445886
AdaBoost,No SMOTE,0,0,0.18800989342479768
AdaBoost,No SMOTE,0,0,0.1431423024436669
AdaBoost,No SMOTE,0,0,0.1689822365998279
AdaBoost,No SMOTE,0,0,0.22493649393812828
AdaBoost,No SMOTE,0,0,0.22493649393812828
AdaBoost,No SMOTE,0,0,0.16618389338377842
AdaBoost,No SMOTE,0,0,0.14895992415852724
AdaBoost,No SMOTE,0,0,0.1744311028445886
AdaBoost,No SMOTE,0,0,0.1744311028445886
AdaBoost,No SMOTE,0,0,0.1689822365998279
AdaBoost,No SMOTE,0,0,0.17726965587952628
AdaBoost,No SMOTE,0,0,0.14895992415852724
AdaBoost,No SMOTE,0,0,0.16867357177983938
AdaBoost,No SMOTE,0,0,0.11920292202211763
AdaBoost,No SMOTE,0,0,0.14895992415852724
AdaBoost,No SMOTE,0,0,0.17726965587952628
AdaBoost,No SMOTE,0,0,0.191758796857404
AdaBoost,No SMOTE,0,0,0.16342013312650427
AdaBoost,No SMOTE,0,0,0.13586401457059089
AdaBoost,No SMOTE,0,0,0.17726965587952628
AdaBoost,No SMOTE,0,0,0.1719470769852437
AdaBoost,No SMOTE,0,0,0.16618389338377842
AdaBoost,No SMOTE,0,0,0.16342013312650427
AdaBoost,No SMOTE,0,0,0.1744311028445886
AdaBoost,No SMOTE,0,0,0.1719470769852437
AdaBoost,No SMOTE,0,0,0.14895992415852724
AdaBoost,No SMOTE,0,0,0.13019713023369225
AdaBoost,No SMOTE,0,0,0.13019713023369225
AdaBoost,No SMOTE,0,0,0.14895992415852724
AdaBoost,No SMOTE,0,0,0.1744311028445886
AdaBoost,No SMOTE,0,0,0.1689822365998279
AdaBoost,No SMOTE,0,0,0.14895992415852724
AdaBoost,No SMOTE,0,0,0.1689822365998279
AdaBoost,No SMOTE,0,0,0.2193403423397052
AdaBoost,No SMOTE,0,0,0.21607329118820193
AdaBoost,No SMOTE,0,0,0.1431423024436669
AdaBoost,No SMOTE,0,0,0.17726965587952628
AdaBoost,No SMOTE,0,0,0.22493649393812828
AdaBoost,No SMOTE,0,0,0.1744311028445886
AdaBoost,No SMOTE,0,0,0.14895992415852724
AdaBoost,No SMOTE,0,0,0.21607329118820193
AdaBoost,No SMOTE,0,0,0.1744311028445886
AdaBoost,No SMOTE,0,0,0.14895992415852724
AdaBoost,No SMOTE,0,0,0.1689822365998279
AdaBoost,No SMOTE,0,0,0.1744311028445886
AdaBoost,No SMOTE,0,0,0.1786840584100862
AdaBoost,No SMOTE,0,0,0.1744311028445886
AdaBoost,No SMOTE,0,0,0.1744311028445886
AdaBoost,No SMOTE,0,0,0.1689822365998279
AdaBoost,No SMOTE,0,0,0.1689822365998279
AdaBoost,No SMOTE,0,0,0.17726965587952628
AdaBoost,No SMOTE,0,0,0.21607329118820193
AdaBoost,No SMOTE,0,0,0.1744311028445886
AdaBoost,No SMOTE,0,0,0.1744311028445886
AdaBoost,No SMOTE,0,0,0.17726965587952628
AdaBoost,No SMOTE,0,0,0.1744311028445886
AdaBoost,No SMOTE,0,0,0.1744311028445886
AdaBoost,No SMOTE,0,0,0.1744311028445886
AdaBoost,No SMOTE,0,0,0.22493649393812828
AdaBoost,No SMOTE,0,0,0.1431423024436669
AdaBoost,No SMOTE,0,0,0.13019713023369225
AdaBoost,No SMOTE,0,0,0.1456228192075175
AdaBoost,No SMOTE,0,0,0.1689822365998279
AdaBoost,No SMOTE,0,0,0.22493649393812828
AdaBoost,No SMOTE,0,0,0.17726965587952628
AdaBoost,No SMOTE,0,0,0.1719470769852437
AdaBoost,No SMOTE,0,0,0.11920292202211763
AdaBoost,No SMOTE,0,0,0.22493649393812828
AdaBoost,No SMOTE,0,0,0.22493649393812828
AdaBoost,No SMOTE,0,0,0.16895403564617684
AdaBoost,No SMOTE,0,0,0.22493649393812828
AdaBoost,No SMOTE,0,0,0.1689822365998279
AdaBoost,No SMOTE,0,0,0.17726965587952628
AdaBoost,No SMOTE,0,0,0.22493649393812828
AdaBoost,No SMOTE,0,0,0.21607329118820193
AdaBoost,No SMOTE,0,0,0.1431423024436669
AdaBoost,No SMOTE,0,0,0.1744311028445886
AdaBoost,No SMOTE,0,0,0.1689822365998279
AdaBoost,No SMOTE,0,0,0.1744311028445886
AdaBoost,No SMOTE,0,0,0.17726965587952628
AdaBoost,No SMOTE,0,0,0.1817818847462829
AdaBoost,No SMOTE,0,0,0.1689822365998279
AdaBoost,No SMOTE,0,0,0.1689822365998279
AdaBoost,No SMOTE,0,0,0.21607329118820193
AdaBoost,No SMOTE,0,0,0.2193403423397052
AdaBoost,No SMOTE,0,0,0.18800989342479768
AdaBoost,No SMOTE,0,0,0.1744311028445886
AdaBoost,No SMOTE,0,0,0.13019713023369225
AdaBoost,No SMOTE,0,0,0.1689822365998279
AdaBoost,No SMOTE,0,0,0.1744311028445886
AdaBoost,No SMOTE,0,0,0.22493649393812828
AdaBoost,No SMOTE,0,0,0.2193403423397052
AdaBoost,No SMOTE,0,0,0.18800989342479768
AdaBoost,No SMOTE,0,0,0.22493649393812828
AdaBoost,No SMOTE,0,0,0.1719470769852437
AdaBoost,No SMOTE,0,0,0.18800989342479768
AdaBoost,No SMOTE,0,0,0.1744311028445886
AdaBoost,No SMOTE,0,0,0.17726965587952628
AdaBoost,No SMOTE,0,0,0.14895992415852724
AdaBoost,No SMOTE,0,0,0.1744311028445886
AdaBoost,No SMOTE,0,0,0.13586401457059089
AdaBoost,No SMOTE,0,0,0.1719470769852437
AdaBoost,No SMOTE,0,0,0.14895992415852724
AdaBoost,No SMOTE,0,0,0.13019713023369225
AdaBoost,No SMOTE,0,0,0.1744311028445886
AdaBoost,No SMOTE,0,0,0.1431423024436669
AdaBoost,No SMOTE,0,0,0.17726965587952628
AdaBoost,No SMOTE,0,0,0.1744311028445886
AdaBoost,No SMOTE,0,0,0.17726965587952628
AdaBoost,No SMOTE,0,0,0.16618389338377842
AdaBoost,No SMOTE,0,0,0.1744311028445886
AdaBoost,No SMOTE,0,0,0.14895992415852724
AdaBoost,No SMOTE,0,0,0.17726965587952628
AdaBoost,No SMOTE,0,0,0.19090832035678107
AdaBoost,No SMOTE,0,0,0.17643129068755622
AdaBoost,No SMOTE,0,0,0.2091061060399178
AdaBoost,No SMOTE,0,0,0.22017433581447826
AdaBoost,No SMOTE,0,0,0.17726965587952628
AdaBoost,No SMOTE,0,0,0.1431423024436669
AdaBoost,No SMOTE,0,0,0.16342013312650427
AdaBoost,No SMOTE,0,0,0.1744311028445886
AdaBoost,No SMOTE,0,0,0.1689822365998279
AdaBoost,No SMOTE,0,0,0.18496367037446623
AdaBoost,No SMOTE,0,0,0.1744311028445886
AdaBoost,No SMOTE,0,0,0.13586401457059089
AdaBoost,No SMOTE,0,0,0.11920292202211763
AdaBoost,No SMOTE,0,0,0.17043552930931818
AdaBoost,No SMOTE,0,0,0.14895992415852724
AdaBoost,No SMOTE,0,0,0.1744311028445886
AdaBoost,No SMOTE,0,0,0.21607329118820193
AdaBoost,No SMOTE,0,0,0.17726965587952628
AdaBoost,No SMOTE,0,0,0.13019713023369225
AdaBoost,No SMOTE,0,0,0.1689822365998279
AdaBoost,No SMOTE,0,0,0.1456228192075175
AdaBoost,No SMOTE,0,0,0.1689822365998279
AdaBoost,No SMOTE,0,0,0.21607329118820193
AdaBoost,No SMOTE,0,0,0.22493649393812828
AdaBoost,No SMOTE,0,0,0.11920292202211763
AdaBoost,No SMOTE,0,0,0.1689822365998279
AdaBoost,No SMOTE,0,0,0.14895992415852724
AdaBoost,No SMOTE,0,0,0.18800989342479768
AdaBoost,No SMOTE,0,0,0.18800989342479768
AdaBoost,No SMOTE,0,0,0.14895992415852724
AdaBoost,No SMOTE,0,0,0.17726965587952628
AdaBoost,No SMOTE,0,0,0.1744311028445886
AdaBoost,No SMOTE,0,0,0.22493649393812828
AdaBoost,No SMOTE,0,0,0.17726965587952628
AdaBoost,No SMOTE,0,0,0.17726965587952628
AdaBoost,No SMOTE,0,0,0.1689822365998279
AdaBoost,No SMOTE,0,0,0.1689822365998279
AdaBoost,No SMOTE,0,0,0.1744311028445886
AdaBoost,No SMOTE,0,0,0.16342013312650427
AdaBoost,No SMOTE,0,0,0.1744311028445886
AdaBoost,No SMOTE,0,0,0.13019713023369225
AdaBoost,No SMOTE,0,0,0.1689822365998279
AdaBoost,No SMOTE,0,0,0.18496367037446623
AdaBoost,No SMOTE,0,0,0.13019713023369225
AdaBoost,No SMOTE,0,0,0.1689822365998279
AdaBoost,No SMOTE,0,0,0.1689822365998279
AdaBoost,No SMOTE,0,0,0.17726965587952628
AdaBoost,No SMOTE,0,0,0.17726965587952628
AdaBoost,No SMOTE,0,0,0.17726965587952628
AdaBoost,No SMOTE,0,0,0.16618389338377842
AdaBoost,No SMOTE,0,0,0.17726965587952628
AdaBoost,No SMOTE,0,0,0.17726965587952628
AdaBoost,No SMOTE,0,0,0.18496367037446623
AdaBoost,No SMOTE,0,0,0.17726965587952628
AdaBoost,No SMOTE,0,0,0.13019713023369225
AdaBoost,No SMOTE,0,0,0.22843520662470906
AdaBoost,No SMOTE,0,0,0.1689822365998279
AdaBoost,No SMOTE,0,0,0.1719470769852437
AdaBoost,No SMOTE,0,0,0.13586401457059089
AdaBoost,No SMOTE,0,0,0.14895992415852724
AdaBoost,No SMOTE,0,0,0.1744311028445886
AdaBoost,No SMOTE,0,0,0.16342013312650427
AdaBoost,No SMOTE,0,0,0.1431363477165842
AdaBoost,No SMOTE,0,0,0.1689822365998279
AdaBoost,No SMOTE,0,0,0.1744311028445886
AdaBoost,No SMOTE,0,0,0.22017433581447826
AdaBoost,No SMOTE,0,0,0.21607329118820193
AdaBoost,No SMOTE,0,0,0.17726965587952628
AdaBoost,No SMOTE,0,0,0.11920292202211763
AdaBoost,No SMOTE,0,0,0.17726965587952628
AdaBoost,No SMOTE,0,0,0.1689822365998279
AdaBoost,No SMOTE,0,0,0.17452323501899744
AdaBoost,No SMOTE,0,0,0.18496367037446623
AdaBoost,No SMOTE,0,0,0.1431423024436669
AdaBoost,No SMOTE,0,0,0.11920292202211763
AdaBoost,No SMOTE,0,0,0.21607329118820193
AdaBoost,No SMOTE,0,0,0.1689822365998279
AdaBoost,No SMOTE,0,0,0.16618389338377842
AdaBoost,No SMOTE,0,0,0.14895992415852724
AdaBoost,No SMOTE,0,0,0.1744311028445886
AdaBoost,No SMOTE,0,0,0.17726965587952628
AdaBoost,No SMOTE,0,0,0.22493649393812828
AdaBoost,No SMOTE,0,0,0.1719470769852437
AdaBoost,No SMOTE,0,0,0.17726965587952628
AdaBoost,No SMOTE,0,0,0.1689822365998279
AdaBoost,No SMOTE,0,0,0.14895992415852724
AdaBoost,No SMOTE,0,0,0.1719470769852437
AdaBoost,No SMOTE,0,0,0.22493649393812828
AdaBoost,No SMOTE,0,0,0.17726965587952628
AdaBoost,No SMOTE,0,0,0.14895992415852724
AdaBoost,No SMOTE,0,0,0.1744311028445886
AdaBoost,No SMOTE,0,0,0.18800989342479768
AdaBoost,No SMOTE,0,0,0.1744311028445886
AdaBoost,No SMOTE,0,0,0.21607329118820193
AdaBoost,No SMOTE,0,0,0.1689822365998279
AdaBoost,No SMOTE,0,0,0.22843520662470906
AdaBoost,No SMOTE,0,0,0.14895992415852724
AdaBoost,No SMOTE,0,0,0.1689822365998279
AdaBoost,No SMOTE,0,0,0.14895992415852724
AdaBoost,No SMOTE,0,0,0.13586401457059089
AdaBoost,No SMOTE,0,0,0.1744311028445886
AdaBoost,No SMOTE,0,0,0.22493649393812828
AdaBoost,No SMOTE,0,0,0.1744311028445886
AdaBoost,No SMOTE,0,0,0.1689822365998279
AdaBoost,No SMOTE,0,0,0.18496367037446623
AdaBoost,No SMOTE,0,0,0.1744311028445886
AdaBoost,No SMOTE,0,0,0.14895992415852724
AdaBoost,No SMOTE,0,0,0.17726965587952628
AdaBoost,No SMOTE,0,0,0.21607329118820193
AdaBoost,No SMOTE,0,0,0.13019713023369225
AdaBoost,No SMOTE,0,0,0.17726965587952628
AdaBoost,No SMOTE,0,0,0.1744311028445886
AdaBoost,No SMOTE,0,0,0.17726965587952628
AdaBoost,No SMOTE,0,0,0.16342013312650427
AdaBoost,No SMOTE,0,0,0.1744311028445886
AdaBoost,No SMOTE,0,0,0.13586401457059089
AdaBoost,No SMOTE,0,0,0.17726965587952628
AdaBoost,No SMOTE,0,0,0.22493649393812828
AdaBoost,No SMOTE,0,0,0.1689822365998279
AdaBoost,No SMOTE,0,0,0.22493649393812828
AdaBoost,No SMOTE,0,0,0.17726965587952628
AdaBoost,No SMOTE,0,0,0.20002774141121915
AdaBoost,No SMOTE,0,0,0.17726965587952628
AdaBoost,No SMOTE,0,0,0.18800989342479768
AdaBoost,No SMOTE,0,0,0.16895403564617684
AdaBoost,No SMOTE,0,0,0.1689822365998279
AdaBoost,No SMOTE,0,0,0.17726965587952628
AdaBoost,No SMOTE,0,0,0.1689822365998279
AdaBoost,No SMOTE,0,0,0.1689822365998279
AdaBoost,No SMOTE,0,0,0.1431423024436669
AdaBoost,No SMOTE,0,0,0.18800989342479768
AdaBoost,No SMOTE,0,0,0.2193403423397052
AdaBoost,No SMOTE,0,0,0.17726965587952628
AdaBoost,No SMOTE,0,0,0.1744311028445886
AdaBoost,No SMOTE,0,0,0.1744311028445886
AdaBoost,No SMOTE,0,0,0.1744311028445886
AdaBoost,No SMOTE,0,0,0.1744311028445886
AdaBoost,No SMOTE,0,0,0.21607329118820193
AdaBoost,No SMOTE,0,0,0.17643129068755622
AdaBoost,No SMOTE,0,0,0.21607329118820193
AdaBoost,No SMOTE,0,0,0.14895992415852724
AdaBoost,No SMOTE,0,0,0.17726965587952628
AdaBoost,No SMOTE,0,0,0.17726965587952628
AdaBoost,No SMOTE,0,0,0.13019713023369225
AdaBoost,No SMOTE,0,0,0.1744311028445886
AdaBoost,No SMOTE,0,0,0.17726965587952628
AdaBoost,No SMOTE,0,0,0.17726965587952628
AdaBoost,No SMOTE,0,0,0.18800989342479768
AdaBoost,No SMOTE,0,0,0.17726965587952628
AdaBoost,No SMOTE,0,0,0.1744311028445886
AdaBoost,No SMOTE,0,0,0.1744311028445886
AdaBoost,No SMOTE,0,0,0.16618389338377842
AdaBoost,No SMOTE,0,0,0.13019713023369225
AdaBoost,No SMOTE,0,0,0.20002774141121915
AdaBoost,No SMOTE,0,0,0.16203849466010875
AdaBoost,No SMOTE,0,0,0.1744311028445886
AdaBoost,No SMOTE,0,0,0.11920292202211763
AdaBoost,No SMOTE,0,0,0.1744311028445886
AdaBoost,No SMOTE,0,0,0.17726965587952628
AdaBoost,No SMOTE,0,0,0.16618389338377842
AdaBoost,No SMOTE,0,0,0.22493649393812828
AdaBoost,No SMOTE,0,0,0.17133680384090874
AdaBoost,No SMOTE,0,0,0.14895992415852724
AdaBoost,No SMOTE,0,0,0.13019713023369225
AdaBoost,No SMOTE,0,0,0.18800989342479768
AdaBoost,No SMOTE,0,0,0.14895992415852724
AdaBoost,No SMOTE,0,0,0.1744311028445886
AdaBoost,No SMOTE,0,0,0.17726965587952628
AdaBoost,No SMOTE,0,0,0.13019713023369225
AdaBoost,No SMOTE,0,0,0.14895992415852724
AdaBoost,No SMOTE,0,0,0.1744311028445886
AdaBoost,No SMOTE,0,0,0.1744311028445886
AdaBoost,No SMOTE,0,0,0.1744311028445886
AdaBoost,No SMOTE,0,0,0.1689822365998279
AdaBoost,No SMOTE,0,0,0.1689822365998279
AdaBoost,No SMOTE,0,0,0.17726965587952628
AdaBoost,No SMOTE,0,0,0.22017433581447826
AdaBoost,No SMOTE,0,0,0.22493649393812828
AdaBoost,No SMOTE,0,0,0.1744311028445886
AdaBoost,No SMOTE,0,0,0.16203849466010875
AdaBoost,No SMOTE,0,0,0.14895992415852724
AdaBoost,No SMOTE,0,0,0.1744311028445886
AdaBoost,No SMOTE,0,0,0.14895992415852724
AdaBoost,No SMOTE,0,0,0.1689822365998279
AdaBoost,No SMOTE,0,0,0.21928751511544514
AdaBoost,No SMOTE,0,0,0.16618389338377842
AdaBoost,No SMOTE,0,0,0.1689822365998279
AdaBoost,No SMOTE,0,0,0.22493649393812828
AdaBoost,No SMOTE,0,0,0.2193403423397052
AdaBoost,No SMOTE,0,0,0.16203849466010875
AdaBoost,No SMOTE,0,0,0.17726965587952628
AdaBoost,No SMOTE,0,0,0.17726965587952628
AdaBoost,No SMOTE,0,0,0.1689822365998279
AdaBoost,No SMOTE,0,0,0.17726965587952628
AdaBoost,No SMOTE,0,0,0.1719470769852437
AdaBoost,No SMOTE,0,0,0.22493649393812828
AdaBoost,No SMOTE,0,0,0.1744311028445886
AdaBoost,No SMOTE,0,0,0.16618389338377842
AdaBoost,No SMOTE,0,0,0.1689822365998279
AdaBoost,No SMOTE,0,0,0.1689822365998279
AdaBoost,No SMOTE,0,0,0.26348243932586984
AdaBoost,No SMOTE,0,0,0.13586401457059089
AdaBoost,No SMOTE,0,0,0.16342013312650427
AdaBoost,No SMOTE,0,0,0.205659675438033
AdaBoost,No SMOTE,0,0,0.16342013312650427
AdaBoost,No SMOTE,0,0,0.17726965587952628
AdaBoost,No SMOTE,0,0,0.1689822365998279
AdaBoost,No SMOTE,0,0,0.18800989342479768
AdaBoost,No SMOTE,0,0,0.13586401457059089
AdaBoost,No SMOTE,0,0,0.1744311028445886
AdaBoost,No SMOTE,0,0,0.1456228192075175
AdaBoost,No SMOTE,0,0,0.17726965587952628
AdaBoost,No SMOTE,0,0,0.17726965587952628
AdaBoost,No SMOTE,0,0,0.1744311028445886
AdaBoost,No SMOTE,0,0,0.1744311028445886
AdaBoost,No SMOTE,0,0,0.13586401457059089
AdaBoost,No SMOTE,0,0,0.191758796857404
AdaBoost,No SMOTE,0,0,0.22493649393812828
AdaBoost,No SMOTE,0,0,0.1689822365998279
AdaBoost,No SMOTE,0,0,0.1689822365998279
AdaBoost,No SMOTE,0,0,0.17726965587952628
AdaBoost,No SMOTE,0,0,0.2193039021633169
AdaBoost,No SMOTE,0,0,0.1689822365998279
AdaBoost,No SMOTE,0,0,0.17726965587952628
AdaBoost,No SMOTE,0,0,0.2193403423397052
AdaBoost,No SMOTE,0,0,0.1689822365998279
AdaBoost,No SMOTE,0,0,0.1689822365998279
AdaBoost,No SMOTE,0,0,0.1689822365998279
AdaBoost,No SMOTE,0,0,0.1456228192075175
AdaBoost,No SMOTE,0,0,0.1744311028445886
AdaBoost,No SMOTE,0,0,0.1744311028445886
AdaBoost,No SMOTE,0,0,0.16203849466010875
AdaBoost,No SMOTE,0,0,0.16342013312650427
AdaBoost,No SMOTE,0,0,0.1431363477165842
AdaBoost,No SMOTE,0,0,0.22493649393812828
AdaBoost,No SMOTE,0,0,0.17726965587952628
AdaBoost,No SMOTE,0,0,0.1719470769852437
AdaBoost,No SMOTE,0,0,0.1744311028445886
AdaBoost,No SMOTE,0,0,0.14895992415852724
AdaBoost,No SMOTE,0,0,0.1689822365998279
AdaBoost,No SMOTE,0,0,0.1689822365998279
AdaBoost,No SMOTE,0,0,0.17726965587952628
AdaBoost,No SMOTE,0,0,0.13586401457059089
AdaBoost,No SMOTE,0,0,0.22493649393812828
AdaBoost,No SMOTE,0,0,0.1744311028445886
AdaBoost,No SMOTE,0,0,0.16203849466010875
AdaBoost,No SMOTE,0,0,0.13586401457059089
AdaBoost,No SMOTE,0,0,0.13586401457059089
AdaBoost,No SMOTE,0,0,0.1719470769852437
AdaBoost,No SMOTE,0,0,0.13019713023369225
AdaBoost,No SMOTE,0,0,0.1689822365998279
AdaBoost,No SMOTE,0,0,0.14895992415852724
AdaBoost,No SMOTE,0,0,0.17726965587952628
AdaBoost,No SMOTE,0,0,0.1689822365998279
AdaBoost,No SMOTE,0,0,0.1744311028445886
AdaBoost,No SMOTE,0,0,0.1719470769852437
AdaBoost,No SMOTE,0,0,0.14895992415852724
AdaBoost,No SMOTE,0,0,0.16342013312650427
AdaBoost,No SMOTE,0,0,0.1689822365998279
AdaBoost,No SMOTE,0,0,0.17726965587952628
AdaBoost,No SMOTE,0,0,0.17726965587952628
AdaBoost,No SMOTE,0,0,0.13586401457059089
AdaBoost,No SMOTE,0,0,0.1431423024436669
AdaBoost,No SMOTE,0,0,0.18800989342479768
AdaBoost,No SMOTE,0,0,0.21607329118820193
AdaBoost,No SMOTE,0,0,0.16342013312650427
AdaBoost,No SMOTE,0,0,0.17726965587952628
AdaBoost,No SMOTE,0,0,0.13019713023369225
AdaBoost,No SMOTE,0,0,0.13586401457059089
AdaBoost,No SMOTE,0,0,0.1744311028445886
AdaBoost,No SMOTE,0,0,0.1431363477165842
AdaBoost,No SMOTE,0,0,0.1689822365998279
AdaBoost,No SMOTE,0,0,0.13019713023369225
AdaBoost,No SMOTE,0,0,0.22493649393812828
AdaBoost,No SMOTE,0,0,0.16342013312650427
AdaBoost,No SMOTE,0,0,0.1689822365998279
AdaBoost,No SMOTE,0,0,0.16203849466010875
AdaBoost,No SMOTE,0,0,0.17726965587952628
AdaBoost,No SMOTE,0,0,0.17726965587952628
AdaBoost,No SMOTE,0,0,0.1744311028445886
AdaBoost,No SMOTE,0,0,0.21607329118820193
AdaBoost,No SMOTE,0,0,0.14895992415852724
AdaBoost,No SMOTE,0,0,0.13019713023369225
AdaBoost,No SMOTE,0,0,0.1689822365998279
AdaBoost,No SMOTE,0,0,0.16342013312650427
AdaBoost,No SMOTE,0,0,0.1744311028445886
AdaBoost,No SMOTE,0,0,0.17726965587952628
AdaBoost,No SMOTE,0,0,0.1744311028445886
AdaBoost,No SMOTE,0,0,0.1744311028445886
AdaBoost,No SMOTE,0,0,0.1689822365998279
AdaBoost,No SMOTE,0,0,0.1431423024436669
AdaBoost,No SMOTE,0,0,0.1689822365998279
AdaBoost,No SMOTE,0,0,0.1744311028445886
AdaBoost,No SMOTE,0,0,0.17643129068755622
AdaBoost,No SMOTE,0,0,0.13019713023369225
AdaBoost,No SMOTE,0,0,0.22176486665410824
AdaBoost,No SMOTE,0,0,0.22493649393812828
AdaBoost,No SMOTE,0,0,0.22493649393812828
AdaBoost,No SMOTE,0,0,0.17726965587952628
AdaBoost,No SMOTE,0,0,0.1689822365998279
AdaBoost,No SMOTE,0,0,0.1689822365998279
AdaBoost,No SMOTE,0,0,0.17133680384090874
AdaBoost,No SMOTE,0,0,0.18800989342479768
AdaBoost,No SMOTE,0,0,0.1689822365998279
AdaBoost,No SMOTE,0,0,0.1744311028445886
AdaBoost,No SMOTE,0,0,0.14895992415852724
AdaBoost,No SMOTE,0,0,0.22493649393812828
AdaBoost,No SMOTE,0,0,0.1431363477165842
AdaBoost,No SMOTE,0,0,0.1744311028445886
AdaBoost,No SMOTE,0,0,0.1689822365998279
AdaBoost,No SMOTE,0,0,0.16618389338377842
AdaBoost,No SMOTE,0,0,0.1744311028445886
AdaBoost,No SMOTE,0,0,0.17726965587952628
AdaBoost,No SMOTE,0,0,0.16203849466010875
AdaBoost,No SMOTE,0,0,0.1744311028445886
AdaBoost,No SMOTE,0,0,0.17726965587952628
AdaBoost,No SMOTE,0,0,0.17726965587952628
AdaBoost,No SMOTE,0,0,0.17726965587952628
AdaBoost,No SMOTE,0,0,0.17726965587952628
AdaBoost,No SMOTE,0,0,0.22493649393812828
AdaBoost,No SMOTE,0,0,0.1431363477165842
AdaBoost,No SMOTE,0,0,0.1689822365998279
AdaBoost,No SMOTE,0,0,0.17726965587952628
AdaBoost,No SMOTE,0,0,0.17726965587952628
AdaBoost,No SMOTE,0,0,0.17726965587952628
AdaBoost,No SMOTE,0,0,0.2091061060399178
AdaBoost,No SMOTE,0,0,0.14895992415852724
AdaBoost,No SMOTE,0,0,0.22493649393812828
AdaBoost,No SMOTE,0,0,0.14895992415852724
AdaBoost,No SMOTE,0,0,0.21607329118820193
AdaBoost,No SMOTE,0,0,0.17643129068755622
AdaBoost,No SMOTE,0,0,0.1431423024436669
AdaBoost,No SMOTE,0,0,0.1744311028445886
AdaBoost,No SMOTE,0,0,0.17726965587952628
AdaBoost,No SMOTE,0,0,0.17726965587952628
AdaBoost,No SMOTE,0,0,0.11920292202211763
AdaBoost,No SMOTE,0,0,0.13019713023369225
AdaBoost,No SMOTE,0,0,0.22493649393812828
AdaBoost,No SMOTE,0,0,0.16618389338377842
AdaBoost,No SMOTE,0,0,0.1786840584100862
AdaBoost,No SMOTE,0,0,0.25081468689261593
AdaBoost,No SMOTE,0,0,0.1744311028445886
AdaBoost,No SMOTE,0,0,0.1744311028445886
AdaBoost,No SMOTE,0,0,0.16618389338377842
AdaBoost,No SMOTE,0,0,0.16895403564617684
AdaBoost,No SMOTE,0,0,0.17726965587952628
AdaBoost,No SMOTE,0,0,0.16342013312650427
AdaBoost,No SMOTE,0,0,0.1689822365998279
AdaBoost,No SMOTE,0,0,0.14895992415852724
AdaBoost,No SMOTE,0,0,0.14895992415852724
AdaBoost,No SMOTE,0,0,0.1744311028445886
AdaBoost,No SMOTE,0,0,0.11920292202211763
AdaBoost,No SMOTE,0,0,0.14895992415852724
AdaBoost,No SMOTE,0,0,0.2193403423397052
AdaBoost,No SMOTE,0,0,0.13019713023369225
AdaBoost,No SMOTE,0,0,0.1744311028445886
AdaBoost,No SMOTE,0,0,0.1744311028445886
AdaBoost,No SMOTE,0,0,0.17726965587952628
AdaBoost,No SMOTE,0,0,0.16895403564617684
AdaBoost,No SMOTE,0,0,0.13019713023369225
AdaBoost,No SMOTE,0,0,0.14895992415852724
AdaBoost,No SMOTE,0,0,0.1744311028445886
AdaBoost,No SMOTE,0,0,0.13019713023369225
AdaBoost,No SMOTE,0,0,0.1744311028445886
AdaBoost,No SMOTE,0,0,0.22044238283982498
AdaBoost,No SMOTE,0,0,0.1719470769852437
AdaBoost,No SMOTE,0,0,0.16618389338377842
AdaBoost,No SMOTE,0,0,0.17726965587952628
AdaBoost,No SMOTE,0,0,0.21607329118820193
AdaBoost,No SMOTE,0,0,0.17726965587952628
AdaBoost,No SMOTE,0,0,0.1689822365998279
AdaBoost,No SMOTE,0,0,0.1689822365998279
AdaBoost,No SMOTE,0,0,0.18496367037446623
AdaBoost,No SMOTE,0,0,0.16895403564617684
AdaBoost,No SMOTE,0,0,0.22044238283982498
AdaBoost,No SMOTE,0,0,0.17726965587952628
AdaBoost,No SMOTE,0,0,0.1689822365998279
AdaBoost,No SMOTE,0,0,0.1689822365998279
AdaBoost,No SMOTE,0,0,0.22017433581447826
AdaBoost,No SMOTE,0,0,0.1689822365998279
AdaBoost,No SMOTE,0,0,0.22493649393812828
AdaBoost,No SMOTE,0,0,0.22493649393812828
AdaBoost,No SMOTE,0,0,0.17726965587952628
AdaBoost,No SMOTE,0,0,0.1719470769852437
AdaBoost,No SMOTE,0,0,0.13586401457059089
AdaBoost,No SMOTE,0,0,0.1744311028445886
AdaBoost,No SMOTE,0,0,0.1744311028445886
AdaBoost,No SMOTE,0,0,0.1689822365998279
AdaBoost,No SMOTE,0,0,0.1744311028445886
AdaBoost,No SMOTE,0,0,0.1744311028445886
AdaBoost,No SMOTE,0,0,0.2193403423397052
AdaBoost,No SMOTE,0,0,0.13019713023369225
AdaBoost,No SMOTE,0,0,0.11920292202211763
AdaBoost,No SMOTE,0,0,0.21607329118820193
AdaBoost,No SMOTE,0,0,0.18800989342479768
AdaBoost,No SMOTE,0,0,0.16618389338377842
AdaBoost,No SMOTE,0,0,0.1689822365998279
AdaBoost,No SMOTE,0,0,0.1689822365998279
AdaBoost,No SMOTE,0,0,0.1689822365998279
AdaBoost,No SMOTE,0,0,0.22176486665410824
AdaBoost,No SMOTE,0,0,0.17726965587952628
AdaBoost,No SMOTE,0,0,0.1689822365998279
AdaBoost,No SMOTE,0,0,0.17149901847962273
AdaBoost,No SMOTE,0,0,0.1744311028445886
AdaBoost,No SMOTE,0,0,0.16895403564617684
AdaBoost,No SMOTE,0,0,0.14895992415852724
AdaBoost,No SMOTE,0,0,0.1689822365998279
AdaBoost,No SMOTE,0,0,0.191758796857404
AdaBoost,No SMOTE,0,0,0.1744311028445886
AdaBoost,No SMOTE,0,0,0.18800989342479768
AdaBoost,No SMOTE,0,0,0.18496367037446623
AdaBoost,No SMOTE,0,0,0.1744311028445886
AdaBoost,No SMOTE,0,0,0.22843520662470906
AdaBoost,No SMOTE,0,0,0.17726965587952628
AdaBoost,No SMOTE,0,0,0.14895992415852724
AdaBoost,No SMOTE,0,0,0.21607329118820193
AdaBoost,No SMOTE,0,0,0.1689822365998279
AdaBoost,No SMOTE,0,0,0.17726965587952628
AdaBoost,No SMOTE,0,0,0.14895992415852724
AdaBoost,No SMOTE,0,0,0.19090832035678107
AdaBoost,No SMOTE,0,0,0.18800989342479768
AdaBoost,No SMOTE,0,0,0.1744311028445886
AdaBoost,No SMOTE,0,0,0.1431423024436669
AdaBoost,No SMOTE,0,0,0.1431423024436669
AdaBoost,No SMOTE,0,0,0.17133680384090874
AdaBoost,No SMOTE,0,0,0.205659675438033
AdaBoost,No SMOTE,0,0,0.1744311028445886
AdaBoost,No SMOTE,0,0,0.1744311028445886
AdaBoost,No SMOTE,0,0,0.1431423024436669
AdaBoost,No SMOTE,1,1,0.7343044530393877
AdaBoost,No SMOTE,0,0,0.1689822365998279
AdaBoost,No SMOTE,0,0,0.1689822365998279
AdaBoost,No SMOTE,0,0,0.21607329118820193
AdaBoost,No SMOTE,0,0,0.1689822365998279
AdaBoost,No SMOTE,0,0,0.1744311028445886
AdaBoost,No SMOTE,0,0,0.22493649393812828
AdaBoost,No SMOTE,0,0,0.1689822365998279
AdaBoost,No SMOTE,0,0,0.21607329118820193
AdaBoost,No SMOTE,0,0,0.21607329118820193
AdaBoost,No SMOTE,0,0,0.18800989342479768
AdaBoost,No SMOTE,0,0,0.14895992415852724
AdaBoost,No SMOTE,0,0,0.1689822365998279
AdaBoost,No SMOTE,0,0,0.17726965587952628
AdaBoost,No SMOTE,0,0,0.14895992415852724
AdaBoost,No SMOTE,0,0,0.1431423024436669
AdaBoost,No SMOTE,0,0,0.16342013312650427
AdaBoost,No SMOTE,0,0,0.191758796857404
AdaBoost,No SMOTE,0,0,0.13019713023369225
AdaBoost,No SMOTE,0,0,0.1719470769852437
AdaBoost,No SMOTE,0,0,0.17726965587952628
AdaBoost,No SMOTE,0,0,0.22493649393812828
AdaBoost,No SMOTE,0,0,0.1689822365998279
AdaBoost,No SMOTE,0,0,0.1689822365998279
AdaBoost,No SMOTE,0,0,0.1689822365998279
AdaBoost,No SMOTE,0,0,0.17726965587952628
AdaBoost,No SMOTE,0,0,0.16203849466010875
AdaBoost,No SMOTE,0,0,0.1744311028445886
AdaBoost,No SMOTE,0,0,0.1744311028445886
AdaBoost,No SMOTE,0,0,0.1689822365998279
AdaBoost,No SMOTE,0,0,0.1689822365998279
AdaBoost,No SMOTE,0,0,0.32357071357218137
AdaBoost,No SMOTE,0,0,0.17726965587952628
AdaBoost,No SMOTE,0,0,0.1744311028445886
AdaBoost,No SMOTE,0,0,0.21607329118820193
AdaBoost,No SMOTE,0,0,0.13586401457059089
AdaBoost,No SMOTE,0,0,0.2193403423397052
AdaBoost,No SMOTE,0,0,0.11920292202211763
AdaBoost,No SMOTE,0,0,0.14895992415852724
AdaBoost,No SMOTE,0,0,0.1689822365998279
AdaBoost,No SMOTE,0,0,0.14895992415852724
AdaBoost,No SMOTE,0,0,0.21607329118820193
AdaBoost,No SMOTE,0,0,0.1689822365998279
AdaBoost,No SMOTE,0,0,0.14895992415852724
AdaBoost,No SMOTE,0,0,0.1744311028445886
AdaBoost,No SMOTE,0,0,0.17726965587952628
AdaBoost,No SMOTE,0,0,0.22493649393812828
AdaBoost,No SMOTE,0,0,0.14895992415852724
AdaBoost,No SMOTE,0,0,0.17133680384090874
AdaBoost,No SMOTE,0,0,0.1689822365998279
AdaBoost,No SMOTE,0,0,0.17726965587952628
AdaBoost,No SMOTE,0,0,0.1744311028445886
AdaBoost,No SMOTE,0,0,0.22176486665410824
AdaBoost,No SMOTE,0,0,0.1689822365998279
AdaBoost,No SMOTE,0,0,0.17726965587952628
AdaBoost,No SMOTE,0,0,0.16342013312650427
AdaBoost,No SMOTE,0,0,0.22493649393812828
AdaBoost,No SMOTE,0,0,0.14895992415852724
AdaBoost,No SMOTE,0,0,0.1744311028445886
AdaBoost,No SMOTE,0,0,0.1689822365998279
AdaBoost,No SMOTE,0,0,0.1689822365998279
AdaBoost,No SMOTE,0,0,0.16867357177983938
AdaBoost,No SMOTE,0,0,0.1689822365998279
AdaBoost,No SMOTE,0,0,0.13019713023369225
AdaBoost,No SMOTE,0,0,0.1689822365998279
AdaBoost,No SMOTE,0,0,0.17726965587952628
AdaBoost,No SMOTE,0,0,0.17726965587952628
AdaBoost,No SMOTE,0,0,0.1744311028445886
AdaBoost,No SMOTE,0,0,0.1744311028445886
AdaBoost,No SMOTE,0,0,0.22493649393812828
AdaBoost,No SMOTE,0,0,0.1431423024436669
AdaBoost,No SMOTE,0,0,0.16342013312650427
AdaBoost,No SMOTE,0,0,0.17726965587952628
AdaBoost,No SMOTE,0,0,0.22493649393812828
AdaBoost,No SMOTE,0,0,0.1744311028445886
AdaBoost,No SMOTE,0,0,0.22493649393812828
AdaBoost,No SMOTE,0,0,0.1689822365998279
AdaBoost,No SMOTE,0,0,0.1689822365998279
AdaBoost,No SMOTE,0,0,0.17726965587952628
AdaBoost,No SMOTE,0,0,0.16618389338377842
AdaBoost,No SMOTE,0,0,0.17726965587952628
AdaBoost,No SMOTE,0,0,0.1689822365998279
AdaBoost,No SMOTE,0,0,0.17726965587952628
AdaBoost,No SMOTE,0,0,0.17726965587952628
AdaBoost,No SMOTE,0,0,0.17726965587952628
AdaBoost,No SMOTE,0,0,0.1744311028445886
AdaBoost,No SMOTE,0,0,0.22493649393812828
AdaBoost,No SMOTE,0,0,0.1689822365998279
AdaBoost,No SMOTE,0,0,0.13586401457059089
AdaBoost,No SMOTE,0,0,0.18800989342479768
AdaBoost,No SMOTE,0,0,0.1744311028445886
AdaBoost,No SMOTE,0,0,0.1689822365998279
AdaBoost,No SMOTE,0,0,0.1744311028445886
AdaBoost,No SMOTE,0,0,0.1689822365998279
AdaBoost,No SMOTE,0,0,0.22493649393812828
AdaBoost,No SMOTE,0,0,0.1689822365998279
AdaBoost,No SMOTE,0,0,0.1689822365998279
AdaBoost,No SMOTE,0,0,0.22493649393812828
AdaBoost,No SMOTE,0,0,0.26348243932586984
AdaBoost,No SMOTE,0,0,0.22017433581447826
AdaBoost,No SMOTE,0,0,0.1744311028445886
AdaBoost,No SMOTE,0,0,0.17726965587952628
AdaBoost,No SMOTE,0,0,0.1744311028445886
AdaBoost,No SMOTE,0,0,0.18496367037446623
AdaBoost,No SMOTE,0,0,0.1689822365998279
AdaBoost,No SMOTE,0,0,0.17726965587952628
AdaBoost,No SMOTE,0,0,0.16895403564617684
AdaBoost,No SMOTE,0,0,0.17726965587952628
AdaBoost,No SMOTE,0,0,0.17726965587952628
AdaBoost,No SMOTE,0,0,0.17726965587952628
AdaBoost,No SMOTE,0,0,0.1689822365998279
AdaBoost,No SMOTE,0,0,0.13019713023369225
AdaBoost,No SMOTE,0,0,0.22493649393812828
AdaBoost,No SMOTE,0,0,0.13019713023369225
AdaBoost,No SMOTE,0,0,0.13586401457059089
AdaBoost,No SMOTE,0,0,0.14895992415852724
AdaBoost,No SMOTE,0,0,0.22493649393812828
AdaBoost,No SMOTE,0,0,0.13586401457059089
AdaBoost,No SMOTE,0,0,0.191758796857404
AdaBoost,No SMOTE,0,0,0.21607329118820193
AdaBoost,No SMOTE,0,0,0.1744311028445886
AdaBoost,No SMOTE,0,0,0.1689822365998279
AdaBoost,No SMOTE,0,0,0.18800989342479768
AdaBoost,No SMOTE,0,0,0.17643129068755622
AdaBoost,No SMOTE,0,0,0.1744311028445886
AdaBoost,No SMOTE,0,0,0.13019713023369225
AdaBoost,No SMOTE,0,0,0.1689822365998279
AdaBoost,No SMOTE,0,0,0.1431363477165842
AdaBoost,No SMOTE,0,0,0.13019713023369225
AdaBoost,No SMOTE,0,0,0.14895992415852724
AdaBoost,No SMOTE,0,0,0.1689822365998279
AdaBoost,No SMOTE,0,0,0.14895992415852724
AdaBoost,No SMOTE,0,0,0.21928751511544514
AdaBoost,No SMOTE,0,0,0.21928751511544514
AdaBoost,No SMOTE,0,0,0.1744311028445886
AdaBoost,No SMOTE,0,0,0.22044238283982498
AdaBoost,No SMOTE,0,0,0.1744311028445886
AdaBoost,No SMOTE,0,0,0.205659675438033
AdaBoost,No SMOTE,0,0,0.16895403564617684
AdaBoost,No SMOTE,0,0,0.1431423024436669
AdaBoost,No SMOTE,0,0,0.11920292202211763
AdaBoost,No SMOTE,0,0,0.17726965587952628
AdaBoost,No SMOTE,0,0,0.1744311028445886
AdaBoost,No SMOTE,0,0,0.13586401457059089
AdaBoost,No SMOTE,0,0,0.1719470769852437
AdaBoost,No SMOTE,0,0,0.14895992415852724
AdaBoost,No SMOTE,0,0,0.17726965587952628
AdaBoost,No SMOTE,0,0,0.13586401457059089
AdaBoost,No SMOTE,0,0,0.1689822365998279
AdaBoost,No SMOTE,0,0,0.17726965587952628
AdaBoost,No SMOTE,0,0,0.1689822365998279
AdaBoost,No SMOTE,0,0,0.16203849466010875
AdaBoost,No SMOTE,0,0,0.1744311028445886
AdaBoost,No SMOTE,0,0,0.16618389338377842
AdaBoost,No SMOTE,0,0,0.11920292202211763
AdaBoost,No SMOTE,0,0,0.16895403564617684
AdaBoost,No SMOTE,0,0,0.17726965587952628
AdaBoost,No SMOTE,0,0,0.22017433581447826
AdaBoost,No SMOTE,0,0,0.1431363477165842
AdaBoost,No SMOTE,0,0,0.22017433581447826
AdaBoost,No SMOTE,0,0,0.2193403423397052
AdaBoost,No SMOTE,0,0,0.1744311028445886
AdaBoost,No SMOTE,0,0,0.21607329118820193
AdaBoost,No SMOTE,0,0,0.18496367037446623
AdaBoost,No SMOTE,0,0,0.17726965587952628
AdaBoost,No SMOTE,0,0,0.17726965587952628
AdaBoost,No SMOTE,0,0,0.1744311028445886
AdaBoost,No SMOTE,0,0,0.17726965587952628
AdaBoost,No SMOTE,0,0,0.1689822365998279
AdaBoost,No SMOTE,0,0,0.191758796857404
AdaBoost,No SMOTE,0,0,0.17726965587952628
AdaBoost,No SMOTE,0,0,0.18496367037446623
AdaBoost,No SMOTE,0,0,0.18800989342479768
AdaBoost,No SMOTE,0,0,0.2193039021633169
AdaBoost,No SMOTE,0,0,0.22493649393812828
AdaBoost,No SMOTE,0,0,0.1744311028445886
AdaBoost,No SMOTE,0,1,0.5627762068712466
AdaBoost,No SMOTE,0,0,0.1719470769852437
AdaBoost,No SMOTE,0,0,0.1931443810264556
AdaBoost,No SMOTE,0,0,0.11920292202211763
AdaBoost,No SMOTE,0,0,0.16618389338377842
AdaBoost,No SMOTE,0,0,0.16342013312650427
AdaBoost,No SMOTE,0,0,0.191758796857404
AdaBoost,No SMOTE,0,0,0.1456228192075175
AdaBoost,No SMOTE,0,0,0.16867357177983938
AdaBoost,No SMOTE,0,0,0.1744311028445886
AdaBoost,No SMOTE,0,0,0.1689822365998279
AdaBoost,No SMOTE,0,0,0.13019713023369225
AdaBoost,No SMOTE,0,0,0.1689822365998279
AdaBoost,No SMOTE,0,0,0.1689822365998279
AdaBoost,No SMOTE,0,0,0.16342013312650427
AdaBoost,No SMOTE,0,0,0.16618389338377842
AdaBoost,No SMOTE,0,0,0.1689822365998279
AdaBoost,No SMOTE,0,0,0.14798688540029464
AdaBoost,No SMOTE,0,0,0.1744311028445886
AdaBoost,No SMOTE,0,0,0.1744311028445886
AdaBoost,No SMOTE,0,0,0.1689822365998279
AdaBoost,No SMOTE,0,0,0.1744311028445886
AdaBoost,No SMOTE,0,0,0.17726965587952628
AdaBoost,No SMOTE,0,0,0.1744311028445886
AdaBoost,No SMOTE,0,0,0.1744311028445886
AdaBoost,No SMOTE,0,0,0.14895992415852724
AdaBoost,No SMOTE,0,0,0.22493649393812828
AdaBoost,No SMOTE,0,0,0.2193403423397052
AdaBoost,No SMOTE,0,0,0.18800989342479768
AdaBoost,No SMOTE,0,0,0.16342013312650427
AdaBoost,No SMOTE,0,0,0.22493649393812828
AdaBoost,No SMOTE,0,0,0.17726965587952628
AdaBoost,No SMOTE,0,0,0.1744311028445886
AdaBoost,No SMOTE,0,0,0.17726965587952628
AdaBoost,No SMOTE,0,0,0.1689822365998279
AdaBoost,No SMOTE,0,0,0.13586401457059089
AdaBoost,No SMOTE,0,0,0.17726965587952628
AdaBoost,No SMOTE,0,0,0.1689822365998279
AdaBoost,No SMOTE,0,0,0.1689822365998279
AdaBoost,No SMOTE,0,0,0.2193403423397052
AdaBoost,No SMOTE,0,0,0.17726965587952628
AdaBoost,No SMOTE,0,0,0.1689822365998279
AdaBoost,No SMOTE,0,0,0.1689822365998279
AdaBoost,No SMOTE,0,0,0.14895992415852724
AdaBoost,No SMOTE,0,0,0.13019713023369225
AdaBoost,No SMOTE,0,0,0.13586401457059089
AdaBoost,No SMOTE,0,0,0.22493649393812828
AdaBoost,No SMOTE,0,0,0.18800989342479768
AdaBoost,No SMOTE,0,0,0.17726965587952628
AdaBoost,No SMOTE,0,0,0.16618389338377842
AdaBoost,No SMOTE,0,0,0.17726965587952628
AdaBoost,No SMOTE,0,0,0.17726965587952628
AdaBoost,No SMOTE,0,0,0.17643129068755622
AdaBoost,No SMOTE,0,0,0.2193403423397052
AdaBoost,No SMOTE,0,0,0.1744311028445886
AdaBoost,No SMOTE,0,0,0.1689822365998279
AdaBoost,No SMOTE,0,0,0.1744311028445886
AdaBoost,No SMOTE,0,0,0.191758796857404
AdaBoost,No SMOTE,0,0,0.21607329118820193
AdaBoost,No SMOTE,0,0,0.18800989342479768
AdaBoost,No SMOTE,0,0,0.205659675438033
AdaBoost,No SMOTE,0,0,0.17726965587952628
AdaBoost,No SMOTE,0,0,0.1431423024436669
AdaBoost,No SMOTE,0,0,0.13586401457059089
AdaBoost,No SMOTE,0,0,0.22017433581447826
AdaBoost,No SMOTE,0,0,0.1689822365998279
AdaBoost,No SMOTE,0,0,0.21607329118820193
AdaBoost,No SMOTE,0,0,0.18496367037446623
AdaBoost,No SMOTE,0,0,0.22843520662470906
AdaBoost,No SMOTE,0,0,0.16618389338377842
AdaBoost,No SMOTE,0,0,0.1752408367047788
AdaBoost,No SMOTE,0,0,0.17726965587952628
AdaBoost,No SMOTE,0,0,0.13019713023369225
AdaBoost,No SMOTE,0,0,0.22493649393812828
AdaBoost,No SMOTE,0,0,0.22493649393812828
AdaBoost,No SMOTE,0,0,0.1744311028445886
AdaBoost,No SMOTE,0,0,0.16618389338377842
AdaBoost,No SMOTE,0,0,0.1744311028445886
AdaBoost,No SMOTE,0,0,0.1719470769852437
AdaBoost,No SMOTE,0,0,0.1744311028445886
AdaBoost,No SMOTE,0,0,0.1689822365998279
AdaBoost,No SMOTE,0,0,0.17726965587952628
AdaBoost,No SMOTE,0,0,0.17726965587952628
AdaBoost,No SMOTE,0,0,0.1744311028445886
AdaBoost,No SMOTE,0,0,0.1689822365998279
AdaBoost,No SMOTE,0,0,0.13586401457059089
AdaBoost,No SMOTE,0,0,0.13586401457059089
AdaBoost,No SMOTE,0,0,0.16342013312650427
AdaBoost,No SMOTE,0,0,0.1689822365998279
AdaBoost,No SMOTE,0,0,0.22493649393812828
AdaBoost,No SMOTE,0,0,0.22493649393812828
AdaBoost,No SMOTE,0,0,0.13586401457059089
AdaBoost,No SMOTE,0,0,0.22843520662470906
AdaBoost,No SMOTE,0,0,0.16342013312650427
AdaBoost,No SMOTE,0,0,0.1689822365998279
AdaBoost,No SMOTE,0,0,0.17726965587952628
AdaBoost,No SMOTE,0,0,0.1431423024436669
AdaBoost,No SMOTE,0,0,0.1744311028445886
AdaBoost,No SMOTE,0,0,0.13586401457059089
AdaBoost,No SMOTE,0,0,0.1689822365998279
AdaBoost,No SMOTE,0,0,0.22493649393812828
AdaBoost,No SMOTE,0,0,0.22493649393812828
AdaBoost,No SMOTE,0,0,0.14895992415852724
AdaBoost,No SMOTE,0,0,0.1689822365998279
AdaBoost,No SMOTE,0,0,0.1689822365998279
AdaBoost,No SMOTE,0,0,0.1689822365998279
AdaBoost,No SMOTE,0,0,0.17726965587952628
AdaBoost,No SMOTE,0,0,0.1744311028445886
AdaBoost,No SMOTE,0,0,0.16342013312650427
AdaBoost,No SMOTE,0,0,0.13586401457059089
AdaBoost,No SMOTE,0,0,0.17726965587952628
AdaBoost,No SMOTE,0,0,0.1744311028445886
AdaBoost,No SMOTE,0,0,0.1744311028445886
AdaBoost,No SMOTE,0,0,0.17726965587952628
AdaBoost,No SMOTE,0,0,0.1744311028445886
AdaBoost,No SMOTE,0,0,0.1689822365998279
AdaBoost,No SMOTE,0,0,0.17726965587952628
AdaBoost,No SMOTE,0,0,0.17726965587952628
AdaBoost,No SMOTE,0,0,0.19090832035678107
AdaBoost,No SMOTE,0,0,0.1689822365998279
AdaBoost,No SMOTE,0,0,0.1689822365998279
AdaBoost,No SMOTE,0,0,0.1744311028445886
AdaBoost,No SMOTE,0,0,0.17726965587952628
AdaBoost,No SMOTE,0,0,0.13019713023369225
AdaBoost,No SMOTE,0,0,0.1689822365998279
AdaBoost,No SMOTE,0,0,0.18496367037446623
AdaBoost,No SMOTE,0,0,0.1744311028445886
AdaBoost,No SMOTE,0,0,0.22493649393812828
AdaBoost,No SMOTE,0,0,0.25081468689261593
AdaBoost,No SMOTE,0,0,0.17726965587952628
AdaBoost,No SMOTE,0,0,0.1744311028445886
AdaBoost,No SMOTE,0,0,0.1689822365998279
AdaBoost,No SMOTE,0,0,0.17726965587952628
AdaBoost,No SMOTE,0,0,0.1689822365998279
AdaBoost,No SMOTE,0,0,0.17726965587952628
AdaBoost,No SMOTE,0,0,0.16342013312650427
AdaBoost,No SMOTE,0,0,0.21607329118820193
AdaBoost,No SMOTE,0,0,0.17643129068755622
AdaBoost,No SMOTE,0,0,0.14895992415852724
AdaBoost,No SMOTE,0,0,0.17726965587952628
AdaBoost,No SMOTE,0,0,0.16342013312650427
AdaBoost,No SMOTE,0,0,0.21607329118820193
AdaBoost,No SMOTE,0,0,0.1689822365998279
AdaBoost,No SMOTE,0,0,0.13586401457059089
AdaBoost,No SMOTE,0,0,0.1431363477165842
AdaBoost,No SMOTE,0,0,0.14895992415852724
AdaBoost,No SMOTE,0,0,0.13586401457059089
AdaBoost,No SMOTE,0,0,0.21607329118820193
AdaBoost,No SMOTE,0,0,0.22493649393812828
AdaBoost,No SMOTE,0,0,0.1744311028445886
AdaBoost,No SMOTE,0,0,0.22493649393812828
AdaBoost,No SMOTE,0,0,0.22044238283982498
AdaBoost,No SMOTE,0,0,0.22493649393812828
AdaBoost,No SMOTE,0,0,0.11920292202211763
AdaBoost,No SMOTE,0,0,0.17726965587952628
AdaBoost,No SMOTE,0,0,0.1689822365998279
AdaBoost,No SMOTE,0,0,0.1689822365998279
AdaBoost,No SMOTE,0,0,0.1719470769852437
AdaBoost,No SMOTE,0,0,0.1689822365998279
AdaBoost,No SMOTE,0,0,0.1689822365998279
AdaBoost,No SMOTE,0,0,0.1456228192075175
AdaBoost,No SMOTE,0,0,0.1689822365998279
AdaBoost,No SMOTE,0,0,0.11920292202211763
AdaBoost,No SMOTE,0,0,0.205659675438033
AdaBoost,No SMOTE,0,0,0.14895992415852724
AdaBoost,No SMOTE,0,0,0.13586401457059089
AdaBoost,No SMOTE,0,0,0.1744311028445886
AdaBoost,No SMOTE,0,0,0.17726965587952628
AdaBoost,No SMOTE,0,0,0.1689822365998279
AdaBoost,No SMOTE,0,0,0.1744311028445886
AdaBoost,No SMOTE,0,0,0.21607329118820193
AdaBoost,No SMOTE,0,0,0.1689822365998279
AdaBoost,No SMOTE,0,0,0.17726965587952628
AdaBoost,No SMOTE,0,0,0.16867357177983938
AdaBoost,No SMOTE,0,0,0.1689822365998279
AdaBoost,No SMOTE,0,0,0.13586401457059089
AdaBoost,No SMOTE,0,0,0.1744311028445886
AdaBoost,No SMOTE,0,0,0.17133680384090874
AdaBoost,No SMOTE,0,0,0.14895992415852724
AdaBoost,No SMOTE,0,0,0.1744311028445886
AdaBoost,No SMOTE,0,0,0.17726965587952628
AdaBoost,No SMOTE,0,0,0.14895992415852724
AdaBoost,No SMOTE,0,0,0.1689822365998279
AdaBoost,No SMOTE,0,0,0.17726965587952628
AdaBoost,No SMOTE,0,0,0.1431423024436669
AdaBoost,No SMOTE,0,0,0.1689822365998279
AdaBoost,No SMOTE,0,0,0.14895992415852724
AdaBoost,No SMOTE,0,0,0.22493649393812828
AdaBoost,No SMOTE,0,0,0.1689822365998279
AdaBoost,No SMOTE,0,0,0.17726965587952628
AdaBoost,No SMOTE,0,0,0.1689822365998279
AdaBoost,No SMOTE,0,0,0.1744311028445886
AdaBoost,No SMOTE,0,0,0.17726965587952628
AdaBoost,No SMOTE,0,0,0.14895992415852724
AdaBoost,No SMOTE,0,0,0.21928751511544514
AdaBoost,No SMOTE,0,0,0.21607329118820193
AdaBoost,No SMOTE,0,0,0.2193403423397052
AdaBoost,No SMOTE,0,0,0.1431363477165842
AdaBoost,No SMOTE,0,0,0.1689822365998279
AdaBoost,No SMOTE,0,0,0.1689822365998279
AdaBoost,No SMOTE,0,0,0.1689822365998279
AdaBoost,No SMOTE,0,0,0.14895992415852724
AdaBoost,No SMOTE,0,0,0.13019713023369225
AdaBoost,No SMOTE,0,0,0.1744311028445886
AdaBoost,No SMOTE,0,0,0.23063700453044325
AdaBoost,No SMOTE,0,0,0.18800989342479768
AdaBoost,No SMOTE,0,0,0.1689822365998279
AdaBoost,No SMOTE,0,0,0.1744311028445886
AdaBoost,No SMOTE,0,0,0.1744311028445886
AdaBoost,No SMOTE,0,0,0.17726965587952628
AdaBoost,No SMOTE,0,0,0.21607329118820193
AdaBoost,No SMOTE,0,0,0.22493649393812828
AdaBoost,No SMOTE,0,0,0.22493649393812828
AdaBoost,No SMOTE,0,0,0.17643129068755622
AdaBoost,No SMOTE,0,0,0.1719470769852437
AdaBoost,No SMOTE,0,0,0.1689822365998279
AdaBoost,No SMOTE,0,0,0.16895403564617684
AdaBoost,No SMOTE,0,0,0.1689822365998279
AdaBoost,No SMOTE,0,0,0.1689822365998279
AdaBoost,No SMOTE,0,0,0.13019713023369225
AdaBoost,No SMOTE,0,0,0.1689822365998279
AdaBoost,No SMOTE,0,0,0.13586401457059089
AdaBoost,No SMOTE,0,0,0.1744311028445886
AdaBoost,No SMOTE,0,0,0.1689822365998279
AdaBoost,No SMOTE,0,0,0.16618389338377842
AdaBoost,No SMOTE,0,0,0.17726965587952628
AdaBoost,No SMOTE,0,0,0.13586401457059089
AdaBoost,No SMOTE,0,0,0.22493649393812828
AdaBoost,No SMOTE,0,0,0.22493649393812828
AdaBoost,No SMOTE,0,0,0.1689822365998279
AdaBoost,No SMOTE,0,0,0.1689822365998279
AdaBoost,No SMOTE,0,0,0.16203849466010875
AdaBoost,No SMOTE,0,0,0.17726965587952628
AdaBoost,No SMOTE,0,0,0.16895403564617684
AdaBoost,No SMOTE,0,0,0.1744311028445886
AdaBoost,No SMOTE,0,0,0.1689822365998279
AdaBoost,No SMOTE,0,0,0.1689822365998279
AdaBoost,No SMOTE,0,0,0.21928751511544514
AdaBoost,No SMOTE,0,0,0.1689822365998279
AdaBoost,No SMOTE,0,0,0.18496367037446623
AdaBoost,No SMOTE,0,0,0.18800989342479768
AdaBoost,No SMOTE,0,0,0.17726965587952628
AdaBoost,No SMOTE,0,0,0.1689822365998279
AdaBoost,No SMOTE,0,0,0.18800989342479768
AdaBoost,No SMOTE,0,0,0.14895992415852724
AdaBoost,No SMOTE,0,0,0.1689822365998279
AdaBoost,No SMOTE,0,0,0.1689822365998279
AdaBoost,No SMOTE,0,0,0.18800989342479768
AdaBoost,No SMOTE,0,0,0.1689822365998279
AdaBoost,No SMOTE,0,0,0.17726965587952628
AdaBoost,No SMOTE,0,0,0.1689822365998279
AdaBoost,No SMOTE,0,0,0.1744311028445886
AdaBoost,No SMOTE,0,0,0.22493649393812828
AdaBoost,No SMOTE,0,0,0.1744311028445886
AdaBoost,No SMOTE,0,0,0.13019713023369225
AdaBoost,No SMOTE,0,0,0.16618389338377842
AdaBoost,No SMOTE,0,0,0.1689822365998279
AdaBoost,No SMOTE,0,0,0.1689822365998279
AdaBoost,No SMOTE,0,0,0.1689822365998279
AdaBoost,No SMOTE,0,0,0.14895992415852724
AdaBoost,No SMOTE,0,0,0.18800989342479768
AdaBoost,No SMOTE,0,0,0.1689822365998279
AdaBoost,No SMOTE,0,0,0.16342013312650427
AdaBoost,No SMOTE,0,0,0.14895992415852724
AdaBoost,No SMOTE,0,0,0.1998789329879396
AdaBoost,No SMOTE,0,0,0.1689822365998279
AdaBoost,No SMOTE,0,0,0.14895992415852724
AdaBoost,No SMOTE,0,0,0.1744311028445886
AdaBoost,No SMOTE,0,0,0.2193403423397052
AdaBoost,No SMOTE,0,0,0.16618389338377842
AdaBoost,No SMOTE,0,0,0.17726965587952628
AdaBoost,No SMOTE,0,0,0.17726965587952628
AdaBoost,No SMOTE,0,0,0.1689822365998279
AdaBoost,No SMOTE,0,0,0.1689822365998279
AdaBoost,No SMOTE,0,0,0.17726965587952628
AdaBoost,No SMOTE,0,0,0.22493649393812828
AdaBoost,No SMOTE,0,0,0.22295168509089985
AdaBoost,No SMOTE,0,0,0.13586401457059089
AdaBoost,No SMOTE,0,0,0.1744311028445886
AdaBoost,No SMOTE,0,0,0.1744311028445886
AdaBoost,No SMOTE,0,0,0.16895403564617684
AdaBoost,No SMOTE,0,0,0.14895992415852724
AdaBoost,No SMOTE,0,0,0.17726965587952628
AdaBoost,No SMOTE,0,0,0.11920292202211763
AdaBoost,No SMOTE,0,0,0.1431423024436669
AdaBoost,No SMOTE,0,0,0.17726965587952628
AdaBoost,No SMOTE,0,0,0.1689822365998279
AdaBoost,No SMOTE,0,0,0.16203849466010875
AdaBoost,No SMOTE,0,0,0.17726965587952628
AdaBoost,No SMOTE,0,0,0.17643129068755622
AdaBoost,No SMOTE,0,0,0.17726965587952628
AdaBoost,No SMOTE,0,0,0.1744311028445886
AdaBoost,No SMOTE,0,0,0.18800989342479768
AdaBoost,No SMOTE,0,0,0.21607329118820193
AdaBoost,No SMOTE,0,0,0.21607329118820193
AdaBoost,No SMOTE,0,0,0.22843520662470906
AdaBoost,No SMOTE,0,0,0.26348243932586984
AdaBoost,No SMOTE,0,0,0.1744311028445886
AdaBoost,No SMOTE,0,0,0.1719470769852437
AdaBoost,No SMOTE,0,0,0.1744311028445886
AdaBoost,No SMOTE,0,0,0.13019713023369225
AdaBoost,No SMOTE,0,0,0.18800989342479768
AdaBoost,No SMOTE,0,0,0.21607329118820193
AdaBoost,No SMOTE,0,0,0.17726965587952628
AdaBoost,No SMOTE,0,0,0.17726965587952628
AdaBoost,No SMOTE,0,0,0.14895992415852724
AdaBoost,No SMOTE,0,0,0.191758796857404
AdaBoost,No SMOTE,0,0,0.1689822365998279
AdaBoost,No SMOTE,0,0,0.1744311028445886
AdaBoost,No SMOTE,0,0,0.16342013312650427
AdaBoost,No SMOTE,0,0,0.18800989342479768
AdaBoost,No SMOTE,0,0,0.13019713023369225
AdaBoost,No SMOTE,0,0,0.1744311028445886
AdaBoost,No SMOTE,0,0,0.17726965587952628
AdaBoost,No SMOTE,0,0,0.1456228192075175
AdaBoost,No SMOTE,0,0,0.1689822365998279
AdaBoost,No SMOTE,0,0,0.1431423024436669
AdaBoost,No SMOTE,0,0,0.17726965587952628
AdaBoost,No SMOTE,0,0,0.14895992415852724
AdaBoost,No SMOTE,0,0,0.1431423024436669
AdaBoost,No SMOTE,0,0,0.2211488914469814
AdaBoost,No SMOTE,0,0,0.1689822365998279
AdaBoost,No SMOTE,0,0,0.22493649393812828
AdaBoost,No SMOTE,0,0,0.1744311028445886
AdaBoost,No SMOTE,0,0,0.16867357177983938
AdaBoost,No SMOTE,0,0,0.21607329118820193
AdaBoost,No SMOTE,0,0,0.1744311028445886
AdaBoost,No SMOTE,0,0,0.16895403564617684
AdaBoost,No SMOTE,0,0,0.17726965587952628
AdaBoost,No SMOTE,0,0,0.18800989342479768
AdaBoost,No SMOTE,0,0,0.1689822365998279
AdaBoost,No SMOTE,0,0,0.1744311028445886
AdaBoost,No SMOTE,0,0,0.17726965587952628
AdaBoost,No SMOTE,0,0,0.17726965587952628
AdaBoost,No SMOTE,0,0,0.1719470769852437
AdaBoost,No SMOTE,0,0,0.18800989342479768
AdaBoost,No SMOTE,0,0,0.1689822365998279
AdaBoost,No SMOTE,0,0,0.13019713023369225
AdaBoost,No SMOTE,0,0,0.17726965587952628
AdaBoost,No SMOTE,0,0,0.18800989342479768
AdaBoost,No SMOTE,0,0,0.1689822365998279
AdaBoost,No SMOTE,0,0,0.1744311028445886
AdaBoost,No SMOTE,0,0,0.1689822365998279
AdaBoost,No SMOTE,0,0,0.14895992415852724
AdaBoost,No SMOTE,0,0,0.1689822365998279
AdaBoost,No SMOTE,0,0,0.1744311028445886
AdaBoost,No SMOTE,0,0,0.1744311028445886
AdaBoost,No SMOTE,0,0,0.21607329118820193
AdaBoost,No SMOTE,0,0,0.13019713023369225
AdaBoost,No SMOTE,0,0,0.17726965587952628
AdaBoost,No SMOTE,0,0,0.17726965587952628
AdaBoost,No SMOTE,0,0,0.17726965587952628
AdaBoost,No SMOTE,0,0,0.205659675438033
AdaBoost,No SMOTE,0,0,0.17726965587952628
AdaBoost,No SMOTE,0,0,0.1689822365998279
AdaBoost,No SMOTE,0,0,0.22493649393812828
AdaBoost,No SMOTE,0,0,0.1689822365998279
AdaBoost,No SMOTE,0,0,0.14895992415852724
AdaBoost,No SMOTE,0,0,0.2193403423397052
AdaBoost,No SMOTE,0,0,0.18800989342479768
AdaBoost,No SMOTE,0,0,0.2193403423397052
AdaBoost,No SMOTE,0,0,0.1744311028445886
AdaBoost,No SMOTE,0,0,0.16342013312650427
AdaBoost,No SMOTE,0,0,0.1719470769852437
AdaBoost,No SMOTE,0,0,0.1744311028445886
AdaBoost,No SMOTE,0,0,0.17726965587952628
AdaBoost,No SMOTE,0,0,0.20002774141121915
AdaBoost,No SMOTE,0,0,0.17043552930931818
AdaBoost,No SMOTE,0,0,0.22493649393812828
AdaBoost,No SMOTE,0,0,0.18800989342479768
AdaBoost,No SMOTE,0,0,0.17726965587952628
AdaBoost,No SMOTE,0,0,0.17726965587952628
AdaBoost,No SMOTE,0,0,0.1689822365998279
AdaBoost,No SMOTE,0,0,0.21607329118820193
AdaBoost,No SMOTE,0,0,0.17726965587952628
AdaBoost,No SMOTE,0,0,0.17452323501899744
AdaBoost,No SMOTE,0,0,0.17726965587952628
AdaBoost,No SMOTE,0,0,0.1689822365998279
AdaBoost,No SMOTE,0,0,0.1689822365998279
AdaBoost,No SMOTE,0,0,0.14895992415852724
AdaBoost,No SMOTE,0,0,0.17726965587952628
AdaBoost,No SMOTE,0,0,0.17726965587952628
AdaBoost,No SMOTE,0,0,0.1689822365998279
AdaBoost,No SMOTE,0,0,0.17643129068755622
AdaBoost,No SMOTE,0,0,0.15152342713209221
AdaBoost,No SMOTE,0,0,0.16342013312650427
AdaBoost,No SMOTE,0,0,0.22493649393812828
AdaBoost,No SMOTE,0,0,0.22017433581447826
AdaBoost,No SMOTE,0,0,0.14895992415852724
AdaBoost,No SMOTE,0,0,0.1689822365998279
AdaBoost,No SMOTE,0,0,0.17643129068755622
AdaBoost,No SMOTE,0,0,0.17726965587952628
AdaBoost,No SMOTE,0,0,0.16618389338377842
AdaBoost,No SMOTE,0,0,0.14895992415852724
AdaBoost,No SMOTE,0,0,0.1744311028445886
AdaBoost,No SMOTE,0,0,0.191758796857404
AdaBoost,No SMOTE,0,0,0.1744311028445886
AdaBoost,No SMOTE,0,0,0.17726965587952628
AdaBoost,No SMOTE,0,0,0.1689822365998279
AdaBoost,No SMOTE,0,0,0.21607329118820193
AdaBoost,No SMOTE,0,0,0.22176486665410824
AdaBoost,No SMOTE,0,0,0.1998789329879396
AdaBoost,No SMOTE,0,0,0.1431363477165842
AdaBoost,No SMOTE,0,0,0.17726965587952628
AdaBoost,No SMOTE,0,0,0.11920292202211763
AdaBoost,No SMOTE,0,0,0.22017433581447826
AdaBoost,No SMOTE,0,0,0.17726965587952628
AdaBoost,No SMOTE,0,0,0.18800989342479768
AdaBoost,No SMOTE,0,0,0.1744311028445886
AdaBoost,No SMOTE,0,0,0.13586401457059089
AdaBoost,No SMOTE,0,0,0.1744311028445886
AdaBoost,No SMOTE,0,0,0.1689822365998279
AdaBoost,No SMOTE,0,0,0.1431363477165842
AdaBoost,No SMOTE,0,0,0.16203849466010875
AdaBoost,No SMOTE,0,0,0.1689822365998279
AdaBoost,No SMOTE,0,0,0.22343217771236867
AdaBoost,No SMOTE,0,0,0.1744311028445886
AdaBoost,No SMOTE,0,0,0.2193403423397052
AdaBoost,No SMOTE,0,0,0.2193403423397052
AdaBoost,No SMOTE,0,0,0.1744311028445886
AdaBoost,No SMOTE,0,0,0.2193403423397052
AdaBoost,No SMOTE,0,0,0.1689822365998279
AdaBoost,No SMOTE,0,0,0.17726965587952628
AdaBoost,No SMOTE,0,0,0.1689822365998279
AdaBoost,No SMOTE,0,0,0.16342013312650427
AdaBoost,No SMOTE,0,0,0.17726965587952628
AdaBoost,No SMOTE,0,0,0.22843520662470906
AdaBoost,No SMOTE,0,0,0.11920292202211763
AdaBoost,No SMOTE,0,0,0.1689822365998279
AdaBoost,No SMOTE,0,0,0.1689822365998279
AdaBoost,No SMOTE,0,0,0.1431423024436669
AdaBoost,No SMOTE,0,0,0.17726965587952628
AdaBoost,No SMOTE,0,0,0.17726965587952628
AdaBoost,No SMOTE,0,0,0.13019713023369225
AdaBoost,No SMOTE,0,0,0.19805707668831612
AdaBoost,No SMOTE,0,0,0.1689822365998279
AdaBoost,No SMOTE,0,0,0.13586401457059089
AdaBoost,No SMOTE,0,0,0.22493649393812828
AdaBoost,No SMOTE,0,0,0.13019713023369225
AdaBoost,No SMOTE,0,0,0.14895992415852724
AdaBoost,No SMOTE,0,0,0.2193403423397052
AdaBoost,No SMOTE,0,0,0.1719470769852437
AdaBoost,No SMOTE,0,0,0.16203849466010875
AdaBoost,No SMOTE,0,0,0.2193403423397052
AdaBoost,No SMOTE,0,0,0.2211488914469814
AdaBoost,No SMOTE,0,0,0.17726965587952628
AdaBoost,No SMOTE,0,0,0.22295168509089985
AdaBoost,No SMOTE,0,0,0.1689822365998279
AdaBoost,No SMOTE,0,0,0.22493649393812828
AdaBoost,No SMOTE,0,0,0.14895992415852724
AdaBoost,No SMOTE,0,0,0.1689822365998279
AdaBoost,No SMOTE,0,0,0.1744311028445886
AdaBoost,No SMOTE,0,0,0.1744311028445886
AdaBoost,No SMOTE,0,0,0.1431423024436669
AdaBoost,No SMOTE,0,0,0.1689822365998279
AdaBoost,No SMOTE,0,0,0.14895992415852724
AdaBoost,No SMOTE,0,0,0.1744311028445886
AdaBoost,No SMOTE,0,0,0.1689822365998279
AdaBoost,No SMOTE,0,0,0.2193403423397052
AdaBoost,No SMOTE,0,0,0.1689822365998279
AdaBoost,No SMOTE,0,0,0.16618389338377842
AdaBoost,No SMOTE,0,0,0.14895992415852724
AdaBoost,No SMOTE,0,0,0.14895992415852724
AdaBoost,No SMOTE,0,0,0.17726965587952628
AdaBoost,No SMOTE,0,0,0.1431423024436669
AdaBoost,No SMOTE,0,0,0.22017433581447826
AdaBoost,No SMOTE,0,0,0.17726965587952628
AdaBoost,No SMOTE,0,0,0.17726965587952628
AdaBoost,No SMOTE,0,0,0.1431423024436669
AdaBoost,No SMOTE,0,0,0.17726965587952628
AdaBoost,No SMOTE,0,0,0.1744311028445886
AdaBoost,No SMOTE,0,0,0.17726965587952628
AdaBoost,No SMOTE,0,0,0.1431423024436669
AdaBoost,No SMOTE,0,0,0.13019713023369225
AdaBoost,No SMOTE,0,0,0.13586401457059089
AdaBoost,No SMOTE,0,0,0.22493649393812828
AdaBoost,No SMOTE,0,0,0.11920292202211763
AdaBoost,No SMOTE,0,0,0.17643129068755622
AdaBoost,No SMOTE,0,0,0.22493649393812828
AdaBoost,No SMOTE,0,0,0.17726965587952628
AdaBoost,No SMOTE,0,0,0.17726965587952628
AdaBoost,No SMOTE,0,0,0.1689822365998279
AdaBoost,No SMOTE,0,0,0.18496367037446623
AdaBoost,No SMOTE,0,0,0.1689822365998279
AdaBoost,No SMOTE,0,0,0.13586401457059089
AdaBoost,No SMOTE,0,0,0.17726965587952628
AdaBoost,No SMOTE,0,0,0.1689822365998279
AdaBoost,No SMOTE,0,0,0.17726965587952628
AdaBoost,No SMOTE,0,0,0.18496367037446623
AdaBoost,No SMOTE,0,0,0.11920292202211763
AdaBoost,No SMOTE,0,0,0.1689822365998279
AdaBoost,No SMOTE,0,0,0.13586401457059089
AdaBoost,No SMOTE,0,0,0.11920292202211763
AdaBoost,No SMOTE,0,0,0.17726965587952628
AdaBoost,No SMOTE,0,0,0.1719470769852437
AdaBoost,No SMOTE,0,0,0.1744311028445886
AdaBoost,No SMOTE,0,0,0.1689822365998279
AdaBoost,No SMOTE,0,0,0.1689822365998279
AdaBoost,No SMOTE,0,0,0.1689822365998279
AdaBoost,No SMOTE,0,0,0.21607329118820193
AdaBoost,No SMOTE,0,0,0.22493649393812828
AdaBoost,No SMOTE,0,0,0.1689822365998279
AdaBoost,No SMOTE,0,0,0.18800989342479768
AdaBoost,No SMOTE,0,0,0.1689822365998279
AdaBoost,No SMOTE,0,0,0.18496367037446623
AdaBoost,No SMOTE,0,0,0.1431363477165842
AdaBoost,No SMOTE,0,0,0.14895992415852724
AdaBoost,No SMOTE,0,0,0.18800989342479768
AdaBoost,No SMOTE,0,0,0.1744311028445886
AdaBoost,No SMOTE,0,0,0.13019713023369225
AdaBoost,No SMOTE,0,0,0.17726965587952628
AdaBoost,No SMOTE,0,0,0.14895992415852724
AdaBoost,No SMOTE,0,0,0.17726965587952628
AdaBoost,No SMOTE,0,0,0.17726965587952628
AdaBoost,No SMOTE,0,0,0.1689822365998279
AdaBoost,No SMOTE,0,0,0.21607329118820193
AdaBoost,No SMOTE,0,0,0.16342013312650427
AdaBoost,No SMOTE,0,0,0.13586401457059089
AdaBoost,No SMOTE,0,0,0.16342013312650427
AdaBoost,No SMOTE,0,0,0.1431423024436669
AdaBoost,No SMOTE,0,0,0.1744311028445886
AdaBoost,No SMOTE,0,0,0.22843520662470906
AdaBoost,No SMOTE,0,0,0.2193403423397052
AdaBoost,No SMOTE,0,0,0.14895992415852724
AdaBoost,No SMOTE,0,0,0.1744311028445886
AdaBoost,No SMOTE,0,0,0.1431423024436669
AdaBoost,No SMOTE,0,0,0.17726965587952628
AdaBoost,No SMOTE,0,0,0.1456228192075175
AdaBoost,No SMOTE,0,0,0.16867357177983938
AdaBoost,No SMOTE,0,0,0.1431423024436669
AdaBoost,No SMOTE,0,0,0.22493649393812828
AdaBoost,No SMOTE,0,0,0.22493649393812828
AdaBoost,No SMOTE,0,0,0.1744311028445886
AdaBoost,No SMOTE,0,0,0.1689822365998279
AdaBoost,No SMOTE,0,0,0.1744311028445886
AdaBoost,No SMOTE,0,0,0.17726965587952628
AdaBoost,No SMOTE,0,0,0.1744311028445886
AdaBoost,No SMOTE,0,0,0.17726965587952628
AdaBoost,No SMOTE,0,0,0.1689822365998279
AdaBoost,No SMOTE,0,0,0.17726965587952628
AdaBoost,No SMOTE,0,0,0.22493649393812828
AdaBoost,No SMOTE,0,0,0.2193403423397052
AdaBoost,No SMOTE,0,0,0.1689822365998279
AdaBoost,No SMOTE,0,0,0.1689822365998279
AdaBoost,No SMOTE,0,0,0.1689822365998279
AdaBoost,No SMOTE,0,0,0.1719470769852437
AdaBoost,No SMOTE,0,0,0.14895992415852724
AdaBoost,No SMOTE,0,0,0.1744311028445886
AdaBoost,No SMOTE,0,0,0.11920292202211763
AdaBoost,No SMOTE,0,0,0.1744311028445886
AdaBoost,No SMOTE,0,0,0.1744311028445886
AdaBoost,No SMOTE,0,0,0.17726965587952628
AdaBoost,No SMOTE,0,0,0.17726965587952628
AdaBoost,No SMOTE,0,0,0.1744311028445886
AdaBoost,No SMOTE,0,0,0.17726965587952628
AdaBoost,No SMOTE,0,0,0.1931443810264556
AdaBoost,No SMOTE,0,0,0.18496367037446623
AdaBoost,No SMOTE,0,0,0.1689822365998279
AdaBoost,No SMOTE,0,0,0.22044238283982498
AdaBoost,No SMOTE,0,0,0.1689822365998279
AdaBoost,No SMOTE,0,0,0.13019713023369225
AdaBoost,No SMOTE,0,0,0.16618389338377842
AdaBoost,No SMOTE,0,0,0.1689822365998279
AdaBoost,No SMOTE,0,0,0.1431423024436669
AdaBoost,No SMOTE,0,0,0.16895403564617684
AdaBoost,No SMOTE,0,0,0.22493649393812828
AdaBoost,No SMOTE,0,0,0.14895992415852724
AdaBoost,No SMOTE,0,0,0.22493649393812828
AdaBoost,No SMOTE,0,0,0.18496367037446623
AdaBoost,No SMOTE,0,0,0.1689822365998279
AdaBoost,No SMOTE,0,0,0.1689822365998279
AdaBoost,No SMOTE,0,0,0.14895992415852724
AdaBoost,No SMOTE,0,0,0.22493649393812828
AdaBoost,No SMOTE,0,0,0.1689822365998279
AdaBoost,No SMOTE,0,0,0.17726965587952628
AdaBoost,No SMOTE,0,0,0.1744311028445886
AdaBoost,No SMOTE,0,0,0.1689822365998279
AdaBoost,No SMOTE,0,0,0.1689822365998279
AdaBoost,No SMOTE,0,0,0.17726965587952628
AdaBoost,No SMOTE,0,0,0.17643129068755622
AdaBoost,No SMOTE,0,0,0.1744311028445886
AdaBoost,No SMOTE,0,0,0.16342013312650427
AdaBoost,No SMOTE,0,0,0.1689822365998279
AdaBoost,No SMOTE,0,0,0.17726965587952628
AdaBoost,No SMOTE,0,0,0.1689822365998279
AdaBoost,No SMOTE,0,0,0.17726965587952628
AdaBoost,No SMOTE,0,0,0.1689822365998279
AdaBoost,No SMOTE,0,0,0.17726965587952628
AdaBoost,No SMOTE,0,0,0.16203849466010875
AdaBoost,No SMOTE,0,0,0.11920292202211763
AdaBoost,No SMOTE,0,0,0.22493649393812828
AdaBoost,No SMOTE,0,0,0.1744311028445886
AdaBoost,No SMOTE,0,0,0.17726965587952628
AdaBoost,No SMOTE,0,0,0.14895992415852724
AdaBoost,No SMOTE,0,0,0.17726965587952628
AdaBoost,No SMOTE,0,0,0.11920292202211763
AdaBoost,No SMOTE,0,0,0.1689822365998279
AdaBoost,No SMOTE,0,0,0.16618389338377842
AdaBoost,No SMOTE,0,0,0.14895992415852724
AdaBoost,No SMOTE,0,0,0.22843520662470906
AdaBoost,No SMOTE,0,0,0.1689822365998279
AdaBoost,No SMOTE,0,0,0.191758796857404
AdaBoost,No SMOTE,0,0,0.1689822365998279
AdaBoost,No SMOTE,0,0,0.1744311028445886
AdaBoost,No SMOTE,0,0,0.1719470769852437
AdaBoost,No SMOTE,0,0,0.16342013312650427
AdaBoost,No SMOTE,0,0,0.22493649393812828
AdaBoost,No SMOTE,0,0,0.21607329118820193
AdaBoost,No SMOTE,0,0,0.22017433581447826
AdaBoost,No SMOTE,0,0,0.22493649393812828
AdaBoost,No SMOTE,0,0,0.1689822365998279
AdaBoost,No SMOTE,0,0,0.1689822365998279
AdaBoost,No SMOTE,0,0,0.14895992415852724
AdaBoost,No SMOTE,0,0,0.1744311028445886
AdaBoost,No SMOTE,0,0,0.17726965587952628
AdaBoost,No SMOTE,0,0,0.16342013312650427
AdaBoost,No SMOTE,0,0,0.1689822365998279
AdaBoost,No SMOTE,0,0,0.1689822365998279
AdaBoost,No SMOTE,0,0,0.1689822365998279
AdaBoost,No SMOTE,0,0,0.14895992415852724
AdaBoost,No SMOTE,0,0,0.22493649393812828
AdaBoost,No SMOTE,0,0,0.17726965587952628
AdaBoost,No SMOTE,0,0,0.1719470769852437
AdaBoost,No SMOTE,0,0,0.13019713023369225
AdaBoost,No SMOTE,0,0,0.1744311028445886
AdaBoost,No SMOTE,0,0,0.14895992415852724
AdaBoost,No SMOTE,0,0,0.191758796857404
AdaBoost,No SMOTE,0,0,0.22493649393812828
AdaBoost,No SMOTE,0,0,0.17726965587952628
AdaBoost,No SMOTE,0,0,0.16342013312650427
AdaBoost,No SMOTE,0,0,0.13019713023369225
AdaBoost,No SMOTE,0,0,0.1431423024436669
AdaBoost,No SMOTE,0,0,0.1689822365998279
AdaBoost,No SMOTE,0,0,0.1689822365998279
AdaBoost,No SMOTE,0,0,0.21607329118820193
AdaBoost,No SMOTE,0,0,0.1431423024436669
AdaBoost,No SMOTE,0,0,0.1719470769852437
AdaBoost,No SMOTE,0,0,0.17726965587952628
AdaBoost,No SMOTE,0,0,0.14895992415852724
AdaBoost,No SMOTE,0,0,0.16895403564617684
AdaBoost,No SMOTE,0,0,0.16895403564617684
AdaBoost,No SMOTE,0,0,0.18496367037446623
AdaBoost,No SMOTE,0,0,0.1744311028445886
AdaBoost,No SMOTE,0,0,0.17726965587952628
AdaBoost,No SMOTE,0,0,0.16342013312650427
AdaBoost,No SMOTE,0,0,0.191758796857404
AdaBoost,No SMOTE,0,0,0.17643129068755622
AdaBoost,No SMOTE,0,0,0.11920292202211763
AdaBoost,No SMOTE,0,0,0.17726965587952628
AdaBoost,No SMOTE,0,0,0.1689822365998279
AdaBoost,No SMOTE,0,0,0.22493649393812828
AdaBoost,No SMOTE,0,0,0.1786840584100862
AdaBoost,No SMOTE,0,0,0.1689822365998279
AdaBoost,No SMOTE,0,0,0.22493649393812828
AdaBoost,No SMOTE,0,0,0.13586401457059089
AdaBoost,No SMOTE,0,0,0.14895992415852724
AdaBoost,No SMOTE,0,0,0.18496367037446623
AdaBoost,No SMOTE,0,0,0.17726965587952628
AdaBoost,No SMOTE,0,0,0.1744311028445886
AdaBoost,No SMOTE,0,0,0.1689822365998279
AdaBoost,No SMOTE,0,0,0.21607329118820193
AdaBoost,No SMOTE,0,0,0.17726965587952628
AdaBoost,No SMOTE,0,0,0.18800989342479768
AdaBoost,No SMOTE,0,0,0.21607329118820193
AdaBoost,No SMOTE,0,0,0.18800989342479768
AdaBoost,No SMOTE,0,0,0.1744311028445886
AdaBoost,No SMOTE,0,0,0.18800989342479768
AdaBoost,No SMOTE,0,0,0.1431363477165842
AdaBoost,No SMOTE,0,0,0.1689822365998279
AdaBoost,No SMOTE,0,0,0.1744311028445886
AdaBoost,No SMOTE,0,0,0.11920292202211763
AdaBoost,No SMOTE,0,0,0.17726965587952628
AdaBoost,No SMOTE,0,0,0.1719470769852437
AdaBoost,No SMOTE,0,0,0.1744311028445886
AdaBoost,No SMOTE,0,0,0.1431363477165842
AdaBoost,No SMOTE,0,0,0.1689822365998279
AdaBoost,No SMOTE,0,0,0.1689822365998279
AdaBoost,No SMOTE,0,0,0.1744311028445886
AdaBoost,No SMOTE,0,0,0.16618389338377842
AdaBoost,No SMOTE,0,0,0.22493649393812828
AdaBoost,No SMOTE,0,0,0.17643129068755622
AdaBoost,No SMOTE,0,0,0.17726965587952628
AdaBoost,No SMOTE,0,0,0.22044238283982498
AdaBoost,No SMOTE,0,0,0.1744311028445886
AdaBoost,No SMOTE,0,0,0.1689822365998279
AdaBoost,No SMOTE,0,0,0.16342013312650427
AdaBoost,No SMOTE,0,0,0.17726965587952628
AdaBoost,No SMOTE,0,0,0.16342013312650427
AdaBoost,No SMOTE,0,0,0.17726965587952628
AdaBoost,No SMOTE,0,0,0.13586401457059089
AdaBoost,No SMOTE,0,0,0.1689822365998279
AdaBoost,No SMOTE,0,0,0.13019713023369225
AdaBoost,No SMOTE,0,0,0.1744311028445886
AdaBoost,No SMOTE,0,0,0.1689822365998279
AdaBoost,No SMOTE,0,0,0.17756452100554534
AdaBoost,No SMOTE,0,0,0.17726965587952628
AdaBoost,No SMOTE,0,0,0.1689822365998279
AdaBoost,No SMOTE,0,0,0.1744311028445886
AdaBoost,No SMOTE,0,0,0.1744311028445886
AdaBoost,No SMOTE,0,0,0.1744311028445886
AdaBoost,No SMOTE,0,0,0.1744311028445886
AdaBoost,No SMOTE,0,0,0.17726965587952628
AdaBoost,No SMOTE,0,0,0.1689822365998279
AdaBoost,No SMOTE,0,0,0.16867357177983938
AdaBoost,No SMOTE,0,0,0.17726965587952628
AdaBoost,No SMOTE,0,0,0.1431423024436669
AdaBoost,No SMOTE,0,0,0.1744311028445886
AdaBoost,No SMOTE,0,0,0.1744311028445886
AdaBoost,No SMOTE,0,0,0.14895992415852724
AdaBoost,No SMOTE,0,0,0.1689822365998279
AdaBoost,No SMOTE,0,0,0.1719470769852437
AdaBoost,No SMOTE,0,0,0.1744311028445886
AdaBoost,No SMOTE,0,0,0.22493649393812828
AdaBoost,No SMOTE,0,0,0.22493649393812828
AdaBoost,No SMOTE,0,0,0.17726965587952628
AdaBoost,No SMOTE,0,0,0.2193403423397052
AdaBoost,No SMOTE,0,0,0.1689822365998279
AdaBoost,No SMOTE,0,0,0.13019713023369225
AdaBoost,No SMOTE,0,0,0.22017433581447826
AdaBoost,No SMOTE,0,0,0.1689822365998279
AdaBoost,No SMOTE,0,0,0.11920292202211763
AdaBoost,No SMOTE,0,0,0.11920292202211763
AdaBoost,No SMOTE,0,0,0.1744311028445886
AdaBoost,No SMOTE,0,0,0.17182074334119965
AdaBoost,No SMOTE,0,0,0.16342013312650427
AdaBoost,No SMOTE,0,0,0.17726965587952628
AdaBoost,No SMOTE,0,0,0.18800989342479768
AdaBoost,No SMOTE,0,0,0.22493649393812828
AdaBoost,No SMOTE,0,0,0.17726965587952628
AdaBoost,No SMOTE,0,0,0.2193403423397052
AdaBoost,No SMOTE,0,0,0.22493649393812828
AdaBoost,No SMOTE,0,0,0.1744311028445886
AdaBoost,No SMOTE,0,0,0.16342013312650427
AdaBoost,No SMOTE,0,0,0.17726965587952628
AdaBoost,No SMOTE,0,0,0.16618389338377842
AdaBoost,No SMOTE,0,0,0.22843520662470906
AdaBoost,No SMOTE,0,0,0.17726965587952628
AdaBoost,No SMOTE,0,0,0.14895992415852724
AdaBoost,No SMOTE,0,0,0.14895992415852724
AdaBoost,No SMOTE,0,0,0.1689822365998279
AdaBoost,No SMOTE,0,0,0.1744311028445886
AdaBoost,No SMOTE,0,0,0.22493649393812828
AdaBoost,No SMOTE,0,0,0.1719470769852437
AdaBoost,No SMOTE,0,0,0.22493649393812828
AdaBoost,No SMOTE,0,0,0.17726965587952628
AdaBoost,No SMOTE,0,0,0.1689822365998279
AdaBoost,No SMOTE,0,0,0.1744311028445886
AdaBoost,No SMOTE,0,0,0.17726965587952628
AdaBoost,No SMOTE,0,0,0.1689822365998279
AdaBoost,No SMOTE,0,0,0.1689822365998279
AdaBoost,No SMOTE,0,0,0.18800989342479768
AdaBoost,No SMOTE,0,0,0.14895992415852724
AdaBoost,No SMOTE,0,0,0.17726965587952628
AdaBoost,No SMOTE,0,0,0.2010720391108761
AdaBoost,No SMOTE,0,0,0.14895992415852724
AdaBoost,No SMOTE,0,0,0.1744311028445886
AdaBoost,No SMOTE,0,0,0.1744311028445886
AdaBoost,No SMOTE,0,0,0.14895992415852724
AdaBoost,No SMOTE,0,0,0.17726965587952628
AdaBoost,No SMOTE,0,0,0.19003443635734119
AdaBoost,No SMOTE,0,0,0.1744311028445886
AdaBoost,No SMOTE,0,0,0.17726965587952628
AdaBoost,No SMOTE,0,0,0.22493649393812828
AdaBoost,No SMOTE,0,0,0.17726965587952628
AdaBoost,No SMOTE,0,0,0.21607329118820193
AdaBoost,No SMOTE,0,0,0.22493649393812828
AdaBoost,No SMOTE,0,0,0.16895403564617684
AdaBoost,No SMOTE,0,0,0.17726965587952628
AdaBoost,No SMOTE,0,0,0.22493649393812828
AdaBoost,No SMOTE,0,0,0.1689822365998279
AdaBoost,No SMOTE,0,0,0.22493649393812828
AdaBoost,No SMOTE,0,0,0.1689822365998279
AdaBoost,No SMOTE,0,0,0.17726965587952628
AdaBoost,No SMOTE,0,0,0.191758796857404
AdaBoost,No SMOTE,0,0,0.17726965587952628
AdaBoost,No SMOTE,0,0,0.16342013312650427
AdaBoost,No SMOTE,0,0,0.2193403423397052
AdaBoost,No SMOTE,0,0,0.1689822365998279
AdaBoost,No SMOTE,0,0,0.22017433581447826
AdaBoost,No SMOTE,0,0,0.17726965587952628
AdaBoost,No SMOTE,0,0,0.1744311028445886
AdaBoost,No SMOTE,0,0,0.17726965587952628
AdaBoost,No SMOTE,0,0,0.17726965587952628
AdaBoost,No SMOTE,0,0,0.1431363477165842
AdaBoost,No SMOTE,0,0,0.1744311028445886
AdaBoost,No SMOTE,0,0,0.22843520662470906
AdaBoost,No SMOTE,0,0,0.1744311028445886
AdaBoost,No SMOTE,0,0,0.1744311028445886
AdaBoost,No SMOTE,0,0,0.17726965587952628
AdaBoost,No SMOTE,0,0,0.1744311028445886
AdaBoost,No SMOTE,0,0,0.1744311028445886
AdaBoost,No SMOTE,0,0,0.13586401457059089
AdaBoost,No SMOTE,0,0,0.1744311028445886
AdaBoost,No SMOTE,0,0,0.17726965587952628
AdaBoost,No SMOTE,0,0,0.17726965587952628
AdaBoost,No SMOTE,0,0,0.1431423024436669
AdaBoost,No SMOTE,0,0,0.1744311028445886
AdaBoost,No SMOTE,0,0,0.1719470769852437
AdaBoost,No SMOTE,0,0,0.1689822365998279
AdaBoost,No SMOTE,0,0,0.1689822365998279
AdaBoost,No SMOTE,0,0,0.1744311028445886
AdaBoost,No SMOTE,0,0,0.13019713023369225
AdaBoost,No SMOTE,0,0,0.22493649393812828
AdaBoost,No SMOTE,0,0,0.17726965587952628
AdaBoost,No SMOTE,0,0,0.1744311028445886
AdaBoost,No SMOTE,0,0,0.1689822365998279
AdaBoost,No SMOTE,0,0,0.17643129068755622
AdaBoost,No SMOTE,0,0,0.22493649393812828
AdaBoost,No SMOTE,0,0,0.1689822365998279
AdaBoost,No SMOTE,0,0,0.25081468689261593
AdaBoost,No SMOTE,0,0,0.16342013312650427
AdaBoost,No SMOTE,0,0,0.13019713023369225
AdaBoost,No SMOTE,0,0,0.17726965587952628
AdaBoost,No SMOTE,0,0,0.1744311028445886
AdaBoost,No SMOTE,0,0,0.1744311028445886
AdaBoost,No SMOTE,0,0,0.17726965587952628
AdaBoost,No SMOTE,0,0,0.13019713023369225
AdaBoost,No SMOTE,0,0,0.17726965587952628
AdaBoost,No SMOTE,0,0,0.1744311028445886
AdaBoost,No SMOTE,0,0,0.14895992415852724
AdaBoost,No SMOTE,0,0,0.17726965587952628
AdaBoost,No SMOTE,0,0,0.17726965587952628
AdaBoost,No SMOTE,0,0,0.1689822365998279
AdaBoost,No SMOTE,0,0,0.1689822365998279
AdaBoost,No SMOTE,0,0,0.22493649393812828
AdaBoost,No SMOTE,0,0,0.13019713023369225
AdaBoost,No SMOTE,0,0,0.1689822365998279
AdaBoost,No SMOTE,0,0,0.18496367037446623
AdaBoost,No SMOTE,0,0,0.14895992415852724
AdaBoost,No SMOTE,0,0,0.1744311028445886
AdaBoost,No SMOTE,0,0,0.1744311028445886
AdaBoost,No SMOTE,0,0,0.1689822365998279
AdaBoost,No SMOTE,0,0,0.2193403423397052
AdaBoost,No SMOTE,0,0,0.21573524134425506
AdaBoost,No SMOTE,0,0,0.17726965587952628
AdaBoost,No SMOTE,0,0,0.13586401457059089
AdaBoost,No SMOTE,0,0,0.1689822365998279
AdaBoost,No SMOTE,0,0,0.16867357177983938
AdaBoost,No SMOTE,0,0,0.17726965587952628
AdaBoost,No SMOTE,0,0,0.16618389338377842
AdaBoost,No SMOTE,0,0,0.1689822365998279
AdaBoost,No SMOTE,0,0,0.14895992415852724
AdaBoost,No SMOTE,0,0,0.17726965587952628
AdaBoost,No SMOTE,0,0,0.16618389338377842
AdaBoost,No SMOTE,0,0,0.22493649393812828
AdaBoost,No SMOTE,0,0,0.1744311028445886
AdaBoost,No SMOTE,0,0,0.16342013312650427
AdaBoost,No SMOTE,0,0,0.17726965587952628
AdaBoost,No SMOTE,0,0,0.17726965587952628
AdaBoost,No SMOTE,0,0,0.17726965587952628
AdaBoost,No SMOTE,0,0,0.1744311028445886
AdaBoost,No SMOTE,0,0,0.17043552930931818
AdaBoost,No SMOTE,0,0,0.22493649393812828
AdaBoost,No SMOTE,0,0,0.1689822365998279
AdaBoost,No SMOTE,0,0,0.16342013312650427
AdaBoost,No SMOTE,0,0,0.13586401457059089
AdaBoost,No SMOTE,0,0,0.18800989342479768
AdaBoost,No SMOTE,0,0,0.21607329118820193
AdaBoost,No SMOTE,0,0,0.17726965587952628
AdaBoost,No SMOTE,0,0,0.13019713023369225
AdaBoost,No SMOTE,0,0,0.1431423024436669
AdaBoost,No SMOTE,0,0,0.21607329118820193
AdaBoost,No SMOTE,0,0,0.16342013312650427
AdaBoost,No SMOTE,0,0,0.1719470769852437
AdaBoost,No SMOTE,0,0,0.14895992415852724
AdaBoost,No SMOTE,0,0,0.1689822365998279
AdaBoost,No SMOTE,0,0,0.13586401457059089
AdaBoost,No SMOTE,0,0,0.14895992415852724
AdaBoost,No SMOTE,0,0,0.21607329118820193
AdaBoost,No SMOTE,0,0,0.1744311028445886
AdaBoost,No SMOTE,0,0,0.1744311028445886
AdaBoost,No SMOTE,0,0,0.17726965587952628
AdaBoost,No SMOTE,0,0,0.1689822365998279
AdaBoost,No SMOTE,0,0,0.1689822365998279
AdaBoost,No SMOTE,0,0,0.17726965587952628
AdaBoost,No SMOTE,0,0,0.22044238283982498
AdaBoost,No SMOTE,0,0,0.22843520662470906
AdaBoost,No SMOTE,0,0,0.17726965587952628
AdaBoost,No SMOTE,0,0,0.22843520662470906
AdaBoost,No SMOTE,0,0,0.1744311028445886
AdaBoost,No SMOTE,0,0,0.18800989342479768
AdaBoost,No SMOTE,0,0,0.14895992415852724
AdaBoost,No SMOTE,0,0,0.17726965587952628
AdaBoost,No SMOTE,0,0,0.14895992415852724
AdaBoost,No SMOTE,0,0,0.18800989342479768
AdaBoost,No SMOTE,0,0,0.22493649393812828
AdaBoost,No SMOTE,0,0,0.1744311028445886
AdaBoost,No SMOTE,0,0,0.13586401457059089
AdaBoost,No SMOTE,0,0,0.18496367037446623
AdaBoost,No SMOTE,0,0,0.21607329118820193
AdaBoost,No SMOTE,0,0,0.22493649393812828
AdaBoost,No SMOTE,0,0,0.1744311028445886
AdaBoost,No SMOTE,0,0,0.1689822365998279
AdaBoost,No SMOTE,0,0,0.1689822365998279
AdaBoost,No SMOTE,0,0,0.17726965587952628
AdaBoost,No SMOTE,0,0,0.16203849466010875
AdaBoost,No SMOTE,0,0,0.17726965587952628
AdaBoost,No SMOTE,0,0,0.17726965587952628
AdaBoost,No SMOTE,0,0,0.1744311028445886
AdaBoost,No SMOTE,0,0,0.1689822365998279
AdaBoost,No SMOTE,0,0,0.16618389338377842
AdaBoost,No SMOTE,0,0,0.1689822365998279
AdaBoost,No SMOTE,0,0,0.1744311028445886
AdaBoost,No SMOTE,0,0,0.1744311028445886
AdaBoost,No SMOTE,0,0,0.1431363477165842
AdaBoost,No SMOTE,0,0,0.1719470769852437
AdaBoost,No SMOTE,0,0,0.16203849466010875
AdaBoost,No SMOTE,0,0,0.13019713023369225
AdaBoost,No SMOTE,0,0,0.16342013312650427
AdaBoost,No SMOTE,0,0,0.1744311028445886
AdaBoost,No SMOTE,0,0,0.1744311028445886
AdaBoost,No SMOTE,0,0,0.1744311028445886
AdaBoost,No SMOTE,0,0,0.1744311028445886
AdaBoost,No SMOTE,0,0,0.1689822365998279
AdaBoost,No SMOTE,0,0,0.1689822365998279
AdaBoost,No SMOTE,0,0,0.1719470769852437
AdaBoost,No SMOTE,0,0,0.17726965587952628
AdaBoost,No SMOTE,0,0,0.22493649393812828
AdaBoost,No SMOTE,0,0,0.14895992415852724
AdaBoost,No SMOTE,0,0,0.17726965587952628
AdaBoost,No SMOTE,0,0,0.1744311028445886
AdaBoost,No SMOTE,0,0,0.14895992415852724
AdaBoost,No SMOTE,0,0,0.21607329118820193
AdaBoost,No SMOTE,0,0,0.1689822365998279
AdaBoost,No SMOTE,0,0,0.1456228192075175
AdaBoost,No SMOTE,0,0,0.1744311028445886
AdaBoost,No SMOTE,0,0,0.17726965587952628
AdaBoost,No SMOTE,0,0,0.18800989342479768
AdaBoost,No SMOTE,0,0,0.191758796857404
AdaBoost,No SMOTE,0,0,0.21607329118820193
AdaBoost,No SMOTE,0,0,0.18800989342479768
AdaBoost,No SMOTE,0,0,0.21607329118820193
AdaBoost,No SMOTE,0,0,0.1744311028445886
AdaBoost,No SMOTE,0,0,0.14895992415852724
AdaBoost,No SMOTE,0,0,0.17726965587952628
AdaBoost,No SMOTE,0,0,0.1689822365998279
AdaBoost,No SMOTE,0,0,0.16618389338377842
AdaBoost,No SMOTE,0,0,0.17726965587952628
AdaBoost,No SMOTE,0,0,0.11920292202211763
AdaBoost,No SMOTE,0,0,0.17726965587952628
AdaBoost,No SMOTE,0,0,0.13019713023369225
AdaBoost,No SMOTE,0,0,0.205659675438033
AdaBoost,No SMOTE,0,0,0.14895992415852724
AdaBoost,No SMOTE,0,0,0.1744311028445886
AdaBoost,No SMOTE,0,0,0.13586401457059089
AdaBoost,No SMOTE,0,0,0.1431363477165842
AdaBoost,No SMOTE,0,0,0.16618389338377842
AdaBoost,No SMOTE,0,0,0.1744311028445886
AdaBoost,No SMOTE,0,0,0.17726965587952628
AdaBoost,No SMOTE,0,0,0.1744311028445886
AdaBoost,No SMOTE,0,0,0.1834398302155229
AdaBoost,No SMOTE,0,0,0.1744311028445886
AdaBoost,No SMOTE,0,0,0.22493649393812828
AdaBoost,No SMOTE,0,0,0.2193403423397052
AdaBoost,No SMOTE,0,0,0.18800989342479768
AdaBoost,No SMOTE,0,0,0.1744311028445886
AdaBoost,No SMOTE,0,0,0.13019713023369225
AdaBoost,No SMOTE,0,0,0.22843520662470906
AdaBoost,No SMOTE,0,0,0.16618389338377842
AdaBoost,No SMOTE,0,0,0.17726965587952628
AdaBoost,No SMOTE,0,0,0.16618389338377842
AdaBoost,No SMOTE,0,0,0.1719470769852437
AdaBoost,No SMOTE,0,0,0.11920292202211763
AdaBoost,No SMOTE,0,0,0.1689822365998279
AdaBoost,No SMOTE,0,0,0.1689822365998279
AdaBoost,No SMOTE,0,0,0.1744311028445886
AdaBoost,No SMOTE,0,0,0.1689822365998279
AdaBoost,No SMOTE,0,0,0.21607329118820193
AdaBoost,No SMOTE,0,0,0.1431423024436669
AdaBoost,No SMOTE,0,0,0.17726965587952628
AdaBoost,No SMOTE,0,0,0.1689822365998279
AdaBoost,No SMOTE,0,0,0.16342013312650427
AdaBoost,No SMOTE,0,0,0.14895992415852724
AdaBoost,No SMOTE,0,0,0.17726965587952628
AdaBoost,No SMOTE,0,0,0.1744311028445886
AdaBoost,No SMOTE,0,0,0.14895992415852724
AdaBoost,No SMOTE,0,0,0.13019713023369225
AdaBoost,No SMOTE,0,0,0.19805707668831612
AdaBoost,No SMOTE,0,0,0.11920292202211763
AdaBoost,No SMOTE,0,0,0.14895992415852724
AdaBoost,No SMOTE,0,0,0.18800989342479768
AdaBoost,No SMOTE,0,0,0.1689822365998279
AdaBoost,No SMOTE,0,0,0.17726965587952628
AdaBoost,No SMOTE,0,0,0.17726965587952628
AdaBoost,No SMOTE,0,0,0.2711112187846615
AdaBoost,No SMOTE,0,0,0.16618389338377842
AdaBoost,No SMOTE,0,0,0.18800989342479768
AdaBoost,No SMOTE,0,0,0.1431423024436669
AdaBoost,No SMOTE,0,0,0.1689822365998279
AdaBoost,No SMOTE,0,0,0.17726965587952628
AdaBoost,No SMOTE,0,0,0.17726965587952628
AdaBoost,No SMOTE,0,0,0.1744311028445886
AdaBoost,No SMOTE,0,0,0.22493649393812828
AdaBoost,No SMOTE,0,0,0.1689822365998279
AdaBoost,No SMOTE,0,0,0.11920292202211763
AdaBoost,No SMOTE,0,0,0.1744311028445886
AdaBoost,No SMOTE,0,0,0.13019713023369225
AdaBoost,No SMOTE,0,0,0.13019713023369225
AdaBoost,No SMOTE,0,0,0.22017433581447826
AdaBoost,No SMOTE,0,0,0.2193403423397052
AdaBoost,No SMOTE,0,0,0.22493649393812828
AdaBoost,No SMOTE,0,0,0.1689822365998279
AdaBoost,No SMOTE,0,0,0.1689822365998279
AdaBoost,No SMOTE,0,0,0.18800989342479768
AdaBoost,No SMOTE,0,0,0.18800989342479768
AdaBoost,No SMOTE,0,0,0.13019713023369225
AdaBoost,No SMOTE,0,0,0.22493649393812828
AdaBoost,No SMOTE,0,0,0.13586401457059089
AdaBoost,No SMOTE,0,0,0.1744311028445886
AdaBoost,No SMOTE,0,0,0.1744311028445886
AdaBoost,No SMOTE,0,0,0.1689822365998279
AdaBoost,No SMOTE,0,0,0.1744311028445886
AdaBoost,No SMOTE,0,0,0.1744311028445886
AdaBoost,No SMOTE,0,0,0.16203849466010875
AdaBoost,No SMOTE,0,0,0.22044238283982498
AdaBoost,No SMOTE,0,0,0.1744311028445886
AdaBoost,No SMOTE,0,0,0.1744311028445886
AdaBoost,No SMOTE,0,0,0.11920292202211763
AdaBoost,No SMOTE,0,0,0.1719470769852437
AdaBoost,No SMOTE,0,0,0.17726965587952628
AdaBoost,No SMOTE,0,0,0.1689822365998279
AdaBoost,No SMOTE,0,0,0.16203849466010875
AdaBoost,No SMOTE,0,0,0.13019713023369225
AdaBoost,No SMOTE,0,0,0.1689822365998279
AdaBoost,No SMOTE,0,0,0.17726965587952628
AdaBoost,No SMOTE,0,0,0.1744311028445886
AdaBoost,No SMOTE,0,0,0.16895403564617684
AdaBoost,No SMOTE,0,0,0.17726965587952628
AdaBoost,No SMOTE,0,0,0.2193403423397052
AdaBoost,No SMOTE,0,0,0.13586401457059089
AdaBoost,No SMOTE,0,0,0.1744311028445886
AdaBoost,No SMOTE,0,0,0.17726965587952628
AdaBoost,No SMOTE,0,0,0.1689822365998279
AdaBoost,No SMOTE,0,0,0.1744311028445886
AdaBoost,No SMOTE,0,0,0.16342013312650427
AdaBoost,No SMOTE,0,0,0.1744311028445886
AdaBoost,No SMOTE,0,0,0.17726965587952628
AdaBoost,No SMOTE,0,0,0.16618389338377842
AdaBoost,No SMOTE,0,0,0.17726965587952628
AdaBoost,No SMOTE,0,0,0.13586401457059089
AdaBoost,No SMOTE,0,0,0.1744311028445886
AdaBoost,No SMOTE,0,0,0.13586401457059089
AdaBoost,No SMOTE,0,0,0.1744311028445886
AdaBoost,No SMOTE,0,0,0.1689822365998279
AdaBoost,No SMOTE,0,0,0.1689822365998279
AdaBoost,No SMOTE,0,0,0.13019713023369225
AdaBoost,No SMOTE,0,0,0.1689822365998279
AdaBoost,No SMOTE,0,0,0.1689822365998279
AdaBoost,No SMOTE,0,0,0.205659675438033
AdaBoost,No SMOTE,0,0,0.14895992415852724
AdaBoost,No SMOTE,0,0,0.1744311028445886
AdaBoost,No SMOTE,0,0,0.17726965587952628
AdaBoost,No SMOTE,0,0,0.17726965587952628
AdaBoost,No SMOTE,0,0,0.1689822365998279
AdaBoost,No SMOTE,0,0,0.13586401457059089
AdaBoost,No SMOTE,0,0,0.2228277728066096
AdaBoost,No SMOTE,0,0,0.16618389338377842
AdaBoost,No SMOTE,0,0,0.1689822365998279
AdaBoost,No SMOTE,0,0,0.14895992415852724
AdaBoost,No SMOTE,0,0,0.17726965587952628
AdaBoost,No SMOTE,0,0,0.1931443810264556
AdaBoost,No SMOTE,0,0,0.21607329118820193
AdaBoost,No SMOTE,0,0,0.1689822365998279
AdaBoost,No SMOTE,0,0,0.22493649393812828
AdaBoost,No SMOTE,0,0,0.1689822365998279
AdaBoost,No SMOTE,0,0,0.1744311028445886
AdaBoost,No SMOTE,0,0,0.18800989342479768
AdaBoost,No SMOTE,0,0,0.17726965587952628
AdaBoost,No SMOTE,0,0,0.1744311028445886
AdaBoost,No SMOTE,0,0,0.17726965587952628
AdaBoost,No SMOTE,0,0,0.21607329118820193
AdaBoost,No SMOTE,0,0,0.191758796857404
AdaBoost,No SMOTE,0,0,0.1689822365998279
AdaBoost,No SMOTE,0,0,0.1998789329879396
AdaBoost,No SMOTE,0,0,0.1744311028445886
AdaBoost,No SMOTE,0,0,0.1689822365998279
AdaBoost,No SMOTE,0,0,0.22493649393812828
AdaBoost,No SMOTE,0,0,0.1689822365998279
AdaBoost,No SMOTE,0,0,0.16342013312650427
AdaBoost,No SMOTE,0,0,0.17726965587952628
AdaBoost,No SMOTE,0,0,0.1744311028445886
AdaBoost,No SMOTE,0,0,0.17726965587952628
AdaBoost,No SMOTE,0,0,0.1689822365998279
AdaBoost,No SMOTE,0,0,0.1689822365998279
AdaBoost,No SMOTE,0,0,0.13019713023369225
AdaBoost,No SMOTE,0,0,0.1689822365998279
AdaBoost,No SMOTE,0,0,0.17726965587952628
AdaBoost,No SMOTE,0,0,0.17726965587952628
AdaBoost,No SMOTE,0,0,0.14895992415852724
AdaBoost,No SMOTE,0,0,0.1744311028445886
AdaBoost,No SMOTE,0,0,0.1744311028445886
AdaBoost,No SMOTE,0,0,0.14895992415852724
AdaBoost,No SMOTE,0,0,0.1431363477165842
AdaBoost,No SMOTE,0,0,0.1431423024436669
AdaBoost,No SMOTE,0,0,0.17726965587952628
AdaBoost,No SMOTE,0,0,0.1744311028445886
AdaBoost,No SMOTE,0,0,0.1744311028445886
AdaBoost,No SMOTE,0,0,0.2193403423397052
AdaBoost,No SMOTE,0,0,0.205659675438033
AdaBoost,No SMOTE,0,0,0.1689822365998279
AdaBoost,No SMOTE,0,0,0.1744311028445886
AdaBoost,No SMOTE,0,0,0.1689822365998279
AdaBoost,No SMOTE,0,0,0.2193403423397052
AdaBoost,No SMOTE,0,0,0.1689822365998279
AdaBoost,No SMOTE,0,0,0.1719470769852437
AdaBoost,No SMOTE,0,0,0.13586401457059089
AdaBoost,No SMOTE,0,0,0.1744311028445886
AdaBoost,No SMOTE,0,0,0.1744311028445886
AdaBoost,No SMOTE,0,0,0.1744311028445886
AdaBoost,No SMOTE,0,0,0.1719470769852437
AdaBoost,No SMOTE,0,0,0.16342013312650427
AdaBoost,No SMOTE,0,0,0.1689822365998279
AdaBoost,No SMOTE,0,0,0.18496367037446623
AdaBoost,No SMOTE,0,0,0.17726965587952628
AdaBoost,No SMOTE,0,0,0.17726965587952628
AdaBoost,No SMOTE,0,0,0.1719470769852437
AdaBoost,No SMOTE,0,0,0.1689822365998279
AdaBoost,No SMOTE,0,0,0.17726965587952628
AdaBoost,No SMOTE,0,0,0.1431423024436669
AdaBoost,No SMOTE,0,0,0.13019713023369225
AdaBoost,No SMOTE,0,0,0.1689822365998279
AdaBoost,No SMOTE,0,0,0.1689822365998279
AdaBoost,No SMOTE,0,0,0.14895992415852724
AdaBoost,No SMOTE,0,0,0.14895992415852724
AdaBoost,No SMOTE,0,0,0.22493649393812828
AdaBoost,No SMOTE,0,0,0.1689822365998279
AdaBoost,No SMOTE,0,0,0.14895992415852724
AdaBoost,No SMOTE,0,0,0.2193403423397052
AdaBoost,No SMOTE,0,0,0.17726965587952628
AdaBoost,No SMOTE,0,0,0.22843520662470906
AdaBoost,No SMOTE,0,0,0.2193403423397052
AdaBoost,No SMOTE,0,0,0.16895403564617684
AdaBoost,No SMOTE,0,0,0.17726965587952628
AdaBoost,No SMOTE,0,0,0.22493649393812828
AdaBoost,No SMOTE,0,0,0.17726965587952628
AdaBoost,No SMOTE,0,0,0.17726965587952628
AdaBoost,No SMOTE,0,0,0.1744311028445886
AdaBoost,No SMOTE,0,0,0.14895992415852724
AdaBoost,No SMOTE,0,0,0.19003443635734119
AdaBoost,No SMOTE,0,0,0.11920292202211763
AdaBoost,No SMOTE,0,0,0.22493649393812828
AdaBoost,No SMOTE,0,0,0.22493649393812828
AdaBoost,No SMOTE,0,0,0.22493649393812828
AdaBoost,No SMOTE,0,0,0.1689822365998279
AdaBoost,No SMOTE,0,0,0.17726965587952628
AdaBoost,No SMOTE,0,0,0.13586401457059089
AdaBoost,No SMOTE,0,0,0.14895992415852724
AdaBoost,No SMOTE,0,0,0.17643129068755622
AdaBoost,No SMOTE,0,0,0.17726965587952628
AdaBoost,No SMOTE,0,0,0.1689822365998279
AdaBoost,No SMOTE,0,0,0.2193403423397052
AdaBoost,No SMOTE,0,0,0.1689822365998279
AdaBoost,No SMOTE,0,0,0.1431423024436669
AdaBoost,No SMOTE,0,0,0.1689822365998279
AdaBoost,No SMOTE,0,0,0.191758796857404
AdaBoost,No SMOTE,0,0,0.1744311028445886
AdaBoost,No SMOTE,0,0,0.13019713023369225
AdaBoost,No SMOTE,0,0,0.1744311028445886
AdaBoost,No SMOTE,0,0,0.1744311028445886
AdaBoost,No SMOTE,0,0,0.1689822365998279
AdaBoost,No SMOTE,0,0,0.17726965587952628
AdaBoost,No SMOTE,0,0,0.17726965587952628
AdaBoost,No SMOTE,0,0,0.1689822365998279
AdaBoost,No SMOTE,0,0,0.13586401457059089
AdaBoost,No SMOTE,0,0,0.18496367037446623
AdaBoost,No SMOTE,0,0,0.1744311028445886
AdaBoost,No SMOTE,0,0,0.1689822365998279
AdaBoost,No SMOTE,0,0,0.1744311028445886
AdaBoost,No SMOTE,0,0,0.22493649393812828
AdaBoost,No SMOTE,0,0,0.1689822365998279
AdaBoost,No SMOTE,0,0,0.22493649393812828
AdaBoost,No SMOTE,0,0,0.22493649393812828
AdaBoost,No SMOTE,0,0,0.20002774141121915
AdaBoost,No SMOTE,0,0,0.17726965587952628
AdaBoost,No SMOTE,0,0,0.17726965587952628
AdaBoost,No SMOTE,0,0,0.16618389338377842
AdaBoost,No SMOTE,0,0,0.18496367037446623
AdaBoost,No SMOTE,0,0,0.13586401457059089
AdaBoost,No SMOTE,0,0,0.1689822365998279
AdaBoost,No SMOTE,0,0,0.1744311028445886
AdaBoost,No SMOTE,0,0,0.2193403423397052
AdaBoost,No SMOTE,0,0,0.1689822365998279
AdaBoost,No SMOTE,0,0,0.16203849466010875
AdaBoost,No SMOTE,0,0,0.14895992415852724
AdaBoost,No SMOTE,0,0,0.17643129068755622
AdaBoost,No SMOTE,0,0,0.1719470769852437
AdaBoost,No SMOTE,0,0,0.17726965587952628
AdaBoost,No SMOTE,0,0,0.1744311028445886
AdaBoost,No SMOTE,0,0,0.1689822365998279
AdaBoost,No SMOTE,0,0,0.17726965587952628
AdaBoost,No SMOTE,0,0,0.11920292202211763
AdaBoost,No SMOTE,0,0,0.17726965587952628
AdaBoost,No SMOTE,0,0,0.16618389338377842
AdaBoost,No SMOTE,0,0,0.1689822365998279
AdaBoost,No SMOTE,0,0,0.17726965587952628
AdaBoost,No SMOTE,0,0,0.20002774141121915
AdaBoost,No SMOTE,0,0,0.1744311028445886
AdaBoost,No SMOTE,0,0,0.16203849466010875
AdaBoost,No SMOTE,0,0,0.21607329118820193
AdaBoost,No SMOTE,0,0,0.22843520662470906
AdaBoost,No SMOTE,0,0,0.13586401457059089
AdaBoost,No SMOTE,0,0,0.1719470769852437
AdaBoost,No SMOTE,0,0,0.18800989342479768
AdaBoost,No SMOTE,0,0,0.17726965587952628
AdaBoost,No SMOTE,0,0,0.1744311028445886
AdaBoost,No SMOTE,0,0,0.17726965587952628
AdaBoost,No SMOTE,0,0,0.17726965587952628
AdaBoost,No SMOTE,0,0,0.1744311028445886
AdaBoost,No SMOTE,0,0,0.13019713023369225
AdaBoost,No SMOTE,0,0,0.22176486665410824
AdaBoost,No SMOTE,0,0,0.1744311028445886
AdaBoost,No SMOTE,0,0,0.1744311028445886
AdaBoost,No SMOTE,0,0,0.1744311028445886
AdaBoost,No SMOTE,0,0,0.1744311028445886
AdaBoost,No SMOTE,0,0,0.17726965587952628
AdaBoost,No SMOTE,0,0,0.17726965587952628
AdaBoost,No SMOTE,0,0,0.1689822365998279
AdaBoost,No SMOTE,0,0,0.1689822365998279
AdaBoost,No SMOTE,0,0,0.21928751511544514
AdaBoost,No SMOTE,0,0,0.21607329118820193
AdaBoost,No SMOTE,0,0,0.13586401457059089
AdaBoost,No SMOTE,0,0,0.21607329118820193
AdaBoost,No SMOTE,0,0,0.1431363477165842
AdaBoost,No SMOTE,0,0,0.13019713023369225
AdaBoost,No SMOTE,0,0,0.17043552930931818
AdaBoost,No SMOTE,0,0,0.14895992415852724
AdaBoost,No SMOTE,0,0,0.17643129068755622
AdaBoost,No SMOTE,0,0,0.21607329118820193
AdaBoost,No SMOTE,0,0,0.17726965587952628
AdaBoost,No SMOTE,0,0,0.1744311028445886
AdaBoost,No SMOTE,0,0,0.1931443810264556
AdaBoost,No SMOTE,0,0,0.17726965587952628
AdaBoost,No SMOTE,0,0,0.1744311028445886
AdaBoost,No SMOTE,0,0,0.17726965587952628
AdaBoost,No SMOTE,0,0,0.1744311028445886
AdaBoost,No SMOTE,0,0,0.17726965587952628
AdaBoost,No SMOTE,0,0,0.1689822365998279
AdaBoost,No SMOTE,0,0,0.1744311028445886
AdaBoost,No SMOTE,0,0,0.1689822365998279
AdaBoost,No SMOTE,0,0,0.1689822365998279
AdaBoost,No SMOTE,0,0,0.22255765333999847
AdaBoost,No SMOTE,0,0,0.21607329118820193
AdaBoost,No SMOTE,0,0,0.16618389338377842
AdaBoost,No SMOTE,0,0,0.17726965587952628
AdaBoost,No SMOTE,0,0,0.20002774141121915
AdaBoost,No SMOTE,0,0,0.17726965587952628
AdaBoost,No SMOTE,0,0,0.1689822365998279
AdaBoost,No SMOTE,0,0,0.2193403423397052
AdaBoost,No SMOTE,0,0,0.16895403564617684
AdaBoost,No SMOTE,0,0,0.13586401457059089
AdaBoost,No SMOTE,0,0,0.11920292202211763
AdaBoost,No SMOTE,0,0,0.1744311028445886
AdaBoost,No SMOTE,0,0,0.17726965587952628
AdaBoost,No SMOTE,0,0,0.1744311028445886
AdaBoost,No SMOTE,0,0,0.1689822365998279
AdaBoost,No SMOTE,0,0,0.1689822365998279
AdaBoost,No SMOTE,0,0,0.1744311028445886
AdaBoost,No SMOTE,0,0,0.20002774141121915
AdaBoost,No SMOTE,0,0,0.21607329118820193
AdaBoost,No SMOTE,0,0,0.14895992415852724
AdaBoost,No SMOTE,0,0,0.21607329118820193
AdaBoost,No SMOTE,0,0,0.1744311028445886
AdaBoost,No SMOTE,0,0,0.1689822365998279
AdaBoost,No SMOTE,0,0,0.1719470769852437
AdaBoost,No SMOTE,0,0,0.22493649393812828
AdaBoost,No SMOTE,0,0,0.17726965587952628
AdaBoost,No SMOTE,0,0,0.14895992415852724
AdaBoost,No SMOTE,0,0,0.16618389338377842
AdaBoost,No SMOTE,0,0,0.17726965587952628
AdaBoost,No SMOTE,0,0,0.17726965587952628
AdaBoost,No SMOTE,0,0,0.1689822365998279
AdaBoost,No SMOTE,0,0,0.1744311028445886
AdaBoost,No SMOTE,0,0,0.17726965587952628
AdaBoost,No SMOTE,0,0,0.17726965587952628
AdaBoost,No SMOTE,0,0,0.13586401457059089
AdaBoost,No SMOTE,0,0,0.1744311028445886
AdaBoost,No SMOTE,0,0,0.1689822365998279
AdaBoost,No SMOTE,0,0,0.191758796857404
AdaBoost,No SMOTE,0,0,0.14895992415852724
AdaBoost,No SMOTE,0,0,0.1689822365998279
AdaBoost,No SMOTE,0,0,0.16618389338377842
AdaBoost,No SMOTE,0,0,0.17726965587952628
AdaBoost,No SMOTE,0,0,0.21607329118820193
AdaBoost,No SMOTE,0,0,0.1431423024436669
AdaBoost,No SMOTE,0,0,0.18496367037446623
AdaBoost,No SMOTE,0,0,0.14895992415852724
AdaBoost,No SMOTE,0,0,0.22493649393812828
AdaBoost,No SMOTE,0,0,0.21607329118820193
AdaBoost,No SMOTE,0,0,0.17726965587952628
AdaBoost,No SMOTE,0,0,0.1456228192075175
AdaBoost,No SMOTE,0,0,0.1744311028445886
AdaBoost,No SMOTE,0,0,0.21607329118820193
AdaBoost,No SMOTE,0,0,0.18496367037446623
AdaBoost,No SMOTE,0,0,0.14895992415852724
AdaBoost,No SMOTE,0,0,0.1744311028445886
AdaBoost,No SMOTE,0,0,0.16618389338377842
AdaBoost,No SMOTE,0,0,0.13019713023369225
AdaBoost,No SMOTE,0,0,0.1689822365998279
AdaBoost,No SMOTE,0,0,0.17182074334119965
AdaBoost,No SMOTE,0,0,0.17726965587952628
AdaBoost,No SMOTE,0,0,0.18800989342479768
AdaBoost,No SMOTE,0,0,0.1744311028445886
AdaBoost,No SMOTE,0,0,0.1689822365998279
AdaBoost,No SMOTE,0,0,0.1689822365998279
AdaBoost,No SMOTE,0,0,0.1744311028445886
AdaBoost,No SMOTE,0,0,0.18800989342479768
AdaBoost,No SMOTE,0,0,0.1744311028445886
AdaBoost,No SMOTE,0,0,0.1689822365998279
AdaBoost,No SMOTE,0,0,0.1689822365998279
AdaBoost,No SMOTE,0,0,0.1719470769852437
AdaBoost,No SMOTE,0,0,0.17726965587952628
AdaBoost,No SMOTE,0,0,0.17182074334119965
AdaBoost,No SMOTE,0,0,0.16618389338377842
AdaBoost,No SMOTE,0,0,0.1689822365998279
AdaBoost,No SMOTE,0,0,0.1689822365998279
AdaBoost,No SMOTE,0,0,0.1689822365998279
AdaBoost,No SMOTE,0,0,0.16342013312650427
AdaBoost,No SMOTE,0,0,0.1744311028445886
AdaBoost,No SMOTE,0,0,0.22503945156210842
AdaBoost,No SMOTE,0,0,0.21607329118820193
AdaBoost,No SMOTE,0,0,0.191758796857404
AdaBoost,No SMOTE,0,0,0.22493649393812828
AdaBoost,No SMOTE,0,0,0.18496367037446623
AdaBoost,No SMOTE,0,0,0.13019713023369225
AdaBoost,No SMOTE,0,0,0.16342013312650427
AdaBoost,No SMOTE,0,0,0.18496367037446623
AdaBoost,No SMOTE,0,0,0.16618389338377842
AdaBoost,No SMOTE,0,0,0.17726965587952628
AdaBoost,No SMOTE,0,0,0.14895992415852724
AdaBoost,No SMOTE,0,0,0.13019713023369225
AdaBoost,No SMOTE,0,0,0.13019713023369225
AdaBoost,No SMOTE,0,0,0.22493649393812828
AdaBoost,No SMOTE,0,0,0.1744311028445886
AdaBoost,No SMOTE,0,0,0.191758796857404
AdaBoost,No SMOTE,0,0,0.18800989342479768
AdaBoost,No SMOTE,0,0,0.1744311028445886
AdaBoost,No SMOTE,0,0,0.13019713023369225
AdaBoost,No SMOTE,0,0,0.1744311028445886
AdaBoost,No SMOTE,0,0,0.1744311028445886
AdaBoost,No SMOTE,0,0,0.2193403423397052
AdaBoost,No SMOTE,0,0,0.14895992415852724
AdaBoost,No SMOTE,0,0,0.1744311028445886
AdaBoost,No SMOTE,0,0,0.26348243932586984
AdaBoost,No SMOTE,0,0,0.16618389338377842
AdaBoost,No SMOTE,0,0,0.13019713023369225
AdaBoost,No SMOTE,0,0,0.17726965587952628
AdaBoost,No SMOTE,0,0,0.1744311028445886
AdaBoost,No SMOTE,0,0,0.17726965587952628
AdaBoost,No SMOTE,0,0,0.22493649393812828
AdaBoost,No SMOTE,0,0,0.2193403423397052
AdaBoost,No SMOTE,0,0,0.22493649393812828
AdaBoost,No SMOTE,0,0,0.13586401457059089
AdaBoost,No SMOTE,0,0,0.1744311028445886
AdaBoost,No SMOTE,0,0,0.1689822365998279
AdaBoost,No SMOTE,0,0,0.22493649393812828
AdaBoost,No SMOTE,0,0,0.22017433581447826
AdaBoost,No SMOTE,0,0,0.1431363477165842
AdaBoost,No SMOTE,0,0,0.1689822365998279
AdaBoost,No SMOTE,0,0,0.1744311028445886
AdaBoost,No SMOTE,0,0,0.17726965587952628
AdaBoost,No SMOTE,0,0,0.1744311028445886
AdaBoost,No SMOTE,0,0,0.17726965587952628
AdaBoost,No SMOTE,0,0,0.17726965587952628
AdaBoost,No SMOTE,0,0,0.17182074334119965
AdaBoost,No SMOTE,0,0,0.14895992415852724
AdaBoost,No SMOTE,0,0,0.17726965587952628
AdaBoost,No SMOTE,0,0,0.17726965587952628
AdaBoost,No SMOTE,0,0,0.21607329118820193
AdaBoost,No SMOTE,0,0,0.16867357177983938
AdaBoost,No SMOTE,0,0,0.14895992415852724
AdaBoost,No SMOTE,0,0,0.17726965587952628
AdaBoost,No SMOTE,0,0,0.14895992415852724
AdaBoost,No SMOTE,0,0,0.1744311028445886
AdaBoost,No SMOTE,0,0,0.1689822365998279
AdaBoost,No SMOTE,0,0,0.18800989342479768
AdaBoost,No SMOTE,0,0,0.16342013312650427
AdaBoost,No SMOTE,0,0,0.13019713023369225
AdaBoost,No SMOTE,0,0,0.17726965587952628
AdaBoost,No SMOTE,0,0,0.1689822365998279
AdaBoost,No SMOTE,0,0,0.1689822365998279
AdaBoost,No SMOTE,0,0,0.17726965587952628
AdaBoost,No SMOTE,0,0,0.17726965587952628
AdaBoost,No SMOTE,0,0,0.1744311028445886
AdaBoost,No SMOTE,0,0,0.13019713023369225
AdaBoost,No SMOTE,1,1,0.7725450335225054
AdaBoost,No SMOTE,0,0,0.16342013312650427
AdaBoost,No SMOTE,0,0,0.1744311028445886
AdaBoost,No SMOTE,0,0,0.17043552930931818
AdaBoost,No SMOTE,0,0,0.225942801680166
AdaBoost,No SMOTE,0,0,0.17726965587952628
AdaBoost,No SMOTE,0,0,0.1689822365998279
AdaBoost,No SMOTE,0,0,0.1744311028445886
AdaBoost,No SMOTE,0,0,0.17726965587952628
AdaBoost,No SMOTE,0,0,0.17726965587952628
AdaBoost,No SMOTE,0,0,0.1744311028445886
AdaBoost,No SMOTE,0,0,0.1817818847462829
AdaBoost,No SMOTE,0,0,0.1689822365998279
AdaBoost,No SMOTE,0,0,0.11920292202211763
AdaBoost,No SMOTE,0,0,0.18800989342479768
AdaBoost,No SMOTE,0,0,0.14895992415852724
AdaBoost,No SMOTE,0,0,0.191758796857404
AdaBoost,No SMOTE,0,0,0.17726965587952628
AdaBoost,No SMOTE,0,0,0.16342013312650427
AdaBoost,No SMOTE,0,0,0.22268145845311788
AdaBoost,No SMOTE,0,0,0.18496367037446623
AdaBoost,No SMOTE,0,0,0.16203849466010875
AdaBoost,No SMOTE,0,0,0.17726965587952628
AdaBoost,No SMOTE,0,0,0.16618389338377842
AdaBoost,No SMOTE,0,0,0.1719470769852437
AdaBoost,No SMOTE,0,0,0.1689822365998279
AdaBoost,No SMOTE,0,0,0.17452323501899744
AdaBoost,No SMOTE,0,0,0.1689822365998279
AdaBoost,No SMOTE,0,0,0.16342013312650427
AdaBoost,No SMOTE,0,0,0.1744311028445886
AdaBoost,No SMOTE,0,0,0.1689822365998279
AdaBoost,No SMOTE,0,0,0.17726965587952628
AdaBoost,No SMOTE,0,0,0.1689822365998279
AdaBoost,No SMOTE,0,0,0.18800989342479768
AdaBoost,No SMOTE,0,0,0.17726965587952628
AdaBoost,No SMOTE,0,0,0.1744311028445886
AdaBoost,No SMOTE,0,0,0.17726965587952628
AdaBoost,No SMOTE,0,0,0.14895992415852724
AdaBoost,No SMOTE,0,0,0.21607329118820193
AdaBoost,No SMOTE,0,0,0.17133680384090874
AdaBoost,No SMOTE,0,0,0.1744311028445886
AdaBoost,No SMOTE,0,0,0.18800989342479768
AdaBoost,No SMOTE,0,0,0.16203849466010875
AdaBoost,No SMOTE,0,0,0.14895992415852724
AdaBoost,No SMOTE,0,0,0.17726965587952628
AdaBoost,No SMOTE,0,0,0.14895992415852724
AdaBoost,No SMOTE,0,0,0.1744311028445886
AdaBoost,No SMOTE,0,0,0.1719470769852437
AdaBoost,No SMOTE,0,0,0.14895992415852724
AdaBoost,No SMOTE,0,0,0.17726965587952628
AdaBoost,No SMOTE,0,0,0.2193403423397052
AdaBoost,No SMOTE,0,0,0.16203849466010875
AdaBoost,No SMOTE,0,0,0.1689822365998279
AdaBoost,No SMOTE,0,0,0.1689822365998279
AdaBoost,No SMOTE,0,0,0.17726965587952628
AdaBoost,No SMOTE,0,0,0.17726965587952628
AdaBoost,No SMOTE,0,0,0.1744311028445886
AdaBoost,No SMOTE,0,0,0.17726965587952628
AdaBoost,No SMOTE,0,0,0.1744311028445886
AdaBoost,No SMOTE,0,0,0.21607329118820193
AdaBoost,No SMOTE,0,0,0.14895992415852724
AdaBoost,No SMOTE,0,0,0.1689822365998279
AdaBoost,No SMOTE,0,0,0.1689822365998279
AdaBoost,No SMOTE,0,0,0.1744311028445886
AdaBoost,No SMOTE,0,0,0.17726965587952628
AdaBoost,No SMOTE,0,0,0.19003443635734119
AdaBoost,No SMOTE,0,0,0.1689822365998279
AdaBoost,No SMOTE,0,0,0.17726965587952628
AdaBoost,No SMOTE,0,0,0.17726965587952628
AdaBoost,No SMOTE,0,0,0.1689822365998279
AdaBoost,No SMOTE,0,0,0.18800989342479768
AdaBoost,No SMOTE,0,0,0.16342013312650427
AdaBoost,No SMOTE,0,0,0.13019713023369225
AdaBoost,No SMOTE,0,0,0.17726965587952628
AdaBoost,No SMOTE,0,0,0.1744311028445886
AdaBoost,No SMOTE,0,0,0.17726965587952628
AdaBoost,No SMOTE,0,0,0.16618389338377842
AdaBoost,No SMOTE,0,0,0.1689822365998279
AdaBoost,No SMOTE,0,0,0.1689822365998279
AdaBoost,No SMOTE,0,0,0.1744311028445886
AdaBoost,No SMOTE,0,0,0.1689822365998279
AdaBoost,No SMOTE,0,0,0.2547751181527878
AdaBoost,No SMOTE,0,0,0.22017433581447826
AdaBoost,No SMOTE,0,0,0.13019713023369225
AdaBoost,No SMOTE,0,0,0.17726965587952628
AdaBoost,No SMOTE,0,0,0.22493649393812828
AdaBoost,No SMOTE,0,0,0.2193403423397052
AdaBoost,No SMOTE,0,0,0.1689822365998279
AdaBoost,No SMOTE,0,0,0.16342013312650427
AdaBoost,No SMOTE,0,0,0.22843520662470906
AdaBoost,No SMOTE,0,0,0.1689822365998279
AdaBoost,No SMOTE,0,0,0.1744311028445886
AdaBoost,No SMOTE,0,0,0.1689822365998279
AdaBoost,No SMOTE,0,0,0.1744311028445886
AdaBoost,No SMOTE,0,0,0.17182074334119965
AdaBoost,No SMOTE,0,0,0.1744311028445886
AdaBoost,No SMOTE,0,0,0.1689822365998279
AdaBoost,No SMOTE,0,0,0.17726965587952628
AdaBoost,No SMOTE,0,0,0.1431423024436669
AdaBoost,No SMOTE,0,0,0.21607329118820193
AdaBoost,No SMOTE,0,0,0.18496367037446623
AdaBoost,No SMOTE,0,0,0.17726965587952628
AdaBoost,No SMOTE,0,0,0.18496367037446623
AdaBoost,No SMOTE,0,0,0.13586401457059089
AdaBoost,No SMOTE,0,0,0.1456228192075175
AdaBoost,No SMOTE,0,0,0.22493649393812828
AdaBoost,No SMOTE,0,0,0.17726965587952628
AdaBoost,No SMOTE,0,0,0.1431423024436669
AdaBoost,No SMOTE,0,0,0.1689822365998279
AdaBoost,No SMOTE,0,0,0.1931443810264556
AdaBoost,No SMOTE,0,0,0.13019713023369225
AdaBoost,No SMOTE,0,0,0.1431423024436669
AdaBoost,No SMOTE,0,0,0.1744311028445886
AdaBoost,No SMOTE,0,0,0.17726965587952628
AdaBoost,No SMOTE,0,0,0.1689822365998279
AdaBoost,No SMOTE,0,0,0.1689822365998279
AdaBoost,No SMOTE,0,0,0.1689822365998279
AdaBoost,No SMOTE,0,0,0.14895992415852724
AdaBoost,No SMOTE,0,0,0.1431363477165842
AdaBoost,No SMOTE,0,0,0.17726965587952628
AdaBoost,No SMOTE,0,0,0.13586401457059089
AdaBoost,No SMOTE,0,0,0.1689822365998279
AdaBoost,No SMOTE,0,0,0.13019713023369225
AdaBoost,No SMOTE,0,0,0.1744311028445886
AdaBoost,No SMOTE,0,0,0.263047379598154
AdaBoost,No SMOTE,0,0,0.1689822365998279
AdaBoost,No SMOTE,0,0,0.1744311028445886
AdaBoost,No SMOTE,0,0,0.1689822365998279
AdaBoost,No SMOTE,0,0,0.22493649393812828
AdaBoost,No SMOTE,0,0,0.1744311028445886
AdaBoost,No SMOTE,0,0,0.1744311028445886
AdaBoost,No SMOTE,0,0,0.21607329118820193
AdaBoost,No SMOTE,0,0,0.1744311028445886
AdaBoost,No SMOTE,0,0,0.1689822365998279
AdaBoost,No SMOTE,0,0,0.11920292202211763
AdaBoost,No SMOTE,0,0,0.13586401457059089
AdaBoost,No SMOTE,0,0,0.1689822365998279
AdaBoost,No SMOTE,0,0,0.13019713023369225
AdaBoost,No SMOTE,0,0,0.16895403564617684
AdaBoost,No SMOTE,0,0,0.17726965587952628
AdaBoost,No SMOTE,0,0,0.13019713023369225
AdaBoost,No SMOTE,0,0,0.16618389338377842
AdaBoost,No SMOTE,0,0,0.14895992415852724
AdaBoost,No SMOTE,0,0,0.225942801680166
AdaBoost,No SMOTE,0,0,0.14895992415852724
AdaBoost,No SMOTE,0,0,0.25081468689261593
AdaBoost,No SMOTE,0,0,0.1744311028445886
AdaBoost,No SMOTE,0,0,0.14895992415852724
AdaBoost,No SMOTE,0,0,0.1689822365998279
AdaBoost,No SMOTE,0,0,0.22493649393812828
AdaBoost,No SMOTE,0,0,0.1689822365998279
AdaBoost,No SMOTE,0,0,0.13586401457059089
AdaBoost,No SMOTE,0,0,0.17726965587952628
AdaBoost,No SMOTE,0,0,0.13586401457059089
AdaBoost,No SMOTE,0,0,0.14895992415852724
AdaBoost,No SMOTE,0,0,0.26348243932586984
AdaBoost,No SMOTE,0,0,0.1689822365998279
AdaBoost,No SMOTE,0,0,0.22255765333999847
AdaBoost,No SMOTE,0,0,0.1744311028445886
AdaBoost,No SMOTE,0,0,0.1744311028445886
AdaBoost,No SMOTE,0,0,0.1689822365998279
AdaBoost,No SMOTE,0,0,0.1689822365998279
AdaBoost,No SMOTE,0,0,0.17726965587952628
AdaBoost,No SMOTE,0,0,0.1431423024436669
AdaBoost,No SMOTE,0,0,0.18800989342479768
AdaBoost,No SMOTE,0,0,0.16342013312650427
AdaBoost,No SMOTE,0,0,0.1744311028445886
AdaBoost,No SMOTE,0,0,0.17726965587952628
AdaBoost,No SMOTE,0,0,0.16618389338377842
AdaBoost,No SMOTE,0,0,0.21607329118820193
AdaBoost,No SMOTE,0,0,0.17726965587952628
AdaBoost,No SMOTE,0,0,0.16342013312650427
AdaBoost,No SMOTE,0,0,0.1744311028445886
AdaBoost,No SMOTE,0,0,0.1456228192075175
AdaBoost,No SMOTE,0,0,0.1744311028445886
AdaBoost,No SMOTE,0,0,0.11920292202211763
AdaBoost,No SMOTE,0,0,0.17726965587952628
AdaBoost,No SMOTE,0,0,0.17726965587952628
AdaBoost,No SMOTE,0,0,0.17726965587952628
AdaBoost,No SMOTE,0,0,0.1689822365998279
AdaBoost,No SMOTE,0,0,0.22017433581447826
AdaBoost,No SMOTE,0,0,0.17726965587952628
AdaBoost,No SMOTE,0,0,0.23435506113090693
AdaBoost,No SMOTE,0,0,0.14895992415852724
AdaBoost,No SMOTE,0,0,0.17726965587952628
AdaBoost,No SMOTE,0,0,0.14895992415852724
AdaBoost,No SMOTE,0,0,0.1744311028445886
AdaBoost,No SMOTE,0,0,0.1744311028445886
AdaBoost,No SMOTE,0,0,0.16618389338377842
AdaBoost,No SMOTE,0,0,0.1689822365998279
AdaBoost,No SMOTE,0,0,0.17726965587952628
AdaBoost,No SMOTE,0,0,0.17726965587952628
AdaBoost,No SMOTE,0,0,0.17726965587952628
AdaBoost,No SMOTE,0,0,0.1744311028445886
AdaBoost,No SMOTE,0,0,0.14895992415852724
AdaBoost,No SMOTE,0,0,0.17726965587952628
AdaBoost,No SMOTE,0,0,0.16203849466010875
AdaBoost,No SMOTE,0,0,0.1744311028445886
AdaBoost,No SMOTE,0,0,0.13019713023369225
AdaBoost,No SMOTE,0,0,0.14895992415852724
AdaBoost,No SMOTE,0,0,0.17726965587952628
AdaBoost,No SMOTE,0,0,0.1744311028445886
AdaBoost,No SMOTE,0,0,0.17726965587952628
AdaBoost,No SMOTE,0,0,0.17726965587952628
AdaBoost,No SMOTE,0,0,0.1689822365998279
AdaBoost,No SMOTE,0,0,0.1689822365998279
AdaBoost,No SMOTE,0,0,0.1744311028445886
AdaBoost,No SMOTE,0,0,0.22493649393812828
AdaBoost,No SMOTE,0,0,0.13019713023369225
AdaBoost,No SMOTE,0,0,0.21607329118820193
AdaBoost,No SMOTE,0,0,0.22493649393812828
AdaBoost,No SMOTE,0,0,0.17726965587952628
AdaBoost,No SMOTE,0,0,0.22493649393812828
AdaBoost,No SMOTE,0,0,0.1689822365998279
AdaBoost,No SMOTE,0,0,0.1431423024436669
AdaBoost,No SMOTE,0,0,0.17726965587952628
AdaBoost,No SMOTE,0,0,0.13586401457059089
AdaBoost,No SMOTE,0,0,0.13019713023369225
AdaBoost,No SMOTE,0,0,0.22017433581447826
AdaBoost,No SMOTE,0,0,0.25081468689261593
AdaBoost,No SMOTE,0,0,0.1689822365998279
AdaBoost,No SMOTE,0,0,0.13019713023369225
AdaBoost,No SMOTE,0,0,0.13586401457059089
AdaBoost,No SMOTE,0,0,0.17726965587952628
AdaBoost,No SMOTE,0,0,0.1744311028445886
AdaBoost,No SMOTE,0,0,0.22493649393812828
AdaBoost,No SMOTE,0,0,0.17726965587952628
AdaBoost,No SMOTE,0,0,0.13019713023369225
AdaBoost,No SMOTE,0,0,0.14895992415852724
AdaBoost,No SMOTE,0,0,0.13019713023369225
AdaBoost,No SMOTE,0,0,0.1689822365998279
AdaBoost,No SMOTE,0,0,0.16342013312650427
AdaBoost,No SMOTE,0,0,0.13019713023369225
AdaBoost,No SMOTE,0,0,0.22843520662470906
AdaBoost,No SMOTE,0,0,0.1744311028445886
AdaBoost,No SMOTE,0,0,0.16342013312650427
AdaBoost,No SMOTE,0,0,0.1689822365998279
AdaBoost,No SMOTE,0,0,0.21607329118820193
AdaBoost,No SMOTE,0,0,0.17726965587952628
AdaBoost,No SMOTE,0,0,0.13019713023369225
AdaBoost,No SMOTE,0,0,0.22493649393812828
AdaBoost,No SMOTE,0,0,0.1744311028445886
AdaBoost,No SMOTE,0,0,0.17726965587952628
AdaBoost,No SMOTE,0,0,0.13586401457059089
AdaBoost,No SMOTE,0,0,0.14895992415852724
AdaBoost,No SMOTE,0,0,0.20002774141121915
AdaBoost,No SMOTE,0,0,0.21607329118820193
AdaBoost,No SMOTE,0,0,0.1689822365998279
AdaBoost,No SMOTE,0,0,0.1719470769852437
AdaBoost,No SMOTE,0,0,0.21607329118820193
AdaBoost,No SMOTE,0,0,0.17726965587952628
AdaBoost,No SMOTE,0,0,0.22255765333999847
AdaBoost,No SMOTE,0,0,0.17726965587952628
AdaBoost,No SMOTE,0,0,0.17726965587952628
AdaBoost,No SMOTE,0,0,0.1744311028445886
AdaBoost,No SMOTE,0,0,0.1744311028445886
AdaBoost,No SMOTE,0,0,0.22493649393812828
AdaBoost,No SMOTE,0,0,0.1744311028445886
AdaBoost,No SMOTE,0,0,0.17726965587952628
AdaBoost,No SMOTE,0,0,0.21607329118820193
AdaBoost,No SMOTE,0,0,0.17726965587952628
AdaBoost,No SMOTE,0,0,0.1744311028445886
AdaBoost,No SMOTE,0,0,0.13019713023369225
AdaBoost,No SMOTE,0,0,0.1744311028445886
AdaBoost,No SMOTE,0,0,0.17726965587952628
AdaBoost,No SMOTE,0,0,0.1744311028445886
AdaBoost,No SMOTE,0,0,0.1689822365998279
AdaBoost,No SMOTE,0,0,0.1719470769852437
AdaBoost,No SMOTE,0,0,0.1744311028445886
AdaBoost,No SMOTE,0,0,0.17726965587952628
AdaBoost,No SMOTE,0,0,0.1744311028445886
AdaBoost,No SMOTE,0,0,0.13019713023369225
AdaBoost,No SMOTE,0,0,0.13586401457059089
AdaBoost,No SMOTE,0,0,0.1689822365998279
AdaBoost,No SMOTE,0,0,0.1689822365998279
AdaBoost,No SMOTE,0,0,0.14895992415852724
AdaBoost,No SMOTE,0,0,0.25081468689261593
AdaBoost,No SMOTE,0,0,0.14895992415852724
AdaBoost,No SMOTE,0,0,0.1744311028445886
AdaBoost,No SMOTE,0,0,0.13019713023369225
AdaBoost,No SMOTE,0,0,0.14895992415852724
AdaBoost,No SMOTE,0,0,0.11920292202211763
AdaBoost,No SMOTE,0,0,0.1431423024436669
AdaBoost,No SMOTE,0,0,0.16867357177983938
AdaBoost,No SMOTE,0,0,0.17726965587952628
AdaBoost,No SMOTE,0,0,0.16895403564617684
AdaBoost,No SMOTE,0,0,0.11920292202211763
AdaBoost,No SMOTE,0,0,0.17726965587952628
AdaBoost,No SMOTE,0,0,0.1744311028445886
AdaBoost,No SMOTE,0,0,0.21928751511544514
AdaBoost,No SMOTE,0,0,0.13019713023369225
AdaBoost,No SMOTE,0,0,0.1689822365998279
AdaBoost,No SMOTE,0,0,0.2193403423397052
AdaBoost,No SMOTE,0,0,0.17726965587952628
AdaBoost,No SMOTE,0,0,0.1744311028445886
AdaBoost,No SMOTE,0,0,0.1744311028445886
AdaBoost,No SMOTE,0,0,0.17726965587952628
AdaBoost,No SMOTE,0,0,0.1689822365998279
AdaBoost,No SMOTE,0,0,0.17726965587952628
AdaBoost,No SMOTE,0,0,0.1744311028445886
AdaBoost,No SMOTE,0,0,0.21607329118820193
AdaBoost,No SMOTE,0,0,0.1689822365998279
AdaBoost,No SMOTE,0,0,0.1689822365998279
AdaBoost,No SMOTE,0,0,0.14895992415852724
AdaBoost,No SMOTE,0,0,0.1744311028445886
AdaBoost,No SMOTE,0,0,0.1744311028445886
AdaBoost,No SMOTE,0,0,0.17726965587952628
AdaBoost,No SMOTE,0,0,0.14895992415852724
AdaBoost,No SMOTE,0,0,0.11920292202211763
AdaBoost,No SMOTE,0,0,0.1689822365998279
AdaBoost,No SMOTE,0,0,0.17726965587952628
AdaBoost,No SMOTE,0,0,0.1744311028445886
AdaBoost,No SMOTE,0,0,0.1689822365998279
AdaBoost,No SMOTE,0,0,0.1689822365998279
AdaBoost,No SMOTE,0,0,0.16342013312650427
AdaBoost,No SMOTE,0,0,0.1744311028445886
AdaBoost,No SMOTE,0,0,0.17726965587952628
AdaBoost,No SMOTE,0,0,0.17726965587952628
AdaBoost,No SMOTE,0,0,0.16618389338377842
AdaBoost,No SMOTE,0,0,0.1744311028445886
AdaBoost,No SMOTE,0,0,0.1744311028445886
AdaBoost,No SMOTE,0,0,0.21607329118820193
AdaBoost,No SMOTE,0,0,0.21607329118820193
AdaBoost,No SMOTE,0,0,0.1431423024436669
AdaBoost,No SMOTE,0,0,0.16342013312650427
AdaBoost,No SMOTE,0,0,0.21607329118820193
AdaBoost,No SMOTE,0,0,0.17726965587952628
AdaBoost,No SMOTE,0,0,0.1689822365998279
AdaBoost,No SMOTE,0,0,0.13019713023369225
AdaBoost,No SMOTE,0,0,0.1744311028445886
AdaBoost,No SMOTE,0,0,0.14798688540029464
AdaBoost,No SMOTE,0,0,0.1689822365998279
AdaBoost,No SMOTE,0,0,0.16895403564617684
AdaBoost,No SMOTE,0,0,0.17726965587952628
AdaBoost,No SMOTE,0,0,0.1689822365998279
AdaBoost,No SMOTE,0,0,0.16342013312650427
AdaBoost,No SMOTE,0,0,0.17726965587952628
AdaBoost,No SMOTE,0,0,0.1719470769852437
AdaBoost,No SMOTE,0,0,0.17726965587952628
AdaBoost,No SMOTE,0,0,0.1744311028445886
AdaBoost,No SMOTE,0,0,0.16618389338377842
AdaBoost,No SMOTE,0,0,0.13019713023369225
AdaBoost,No SMOTE,0,0,0.16895403564617684
AdaBoost,No SMOTE,0,0,0.14895992415852724
AdaBoost,No SMOTE,0,0,0.13019713023369225
AdaBoost,No SMOTE,0,0,0.22493649393812828
AdaBoost,No SMOTE,0,0,0.22843520662470906
AdaBoost,No SMOTE,0,0,0.1744311028445886
AdaBoost,No SMOTE,0,0,0.225942801680166
AdaBoost,No SMOTE,0,0,0.1744311028445886
AdaBoost,No SMOTE,0,0,0.13586401457059089
AdaBoost,No SMOTE,0,0,0.1689822365998279
AdaBoost,No SMOTE,0,0,0.1689822365998279
AdaBoost,No SMOTE,0,0,0.1744311028445886
AdaBoost,No SMOTE,0,0,0.2217171988769872
AdaBoost,No SMOTE,0,0,0.14895992415852724
AdaBoost,No SMOTE,0,0,0.1689822365998279
AdaBoost,No SMOTE,0,0,0.205659675438033
AdaBoost,No SMOTE,0,0,0.1744311028445886
AdaBoost,No SMOTE,0,0,0.1689822365998279
AdaBoost,No SMOTE,0,0,0.1744311028445886
AdaBoost,No SMOTE,0,0,0.17726965587952628
AdaBoost,No SMOTE,0,0,0.1744311028445886
AdaBoost,No SMOTE,0,0,0.17726965587952628
AdaBoost,No SMOTE,0,0,0.17726965587952628
AdaBoost,No SMOTE,0,0,0.17726965587952628
AdaBoost,No SMOTE,0,0,0.17726965587952628
AdaBoost,No SMOTE,0,0,0.2193403423397052
AdaBoost,No SMOTE,0,0,0.16618389338377842
AdaBoost,No SMOTE,0,0,0.13019713023369225
AdaBoost,No SMOTE,0,0,0.14798688540029464
AdaBoost,No SMOTE,0,0,0.13019713023369225
AdaBoost,No SMOTE,0,0,0.1744311028445886
AdaBoost,No SMOTE,0,0,0.1744311028445886
AdaBoost,No SMOTE,0,0,0.17726965587952628
AdaBoost,No SMOTE,0,0,0.1689822365998279
AdaBoost,No SMOTE,0,0,0.17726965587952628
AdaBoost,No SMOTE,0,0,0.14895992415852724
AdaBoost,No SMOTE,0,0,0.1744311028445886
AdaBoost,No SMOTE,0,0,0.191758796857404
AdaBoost,No SMOTE,0,0,0.17726965587952628
AdaBoost,No SMOTE,0,0,0.16342013312650427
AdaBoost,No SMOTE,0,0,0.22843520662470906
AdaBoost,No SMOTE,0,0,0.2193403423397052
AdaBoost,No SMOTE,0,0,0.1689822365998279
AdaBoost,No SMOTE,0,0,0.1744311028445886
AdaBoost,No SMOTE,0,0,0.11920292202211763
AdaBoost,No SMOTE,0,0,0.22295168509089985
AdaBoost,No SMOTE,0,0,0.1744311028445886
AdaBoost,No SMOTE,0,0,0.1689822365998279
AdaBoost,No SMOTE,0,0,0.17726965587952628
AdaBoost,No SMOTE,0,0,0.14798688540029464
AdaBoost,No SMOTE,0,0,0.17726965587952628
AdaBoost,No SMOTE,0,0,0.14895992415852724
AdaBoost,No SMOTE,0,0,0.16342013312650427
AdaBoost,No SMOTE,0,0,0.1744311028445886
AdaBoost,No SMOTE,0,0,0.1744311028445886
AdaBoost,No SMOTE,0,0,0.14895992415852724
AdaBoost,No SMOTE,0,0,0.17726965587952628
AdaBoost,No SMOTE,0,0,0.22493649393812828
AdaBoost,No SMOTE,0,0,0.1689822365998279
AdaBoost,No SMOTE,0,0,0.2193403423397052
AdaBoost,No SMOTE,0,0,0.17726965587952628
AdaBoost,No SMOTE,0,0,0.16203849466010875
AdaBoost,No SMOTE,0,0,0.2193403423397052
AdaBoost,No SMOTE,0,0,0.17726965587952628
AdaBoost,No SMOTE,0,0,0.1744311028445886
AdaBoost,No SMOTE,0,0,0.1689822365998279
AdaBoost,No SMOTE,0,0,0.1744311028445886
AdaBoost,No SMOTE,0,0,0.1689822365998279
AdaBoost,No SMOTE,0,0,0.11920292202211763
AdaBoost,No SMOTE,0,0,0.13019713023369225
AdaBoost,No SMOTE,0,0,0.1744311028445886
AdaBoost,No SMOTE,0,0,0.1689822365998279
AdaBoost,No SMOTE,0,0,0.1744311028445886
AdaBoost,No SMOTE,0,0,0.22493649393812828
AdaBoost,No SMOTE,0,0,0.17482490896676628
AdaBoost,No SMOTE,0,0,0.1689822365998279
AdaBoost,No SMOTE,0,0,0.1744311028445886
AdaBoost,No SMOTE,0,0,0.1689822365998279
AdaBoost,No SMOTE,0,0,0.22493649393812828
AdaBoost,No SMOTE,0,0,0.1744311028445886
AdaBoost,No SMOTE,0,0,0.1689822365998279
AdaBoost,No SMOTE,0,0,0.22493649393812828
AdaBoost,No SMOTE,0,0,0.23177895169308674
AdaBoost,No SMOTE,0,0,0.21607329118820193
AdaBoost,No SMOTE,0,0,0.16342013312650427
AdaBoost,No SMOTE,0,0,0.22843520662470906
AdaBoost,No SMOTE,0,0,0.1431423024436669
AdaBoost,No SMOTE,0,0,0.13019713023369225
AdaBoost,No SMOTE,0,0,0.17726965587952628
AdaBoost,No SMOTE,0,0,0.14895992415852724
AdaBoost,No SMOTE,0,0,0.1744311028445886
AdaBoost,No SMOTE,0,0,0.2193403423397052
AdaBoost,No SMOTE,0,0,0.17726965587952628
AdaBoost,No SMOTE,0,0,0.17726965587952628
AdaBoost,No SMOTE,0,0,0.1689822365998279
AdaBoost,No SMOTE,0,0,0.17726965587952628
AdaBoost,No SMOTE,0,0,0.22176486665410824
AdaBoost,No SMOTE,0,0,0.17726965587952628
AdaBoost,No SMOTE,0,0,0.1689822365998279
AdaBoost,No SMOTE,0,0,0.16895403564617684
AdaBoost,No SMOTE,0,0,0.17726965587952628
AdaBoost,No SMOTE,0,0,0.1689822365998279
AdaBoost,No SMOTE,0,0,0.1689822365998279
AdaBoost,No SMOTE,0,0,0.14895992415852724
AdaBoost,No SMOTE,0,0,0.20002774141121915
AdaBoost,No SMOTE,0,0,0.1744311028445886
AdaBoost,No SMOTE,0,0,0.13019713023369225
AdaBoost,No SMOTE,0,0,0.17726965587952628
AdaBoost,No SMOTE,0,0,0.17726965587952628
AdaBoost,No SMOTE,0,0,0.17643129068755622
AdaBoost,No SMOTE,0,0,0.1744311028445886
AdaBoost,No SMOTE,0,0,0.17726965587952628
AdaBoost,No SMOTE,0,0,0.17726965587952628
AdaBoost,No SMOTE,0,0,0.17726965587952628
AdaBoost,No SMOTE,0,0,0.17726965587952628
AdaBoost,No SMOTE,0,0,0.13019713023369225
AdaBoost,No SMOTE,0,0,0.1431363477165842
AdaBoost,No SMOTE,0,0,0.1431363477165842
AdaBoost,No SMOTE,0,0,0.1689822365998279
AdaBoost,No SMOTE,0,0,0.1689822365998279
AdaBoost,No SMOTE,0,0,0.191758796857404
AdaBoost,No SMOTE,0,0,0.18800989342479768
AdaBoost,No SMOTE,0,0,0.14651749284402038
AdaBoost,No SMOTE,0,0,0.1744311028445886
AdaBoost,No SMOTE,0,0,0.1689822365998279
AdaBoost,No SMOTE,0,0,0.1689822365998279
AdaBoost,No SMOTE,0,0,0.1689822365998279
AdaBoost,No SMOTE,0,0,0.22044238283982498
AdaBoost,No SMOTE,0,0,0.22493649393812828
AdaBoost,No SMOTE,0,0,0.1744311028445886
AdaBoost,No SMOTE,0,0,0.1689822365998279
AdaBoost,No SMOTE,0,0,0.1689822365998279
AdaBoost,No SMOTE,0,0,0.14895992415852724
AdaBoost,No SMOTE,0,0,0.1744311028445886
AdaBoost,No SMOTE,0,0,0.1744311028445886
AdaBoost,No SMOTE,0,0,0.16895403564617684
AdaBoost,No SMOTE,0,0,0.1744311028445886
AdaBoost,No SMOTE,0,0,0.1744311028445886
AdaBoost,No SMOTE,0,0,0.22493649393812828
AdaBoost,No SMOTE,0,0,0.1689822365998279
AdaBoost,No SMOTE,0,0,0.1689822365998279
AdaBoost,No SMOTE,0,0,0.17726965587952628
AdaBoost,No SMOTE,0,0,0.16895403564617684
AdaBoost,No SMOTE,0,0,0.1744311028445886
AdaBoost,No SMOTE,0,0,0.1744311028445886
AdaBoost,No SMOTE,0,0,0.16895403564617684
AdaBoost,No SMOTE,0,0,0.17726965587952628
AdaBoost,No SMOTE,0,0,0.13586401457059089
AdaBoost,No SMOTE,0,0,0.1719470769852437
AdaBoost,No SMOTE,0,0,0.1744311028445886
AdaBoost,No SMOTE,0,0,0.17726965587952628
AdaBoost,No SMOTE,0,0,0.1689822365998279
AdaBoost,No SMOTE,0,0,0.1689822365998279
AdaBoost,No SMOTE,0,0,0.1744311028445886
AdaBoost,No SMOTE,0,0,0.1689822365998279
AdaBoost,No SMOTE,0,0,0.17726965587952628
AdaBoost,No SMOTE,0,0,0.1689822365998279
AdaBoost,No SMOTE,0,0,0.17726965587952628
AdaBoost,No SMOTE,0,0,0.14895992415852724
AdaBoost,No SMOTE,0,0,0.16895403564617684
AdaBoost,No SMOTE,0,0,0.22295168509089985
AdaBoost,No SMOTE,0,0,0.1689822365998279
AdaBoost,No SMOTE,0,0,0.21607329118820193
AdaBoost,No SMOTE,0,0,0.1689822365998279
AdaBoost,No SMOTE,0,0,0.18800989342479768
AdaBoost,No SMOTE,0,0,0.17043552930931818
AdaBoost,No SMOTE,0,0,0.21607329118820193
AdaBoost,No SMOTE,0,0,0.17133680384090874
AdaBoost,No SMOTE,0,0,0.1744311028445886
AdaBoost,No SMOTE,0,0,0.1689822365998279
AdaBoost,No SMOTE,0,0,0.18800989342479768
AdaBoost,No SMOTE,0,0,0.17726965587952628
AdaBoost,No SMOTE,0,0,0.17726965587952628
AdaBoost,No SMOTE,0,0,0.13019713023369225
AdaBoost,No SMOTE,0,0,0.14895992415852724
AdaBoost,No SMOTE,0,0,0.16895403564617684
AdaBoost,No SMOTE,0,0,0.17726965587952628
AdaBoost,No SMOTE,0,0,0.1689822365998279
AdaBoost,No SMOTE,0,0,0.18496367037446623
AdaBoost,No SMOTE,0,0,0.17726965587952628
AdaBoost,No SMOTE,0,0,0.11920292202211763
AdaBoost,No SMOTE,0,0,0.22493649393812828
AdaBoost,No SMOTE,0,0,0.17726965587952628
AdaBoost,No SMOTE,0,0,0.1689822365998279
AdaBoost,No SMOTE,0,0,0.17726965587952628
AdaBoost,No SMOTE,0,0,0.1744311028445886
AdaBoost,No SMOTE,0,0,0.14895992415852724
AdaBoost,No SMOTE,0,0,0.1689822365998279
AdaBoost,No SMOTE,0,0,0.22493649393812828
AdaBoost,No SMOTE,0,0,0.20002774141121915
AdaBoost,No SMOTE,0,0,0.1719470769852437
AdaBoost,No SMOTE,0,0,0.16342013312650427
AdaBoost,No SMOTE,0,0,0.1744311028445886
AdaBoost,No SMOTE,0,0,0.1744311028445886
AdaBoost,No SMOTE,0,0,0.14895992415852724
AdaBoost,No SMOTE,0,0,0.14895992415852724
AdaBoost,No SMOTE,0,0,0.22843520662470906
AdaBoost,No SMOTE,0,0,0.1786840584100862
AdaBoost,No SMOTE,1,1,0.7725450335225054
AdaBoost,No SMOTE,0,0,0.1744311028445886
AdaBoost,No SMOTE,0,0,0.17726965587952628
AdaBoost,No SMOTE,0,0,0.1744311028445886
AdaBoost,No SMOTE,0,0,0.16342013312650427
AdaBoost,No SMOTE,0,0,0.1744311028445886
AdaBoost,No SMOTE,0,0,0.1744311028445886
AdaBoost,No SMOTE,0,0,0.16895403564617684
AdaBoost,No SMOTE,0,0,0.16203849466010875
AdaBoost,No SMOTE,0,0,0.1689822365998279
AdaBoost,No SMOTE,0,0,0.17726965587952628
AdaBoost,No SMOTE,0,0,0.25081468689261593
AdaBoost,No SMOTE,0,0,0.16342013312650427
AdaBoost,No SMOTE,0,0,0.17726965587952628
AdaBoost,No SMOTE,0,0,0.2193403423397052
AdaBoost,No SMOTE,0,0,0.17726965587952628
AdaBoost,No SMOTE,0,0,0.1744311028445886
AdaBoost,No SMOTE,0,0,0.1689822365998279
AdaBoost,No SMOTE,0,0,0.14895992415852724
AdaBoost,No SMOTE,0,0,0.1456228192075175
AdaBoost,No SMOTE,0,0,0.1689822365998279
AdaBoost,No SMOTE,0,0,0.16618389338377842
AdaBoost,No SMOTE,0,0,0.13586401457059089
AdaBoost,No SMOTE,0,0,0.1744311028445886
AdaBoost,No SMOTE,0,0,0.17726965587952628
AdaBoost,No SMOTE,0,0,0.16618389338377842
AdaBoost,No SMOTE,0,0,0.1689822365998279
AdaBoost,No SMOTE,0,0,0.1689822365998279
AdaBoost,No SMOTE,0,0,0.13019713023369225
AdaBoost,No SMOTE,0,0,0.17726965587952628
AdaBoost,No SMOTE,0,0,0.22044238283982498
AdaBoost,No SMOTE,0,0,0.17726965587952628
AdaBoost,No SMOTE,0,0,0.1931443810264556
AdaBoost,No SMOTE,0,0,0.13586401457059089
AdaBoost,No SMOTE,0,0,0.1744311028445886
AdaBoost,No SMOTE,0,0,0.22493649393812828
AdaBoost,No SMOTE,0,0,0.1456228192075175
AdaBoost,No SMOTE,0,0,0.1431423024436669
AdaBoost,No SMOTE,0,0,0.11920292202211763
AdaBoost,No SMOTE,0,0,0.17726965587952628
AdaBoost,No SMOTE,0,0,0.1689822365998279
AdaBoost,No SMOTE,0,0,0.13019713023369225
AdaBoost,No SMOTE,0,0,0.1689822365998279
AdaBoost,No SMOTE,0,0,0.17726965587952628
AdaBoost,No SMOTE,0,0,0.1689822365998279
AdaBoost,No SMOTE,0,0,0.20002774141121915
AdaBoost,No SMOTE,0,0,0.1744311028445886
AdaBoost,No SMOTE,0,0,0.1689822365998279
AdaBoost,No SMOTE,0,0,0.1744311028445886
AdaBoost,No SMOTE,0,0,0.22017433581447826
AdaBoost,No SMOTE,0,0,0.16342013312650427
AdaBoost,No SMOTE,0,0,0.18800989342479768
AdaBoost,No SMOTE,0,0,0.16342013312650427
AdaBoost,No SMOTE,0,0,0.191758796857404
AdaBoost,No SMOTE,0,0,0.17726965587952628
AdaBoost,No SMOTE,0,0,0.22176486665410824
AdaBoost,No SMOTE,0,0,0.1744311028445886
AdaBoost,No SMOTE,0,0,0.13019713023369225
AdaBoost,No SMOTE,0,0,0.14895992415852724
AdaBoost,No SMOTE,0,0,0.1689822365998279
AdaBoost,No SMOTE,0,0,0.1689822365998279
AdaBoost,No SMOTE,0,0,0.22843520662470906
AdaBoost,No SMOTE,0,0,0.14798688540029464
AdaBoost,No SMOTE,0,0,0.14895992415852724
AdaBoost,No SMOTE,0,0,0.1431423024436669
AdaBoost,No SMOTE,0,0,0.2193403423397052
AdaBoost,No SMOTE,0,0,0.1744311028445886
AdaBoost,No SMOTE,0,0,0.2193403423397052
AdaBoost,No SMOTE,0,0,0.22493649393812828
AdaBoost,No SMOTE,0,0,0.18800989342479768
AdaBoost,No SMOTE,0,0,0.22843520662470906
AdaBoost,No SMOTE,0,0,0.22843520662470906
AdaBoost,No SMOTE,0,0,0.191758796857404
AdaBoost,No SMOTE,0,0,0.13019713023369225
AdaBoost,No SMOTE,0,0,0.1689822365998279
AdaBoost,No SMOTE,0,0,0.1744311028445886
AdaBoost,No SMOTE,0,0,0.20002774141121915
AdaBoost,No SMOTE,0,0,0.22493649393812828
AdaBoost,No SMOTE,0,0,0.16342013312650427
AdaBoost,No SMOTE,0,0,0.1744311028445886
AdaBoost,No SMOTE,0,0,0.1689822365998279
AdaBoost,No SMOTE,0,0,0.13019713023369225
AdaBoost,No SMOTE,0,0,0.22493649393812828
AdaBoost,No SMOTE,0,0,0.1744311028445886
AdaBoost,No SMOTE,0,0,0.17726965587952628
AdaBoost,No SMOTE,0,0,0.1689822365998279
AdaBoost,No SMOTE,0,0,0.17726965587952628
AdaBoost,No SMOTE,0,0,0.191758796857404
AdaBoost,No SMOTE,0,0,0.17726965587952628
AdaBoost,No SMOTE,0,0,0.14895992415852724
AdaBoost,No SMOTE,0,0,0.1744311028445886
AdaBoost,No SMOTE,0,0,0.21573524134425506
AdaBoost,No SMOTE,0,0,0.17726965587952628
AdaBoost,No SMOTE,0,0,0.1431423024436669
AdaBoost,No SMOTE,0,0,0.191758796857404
AdaBoost,No SMOTE,0,0,0.18496367037446623
AdaBoost,No SMOTE,0,0,0.18800989342479768
AdaBoost,No SMOTE,0,0,0.18800989342479768
AdaBoost,No SMOTE,0,0,0.17726965587952628
AdaBoost,No SMOTE,0,0,0.13019713023369225
AdaBoost,No SMOTE,0,0,0.16342013312650427
AdaBoost,No SMOTE,0,0,0.18800989342479768
AdaBoost,No SMOTE,0,0,0.1689822365998279
AdaBoost,No SMOTE,0,0,0.21487312917920015
AdaBoost,No SMOTE,0,0,0.21928751511544514
AdaBoost,No SMOTE,0,0,0.1744311028445886
AdaBoost,No SMOTE,0,0,0.17726965587952628
AdaBoost,No SMOTE,0,0,0.22493649393812828
AdaBoost,No SMOTE,0,0,0.18800989342479768
AdaBoost,No SMOTE,0,0,0.17726965587952628
AdaBoost,No SMOTE,0,0,0.18800989342479768
AdaBoost,No SMOTE,0,0,0.1456228192075175
AdaBoost,No SMOTE,0,0,0.14895992415852724
AdaBoost,No SMOTE,0,0,0.13019713023369225
AdaBoost,No SMOTE,0,0,0.1744311028445886
AdaBoost,No SMOTE,0,0,0.14895992415852724
AdaBoost,No SMOTE,0,0,0.18496367037446623
AdaBoost,No SMOTE,0,0,0.17726965587952628
AdaBoost,No SMOTE,0,0,0.2193403423397052
AdaBoost,No SMOTE,0,0,0.22493649393812828
AdaBoost,No SMOTE,0,0,0.17726965587952628
AdaBoost,No SMOTE,0,0,0.21607329118820193
AdaBoost,No SMOTE,0,0,0.22843520662470906
AdaBoost,No SMOTE,0,0,0.17726965587952628
AdaBoost,No SMOTE,0,0,0.1744311028445886
AdaBoost,No SMOTE,0,0,0.17452323501899744
AdaBoost,No SMOTE,0,0,0.205659675438033
AdaBoost,No SMOTE,0,0,0.1744311028445886
AdaBoost,No SMOTE,0,0,0.22493649393812828
AdaBoost,No SMOTE,0,0,0.13019713023369225
AdaBoost,No SMOTE,0,0,0.17726965587952628
AdaBoost,No SMOTE,0,0,0.17726965587952628
AdaBoost,No SMOTE,0,0,0.1431423024436669
AdaBoost,No SMOTE,0,0,0.1689822365998279
AdaBoost,No SMOTE,0,0,0.1689822365998279
AdaBoost,No SMOTE,0,0,0.16867357177983938
AdaBoost,No SMOTE,0,0,0.22730485922067978
AdaBoost,No SMOTE,0,0,0.22017433581447826
AdaBoost,No SMOTE,0,0,0.1689822365998279
AdaBoost,No SMOTE,0,0,0.13019713023369225
AdaBoost,No SMOTE,0,0,0.1744311028445886
AdaBoost,No SMOTE,0,0,0.21607329118820193
AdaBoost,No SMOTE,0,0,0.17726965587952628
AdaBoost,No SMOTE,0,0,0.16342013312650427
AdaBoost,No SMOTE,0,0,0.13586401457059089
AdaBoost,No SMOTE,0,0,0.2193403423397052
AdaBoost,No SMOTE,0,0,0.18800989342479768
AdaBoost,No SMOTE,0,0,0.1744311028445886
AdaBoost,No SMOTE,0,0,0.18800989342479768
AdaBoost,No SMOTE,0,0,0.2547751181527878
AdaBoost,No SMOTE,0,0,0.22493649393812828
AdaBoost,No SMOTE,0,0,0.1744311028445886
AdaBoost,No SMOTE,0,0,0.14895992415852724
AdaBoost,No SMOTE,0,0,0.1689822365998279
AdaBoost,No SMOTE,0,0,0.1744311028445886
AdaBoost,No SMOTE,0,0,0.1744311028445886
AdaBoost,No SMOTE,0,0,0.1689822365998279
AdaBoost,No SMOTE,0,0,0.18800989342479768
AdaBoost,No SMOTE,0,0,0.1689822365998279
AdaBoost,No SMOTE,0,0,0.22493649393812828
AdaBoost,No SMOTE,0,0,0.17726965587952628
AdaBoost,No SMOTE,0,0,0.1744311028445886
AdaBoost,No SMOTE,0,0,0.13586401457059089
AdaBoost,No SMOTE,0,0,0.1689822365998279
AdaBoost,No SMOTE,0,0,0.17643129068755622
AdaBoost,No SMOTE,0,0,0.11920292202211763
AdaBoost,No SMOTE,0,0,0.1689822365998279
AdaBoost,No SMOTE,0,0,0.1689822365998279
AdaBoost,No SMOTE,0,0,0.17726965587952628
AdaBoost,No SMOTE,0,0,0.13019713023369225
AdaBoost,No SMOTE,0,0,0.22493649393812828
AdaBoost,No SMOTE,0,0,0.1689822365998279
AdaBoost,No SMOTE,0,0,0.17726965587952628
AdaBoost,No SMOTE,0,0,0.1744311028445886
AdaBoost,No SMOTE,0,0,0.21607329118820193
AdaBoost,No SMOTE,0,0,0.1689822365998279
AdaBoost,No SMOTE,0,0,0.17726965587952628
AdaBoost,No SMOTE,0,0,0.14895992415852724
AdaBoost,No SMOTE,0,0,0.1744311028445886
AdaBoost,No SMOTE,0,0,0.14895992415852724
AdaBoost,No SMOTE,0,0,0.1744311028445886
AdaBoost,No SMOTE,0,0,0.14895992415852724
AdaBoost,No SMOTE,0,0,0.191758796857404
AdaBoost,No SMOTE,0,0,0.13019713023369225
AdaBoost,No SMOTE,0,0,0.18800989342479768
AdaBoost,No SMOTE,0,0,0.1431423024436669
AdaBoost,No SMOTE,0,0,0.17726965587952628
AdaBoost,No SMOTE,0,0,0.14895992415852724
AdaBoost,No SMOTE,0,0,0.16618389338377842
AdaBoost,No SMOTE,0,0,0.18496367037446623
AdaBoost,No SMOTE,0,0,0.14895992415852724
AdaBoost,No SMOTE,0,0,0.1689822365998279
AdaBoost,No SMOTE,0,0,0.1689822365998279
AdaBoost,No SMOTE,0,0,0.1689822365998279
AdaBoost,No SMOTE,0,0,0.17726965587952628
AdaBoost,No SMOTE,0,0,0.16342013312650427
AdaBoost,No SMOTE,0,0,0.22493649393812828
AdaBoost,No SMOTE,0,0,0.2193403423397052
AdaBoost,No SMOTE,0,0,0.1689822365998279
AdaBoost,No SMOTE,0,0,0.1744311028445886
AdaBoost,No SMOTE,0,0,0.1689822365998279
AdaBoost,No SMOTE,0,0,0.14895992415852724
AdaBoost,No SMOTE,0,0,0.17726965587952628
AdaBoost,No SMOTE,0,0,0.191758796857404
AdaBoost,No SMOTE,0,0,0.11920292202211763
AdaBoost,No SMOTE,0,0,0.17726965587952628
AdaBoost,No SMOTE,0,0,0.16867357177983938
AdaBoost,No SMOTE,0,0,0.1689822365998279
AdaBoost,No SMOTE,0,0,0.1689822365998279
AdaBoost,No SMOTE,0,0,0.16618389338377842
AdaBoost,No SMOTE,0,0,0.22493649393812828
AdaBoost,No SMOTE,0,0,0.1689822365998279
AdaBoost,No SMOTE,0,0,0.22493649393812828
AdaBoost,No SMOTE,0,0,0.17726965587952628
AdaBoost,No SMOTE,0,0,0.13019713023369225
AdaBoost,No SMOTE,0,0,0.16342013312650427
AdaBoost,No SMOTE,0,0,0.18800989342479768
AdaBoost,No SMOTE,0,0,0.1689822365998279
AdaBoost,No SMOTE,0,0,0.17726965587952628
AdaBoost,No SMOTE,0,0,0.14895992415852724
AdaBoost,No SMOTE,0,0,0.1689822365998279
AdaBoost,No SMOTE,0,0,0.1689822365998279
AdaBoost,No SMOTE,0,0,0.1744311028445886
AdaBoost,No SMOTE,0,0,0.13019713023369225
AdaBoost,No SMOTE,0,0,0.17726965587952628
AdaBoost,No SMOTE,0,0,0.1744311028445886
AdaBoost,No SMOTE,0,0,0.11920292202211763
AdaBoost,No SMOTE,0,0,0.17726965587952628
AdaBoost,No SMOTE,0,0,0.1744311028445886
AdaBoost,No SMOTE,0,0,0.17726965587952628
AdaBoost,No SMOTE,0,0,0.17726965587952628
AdaBoost,No SMOTE,0,0,0.1689822365998279
AdaBoost,No SMOTE,0,0,0.1689822365998279
AdaBoost,No SMOTE,0,0,0.17726965587952628
AdaBoost,No SMOTE,0,0,0.16895403564617684
AdaBoost,No SMOTE,0,0,0.13586401457059089
AdaBoost,No SMOTE,0,0,0.13019713023369225
AdaBoost,No SMOTE,0,0,0.13019713023369225
AdaBoost,No SMOTE,0,0,0.17726965587952628
AdaBoost,No SMOTE,0,0,0.17726965587952628
AdaBoost,No SMOTE,0,0,0.1786840584100862
AdaBoost,No SMOTE,0,0,0.16618389338377842
AdaBoost,No SMOTE,0,0,0.13019713023369225
AdaBoost,No SMOTE,0,0,0.1744311028445886
AdaBoost,No SMOTE,0,0,0.1431423024436669
AdaBoost,No SMOTE,0,0,0.16342013312650427
AdaBoost,No SMOTE,0,0,0.16342013312650427
AdaBoost,No SMOTE,0,0,0.18800989342479768
AdaBoost,No SMOTE,0,0,0.16895403564617684
AdaBoost,No SMOTE,0,0,0.1744311028445886
AdaBoost,No SMOTE,0,0,0.16867357177983938
AdaBoost,No SMOTE,0,0,0.17726965587952628
AdaBoost,No SMOTE,0,0,0.21607329118820193
AdaBoost,No SMOTE,0,0,0.17726965587952628
AdaBoost,No SMOTE,0,0,0.1744311028445886
AdaBoost,No SMOTE,0,0,0.1744311028445886
AdaBoost,No SMOTE,0,0,0.14895992415852724
AdaBoost,No SMOTE,0,0,0.17726965587952628
AdaBoost,No SMOTE,0,0,0.1744311028445886
AdaBoost,No SMOTE,0,0,0.1744311028445886
AdaBoost,No SMOTE,0,0,0.2193403423397052
AdaBoost,No SMOTE,0,0,0.13019713023369225
AdaBoost,No SMOTE,0,0,0.1689822365998279
AdaBoost,No SMOTE,0,0,0.13019713023369225
AdaBoost,No SMOTE,0,0,0.16618389338377842
AdaBoost,No SMOTE,0,0,0.1744311028445886
AdaBoost,No SMOTE,0,0,0.1744311028445886
AdaBoost,No SMOTE,0,0,0.17726965587952628
AdaBoost,No SMOTE,0,0,0.17643129068755622
AdaBoost,No SMOTE,0,0,0.17726965587952628
AdaBoost,No SMOTE,0,0,0.17726965587952628
AdaBoost,No SMOTE,0,0,0.17726965587952628
AdaBoost,No SMOTE,0,0,0.1431363477165842
AdaBoost,No SMOTE,0,0,0.13019713023369225
AdaBoost,No SMOTE,0,0,0.17726965587952628
AdaBoost,No SMOTE,0,0,0.1744311028445886
AdaBoost,No SMOTE,0,0,0.2193403423397052
AdaBoost,No SMOTE,0,0,0.17726965587952628
AdaBoost,No SMOTE,0,0,0.1719470769852437
AdaBoost,No SMOTE,0,0,0.1431363477165842
AdaBoost,No SMOTE,0,0,0.2193403423397052
AdaBoost,No SMOTE,0,0,0.1744311028445886
AdaBoost,No SMOTE,0,0,0.1689822365998279
AdaBoost,No SMOTE,0,0,0.1744311028445886
AdaBoost,No SMOTE,0,0,0.18800989342479768
AdaBoost,No SMOTE,0,0,0.21607329118820193
AdaBoost,No SMOTE,0,0,0.18800989342479768
AdaBoost,No SMOTE,0,0,0.1744311028445886
AdaBoost,No SMOTE,0,0,0.17726965587952628
AdaBoost,No SMOTE,0,0,0.17726965587952628
AdaBoost,No SMOTE,0,0,0.1744311028445886
AdaBoost,No SMOTE,0,0,0.18800989342479768
AdaBoost,No SMOTE,0,0,0.17726965587952628
AdaBoost,No SMOTE,0,0,0.1744311028445886
AdaBoost,No SMOTE,0,0,0.1689822365998279
AdaBoost,No SMOTE,0,0,0.17726965587952628
AdaBoost,No SMOTE,0,0,0.1431423024436669
AdaBoost,No SMOTE,0,0,0.17726965587952628
AdaBoost,No SMOTE,0,0,0.18800989342479768
AdaBoost,No SMOTE,0,0,0.17726965587952628
AdaBoost,No SMOTE,0,0,0.22493649393812828
AdaBoost,No SMOTE,0,0,0.13586401457059089
AdaBoost,No SMOTE,0,0,0.14895992415852724
AdaBoost,No SMOTE,0,0,0.22584054743322862
AdaBoost,No SMOTE,0,0,0.2193403423397052
AdaBoost,No SMOTE,0,0,0.1744311028445886
AdaBoost,No SMOTE,0,0,0.14895992415852724
AdaBoost,No SMOTE,0,0,0.18496367037446623
AdaBoost,No SMOTE,0,0,0.1744311028445886
AdaBoost,No SMOTE,0,0,0.13019713023369225
AdaBoost,No SMOTE,0,0,0.1689822365998279
AdaBoost,No SMOTE,0,0,0.17726965587952628
AdaBoost,No SMOTE,0,0,0.17726965587952628
AdaBoost,No SMOTE,0,0,0.1689822365998279
AdaBoost,No SMOTE,0,0,0.1689822365998279
AdaBoost,No SMOTE,0,0,0.1689822365998279
AdaBoost,No SMOTE,0,0,0.17726965587952628
AdaBoost,No SMOTE,0,0,0.1719470769852437
AdaBoost,No SMOTE,0,0,0.1689822365998279
AdaBoost,No SMOTE,0,0,0.22493649393812828
AdaBoost,No SMOTE,0,0,0.1431423024436669
AdaBoost,No SMOTE,0,0,0.17726965587952628
AdaBoost,No SMOTE,0,0,0.17726965587952628
AdaBoost,No SMOTE,0,0,0.16618389338377842
AdaBoost,No SMOTE,0,0,0.17726965587952628
AdaBoost,No SMOTE,0,0,0.17726965587952628
AdaBoost,No SMOTE,0,0,0.1744311028445886
AdaBoost,No SMOTE,0,0,0.22176486665410824
AdaBoost,No SMOTE,0,0,0.11920292202211763
AdaBoost,No SMOTE,0,0,0.1744311028445886
AdaBoost,No SMOTE,0,0,0.22493649393812828
AdaBoost,No SMOTE,0,0,0.14895992415852724
AdaBoost,No SMOTE,0,0,0.1719470769852437
AdaBoost,No SMOTE,0,0,0.16342013312650427
AdaBoost,No SMOTE,0,0,0.16618389338377842
AdaBoost,No SMOTE,0,0,0.1689822365998279
AdaBoost,No SMOTE,0,0,0.21607329118820193
AdaBoost,No SMOTE,0,0,0.17726965587952628
AdaBoost,No SMOTE,0,0,0.14895992415852724
AdaBoost,No SMOTE,0,0,0.22493649393812828
AdaBoost,No SMOTE,0,0,0.1744311028445886
AdaBoost,No SMOTE,0,0,0.22493649393812828
AdaBoost,No SMOTE,0,0,0.1689822365998279
AdaBoost,No SMOTE,0,0,0.16618389338377842
AdaBoost,No SMOTE,0,0,0.17726965587952628
AdaBoost,No SMOTE,0,0,0.14895992415852724
AdaBoost,No SMOTE,0,0,0.18800989342479768
AdaBoost,No SMOTE,0,0,0.1689822365998279
AdaBoost,No SMOTE,0,0,0.1744311028445886
AdaBoost,No SMOTE,0,0,0.1689822365998279
AdaBoost,No SMOTE,0,0,0.1744311028445886
AdaBoost,No SMOTE,0,0,0.17133680384090874
AdaBoost,No SMOTE,0,0,0.1689822365998279
AdaBoost,No SMOTE,0,0,0.1689822365998279
AdaBoost,No SMOTE,0,0,0.13019713023369225
AdaBoost,No SMOTE,0,0,0.1689822365998279
AdaBoost,No SMOTE,0,0,0.17643129068755622
AdaBoost,No SMOTE,0,0,0.1689822365998279
AdaBoost,No SMOTE,0,0,0.1719470769852437
AdaBoost,No SMOTE,0,0,0.18800989342479768
AdaBoost,No SMOTE,0,0,0.2193403423397052
AdaBoost,No SMOTE,0,0,0.22493649393812828
AdaBoost,No SMOTE,0,0,0.21607329118820193
AdaBoost,No SMOTE,0,0,0.13019713023369225
AdaBoost,No SMOTE,0,0,0.22843520662470906
AdaBoost,No SMOTE,0,0,0.2193403423397052
AdaBoost,No SMOTE,0,0,0.17726965587952628
AdaBoost,No SMOTE,0,0,0.16342013312650427
AdaBoost,No SMOTE,0,0,0.17726965587952628
AdaBoost,No SMOTE,0,0,0.14895992415852724
AdaBoost,No SMOTE,0,0,0.20002774141121915
AdaBoost,No SMOTE,0,0,0.14895992415852724
AdaBoost,No SMOTE,0,0,0.1744311028445886
AdaBoost,No SMOTE,0,0,0.17726965587952628
AdaBoost,No SMOTE,0,0,0.1689822365998279
AdaBoost,No SMOTE,0,0,0.22493649393812828
AdaBoost,No SMOTE,0,0,0.14651749284402038
AdaBoost,No SMOTE,0,0,0.13019713023369225
AdaBoost,No SMOTE,0,0,0.22493649393812828
AdaBoost,No SMOTE,0,0,0.191758796857404
AdaBoost,No SMOTE,0,0,0.14895992415852724
AdaBoost,No SMOTE,0,0,0.17182074334119965
AdaBoost,No SMOTE,0,0,0.14895992415852724
AdaBoost,No SMOTE,0,0,0.14895992415852724
AdaBoost,No SMOTE,0,0,0.22493649393812828
AdaBoost,No SMOTE,0,0,0.1744311028445886
AdaBoost,No SMOTE,0,0,0.17726965587952628
AdaBoost,No SMOTE,0,0,0.17726965587952628
AdaBoost,No SMOTE,0,0,0.1744311028445886
AdaBoost,No SMOTE,0,0,0.1719470769852437
AdaBoost,No SMOTE,0,0,0.1744311028445886
AdaBoost,No SMOTE,0,0,0.1689822365998279
AdaBoost,No SMOTE,0,0,0.1431363477165842
AdaBoost,No SMOTE,0,0,0.16203849466010875
AdaBoost,No SMOTE,0,0,0.1689822365998279
AdaBoost,No SMOTE,0,0,0.1689822365998279
AdaBoost,No SMOTE,0,0,0.13019713023369225
AdaBoost,No SMOTE,0,0,0.191758796857404
AdaBoost,No SMOTE,0,0,0.1689822365998279
AdaBoost,No SMOTE,0,0,0.13586401457059089
AdaBoost,No SMOTE,0,0,0.18800989342479768
AdaBoost,No SMOTE,0,0,0.13586401457059089
AdaBoost,No SMOTE,0,0,0.18800989342479768
AdaBoost,No SMOTE,0,0,0.17726965587952628
AdaBoost,No SMOTE,0,0,0.14895992415852724
AdaBoost,No SMOTE,0,0,0.1689822365998279
AdaBoost,No SMOTE,0,0,0.14895992415852724
AdaBoost,No SMOTE,0,0,0.16203849466010875
AdaBoost,No SMOTE,0,0,0.1744311028445886
AdaBoost,No SMOTE,0,0,0.17043552930931818
AdaBoost,No SMOTE,0,0,0.17726965587952628
AdaBoost,No SMOTE,0,0,0.1431423024436669
AdaBoost,No SMOTE,0,0,0.21928751511544514
AdaBoost,No SMOTE,0,0,0.17726965587952628
AdaBoost,No SMOTE,0,0,0.1689822365998279
AdaBoost,No SMOTE,0,0,0.191758796857404
AdaBoost,No SMOTE,0,0,0.17726965587952628
AdaBoost,No SMOTE,0,0,0.1744311028445886
AdaBoost,No SMOTE,0,0,0.17726965587952628
AdaBoost,No SMOTE,0,0,0.1689822365998279
AdaBoost,No SMOTE,0,0,0.17726965587952628
AdaBoost,No SMOTE,0,0,0.1689822365998279
AdaBoost,No SMOTE,0,0,0.16342013312650427
AdaBoost,No SMOTE,0,0,0.1689822365998279
AdaBoost,No SMOTE,0,0,0.17726965587952628
AdaBoost,No SMOTE,0,0,0.1744311028445886
AdaBoost,No SMOTE,0,0,0.14895992415852724
AdaBoost,No SMOTE,0,0,0.1719470769852437
AdaBoost,No SMOTE,0,0,0.17726965587952628
AdaBoost,No SMOTE,0,0,0.17726965587952628
AdaBoost,No SMOTE,0,0,0.18800989342479768
AdaBoost,No SMOTE,0,0,0.16895403564617684
AdaBoost,No SMOTE,0,0,0.191758796857404
AdaBoost,No SMOTE,0,0,0.22493649393812828
AdaBoost,No SMOTE,0,0,0.1744311028445886
AdaBoost,No SMOTE,0,0,0.1689822365998279
AdaBoost,No SMOTE,0,0,0.18496367037446623
AdaBoost,No SMOTE,0,0,0.22493649393812828
AdaBoost,No SMOTE,0,0,0.17726965587952628
AdaBoost,No SMOTE,0,0,0.1689822365998279
AdaBoost,No SMOTE,0,0,0.2193403423397052
AdaBoost,No SMOTE,0,0,0.21607329118820193
AdaBoost,No SMOTE,0,0,0.17726965587952628
AdaBoost,No SMOTE,0,0,0.13019713023369225
AdaBoost,No SMOTE,0,0,0.14895992415852724
AdaBoost,No SMOTE,0,0,0.17726965587952628
AdaBoost,No SMOTE,0,0,0.17726965587952628
AdaBoost,No SMOTE,0,0,0.17726965587952628
AdaBoost,No SMOTE,0,0,0.17726965587952628
AdaBoost,No SMOTE,0,0,0.17726965587952628
AdaBoost,No SMOTE,0,0,0.22493649393812828
AdaBoost,No SMOTE,0,0,0.17726965587952628
AdaBoost,No SMOTE,0,0,0.1744311028445886
AdaBoost,No SMOTE,0,0,0.1744311028445886
AdaBoost,No SMOTE,0,0,0.17726965587952628
AdaBoost,No SMOTE,0,0,0.17726965587952628
AdaBoost,No SMOTE,0,0,0.13586401457059089
AdaBoost,No SMOTE,0,0,0.18496367037446623
AdaBoost,No SMOTE,0,0,0.17726965587952628
AdaBoost,No SMOTE,0,0,0.1689822365998279
AdaBoost,No SMOTE,0,0,0.1689822365998279
AdaBoost,No SMOTE,0,0,0.1744311028445886
AdaBoost,No SMOTE,0,0,0.16618389338377842
AdaBoost,No SMOTE,0,0,0.1689822365998279
AdaBoost,No SMOTE,0,0,0.1744311028445886
AdaBoost,No SMOTE,0,0,0.11920292202211763
AdaBoost,No SMOTE,0,0,0.1744311028445886
AdaBoost,No SMOTE,0,0,0.14895992415852724
AdaBoost,No SMOTE,0,0,0.1744311028445886
AdaBoost,No SMOTE,0,0,0.1456228192075175
AdaBoost,No SMOTE,0,0,0.21607329118820193
AdaBoost,No SMOTE,0,0,0.1744311028445886
AdaBoost,No SMOTE,0,0,0.21607329118820193
AdaBoost,No SMOTE,0,0,0.17726965587952628
AdaBoost,No SMOTE,0,0,0.1689822365998279
AdaBoost,No SMOTE,0,0,0.16618389338377842
AdaBoost,No SMOTE,0,0,0.1431363477165842
AdaBoost,No SMOTE,0,0,0.17726965587952628
AdaBoost,No SMOTE,0,0,0.22493649393812828
AdaBoost,No SMOTE,0,0,0.16867357177983938
AdaBoost,No SMOTE,0,0,0.17726965587952628
AdaBoost,No SMOTE,0,0,0.1689822365998279
AdaBoost,No SMOTE,0,0,0.1719470769852437
AdaBoost,No SMOTE,0,0,0.14895992415852724
AdaBoost,No SMOTE,0,0,0.3270269471122895
AdaBoost,No SMOTE,0,0,0.1689822365998279
AdaBoost,No SMOTE,0,0,0.1744311028445886
AdaBoost,No SMOTE,0,0,0.1744311028445886
AdaBoost,No SMOTE,0,0,0.18800989342479768
AdaBoost,No SMOTE,0,0,0.16342013312650427
AdaBoost,No SMOTE,0,0,0.1689822365998279
AdaBoost,No SMOTE,0,0,0.1744311028445886
AdaBoost,No SMOTE,0,0,0.2193403423397052
AdaBoost,No SMOTE,0,0,0.1689822365998279
AdaBoost,No SMOTE,0,0,0.17726965587952628
AdaBoost,No SMOTE,0,0,0.25081468689261593
AdaBoost,No SMOTE,0,0,0.22493649393812828
AdaBoost,No SMOTE,0,0,0.17726965587952628
AdaBoost,No SMOTE,0,0,0.1744311028445886
AdaBoost,No SMOTE,0,0,0.17043552930931818
AdaBoost,No SMOTE,0,0,0.17726965587952628
AdaBoost,No SMOTE,0,0,0.17726965587952628
AdaBoost,No SMOTE,0,0,0.17726965587952628
AdaBoost,No SMOTE,0,0,0.1689822365998279
AdaBoost,No SMOTE,0,0,0.1689822365998279
AdaBoost,No SMOTE,0,0,0.22493649393812828
AdaBoost,No SMOTE,0,0,0.1744311028445886
AdaBoost,No SMOTE,0,0,0.13019713023369225
AdaBoost,No SMOTE,0,0,0.1689822365998279
AdaBoost,No SMOTE,0,0,0.1689822365998279
AdaBoost,No SMOTE,0,0,0.22295168509089985
AdaBoost,No SMOTE,0,0,0.17726965587952628
AdaBoost,No SMOTE,0,0,0.18800989342479768
AdaBoost,No SMOTE,0,0,0.18800989342479768
AdaBoost,No SMOTE,0,0,0.1744311028445886
AdaBoost,No SMOTE,0,0,0.17726965587952628
AdaBoost,No SMOTE,0,0,0.17726965587952628
AdaBoost,No SMOTE,0,0,0.14895992415852724
AdaBoost,No SMOTE,0,0,0.22017433581447826
AdaBoost,No SMOTE,0,0,0.1744311028445886
AdaBoost,No SMOTE,0,0,0.22493649393812828
AdaBoost,No SMOTE,0,0,0.16342013312650427
AdaBoost,No SMOTE,0,0,0.1689822365998279
AdaBoost,No SMOTE,0,0,0.13586401457059089
AdaBoost,No SMOTE,0,0,0.16203849466010875
AdaBoost,No SMOTE,0,0,0.17726965587952628
AdaBoost,No SMOTE,0,0,0.14895992415852724
AdaBoost,No SMOTE,0,0,0.17726965587952628
AdaBoost,No SMOTE,0,0,0.1744311028445886
AdaBoost,No SMOTE,0,0,0.22493649393812828
AdaBoost,No SMOTE,0,0,0.17726965587952628
AdaBoost,No SMOTE,0,0,0.1744311028445886
AdaBoost,No SMOTE,0,0,0.1744311028445886
AdaBoost,No SMOTE,0,0,0.1689822365998279
AdaBoost,No SMOTE,0,0,0.22493649393812828
AdaBoost,No SMOTE,0,0,0.1744311028445886
AdaBoost,No SMOTE,0,0,0.1744311028445886
AdaBoost,No SMOTE,0,0,0.14895992415852724
AdaBoost,No SMOTE,0,0,0.22493649393812828
AdaBoost,No SMOTE,0,0,0.1689822365998279
AdaBoost,No SMOTE,0,0,0.1689822365998279
AdaBoost,No SMOTE,0,0,0.1689822365998279
AdaBoost,No SMOTE,0,0,0.1744311028445886
AdaBoost,No SMOTE,0,0,0.1689822365998279
AdaBoost,No SMOTE,0,0,0.1744311028445886
AdaBoost,No SMOTE,0,0,0.1689822365998279
AdaBoost,No SMOTE,0,0,0.1689822365998279
AdaBoost,No SMOTE,0,0,0.1931443810264556
AdaBoost,No SMOTE,0,0,0.1689822365998279
AdaBoost,No SMOTE,0,0,0.16867357177983938
AdaBoost,No SMOTE,0,0,0.17726965587952628
AdaBoost,No SMOTE,0,0,0.1689822365998279
AdaBoost,No SMOTE,0,0,0.1744311028445886
AdaBoost,No SMOTE,0,0,0.1689822365998279
AdaBoost,No SMOTE,0,0,0.22493649393812828
AdaBoost,No SMOTE,0,0,0.1689822365998279
AdaBoost,No SMOTE,0,0,0.17452323501899744
AdaBoost,No SMOTE,0,0,0.11920292202211763
AdaBoost,No SMOTE,0,0,0.17726965587952628
AdaBoost,No SMOTE,0,0,0.16342013312650427
AdaBoost,No SMOTE,0,0,0.17726965587952628
AdaBoost,No SMOTE,0,0,0.17726965587952628
AdaBoost,No SMOTE,0,0,0.17726965587952628
AdaBoost,No SMOTE,0,0,0.16342013312650427
AdaBoost,No SMOTE,0,0,0.13019713023369225
AdaBoost,No SMOTE,0,0,0.1689822365998279
AdaBoost,No SMOTE,1,1,0.6938090254856314
AdaBoost,No SMOTE,0,0,0.16867357177983938
AdaBoost,No SMOTE,0,0,0.26348243932586984
AdaBoost,No SMOTE,0,0,0.14895992415852724
AdaBoost,No SMOTE,0,0,0.17726965587952628
AdaBoost,No SMOTE,0,0,0.14895992415852724
AdaBoost,No SMOTE,0,0,0.14895992415852724
AdaBoost,No SMOTE,0,0,0.14895992415852724
AdaBoost,No SMOTE,0,0,0.1744311028445886
AdaBoost,No SMOTE,0,0,0.17726965587952628
AdaBoost,No SMOTE,0,0,0.1689822365998279
AdaBoost,No SMOTE,0,0,0.16895403564617684
AdaBoost,No SMOTE,0,0,0.1689822365998279
AdaBoost,No SMOTE,0,0,0.1431423024436669
AdaBoost,No SMOTE,0,0,0.17726965587952628
AdaBoost,No SMOTE,0,0,0.1689822365998279
AdaBoost,No SMOTE,0,0,0.22493649393812828
AdaBoost,No SMOTE,0,0,0.18496367037446623
AdaBoost,No SMOTE,0,0,0.1689822365998279
AdaBoost,No SMOTE,0,0,0.17726965587952628
AdaBoost,No SMOTE,0,0,0.1689822365998279
AdaBoost,No SMOTE,0,0,0.1689822365998279
AdaBoost,No SMOTE,0,0,0.17726965587952628
AdaBoost,No SMOTE,0,0,0.22493649393812828
AdaBoost,No SMOTE,0,0,0.17726965587952628
AdaBoost,No SMOTE,0,0,0.17726965587952628
AdaBoost,No SMOTE,0,0,0.22843520662470906
AdaBoost,No SMOTE,0,0,0.1744311028445886
AdaBoost,No SMOTE,0,0,0.17726965587952628
AdaBoost,No SMOTE,0,0,0.13586401457059089
AdaBoost,No SMOTE,0,0,0.22493649393812828
AdaBoost,No SMOTE,0,0,0.1689822365998279
AdaBoost,No SMOTE,0,0,0.21607329118820193
AdaBoost,No SMOTE,0,0,0.2193403423397052
AdaBoost,No SMOTE,0,0,0.17726965587952628
AdaBoost,No SMOTE,0,0,0.16867357177983938
AdaBoost,No SMOTE,0,0,0.14895992415852724
AdaBoost,No SMOTE,0,0,0.17726965587952628
AdaBoost,No SMOTE,0,0,0.1689822365998279
AdaBoost,No SMOTE,0,0,0.17043552930931818
AdaBoost,No SMOTE,0,0,0.14895992415852724
AdaBoost,No SMOTE,0,0,0.22493649393812828
AdaBoost,No SMOTE,0,0,0.225942801680166
AdaBoost,No SMOTE,0,0,0.16618389338377842
AdaBoost,No SMOTE,0,0,0.17726965587952628
AdaBoost,No SMOTE,0,0,0.22843520662470906
AdaBoost,No SMOTE,0,0,0.1744311028445886
AdaBoost,No SMOTE,0,0,0.14895992415852724
AdaBoost,No SMOTE,0,0,0.23435506113090693
AdaBoost,No SMOTE,0,0,0.1689822365998279
AdaBoost,No SMOTE,0,0,0.1689822365998279
AdaBoost,No SMOTE,0,0,0.1431423024436669
AdaBoost,No SMOTE,0,0,0.11920292202211763
AdaBoost,No SMOTE,0,0,0.14895992415852724
AdaBoost,No SMOTE,0,0,0.1431423024436669
AdaBoost,No SMOTE,0,0,0.2193403423397052
AdaBoost,No SMOTE,0,0,0.14895992415852724
AdaBoost,No SMOTE,0,0,0.1431423024436669
AdaBoost,No SMOTE,0,0,0.1689822365998279
AdaBoost,No SMOTE,0,0,0.18800989342479768
AdaBoost,No SMOTE,0,0,0.14895992415852724
AdaBoost,No SMOTE,0,0,0.1744311028445886
AdaBoost,No SMOTE,0,0,0.1689822365998279
AdaBoost,No SMOTE,0,0,0.22493649393812828
AdaBoost,No SMOTE,0,0,0.13019713023369225
AdaBoost,No SMOTE,0,0,0.11920292202211763
AdaBoost,No SMOTE,0,0,0.1744311028445886
AdaBoost,No SMOTE,0,0,0.17726965587952628
AdaBoost,No SMOTE,0,0,0.1744311028445886
AdaBoost,No SMOTE,0,0,0.16342013312650427
AdaBoost,No SMOTE,0,0,0.1744311028445886
AdaBoost,No SMOTE,0,0,0.17726965587952628
AdaBoost,No SMOTE,0,0,0.20002774141121915
AdaBoost,No SMOTE,0,0,0.17726965587952628
AdaBoost,No SMOTE,0,0,0.19805707668831612
AdaBoost,No SMOTE,0,0,0.1744311028445886
AdaBoost,No SMOTE,0,0,0.17726965587952628
AdaBoost,No SMOTE,0,0,0.14895992415852724
AdaBoost,No SMOTE,0,0,0.1689822365998279
AdaBoost,No SMOTE,0,0,0.13019713023369225
AdaBoost,No SMOTE,0,0,0.1689822365998279
AdaBoost,No SMOTE,0,0,0.18800989342479768
AdaBoost,No SMOTE,0,0,0.21607329118820193
AdaBoost,No SMOTE,0,0,0.1689822365998279
AdaBoost,No SMOTE,0,0,0.1744311028445886
AdaBoost,No SMOTE,0,0,0.17043552930931818
AdaBoost,No SMOTE,0,0,0.1689822365998279
AdaBoost,No SMOTE,0,0,0.18800989342479768
AdaBoost,No SMOTE,0,0,0.1719470769852437
AdaBoost,No SMOTE,0,0,0.1689822365998279
AdaBoost,No SMOTE,0,0,0.14895992415852724
AdaBoost,No SMOTE,0,0,0.22493649393812828
AdaBoost,No SMOTE,0,0,0.17726965587952628
AdaBoost,No SMOTE,0,0,0.2193403423397052
AdaBoost,No SMOTE,0,0,0.22493649393812828
AdaBoost,No SMOTE,0,0,0.1689822365998279
AdaBoost,No SMOTE,0,0,0.191758796857404
AdaBoost,No SMOTE,0,0,0.1431423024436669
AdaBoost,No SMOTE,0,0,0.16342013312650427
AdaBoost,No SMOTE,0,0,0.17643129068755622
AdaBoost,No SMOTE,0,0,0.1744311028445886
AdaBoost,No SMOTE,0,0,0.1744311028445886
AdaBoost,No SMOTE,0,0,0.1431423024436669
AdaBoost,No SMOTE,0,0,0.17726965587952628
AdaBoost,No SMOTE,0,0,0.22843520662470906
AdaBoost,No SMOTE,0,0,0.17726965587952628
AdaBoost,No SMOTE,0,0,0.1719470769852437
AdaBoost,No SMOTE,0,0,0.17726965587952628
AdaBoost,No SMOTE,0,0,0.1689822365998279
AdaBoost,No SMOTE,0,0,0.17726965587952628
AdaBoost,No SMOTE,0,0,0.1719470769852437
AdaBoost,No SMOTE,0,0,0.1744311028445886
AdaBoost,No SMOTE,0,0,0.1689822365998279
AdaBoost,No SMOTE,0,0,0.17726965587952628
AdaBoost,No SMOTE,0,0,0.16895403564617684
AdaBoost,No SMOTE,0,0,0.1689822365998279
AdaBoost,No SMOTE,0,0,0.1744311028445886
AdaBoost,No SMOTE,0,0,0.17726965587952628
AdaBoost,No SMOTE,0,0,0.1689822365998279
AdaBoost,No SMOTE,0,0,0.17726965587952628
AdaBoost,No SMOTE,0,0,0.1744311028445886
AdaBoost,No SMOTE,0,0,0.1744311028445886
AdaBoost,No SMOTE,0,0,0.1689822365998279
AdaBoost,No SMOTE,0,0,0.1744311028445886
AdaBoost,No SMOTE,0,0,0.18800989342479768
AdaBoost,No SMOTE,0,0,0.14895992415852724
AdaBoost,No SMOTE,0,0,0.1719470769852437
AdaBoost,No SMOTE,0,0,0.1744311028445886
AdaBoost,No SMOTE,0,0,0.1689822365998279
AdaBoost,No SMOTE,0,0,0.1744311028445886
AdaBoost,No SMOTE,0,0,0.205659675438033
AdaBoost,No SMOTE,0,0,0.17726965587952628
AdaBoost,No SMOTE,0,0,0.1744311028445886
AdaBoost,No SMOTE,0,0,0.1431423024436669
AdaBoost,No SMOTE,0,0,0.14895992415852724
AdaBoost,No SMOTE,0,0,0.1689822365998279
AdaBoost,No SMOTE,0,0,0.1744311028445886
AdaBoost,No SMOTE,0,0,0.16618389338377842
AdaBoost,No SMOTE,0,0,0.1744311028445886
AdaBoost,No SMOTE,0,0,0.1744311028445886
AdaBoost,No SMOTE,0,0,0.13019713023369225
AdaBoost,No SMOTE,0,0,0.1744311028445886
AdaBoost,No SMOTE,0,0,0.16342013312650427
AdaBoost,No SMOTE,0,0,0.1431423024436669
AdaBoost,No SMOTE,0,0,0.2091061060399178
AdaBoost,No SMOTE,0,0,0.13019713023369225
AdaBoost,No SMOTE,0,0,0.1744311028445886
AdaBoost,No SMOTE,0,0,0.17726965587952628
AdaBoost,No SMOTE,0,0,0.1689822365998279
AdaBoost,No SMOTE,0,0,0.17726965587952628
AdaBoost,No SMOTE,0,0,0.1689822365998279
AdaBoost,No SMOTE,0,0,0.1689822365998279
AdaBoost,No SMOTE,0,0,0.1689822365998279
AdaBoost,No SMOTE,0,0,0.1689822365998279
AdaBoost,No SMOTE,0,0,0.14895992415852724
AdaBoost,No SMOTE,0,0,0.13019713023369225
AdaBoost,No SMOTE,0,0,0.1744311028445886
AdaBoost,No SMOTE,0,0,0.17726965587952628
AdaBoost,No SMOTE,0,0,0.1689822365998279
AdaBoost,No SMOTE,0,0,0.13586401457059089
AdaBoost,No SMOTE,0,0,0.22493649393812828
AdaBoost,No SMOTE,0,0,0.1744311028445886
AdaBoost,No SMOTE,0,0,0.1689822365998279
AdaBoost,No SMOTE,0,0,0.1744311028445886
AdaBoost,No SMOTE,0,0,0.1689822365998279
AdaBoost,No SMOTE,0,0,0.1744311028445886
AdaBoost,No SMOTE,0,0,0.22493649393812828
AdaBoost,No SMOTE,0,0,0.1744311028445886
AdaBoost,No SMOTE,0,0,0.1689822365998279
AdaBoost,No SMOTE,0,0,0.11920292202211763
AdaBoost,No SMOTE,0,0,0.1744311028445886
AdaBoost,No SMOTE,0,0,0.1689822365998279
AdaBoost,No SMOTE,0,0,0.17726965587952628
AdaBoost,No SMOTE,0,0,0.1689822365998279
AdaBoost,No SMOTE,0,0,0.2193403423397052
AdaBoost,No SMOTE,0,0,0.17726965587952628
AdaBoost,No SMOTE,0,0,0.13019713023369225
AdaBoost,No SMOTE,0,0,0.18800989342479768
AdaBoost,No SMOTE,0,0,0.19003443635734119
AdaBoost,No SMOTE,0,0,0.1689822365998279
AdaBoost,No SMOTE,0,0,0.23595205353816107
AdaBoost,No SMOTE,0,0,0.1689822365998279
AdaBoost,No SMOTE,0,0,0.17726965587952628
AdaBoost,No SMOTE,0,0,0.1689822365998279
AdaBoost,No SMOTE,0,0,0.16203849466010875
AdaBoost,No SMOTE,0,0,0.18800989342479768
AdaBoost,No SMOTE,0,0,0.1689822365998279
AdaBoost,No SMOTE,0,0,0.1689822365998279
AdaBoost,No SMOTE,0,0,0.1689822365998279
AdaBoost,No SMOTE,0,0,0.17726965587952628
AdaBoost,No SMOTE,0,0,0.1719470769852437
AdaBoost,No SMOTE,0,0,0.16618389338377842
AdaBoost,No SMOTE,0,0,0.1744311028445886
AdaBoost,No SMOTE,0,0,0.1689822365998279
AdaBoost,No SMOTE,0,0,0.14895992415852724
AdaBoost,No SMOTE,0,0,0.1719470769852437
AdaBoost,No SMOTE,0,0,0.1689822365998279
AdaBoost,No SMOTE,0,0,0.191758796857404
AdaBoost,No SMOTE,0,0,0.22044238283982498
AdaBoost,No SMOTE,0,0,0.13019713023369225
AdaBoost,No SMOTE,0,0,0.13019713023369225
AdaBoost,No SMOTE,0,0,0.1744311028445886
AdaBoost,No SMOTE,0,0,0.17726965587952628
AdaBoost,No SMOTE,0,0,0.14895992415852724
AdaBoost,No SMOTE,0,0,0.1744311028445886
AdaBoost,No SMOTE,0,0,0.17726965587952628
AdaBoost,No SMOTE,0,0,0.2010720391108761
AdaBoost,No SMOTE,0,0,0.1689822365998279
AdaBoost,No SMOTE,0,0,0.1744311028445886
AdaBoost,No SMOTE,0,0,0.17726965587952628
AdaBoost,No SMOTE,0,0,0.22843520662470906
AdaBoost,No SMOTE,0,0,0.16618389338377842
AdaBoost,No SMOTE,0,0,0.1689822365998279
AdaBoost,No SMOTE,0,0,0.16895403564617684
AdaBoost,No SMOTE,0,0,0.1744311028445886
AdaBoost,No SMOTE,0,0,0.17726965587952628
AdaBoost,No SMOTE,0,0,0.1744311028445886
AdaBoost,No SMOTE,0,0,0.16203849466010875
AdaBoost,No SMOTE,0,0,0.1689822365998279
AdaBoost,No SMOTE,0,0,0.17726965587952628
AdaBoost,No SMOTE,0,0,0.1689822365998279
AdaBoost,No SMOTE,0,0,0.17726965587952628
AdaBoost,No SMOTE,0,0,0.17726965587952628
AdaBoost,No SMOTE,0,0,0.1744311028445886
AdaBoost,No SMOTE,0,0,0.1744311028445886
AdaBoost,No SMOTE,0,0,0.1744311028445886
AdaBoost,No SMOTE,0,0,0.1719470769852437
AdaBoost,No SMOTE,0,0,0.2211488914469814
AdaBoost,No SMOTE,0,0,0.14895992415852724
AdaBoost,No SMOTE,0,0,0.13019713023369225
AdaBoost,No SMOTE,0,0,0.1689822365998279
AdaBoost,No SMOTE,0,0,0.21607329118820193
AdaBoost,No SMOTE,0,0,0.1456228192075175
AdaBoost,No SMOTE,0,0,0.2091061060399178
AdaBoost,No SMOTE,0,0,0.16203849466010875
AdaBoost,No SMOTE,0,0,0.22493649393812828
AdaBoost,No SMOTE,0,0,0.21607329118820193
AdaBoost,No SMOTE,0,0,0.13019713023369225
AdaBoost,No SMOTE,0,0,0.1689822365998279
AdaBoost,No SMOTE,0,0,0.1689822365998279
AdaBoost,No SMOTE,0,0,0.16867357177983938
AdaBoost,No SMOTE,0,0,0.11920292202211763
AdaBoost,No SMOTE,0,0,0.1689822365998279
AdaBoost,No SMOTE,0,0,0.11920292202211763
AdaBoost,No SMOTE,0,0,0.1689822365998279
AdaBoost,No SMOTE,0,0,0.1786840584100862
AdaBoost,No SMOTE,0,0,0.1689822365998279
AdaBoost,No SMOTE,0,0,0.22493649393812828
AdaBoost,No SMOTE,0,0,0.1689822365998279
AdaBoost,No SMOTE,0,0,0.1744311028445886
AdaBoost,No SMOTE,0,0,0.21607329118820193
AdaBoost,No SMOTE,0,0,0.1431363477165842
AdaBoost,No SMOTE,0,0,0.18800989342479768
AdaBoost,No SMOTE,0,0,0.13019713023369225
AdaBoost,No SMOTE,0,0,0.1744311028445886
AdaBoost,No SMOTE,0,0,0.1689822365998279
AdaBoost,No SMOTE,0,0,0.1744311028445886
AdaBoost,No SMOTE,0,0,0.16342013312650427
AdaBoost,No SMOTE,0,0,0.13019713023369225
AdaBoost,No SMOTE,0,0,0.11920292202211763
AdaBoost,No SMOTE,0,0,0.1689822365998279
AdaBoost,No SMOTE,0,0,0.17726965587952628
AdaBoost,No SMOTE,0,0,0.21607329118820193
AdaBoost,No SMOTE,0,0,0.1689822365998279
AdaBoost,No SMOTE,0,0,0.1689822365998279
AdaBoost,No SMOTE,0,0,0.13019713023369225
AdaBoost,No SMOTE,0,0,0.1689822365998279
AdaBoost,No SMOTE,0,0,0.1744311028445886
AdaBoost,No SMOTE,0,0,0.14895992415852724
AdaBoost,No SMOTE,0,0,0.14895992415852724
AdaBoost,No SMOTE,0,0,0.22493649393812828
AdaBoost,No SMOTE,0,0,0.11920292202211763
AdaBoost,No SMOTE,0,0,0.1998789329879396
AdaBoost,No SMOTE,0,0,0.17726965587952628
AdaBoost,No SMOTE,0,0,0.17726965587952628
AdaBoost,No SMOTE,0,0,0.14895992415852724
AdaBoost,No SMOTE,0,0,0.1744311028445886
AdaBoost,No SMOTE,0,0,0.17133680384090874
AdaBoost,No SMOTE,0,0,0.2193403423397052
AdaBoost,No SMOTE,0,0,0.1689822365998279
AdaBoost,No SMOTE,0,0,0.13019713023369225
AdaBoost,No SMOTE,0,0,0.1744311028445886
AdaBoost,No SMOTE,0,0,0.22843520662470906
AdaBoost,No SMOTE,0,0,0.1744311028445886
AdaBoost,No SMOTE,0,0,0.1456228192075175
AdaBoost,No SMOTE,0,0,0.22493649393812828
AdaBoost,No SMOTE,0,0,0.1744311028445886
AdaBoost,No SMOTE,0,0,0.1689822365998279
AdaBoost,No SMOTE,0,0,0.13019713023369225
AdaBoost,No SMOTE,0,0,0.1689822365998279
AdaBoost,No SMOTE,0,0,0.1431423024436669
AdaBoost,No SMOTE,0,0,0.1744311028445886
AdaBoost,No SMOTE,0,0,0.1431423024436669
AdaBoost,No SMOTE,0,0,0.1744311028445886
AdaBoost,No SMOTE,0,0,0.1744311028445886
AdaBoost,No SMOTE,0,0,0.1744311028445886
AdaBoost,No SMOTE,0,0,0.18800989342479768
AdaBoost,No SMOTE,0,0,0.1689822365998279
AdaBoost,No SMOTE,0,0,0.11920292202211763
AdaBoost,No SMOTE,0,0,0.18496367037446623
AdaBoost,No SMOTE,0,0,0.1431423024436669
AdaBoost,No SMOTE,0,0,0.1689822365998279
AdaBoost,No SMOTE,0,0,0.17726965587952628
AdaBoost,No SMOTE,0,0,0.16618389338377842
AdaBoost,No SMOTE,0,0,0.13019713023369225
AdaBoost,No SMOTE,0,0,0.1689822365998279
AdaBoost,No SMOTE,0,0,0.1689822365998279
AdaBoost,No SMOTE,0,0,0.21607329118820193
AdaBoost,No SMOTE,0,0,0.1786840584100862
AdaBoost,No SMOTE,0,0,0.2091061060399178
AdaBoost,No SMOTE,0,0,0.14895992415852724
AdaBoost,No SMOTE,0,0,0.1719470769852437
AdaBoost,No SMOTE,0,0,0.1744311028445886
AdaBoost,No SMOTE,0,0,0.22493649393812828
AdaBoost,No SMOTE,0,0,0.17043552930931818
AdaBoost,No SMOTE,0,0,0.21928751511544514
AdaBoost,No SMOTE,0,0,0.1719470769852437
AdaBoost,No SMOTE,0,0,0.17726965587952628
AdaBoost,No SMOTE,0,0,0.11920292202211763
AdaBoost,No SMOTE,0,0,0.1689822365998279
AdaBoost,No SMOTE,0,0,0.1689822365998279
AdaBoost,No SMOTE,0,0,0.17726965587952628
AdaBoost,No SMOTE,0,0,0.14895992415852724
AdaBoost,No SMOTE,0,0,0.13019713023369225
AdaBoost,No SMOTE,0,0,0.1744311028445886
AdaBoost,No SMOTE,0,0,0.2193403423397052
AdaBoost,No SMOTE,0,0,0.22493649393812828
AdaBoost,No SMOTE,0,0,0.1744311028445886
AdaBoost,No SMOTE,0,0,0.1689822365998279
AdaBoost,No SMOTE,0,0,0.16203849466010875
AdaBoost,No SMOTE,0,0,0.22493649393812828
AdaBoost,No SMOTE,0,0,0.11920292202211763
AdaBoost,No SMOTE,0,0,0.17726965587952628
AdaBoost,No SMOTE,0,0,0.17726965587952628
AdaBoost,No SMOTE,0,0,0.1744311028445886
AdaBoost,No SMOTE,0,0,0.16895403564617684
AdaBoost,No SMOTE,0,0,0.17726965587952628
AdaBoost,No SMOTE,0,0,0.1689822365998279
AdaBoost,No SMOTE,0,0,0.1689822365998279
AdaBoost,No SMOTE,0,0,0.1689822365998279
AdaBoost,No SMOTE,0,0,0.17726965587952628
AdaBoost,No SMOTE,0,0,0.1689822365998279
AdaBoost,No SMOTE,0,0,0.17726965587952628
AdaBoost,No SMOTE,0,0,0.13019713023369225
AdaBoost,No SMOTE,0,0,0.1689822365998279
AdaBoost,No SMOTE,0,0,0.17726965587952628
AdaBoost,No SMOTE,0,0,0.1689822365998279
AdaBoost,No SMOTE,0,0,0.22017433581447826
AdaBoost,No SMOTE,0,0,0.1744311028445886
AdaBoost,No SMOTE,0,0,0.2193403423397052
AdaBoost,No SMOTE,0,0,0.18800989342479768
AdaBoost,No SMOTE,0,0,0.2193403423397052
AdaBoost,No SMOTE,0,0,0.1689822365998279
AdaBoost,No SMOTE,0,0,0.191758796857404
AdaBoost,No SMOTE,0,0,0.191758796857404
AdaBoost,No SMOTE,0,0,0.14895992415852724
AdaBoost,No SMOTE,0,0,0.14798688540029464
AdaBoost,No SMOTE,0,0,0.17133680384090874
AdaBoost,No SMOTE,0,0,0.1744311028445886
AdaBoost,No SMOTE,0,0,0.1719470769852437
AdaBoost,No SMOTE,0,0,0.1744311028445886
AdaBoost,No SMOTE,0,0,0.21573524134425506
AdaBoost,No SMOTE,0,0,0.11920292202211763
AdaBoost,No SMOTE,0,0,0.22176486665410824
AdaBoost,No SMOTE,0,0,0.1744311028445886
AdaBoost,No SMOTE,0,0,0.1689822365998279
AdaBoost,No SMOTE,0,0,0.14895992415852724
AdaBoost,No SMOTE,0,0,0.1744311028445886
AdaBoost,No SMOTE,0,0,0.1744311028445886
AdaBoost,No SMOTE,0,0,0.1689822365998279
AdaBoost,No SMOTE,0,0,0.1744311028445886
AdaBoost,No SMOTE,0,0,0.1744311028445886
AdaBoost,No SMOTE,0,0,0.18800989342479768
AdaBoost,No SMOTE,0,0,0.1744311028445886
AdaBoost,No SMOTE,0,0,0.1689822365998279
AdaBoost,No SMOTE,0,0,0.17726965587952628
AdaBoost,No SMOTE,0,0,0.17726965587952628
AdaBoost,No SMOTE,0,0,0.14895992415852724
AdaBoost,No SMOTE,0,0,0.21928751511544514
AdaBoost,No SMOTE,0,0,0.17726965587952628
AdaBoost,No SMOTE,0,0,0.17726965587952628
AdaBoost,No SMOTE,0,0,0.22493649393812828
AdaBoost,No SMOTE,0,0,0.22493649393812828
AdaBoost,No SMOTE,0,0,0.1744311028445886
AdaBoost,No SMOTE,0,0,0.1689822365998279
AdaBoost,No SMOTE,0,0,0.22493649393812828
AdaBoost,No SMOTE,0,0,0.18496367037446623
AdaBoost,No SMOTE,0,0,0.22176486665410824
AdaBoost,No SMOTE,0,0,0.17726965587952628
AdaBoost,No SMOTE,0,0,0.1689822365998279
AdaBoost,No SMOTE,0,0,0.1689822365998279
AdaBoost,No SMOTE,0,0,0.16895403564617684
AdaBoost,No SMOTE,0,0,0.11920292202211763
AdaBoost,No SMOTE,0,0,0.22493649393812828
AdaBoost,No SMOTE,0,0,0.21607329118820193
AdaBoost,No SMOTE,0,0,0.14895992415852724
AdaBoost,No SMOTE,0,0,0.1689822365998279
AdaBoost,No SMOTE,0,0,0.1744311028445886
AdaBoost,No SMOTE,0,0,0.1744311028445886
AdaBoost,No SMOTE,0,0,0.17726965587952628
AdaBoost,No SMOTE,0,0,0.18800989342479768
AdaBoost,No SMOTE,0,0,0.1744311028445886
AdaBoost,No SMOTE,0,0,0.1689822365998279
AdaBoost,No SMOTE,0,0,0.22493649393812828
AdaBoost,No SMOTE,0,0,0.2193403423397052
AdaBoost,No SMOTE,0,0,0.1689822365998279
AdaBoost,No SMOTE,0,0,0.22295168509089985
AdaBoost,No SMOTE,0,0,0.11920292202211763
AdaBoost,No SMOTE,0,0,0.13586401457059089
AdaBoost,No SMOTE,0,0,0.13586401457059089
AdaBoost,No SMOTE,0,0,0.1744311028445886
AdaBoost,No SMOTE,0,0,0.17726965587952628
AdaBoost,No SMOTE,0,0,0.1744311028445886
AdaBoost,No SMOTE,0,0,0.14895992415852724
AdaBoost,No SMOTE,0,0,0.13586401457059089
AdaBoost,No SMOTE,0,0,0.22044238283982498
AdaBoost,No SMOTE,0,0,0.17643129068755622
AdaBoost,No SMOTE,0,0,0.1689822365998279
AdaBoost,No SMOTE,0,0,0.1744311028445886
AdaBoost,No SMOTE,0,0,0.1744311028445886
AdaBoost,No SMOTE,0,0,0.17726965587952628
AdaBoost,No SMOTE,0,0,0.1744311028445886
AdaBoost,No SMOTE,0,0,0.1689822365998279
AdaBoost,No SMOTE,0,0,0.1689822365998279
AdaBoost,No SMOTE,0,0,0.21607329118820193
AdaBoost,No SMOTE,0,0,0.1431423024436669
AdaBoost,No SMOTE,0,0,0.1744311028445886
AdaBoost,No SMOTE,0,0,0.18800989342479768
AdaBoost,No SMOTE,0,0,0.1744311028445886
AdaBoost,No SMOTE,0,0,0.22493649393812828
AdaBoost,No SMOTE,0,0,0.17726965587952628
AdaBoost,No SMOTE,0,0,0.1689822365998279
AdaBoost,No SMOTE,0,0,0.17726965587952628
AdaBoost,No SMOTE,0,0,0.1744311028445886
AdaBoost,No SMOTE,0,0,0.14895992415852724
AdaBoost,No SMOTE,0,0,0.13019713023369225
AdaBoost,No SMOTE,0,0,0.2193403423397052
AdaBoost,No SMOTE,0,0,0.17726965587952628
AdaBoost,No SMOTE,0,0,0.21607329118820193
AdaBoost,No SMOTE,0,0,0.16342013312650427
AdaBoost,No SMOTE,0,0,0.14895992415852724
AdaBoost,No SMOTE,0,0,0.16895403564617684
AdaBoost,No SMOTE,0,0,0.1689822365998279
AdaBoost,No SMOTE,0,0,0.22493649393812828
AdaBoost,No SMOTE,0,0,0.1456228192075175
AdaBoost,No SMOTE,0,0,0.1744311028445886
AdaBoost,No SMOTE,0,0,0.1744311028445886
AdaBoost,No SMOTE,0,0,0.1431423024436669
AdaBoost,No SMOTE,0,0,0.13586401457059089
AdaBoost,No SMOTE,0,0,0.1744311028445886
AdaBoost,No SMOTE,0,0,0.16618389338377842
AdaBoost,No SMOTE,0,0,0.16895403564617684
AdaBoost,No SMOTE,0,0,0.14895992415852724
AdaBoost,No SMOTE,0,0,0.16342013312650427
AdaBoost,No SMOTE,0,0,0.1744311028445886
AdaBoost,No SMOTE,0,0,0.13019713023369225
AdaBoost,No SMOTE,0,0,0.1689822365998279
AdaBoost,No SMOTE,0,0,0.1431423024436669
AdaBoost,No SMOTE,0,0,0.11920292202211763
AdaBoost,No SMOTE,0,0,0.22493649393812828
AdaBoost,No SMOTE,0,0,0.17726965587952628
AdaBoost,No SMOTE,0,0,0.17726965587952628
AdaBoost,No SMOTE,0,0,0.1689822365998279
AdaBoost,No SMOTE,0,0,0.1744311028445886
AdaBoost,No SMOTE,0,0,0.17726965587952628
AdaBoost,No SMOTE,0,0,0.2193403423397052
AdaBoost,No SMOTE,0,0,0.191758796857404
AdaBoost,No SMOTE,0,0,0.191758796857404
AdaBoost,No SMOTE,0,0,0.22493649393812828
AdaBoost,No SMOTE,0,0,0.1719470769852437
AdaBoost,No SMOTE,0,0,0.1744311028445886
AdaBoost,No SMOTE,0,0,0.14651749284402038
AdaBoost,No SMOTE,0,0,0.14895992415852724
AdaBoost,No SMOTE,0,0,0.22493649393812828
AdaBoost,No SMOTE,0,0,0.22493649393812828
AdaBoost,No SMOTE,0,0,0.2193403423397052
AdaBoost,No SMOTE,0,0,0.13019713023369225
AdaBoost,No SMOTE,0,0,0.13019713023369225
AdaBoost,No SMOTE,0,0,0.21607329118820193
AdaBoost,No SMOTE,0,0,0.1689822365998279
AdaBoost,No SMOTE,0,0,0.1689822365998279
AdaBoost,No SMOTE,0,0,0.1744311028445886
AdaBoost,No SMOTE,0,0,0.14895992415852724
AdaBoost,No SMOTE,0,0,0.22493649393812828
AdaBoost,No SMOTE,0,0,0.1431423024436669
AdaBoost,No SMOTE,0,0,0.13019713023369225
AdaBoost,No SMOTE,0,0,0.1689822365998279
AdaBoost,No SMOTE,0,0,0.1689822365998279
AdaBoost,No SMOTE,0,0,0.1689822365998279
AdaBoost,No SMOTE,0,0,0.14895992415852724
AdaBoost,No SMOTE,0,0,0.1689822365998279
AdaBoost,No SMOTE,0,0,0.18800989342479768
AdaBoost,No SMOTE,0,0,0.13019713023369225
AdaBoost,No SMOTE,0,0,0.1689822365998279
AdaBoost,No SMOTE,0,0,0.1744311028445886
AdaBoost,No SMOTE,0,0,0.17726965587952628
AdaBoost,No SMOTE,0,0,0.14895992415852724
AdaBoost,No SMOTE,0,0,0.14895992415852724
AdaBoost,No SMOTE,0,0,0.2193403423397052
AdaBoost,No SMOTE,0,0,0.16895403564617684
AdaBoost,No SMOTE,0,0,0.1689822365998279
AdaBoost,No SMOTE,0,0,0.23595205353816107
AdaBoost,No SMOTE,0,0,0.17726965587952628
AdaBoost,No SMOTE,0,0,0.1744311028445886
AdaBoost,No SMOTE,0,0,0.1744311028445886
AdaBoost,No SMOTE,0,0,0.13019713023369225
AdaBoost,No SMOTE,0,0,0.17726965587952628
AdaBoost,No SMOTE,0,0,0.17726965587952628
AdaBoost,No SMOTE,0,0,0.1689822365998279
AdaBoost,No SMOTE,0,0,0.22843520662470906
AdaBoost,No SMOTE,0,0,0.1689822365998279
AdaBoost,No SMOTE,0,0,0.11920292202211763
AdaBoost,No SMOTE,0,0,0.13019713023369225
AdaBoost,No SMOTE,0,0,0.13586401457059089
AdaBoost,No SMOTE,0,0,0.14895992415852724
AdaBoost,No SMOTE,0,0,0.1719470769852437
AdaBoost,No SMOTE,0,0,0.17726965587952628
AdaBoost,No SMOTE,0,0,0.22017433581447826
AdaBoost,No SMOTE,0,0,0.13019713023369225
AdaBoost,No SMOTE,0,0,0.14895992415852724
AdaBoost,No SMOTE,0,0,0.16895403564617684
AdaBoost,No SMOTE,0,0,0.16618389338377842
AdaBoost,No SMOTE,0,0,0.1744311028445886
AdaBoost,No SMOTE,0,0,0.18800989342479768
AdaBoost,No SMOTE,0,0,0.1689822365998279
AdaBoost,No SMOTE,0,0,0.16895403564617684
AdaBoost,No SMOTE,0,0,0.17726965587952628
AdaBoost,No SMOTE,0,0,0.25081468689261593
AdaBoost,No SMOTE,0,0,0.11920292202211763
AdaBoost,No SMOTE,0,0,0.1689822365998279
AdaBoost,No SMOTE,0,0,0.14895992415852724
AdaBoost,No SMOTE,0,0,0.1744311028445886
AdaBoost,No SMOTE,0,0,0.17643129068755622
AdaBoost,No SMOTE,0,0,0.21928751511544514
AdaBoost,No SMOTE,0,0,0.1744311028445886
AdaBoost,No SMOTE,0,0,0.1689822365998279
AdaBoost,No SMOTE,0,0,0.1689822365998279
AdaBoost,No SMOTE,0,0,0.16618389338377842
AdaBoost,No SMOTE,0,0,0.2193403423397052
AdaBoost,No SMOTE,0,0,0.21607329118820193
AdaBoost,No SMOTE,0,0,0.16618389338377842
AdaBoost,No SMOTE,0,0,0.205659675438033
AdaBoost,No SMOTE,0,0,0.1744311028445886
AdaBoost,No SMOTE,0,0,0.1689822365998279
AdaBoost,No SMOTE,0,0,0.1689822365998279
AdaBoost,No SMOTE,0,0,0.1689822365998279
AdaBoost,No SMOTE,0,0,0.22493649393812828
AdaBoost,No SMOTE,0,0,0.17643129068755622
AdaBoost,No SMOTE,0,0,0.2193403423397052
AdaBoost,No SMOTE,0,0,0.1744311028445886
AdaBoost,No SMOTE,0,0,0.1689822365998279
AdaBoost,No SMOTE,0,0,0.13586401457059089
AdaBoost,No SMOTE,0,0,0.22493649393812828
AdaBoost,No SMOTE,0,0,0.1689822365998279
AdaBoost,No SMOTE,0,0,0.17726965587952628
AdaBoost,No SMOTE,0,0,0.14895992415852724
AdaBoost,No SMOTE,0,0,0.22493649393812828
AdaBoost,No SMOTE,0,0,0.1744311028445886
AdaBoost,No SMOTE,0,0,0.17726965587952628
AdaBoost,No SMOTE,0,0,0.14895992415852724
AdaBoost,No SMOTE,0,0,0.16342013312650427
AdaBoost,No SMOTE,0,0,0.22493649393812828
AdaBoost,No SMOTE,0,0,0.1719470769852437
AdaBoost,No SMOTE,0,0,0.13019713023369225
AdaBoost,No SMOTE,0,0,0.13586401457059089
AdaBoost,No SMOTE,0,0,0.1689822365998279
AdaBoost,No SMOTE,0,0,0.1744311028445886
AdaBoost,No SMOTE,0,0,0.14895992415852724
AdaBoost,No SMOTE,0,0,0.17726965587952628
AdaBoost,No SMOTE,0,0,0.21607329118820193
AdaBoost,No SMOTE,0,0,0.17726965587952628
AdaBoost,No SMOTE,0,0,0.13019713023369225
AdaBoost,No SMOTE,0,0,0.1689822365998279
AdaBoost,No SMOTE,0,0,0.17726965587952628
AdaBoost,No SMOTE,0,0,0.17643129068755622
AdaBoost,No SMOTE,0,0,0.1744311028445886
AdaBoost,No SMOTE,0,0,0.22493649393812828
AdaBoost,No SMOTE,0,0,0.16895403564617684
AdaBoost,No SMOTE,0,0,0.18800989342479768
AdaBoost,No SMOTE,0,0,0.17726965587952628
AdaBoost,No SMOTE,0,0,0.14895992415852724
AdaBoost,No SMOTE,0,0,0.191758796857404
AdaBoost,No SMOTE,0,0,0.11920292202211763
AdaBoost,No SMOTE,0,0,0.1719470769852437
AdaBoost,No SMOTE,0,0,0.1689822365998279
AdaBoost,No SMOTE,0,0,0.16342013312650427
AdaBoost,No SMOTE,0,0,0.14895992415852724
AdaBoost,No SMOTE,0,0,0.1689822365998279
AdaBoost,No SMOTE,0,0,0.1689822365998279
AdaBoost,No SMOTE,0,0,0.2193403423397052
AdaBoost,No SMOTE,0,0,0.17726965587952628
AdaBoost,No SMOTE,0,0,0.1689822365998279
AdaBoost,No SMOTE,0,0,0.1744311028445886
AdaBoost,No SMOTE,0,0,0.1719470769852437
AdaBoost,No SMOTE,0,0,0.1719470769852437
AdaBoost,No SMOTE,0,0,0.22493649393812828
AdaBoost,No SMOTE,0,0,0.1431423024436669
AdaBoost,No SMOTE,0,0,0.14798688540029464
AdaBoost,No SMOTE,0,0,0.16895403564617684
AdaBoost,No SMOTE,0,0,0.14895992415852724
AdaBoost,No SMOTE,0,0,0.1744311028445886
AdaBoost,No SMOTE,0,0,0.1689822365998279
AdaBoost,No SMOTE,0,0,0.17726965587952628
AdaBoost,No SMOTE,0,0,0.17726965587952628
AdaBoost,No SMOTE,0,0,0.1689822365998279
AdaBoost,No SMOTE,0,0,0.1689822365998279
AdaBoost,No SMOTE,0,0,0.13019713023369225
AdaBoost,No SMOTE,0,0,0.17726965587952628
AdaBoost,No SMOTE,0,0,0.21607329118820193
AdaBoost,No SMOTE,0,0,0.1689822365998279
AdaBoost,No SMOTE,0,0,0.1744311028445886
AdaBoost,No SMOTE,0,0,0.1689822365998279
AdaBoost,No SMOTE,0,0,0.1744311028445886
AdaBoost,No SMOTE,0,0,0.1689822365998279
AdaBoost,No SMOTE,0,0,0.22493649393812828
AdaBoost,No SMOTE,0,0,0.1431363477165842
AdaBoost,No SMOTE,0,0,0.1689822365998279
AdaBoost,No SMOTE,0,0,0.2193403423397052
AdaBoost,No SMOTE,0,0,0.2193403423397052
AdaBoost,No SMOTE,0,0,0.1689822365998279
AdaBoost,No SMOTE,0,0,0.1744311028445886
AdaBoost,No SMOTE,0,0,0.1744311028445886
AdaBoost,No SMOTE,0,0,0.16203849466010875
AdaBoost,No SMOTE,0,0,0.1744311028445886
AdaBoost,No SMOTE,0,0,0.17643129068755622
AdaBoost,No SMOTE,0,0,0.19003443635734119
AdaBoost,No SMOTE,0,0,0.16618389338377842
AdaBoost,No SMOTE,0,0,0.22493649393812828
AdaBoost,No SMOTE,0,0,0.1689822365998279
AdaBoost,No SMOTE,0,0,0.13019713023369225
AdaBoost,No SMOTE,0,0,0.17726965587952628
AdaBoost,No SMOTE,0,0,0.1719470769852437
AdaBoost,No SMOTE,0,0,0.1689822365998279
AdaBoost,No SMOTE,0,0,0.16867357177983938
AdaBoost,No SMOTE,0,0,0.191758796857404
AdaBoost,No SMOTE,0,0,0.16895403564617684
AdaBoost,No SMOTE,0,0,0.13019713023369225
AdaBoost,No SMOTE,0,0,0.16895403564617684
AdaBoost,No SMOTE,0,0,0.1689822365998279
AdaBoost,No SMOTE,0,0,0.22493649393812828
AdaBoost,No SMOTE,0,0,0.22017433581447826
AdaBoost,No SMOTE,0,0,0.1689822365998279
AdaBoost,No SMOTE,0,0,0.2193403423397052
AdaBoost,No SMOTE,0,0,0.22493649393812828
AdaBoost,No SMOTE,0,0,0.17726965587952628
AdaBoost,No SMOTE,0,0,0.18496367037446623
AdaBoost,No SMOTE,0,0,0.13019713023369225
AdaBoost,No SMOTE,0,0,0.17726965587952628
AdaBoost,No SMOTE,0,0,0.205659675438033
AdaBoost,No SMOTE,0,0,0.14895992415852724
AdaBoost,No SMOTE,0,0,0.17726965587952628
AdaBoost,No SMOTE,0,0,0.191758796857404
AdaBoost,No SMOTE,0,0,0.22493649393812828
AdaBoost,No SMOTE,0,0,0.1689822365998279
AdaBoost,No SMOTE,0,0,0.13019713023369225
AdaBoost,No SMOTE,0,0,0.1719470769852437
AdaBoost,No SMOTE,0,0,0.2193403423397052
AdaBoost,No SMOTE,0,0,0.22493649393812828
AdaBoost,No SMOTE,0,0,0.17726965587952628
AdaBoost,No SMOTE,0,0,0.17726965587952628
AdaBoost,No SMOTE,0,0,0.17726965587952628
AdaBoost,No SMOTE,0,0,0.1689822365998279
AdaBoost,No SMOTE,0,0,0.1744311028445886
AdaBoost,No SMOTE,0,0,0.14895992415852724
AdaBoost,No SMOTE,0,0,0.16895403564617684
AdaBoost,No SMOTE,0,0,0.17726965587952628
AdaBoost,No SMOTE,0,0,0.2193403423397052
AdaBoost,No SMOTE,0,0,0.17726965587952628
AdaBoost,No SMOTE,0,0,0.1689822365998279
AdaBoost,No SMOTE,0,0,0.14895992415852724
AdaBoost,No SMOTE,0,0,0.1431363477165842
AdaBoost,No SMOTE,0,0,0.13019713023369225
AdaBoost,No SMOTE,0,0,0.13019713023369225
AdaBoost,No SMOTE,0,0,0.17726965587952628
AdaBoost,No SMOTE,0,0,0.1689822365998279
AdaBoost,No SMOTE,0,0,0.2193403423397052
AdaBoost,No SMOTE,0,0,0.13019713023369225
AdaBoost,No SMOTE,0,0,0.14895992415852724
AdaBoost,No SMOTE,0,0,0.1689822365998279
AdaBoost,No SMOTE,0,0,0.11920292202211763
AdaBoost,No SMOTE,0,0,0.1689822365998279
AdaBoost,No SMOTE,0,0,0.14895992415852724
AdaBoost,No SMOTE,0,0,0.22493649393812828
AdaBoost,No SMOTE,0,0,0.11920292202211763
AdaBoost,No SMOTE,0,0,0.21607329118820193
AdaBoost,No SMOTE,0,0,0.18800989342479768
AdaBoost,No SMOTE,0,0,0.1744311028445886
AdaBoost,No SMOTE,0,0,0.14895992415852724
AdaBoost,No SMOTE,0,0,0.1931443810264556
AdaBoost,No SMOTE,0,0,0.1689822365998279
AdaBoost,No SMOTE,0,0,0.17726965587952628
AdaBoost,No SMOTE,0,0,0.17726965587952628
AdaBoost,No SMOTE,0,0,0.1689822365998279
AdaBoost,No SMOTE,0,0,0.16867357177983938
AdaBoost,No SMOTE,0,0,0.1744311028445886
AdaBoost,No SMOTE,0,0,0.1689822365998279
AdaBoost,No SMOTE,0,0,0.16203849466010875
AdaBoost,No SMOTE,0,0,0.1744311028445886
AdaBoost,No SMOTE,0,0,0.22044238283982498
AdaBoost,No SMOTE,0,0,0.1744311028445886
AdaBoost,No SMOTE,0,0,0.1689822365998279
AdaBoost,No SMOTE,0,0,0.22493649393812828
AdaBoost,No SMOTE,0,0,0.14895992415852724
AdaBoost,No SMOTE,0,0,0.16867357177983938
AdaBoost,No SMOTE,0,0,0.22493649393812828
AdaBoost,No SMOTE,0,0,0.14895992415852724
AdaBoost,No SMOTE,0,0,0.22493649393812828
AdaBoost,No SMOTE,0,0,0.16342013312650427
AdaBoost,No SMOTE,0,0,0.1689822365998279
AdaBoost,No SMOTE,0,0,0.1431423024436669
AdaBoost,No SMOTE,0,0,0.17726965587952628
AdaBoost,No SMOTE,0,0,0.17726965587952628
AdaBoost,No SMOTE,0,0,0.1744311028445886
AdaBoost,No SMOTE,0,0,0.22493649393812828
AdaBoost,No SMOTE,0,0,0.1744311028445886
AdaBoost,No SMOTE,0,0,0.17726965587952628
AdaBoost,No SMOTE,0,0,0.1456228192075175
AdaBoost,No SMOTE,0,0,0.1689822365998279
AdaBoost,No SMOTE,0,0,0.17726965587952628
AdaBoost,No SMOTE,0,0,0.1744311028445886
AdaBoost,No SMOTE,0,0,0.1689822365998279
AdaBoost,No SMOTE,0,0,0.1689822365998279
AdaBoost,No SMOTE,0,0,0.1744311028445886
AdaBoost,No SMOTE,0,0,0.16895403564617684
AdaBoost,No SMOTE,0,0,0.1689822365998279
AdaBoost,No SMOTE,0,0,0.16618389338377842
AdaBoost,No SMOTE,0,0,0.1689822365998279
AdaBoost,No SMOTE,0,0,0.1719470769852437
AdaBoost,No SMOTE,0,0,0.1744311028445886
AdaBoost,No SMOTE,0,0,0.16618389338377842
AdaBoost,No SMOTE,0,0,0.1431423024436669
AdaBoost,No SMOTE,0,0,0.1431423024436669
AdaBoost,No SMOTE,0,0,0.14895992415852724
AdaBoost,No SMOTE,0,0,0.1689822365998279
AdaBoost,No SMOTE,0,0,0.22044238283982498
AdaBoost,No SMOTE,0,0,0.1689822365998279
AdaBoost,No SMOTE,0,0,0.1744311028445886
AdaBoost,No SMOTE,0,0,0.16867357177983938
AdaBoost,No SMOTE,0,0,0.2228277728066096
AdaBoost,No SMOTE,0,0,0.1431423024436669
AdaBoost,No SMOTE,0,0,0.17726965587952628
AdaBoost,No SMOTE,0,0,0.1689822365998279
AdaBoost,No SMOTE,0,0,0.1456228192075175
AdaBoost,No SMOTE,0,0,0.17726965587952628
AdaBoost,No SMOTE,0,0,0.1689822365998279
AdaBoost,No SMOTE,0,0,0.11920292202211763
AdaBoost,No SMOTE,0,0,0.21573524134425506
AdaBoost,No SMOTE,0,0,0.1744311028445886
AdaBoost,No SMOTE,0,0,0.22493649393812828
AdaBoost,No SMOTE,0,0,0.17726965587952628
AdaBoost,No SMOTE,0,0,0.11920292202211763
AdaBoost,No SMOTE,0,0,0.13586401457059089
AdaBoost,No SMOTE,0,0,0.18800989342479768
AdaBoost,No SMOTE,0,0,0.2193403423397052
AdaBoost,No SMOTE,0,0,0.21573524134425506
AdaBoost,No SMOTE,0,0,0.1689822365998279
AdaBoost,No SMOTE,0,0,0.17726965587952628
AdaBoost,No SMOTE,0,0,0.1744311028445886
AdaBoost,No SMOTE,0,0,0.1744311028445886
AdaBoost,No SMOTE,0,0,0.17726965587952628
AdaBoost,No SMOTE,0,0,0.17726965587952628
AdaBoost,No SMOTE,0,0,0.17726965587952628
AdaBoost,No SMOTE,0,0,0.11920292202211763
AdaBoost,No SMOTE,0,0,0.14895992415852724
AdaBoost,No SMOTE,0,0,0.21607329118820193
AdaBoost,No SMOTE,0,0,0.21607329118820193
AdaBoost,No SMOTE,0,0,0.14895992415852724
AdaBoost,No SMOTE,0,0,0.14895992415852724
AdaBoost,No SMOTE,0,0,0.1689822365998279
AdaBoost,No SMOTE,0,0,0.1689822365998279
AdaBoost,No SMOTE,0,0,0.1719470769852437
AdaBoost,No SMOTE,0,0,0.22843520662470906
AdaBoost,No SMOTE,0,0,0.21607329118820193
AdaBoost,No SMOTE,0,0,0.17726965587952628
AdaBoost,No SMOTE,0,0,0.1689822365998279
AdaBoost,No SMOTE,0,0,0.21607329118820193
AdaBoost,No SMOTE,0,0,0.18496367037446623
AdaBoost,No SMOTE,0,0,0.1744311028445886
AdaBoost,No SMOTE,0,0,0.16342013312650427
AdaBoost,No SMOTE,0,0,0.21607329118820193
AdaBoost,No SMOTE,0,0,0.16618389338377842
AdaBoost,No SMOTE,0,0,0.22493649393812828
AdaBoost,No SMOTE,0,0,0.1689822365998279
AdaBoost,No SMOTE,0,0,0.22017433581447826
AdaBoost,No SMOTE,0,0,0.1744311028445886
AdaBoost,No SMOTE,0,0,0.22843520662470906
AdaBoost,No SMOTE,0,0,0.22493649393812828
AdaBoost,No SMOTE,0,0,0.13019713023369225
AdaBoost,No SMOTE,0,0,0.13019713023369225
AdaBoost,No SMOTE,1,1,0.6540582380913202
AdaBoost,No SMOTE,0,0,0.21607329118820193
AdaBoost,No SMOTE,0,0,0.22017433581447826
AdaBoost,No SMOTE,0,0,0.1744311028445886
AdaBoost,No SMOTE,0,0,0.1456228192075175
AdaBoost,No SMOTE,0,0,0.22044238283982498
AdaBoost,No SMOTE,0,0,0.14895992415852724
AdaBoost,No SMOTE,0,0,0.18800989342479768
AdaBoost,No SMOTE,0,0,0.1744311028445886
AdaBoost,No SMOTE,0,0,0.1689822365998279
AdaBoost,No SMOTE,0,0,0.1744311028445886
AdaBoost,No SMOTE,0,0,0.17726965587952628
AdaBoost,No SMOTE,0,0,0.1744311028445886
AdaBoost,No SMOTE,0,0,0.17726965587952628
AdaBoost,No SMOTE,0,0,0.17726965587952628
AdaBoost,No SMOTE,0,0,0.17726965587952628
AdaBoost,No SMOTE,0,0,0.17726965587952628
AdaBoost,No SMOTE,0,0,0.13586401457059089
AdaBoost,No SMOTE,0,0,0.1744311028445886
AdaBoost,No SMOTE,0,0,0.17726965587952628
AdaBoost,No SMOTE,0,0,0.11920292202211763
AdaBoost,No SMOTE,0,0,0.11920292202211763
AdaBoost,No SMOTE,0,0,0.22176486665410824
AdaBoost,No SMOTE,0,0,0.1744311028445886
AdaBoost,No SMOTE,0,0,0.14895992415852724
AdaBoost,No SMOTE,0,0,0.17726965587952628
AdaBoost,No SMOTE,0,0,0.17726965587952628
AdaBoost,No SMOTE,0,0,0.17726965587952628
AdaBoost,No SMOTE,0,0,0.17726965587952628
AdaBoost,No SMOTE,0,0,0.21928751511544514
AdaBoost,No SMOTE,0,0,0.17726965587952628
AdaBoost,No SMOTE,0,0,0.16895403564617684
AdaBoost,No SMOTE,0,0,0.1689822365998279
AdaBoost,No SMOTE,0,0,0.1744311028445886
AdaBoost,No SMOTE,0,0,0.18800989342479768
AdaBoost,No SMOTE,0,0,0.16203849466010875
AdaBoost,No SMOTE,0,0,0.1744311028445886
AdaBoost,No SMOTE,0,0,0.17726965587952628
AdaBoost,No SMOTE,0,0,0.1744311028445886
AdaBoost,No SMOTE,0,0,0.2193403423397052
AdaBoost,No SMOTE,0,0,0.11920292202211763
AdaBoost,No SMOTE,0,0,0.22493649393812828
AdaBoost,No SMOTE,0,0,0.1744311028445886
AdaBoost,No SMOTE,0,0,0.16618389338377842
AdaBoost,No SMOTE,0,0,0.1744311028445886
AdaBoost,No SMOTE,0,0,0.2193403423397052
AdaBoost,No SMOTE,0,0,0.14895992415852724
AdaBoost,No SMOTE,0,0,0.17726965587952628
AdaBoost,No SMOTE,0,0,0.17726965587952628
AdaBoost,No SMOTE,0,0,0.18800989342479768
AdaBoost,No SMOTE,0,0,0.1456228192075175
AdaBoost,No SMOTE,0,0,0.1689822365998279
AdaBoost,No SMOTE,0,0,0.22843520662470906
AdaBoost,No SMOTE,0,0,0.1689822365998279
AdaBoost,No SMOTE,0,0,0.14895992415852724
AdaBoost,No SMOTE,0,0,0.17726965587952628
AdaBoost,No SMOTE,0,0,0.13586401457059089
AdaBoost,No SMOTE,0,0,0.21607329118820193
AdaBoost,No SMOTE,0,0,0.17726965587952628
AdaBoost,No SMOTE,0,0,0.1689822365998279
AdaBoost,No SMOTE,0,0,0.13586401457059089
AdaBoost,No SMOTE,0,0,0.17726965587952628
AdaBoost,No SMOTE,0,0,0.1719470769852437
AdaBoost,No SMOTE,0,0,0.1744311028445886
AdaBoost,No SMOTE,0,0,0.1744311028445886
AdaBoost,No SMOTE,0,0,0.14895992415852724
AdaBoost,No SMOTE,0,0,0.17726965587952628
AdaBoost,No SMOTE,0,0,0.17043552930931818
AdaBoost,No SMOTE,0,0,0.14798688540029464
AdaBoost,No SMOTE,0,0,0.1689822365998279
AdaBoost,No SMOTE,0,0,0.1689822365998279
AdaBoost,No SMOTE,0,0,0.21928751511544514
AdaBoost,No SMOTE,0,0,0.14895992415852724
AdaBoost,No SMOTE,0,0,0.1689822365998279
AdaBoost,No SMOTE,0,0,0.1689822365998279
AdaBoost,No SMOTE,0,0,0.22493649393812828
AdaBoost,No SMOTE,0,0,0.18800989342479768
AdaBoost,No SMOTE,0,0,0.1744311028445886
AdaBoost,No SMOTE,0,0,0.1431423024436669
AdaBoost,No SMOTE,0,0,0.13586401457059089
AdaBoost,No SMOTE,0,0,0.13019713023369225
AdaBoost,No SMOTE,0,0,0.1744311028445886
AdaBoost,No SMOTE,0,0,0.17726965587952628
AdaBoost,No SMOTE,0,0,0.1744311028445886
AdaBoost,No SMOTE,0,0,0.16618389338377842
AdaBoost,No SMOTE,0,0,0.1744311028445886
AdaBoost,No SMOTE,0,0,0.30796018348835746
AdaBoost,No SMOTE,0,0,0.1689822365998279
AdaBoost,No SMOTE,0,0,0.17726965587952628
AdaBoost,No SMOTE,0,0,0.21607329118820193
AdaBoost,No SMOTE,0,0,0.1689822365998279
AdaBoost,No SMOTE,0,0,0.22493649393812828
AdaBoost,No SMOTE,0,0,0.1744311028445886
AdaBoost,No SMOTE,0,0,0.17726965587952628
AdaBoost,No SMOTE,0,0,0.1689822365998279
AdaBoost,No SMOTE,0,0,0.1689822365998279
AdaBoost,No SMOTE,0,0,0.1689822365998279
AdaBoost,No SMOTE,0,0,0.1689822365998279
AdaBoost,No SMOTE,0,0,0.1689822365998279
AdaBoost,No SMOTE,0,0,0.1744311028445886
AdaBoost,No SMOTE,0,0,0.1744311028445886
AdaBoost,No SMOTE,0,0,0.13586401457059089
AdaBoost,No SMOTE,0,0,0.17726965587952628
AdaBoost,No SMOTE,0,0,0.18496367037446623
AdaBoost,No SMOTE,0,0,0.13019713023369225
AdaBoost,No SMOTE,0,0,0.16342013312650427
AdaBoost,No SMOTE,0,0,0.14895992415852724
AdaBoost,No SMOTE,0,0,0.191758796857404
AdaBoost,No SMOTE,0,0,0.1431423024436669
AdaBoost,No SMOTE,0,0,0.19003443635734119
AdaBoost,No SMOTE,0,0,0.21607329118820193
AdaBoost,No SMOTE,0,0,0.14895992415852724
AdaBoost,No SMOTE,0,0,0.1744311028445886
AdaBoost,No SMOTE,0,0,0.1431423024436669
AdaBoost,No SMOTE,0,0,0.22493649393812828
AdaBoost,No SMOTE,0,0,0.13586401457059089
AdaBoost,No SMOTE,0,0,0.1431363477165842
AdaBoost,No SMOTE,0,0,0.1689822365998279
AdaBoost,No SMOTE,0,0,0.16618389338377842
AdaBoost,No SMOTE,0,0,0.21607329118820193
AdaBoost,No SMOTE,0,0,0.1744311028445886
AdaBoost,No SMOTE,0,0,0.191758796857404
AdaBoost,No SMOTE,0,0,0.1744311028445886
AdaBoost,No SMOTE,0,0,0.1744311028445886
AdaBoost,No SMOTE,0,0,0.1719470769852437
AdaBoost,No SMOTE,0,0,0.22843520662470906
AdaBoost,No SMOTE,0,0,0.1689822365998279
AdaBoost,No SMOTE,0,0,0.17726965587952628
AdaBoost,No SMOTE,0,0,0.14895992415852724
AdaBoost,No SMOTE,0,0,0.16895403564617684
AdaBoost,No SMOTE,0,0,0.14895992415852724
AdaBoost,No SMOTE,0,0,0.2193403423397052
AdaBoost,No SMOTE,0,0,0.13019713023369225
AdaBoost,No SMOTE,0,0,0.1744311028445886
AdaBoost,No SMOTE,0,0,0.17726965587952628
AdaBoost,No SMOTE,0,0,0.1744311028445886
AdaBoost,No SMOTE,0,0,0.13586401457059089
AdaBoost,No SMOTE,0,0,0.1744311028445886
AdaBoost,No SMOTE,0,0,0.1744311028445886
AdaBoost,No SMOTE,0,0,0.1689822365998279
AdaBoost,No SMOTE,0,0,0.1689822365998279
AdaBoost,No SMOTE,0,0,0.17726965587952628
AdaBoost,No SMOTE,0,0,0.17726965587952628
AdaBoost,No SMOTE,0,0,0.1689822365998279
AdaBoost,No SMOTE,0,0,0.1719470769852437
AdaBoost,No SMOTE,0,0,0.22493649393812828
AdaBoost,No SMOTE,0,0,0.13019713023369225
AdaBoost,No SMOTE,0,0,0.13586401457059089
AdaBoost,No SMOTE,0,0,0.17726965587952628
AdaBoost,No SMOTE,0,0,0.13019713023369225
AdaBoost,No SMOTE,0,0,0.16618389338377842
AdaBoost,No SMOTE,0,0,0.1744311028445886
AdaBoost,No SMOTE,0,0,0.21607329118820193
AdaBoost,No SMOTE,0,0,0.16203849466010875
AdaBoost,No SMOTE,0,0,0.1689822365998279
AdaBoost,No SMOTE,0,0,0.22493649393812828
AdaBoost,No SMOTE,0,0,0.16342013312650427
AdaBoost,No SMOTE,0,0,0.17726965587952628
AdaBoost,No SMOTE,0,0,0.1431363477165842
AdaBoost,No SMOTE,0,0,0.1744311028445886
AdaBoost,No SMOTE,0,0,0.1689822365998279
AdaBoost,No SMOTE,0,0,0.1744311028445886
AdaBoost,No SMOTE,0,0,0.13019713023369225
AdaBoost,No SMOTE,0,0,0.1689822365998279
AdaBoost,No SMOTE,0,0,0.1689822365998279
AdaBoost,No SMOTE,0,0,0.16895403564617684
AdaBoost,No SMOTE,0,0,0.1689822365998279
AdaBoost,No SMOTE,0,0,0.1431423024436669
AdaBoost,No SMOTE,0,0,0.22295168509089985
AdaBoost,No SMOTE,0,0,0.17726965587952628
AdaBoost,No SMOTE,0,0,0.16895403564617684
AdaBoost,No SMOTE,0,0,0.1744311028445886
AdaBoost,No SMOTE,0,0,0.22493649393812828
AdaBoost,No SMOTE,0,0,0.13019713023369225
AdaBoost,No SMOTE,0,0,0.1689822365998279
AdaBoost,No SMOTE,0,0,0.1689822365998279
AdaBoost,No SMOTE,0,0,0.1744311028445886
AdaBoost,No SMOTE,0,0,0.1744311028445886
AdaBoost,No SMOTE,0,0,0.1744311028445886
AdaBoost,No SMOTE,0,0,0.17726965587952628
AdaBoost,No SMOTE,0,0,0.17726965587952628
AdaBoost,No SMOTE,0,0,0.1431423024436669
AdaBoost,No SMOTE,0,0,0.1744311028445886
AdaBoost,No SMOTE,0,0,0.14798688540029464
AdaBoost,No SMOTE,0,0,0.11920292202211763
AdaBoost,No SMOTE,0,0,0.1689822365998279
AdaBoost,No SMOTE,0,0,0.1431363477165842
AdaBoost,No SMOTE,0,0,0.1744311028445886
AdaBoost,No SMOTE,0,0,0.1744311028445886
AdaBoost,No SMOTE,0,0,0.22493649393812828
AdaBoost,No SMOTE,0,0,0.1689822365998279
AdaBoost,No SMOTE,0,0,0.1689822365998279
AdaBoost,No SMOTE,0,0,0.1744311028445886
AdaBoost,No SMOTE,0,0,0.17726965587952628
AdaBoost,No SMOTE,0,0,0.17726965587952628
AdaBoost,No SMOTE,0,0,0.1744311028445886
AdaBoost,No SMOTE,0,0,0.21573524134425506
AdaBoost,No SMOTE,0,0,0.1689822365998279
AdaBoost,No SMOTE,0,0,0.1689822365998279
AdaBoost,No SMOTE,0,0,0.17726965587952628
AdaBoost,No SMOTE,0,0,0.1744311028445886
AdaBoost,No SMOTE,0,0,0.11920292202211763
AdaBoost,No SMOTE,0,0,0.13586401457059089
AdaBoost,No SMOTE,0,0,0.18800989342479768
AdaBoost,No SMOTE,0,0,0.1689822365998279
AdaBoost,No SMOTE,0,0,0.1689822365998279
AdaBoost,No SMOTE,0,0,0.1719470769852437
AdaBoost,No SMOTE,0,0,0.1689822365998279
AdaBoost,No SMOTE,0,0,0.1744311028445886
AdaBoost,No SMOTE,0,0,0.1744311028445886
AdaBoost,No SMOTE,0,0,0.1689822365998279
AdaBoost,No SMOTE,0,0,0.13586401457059089
AdaBoost,No SMOTE,0,0,0.17452323501899744
AdaBoost,No SMOTE,0,0,0.1744311028445886
AdaBoost,No SMOTE,0,0,0.1689822365998279
AdaBoost,No SMOTE,0,0,0.18496367037446623
AdaBoost,No SMOTE,0,0,0.13019713023369225
AdaBoost,No SMOTE,0,0,0.22493649393812828
AdaBoost,No SMOTE,0,0,0.1689822365998279
AdaBoost,No SMOTE,0,0,0.1689822365998279
AdaBoost,No SMOTE,0,0,0.13019713023369225
AdaBoost,No SMOTE,0,0,0.18800989342479768
AdaBoost,No SMOTE,0,0,0.17726965587952628
AdaBoost,No SMOTE,0,0,0.17182074334119965
AdaBoost,No SMOTE,0,0,0.14895992415852724
AdaBoost,No SMOTE,0,0,0.1744311028445886
AdaBoost,No SMOTE,0,0,0.13019713023369225
AdaBoost,No SMOTE,0,0,0.1689822365998279
AdaBoost,No SMOTE,0,0,0.14895992415852724
AdaBoost,No SMOTE,0,0,0.1689822365998279
AdaBoost,No SMOTE,0,0,0.1689822365998279
AdaBoost,No SMOTE,0,0,0.1689822365998279
AdaBoost,No SMOTE,0,0,0.1817818847462829
AdaBoost,No SMOTE,0,0,0.1689822365998279
AdaBoost,No SMOTE,0,0,0.16342013312650427
AdaBoost,No SMOTE,0,0,0.191758796857404
AdaBoost,No SMOTE,0,0,0.17726965587952628
AdaBoost,No SMOTE,0,0,0.13019713023369225
AdaBoost,No SMOTE,0,0,0.1744311028445886
AdaBoost,No SMOTE,0,0,0.16342013312650427
AdaBoost,No SMOTE,0,0,0.21573524134425506
AdaBoost,No SMOTE,0,0,0.2193403423397052
AdaBoost,No SMOTE,0,0,0.16867357177983938
AdaBoost,No SMOTE,0,0,0.16203849466010875
AdaBoost,No SMOTE,0,0,0.13019713023369225
AdaBoost,No SMOTE,0,0,0.17726965587952628
AdaBoost,No SMOTE,0,0,0.17726965587952628
AdaBoost,No SMOTE,0,0,0.14895992415852724
AdaBoost,No SMOTE,0,0,0.20002774141121915
AdaBoost,No SMOTE,0,0,0.14895992415852724
AdaBoost,No SMOTE,0,0,0.13019713023369225
AdaBoost,No SMOTE,0,0,0.17726965587952628
AdaBoost,No SMOTE,0,0,0.17726965587952628
AdaBoost,No SMOTE,0,0,0.1689822365998279
AdaBoost,No SMOTE,0,0,0.17726965587952628
AdaBoost,No SMOTE,0,0,0.17182074334119965
AdaBoost,No SMOTE,0,0,0.1744311028445886
AdaBoost,No SMOTE,0,0,0.17726965587952628
AdaBoost,No SMOTE,0,0,0.1689822365998279
AdaBoost,No SMOTE,0,0,0.1689822365998279
AdaBoost,No SMOTE,0,0,0.1689822365998279
AdaBoost,No SMOTE,0,0,0.1689822365998279
AdaBoost,No SMOTE,0,0,0.22843520662470906
AdaBoost,No SMOTE,0,0,0.21607329118820193
AdaBoost,No SMOTE,0,0,0.1689822365998279
AdaBoost,No SMOTE,0,0,0.16618389338377842
AdaBoost,No SMOTE,0,0,0.1689822365998279
AdaBoost,No SMOTE,0,0,0.17726965587952628
AdaBoost,No SMOTE,0,0,0.14895992415852724
AdaBoost,No SMOTE,0,0,0.22017433581447826
AdaBoost,No SMOTE,0,0,0.191758796857404
AdaBoost,No SMOTE,0,0,0.17726965587952628
AdaBoost,No SMOTE,0,0,0.18800989342479768
AdaBoost,No SMOTE,0,0,0.2193403423397052
AdaBoost,No SMOTE,0,0,0.1689822365998279
AdaBoost,No SMOTE,0,0,0.17726965587952628
AdaBoost,No SMOTE,0,0,0.13586401457059089
AdaBoost,No SMOTE,0,0,0.16203849466010875
AdaBoost,No SMOTE,0,0,0.20002774141121915
AdaBoost,No SMOTE,0,0,0.17726965587952628
AdaBoost,No SMOTE,0,0,0.17726965587952628
AdaBoost,No SMOTE,0,0,0.1431423024436669
AdaBoost,No SMOTE,0,0,0.1689822365998279
AdaBoost,No SMOTE,0,0,0.1744311028445886
AdaBoost,No SMOTE,0,0,0.21607329118820193
AdaBoost,No SMOTE,0,0,0.1689822365998279
AdaBoost,No SMOTE,0,0,0.13586401457059089
AdaBoost,No SMOTE,0,0,0.17726965587952628
AdaBoost,No SMOTE,0,0,0.1744311028445886
AdaBoost,No SMOTE,0,0,0.14895992415852724
AdaBoost,No SMOTE,0,0,0.16618389338377842
AdaBoost,No SMOTE,0,0,0.14895992415852724
AdaBoost,No SMOTE,0,0,0.1744311028445886
AdaBoost,No SMOTE,0,0,0.16867357177983938
AdaBoost,No SMOTE,0,0,0.13586401457059089
AdaBoost,No SMOTE,0,0,0.1689822365998279
AdaBoost,No SMOTE,1,1,0.6312225329935126
AdaBoost,No SMOTE,0,0,0.22176486665410824
AdaBoost,No SMOTE,0,0,0.17726965587952628
AdaBoost,No SMOTE,0,0,0.1689822365998279
AdaBoost,No SMOTE,0,0,0.18496367037446623
AdaBoost,No SMOTE,0,0,0.1689822365998279
AdaBoost,No SMOTE,0,0,0.14895992415852724
AdaBoost,No SMOTE,0,0,0.13019713023369225
AdaBoost,No SMOTE,0,0,0.16895403564617684
AdaBoost,No SMOTE,1,1,0.6540582380913202
AdaBoost,No SMOTE,0,0,0.18800989342479768
AdaBoost,No SMOTE,0,0,0.1689822365998279
AdaBoost,No SMOTE,0,0,0.13586401457059089
AdaBoost,No SMOTE,0,0,0.191758796857404
AdaBoost,No SMOTE,0,0,0.1431423024436669
AdaBoost,No SMOTE,0,0,0.17726965587952628
AdaBoost,No SMOTE,0,0,0.13586401457059089
AdaBoost,No SMOTE,0,0,0.18496367037446623
AdaBoost,No SMOTE,0,0,0.1744311028445886
AdaBoost,No SMOTE,0,0,0.1744311028445886
AdaBoost,No SMOTE,0,0,0.1689822365998279
AdaBoost,No SMOTE,0,0,0.1456228192075175
AdaBoost,No SMOTE,0,0,0.1689822365998279
AdaBoost,No SMOTE,0,0,0.1689822365998279
AdaBoost,No SMOTE,0,0,0.1744311028445886
AdaBoost,No SMOTE,0,0,0.11920292202211763
AdaBoost,No SMOTE,0,0,0.1719470769852437
AdaBoost,No SMOTE,0,0,0.14895992415852724
AdaBoost,No SMOTE,0,0,0.17726965587952628
AdaBoost,No SMOTE,0,0,0.17726965587952628
AdaBoost,No SMOTE,1,1,0.8537415624495786
AdaBoost,No SMOTE,0,0,0.1689822365998279
AdaBoost,No SMOTE,0,0,0.1744311028445886
AdaBoost,No SMOTE,0,0,0.14895992415852724
AdaBoost,No SMOTE,0,0,0.17043552930931818
AdaBoost,No SMOTE,0,0,0.1689822365998279
AdaBoost,No SMOTE,0,0,0.14895992415852724
AdaBoost,No SMOTE,0,0,0.22843520662470906
AdaBoost,No SMOTE,0,0,0.17726965587952628
AdaBoost,No SMOTE,0,0,0.22843520662470906
AdaBoost,No SMOTE,0,0,0.17726965587952628
AdaBoost,No SMOTE,0,0,0.16867357177983938
AdaBoost,No SMOTE,0,0,0.1689822365998279
AdaBoost,No SMOTE,0,0,0.17726965587952628
AdaBoost,No SMOTE,0,0,0.2193403423397052
AdaBoost,No SMOTE,0,0,0.14895992415852724
AdaBoost,No SMOTE,0,0,0.21607329118820193
AdaBoost,No SMOTE,0,0,0.1689822365998279
AdaBoost,No SMOTE,0,0,0.1744311028445886
AdaBoost,No SMOTE,0,0,0.21607329118820193
AdaBoost,No SMOTE,0,0,0.17726965587952628
AdaBoost,No SMOTE,0,0,0.191758796857404
AdaBoost,No SMOTE,0,0,0.1689822365998279
AdaBoost,No SMOTE,0,0,0.17726965587952628
AdaBoost,No SMOTE,0,0,0.14895992415852724
AdaBoost,No SMOTE,0,0,0.17726965587952628
AdaBoost,No SMOTE,0,0,0.17726965587952628
AdaBoost,No SMOTE,0,0,0.21607329118820193
AdaBoost,No SMOTE,0,0,0.17726965587952628
AdaBoost,No SMOTE,0,0,0.1689822365998279
AdaBoost,No SMOTE,0,0,0.11920292202211763
AdaBoost,No SMOTE,0,0,0.22493649393812828
AdaBoost,No SMOTE,0,0,0.17726965587952628
AdaBoost,No SMOTE,0,0,0.22493649393812828
AdaBoost,No SMOTE,0,0,0.1744311028445886
AdaBoost,No SMOTE,0,0,0.1744311028445886
AdaBoost,No SMOTE,0,0,0.22843520662470906
AdaBoost,No SMOTE,0,0,0.17726965587952628
AdaBoost,No SMOTE,0,0,0.11920292202211763
AdaBoost,No SMOTE,0,0,0.17726965587952628
AdaBoost,No SMOTE,0,0,0.18800989342479768
AdaBoost,No SMOTE,0,0,0.16867357177983938
AdaBoost,No SMOTE,0,0,0.17726965587952628
AdaBoost,No SMOTE,0,0,0.21607329118820193
AdaBoost,No SMOTE,0,0,0.17726965587952628
AdaBoost,No SMOTE,0,0,0.17726965587952628
AdaBoost,No SMOTE,0,0,0.205659675438033
AdaBoost,No SMOTE,0,0,0.16342013312650427
AdaBoost,No SMOTE,0,0,0.21607329118820193
AdaBoost,No SMOTE,0,0,0.1744311028445886
AdaBoost,No SMOTE,0,0,0.17726965587952628
AdaBoost,No SMOTE,0,0,0.17726965587952628
AdaBoost,No SMOTE,0,0,0.1689822365998279
AdaBoost,No SMOTE,0,0,0.2193403423397052
AdaBoost,No SMOTE,0,0,0.17726965587952628
AdaBoost,No SMOTE,0,0,0.17726965587952628
AdaBoost,No SMOTE,0,0,0.17133680384090874
AdaBoost,No SMOTE,0,0,0.16867357177983938
AdaBoost,No SMOTE,0,0,0.17726965587952628
AdaBoost,No SMOTE,0,0,0.17726965587952628
AdaBoost,No SMOTE,0,0,0.1689822365998279
AdaBoost,No SMOTE,0,0,0.17726965587952628
AdaBoost,No SMOTE,0,0,0.22493649393812828
AdaBoost,No SMOTE,0,0,0.17726965587952628
AdaBoost,No SMOTE,0,0,0.1744311028445886
AdaBoost,No SMOTE,0,0,0.13586401457059089
AdaBoost,No SMOTE,0,0,0.14895992415852724
AdaBoost,No SMOTE,0,0,0.21607329118820193
AdaBoost,No SMOTE,0,0,0.17726965587952628
AdaBoost,No SMOTE,0,0,0.1431423024436669
AdaBoost,No SMOTE,0,0,0.1689822365998279
AdaBoost,No SMOTE,0,0,0.1689822365998279
AdaBoost,No SMOTE,0,0,0.14895992415852724
AdaBoost,No SMOTE,0,0,0.1689822365998279
AdaBoost,No SMOTE,0,0,0.13019713023369225
AdaBoost,No SMOTE,0,0,0.1744311028445886
AdaBoost,No SMOTE,0,0,0.1931443810264556
AdaBoost,No SMOTE,0,0,0.1786840584100862
AdaBoost,No SMOTE,0,0,0.1431423024436669
AdaBoost,No SMOTE,0,0,0.22493649393812828
AdaBoost,No SMOTE,0,0,0.191758796857404
AdaBoost,No SMOTE,0,0,0.13019713023369225
AdaBoost,No SMOTE,0,0,0.1689822365998279
AdaBoost,No SMOTE,0,0,0.13019713023369225
AdaBoost,No SMOTE,0,0,0.1689822365998279
AdaBoost,No SMOTE,0,0,0.1689822365998279
AdaBoost,No SMOTE,0,0,0.17726965587952628
AdaBoost,No SMOTE,0,0,0.13019713023369225
AdaBoost,No SMOTE,0,0,0.1689822365998279
AdaBoost,No SMOTE,0,0,0.17726965587952628
AdaBoost,No SMOTE,0,0,0.1689822365998279
AdaBoost,No SMOTE,0,0,0.17726965587952628
AdaBoost,No SMOTE,0,0,0.1431423024436669
AdaBoost,No SMOTE,0,0,0.22493649393812828
AdaBoost,No SMOTE,0,0,0.17726965587952628
AdaBoost,No SMOTE,0,0,0.25081468689261593
AdaBoost,No SMOTE,0,0,0.18496367037446623
AdaBoost,No SMOTE,0,0,0.1689822365998279
AdaBoost,No SMOTE,0,0,0.17726965587952628
AdaBoost,No SMOTE,0,0,0.17726965587952628
AdaBoost,No SMOTE,0,0,0.13019713023369225
AdaBoost,No SMOTE,0,0,0.1744311028445886
AdaBoost,No SMOTE,0,0,0.14895992415852724
AdaBoost,No SMOTE,0,0,0.16203849466010875
AdaBoost,No SMOTE,0,0,0.14895992415852724
AdaBoost,No SMOTE,0,0,0.13586401457059089
AdaBoost,No SMOTE,0,0,0.21607329118820193
AdaBoost,No SMOTE,0,0,0.14895992415852724
AdaBoost,No SMOTE,0,0,0.21928751511544514
AdaBoost,No SMOTE,0,0,0.23177895169308674
AdaBoost,No SMOTE,0,0,0.13019713023369225
AdaBoost,No SMOTE,0,0,0.1744311028445886
AdaBoost,No SMOTE,0,0,0.16895403564617684
AdaBoost,No SMOTE,0,0,0.1689822365998279
AdaBoost,No SMOTE,0,0,0.13019713023369225
AdaBoost,No SMOTE,0,0,0.21607329118820193
AdaBoost,No SMOTE,0,0,0.20002774141121915
AdaBoost,No SMOTE,0,0,0.14895992415852724
AdaBoost,No SMOTE,0,0,0.17726965587952628
AdaBoost,No SMOTE,0,0,0.18800989342479768
AdaBoost,No SMOTE,0,0,0.11920292202211763
AdaBoost,No SMOTE,0,0,0.1456228192075175
AdaBoost,No SMOTE,0,0,0.17726965587952628
AdaBoost,No SMOTE,0,0,0.1689822365998279
AdaBoost,No SMOTE,0,0,0.1744311028445886
AdaBoost,No SMOTE,0,0,0.2193403423397052
AdaBoost,No SMOTE,0,0,0.14895992415852724
AdaBoost,No SMOTE,0,0,0.17726965587952628
AdaBoost,No SMOTE,0,0,0.1744311028445886
AdaBoost,No SMOTE,0,0,0.22493649393812828
AdaBoost,No SMOTE,0,0,0.22493649393812828
AdaBoost,No SMOTE,0,0,0.22493649393812828
AdaBoost,No SMOTE,0,0,0.18496367037446623
AdaBoost,No SMOTE,0,0,0.17726965587952628
AdaBoost,No SMOTE,0,0,0.18800989342479768
AdaBoost,No SMOTE,0,0,0.1752408367047788
AdaBoost,No SMOTE,0,0,0.13586401457059089
AdaBoost,No SMOTE,0,0,0.1689822365998279
AdaBoost,No SMOTE,0,0,0.13586401457059089
AdaBoost,No SMOTE,0,0,0.1689822365998279
AdaBoost,No SMOTE,0,0,0.1744311028445886
AdaBoost,No SMOTE,0,0,0.14895992415852724
AdaBoost,No SMOTE,0,0,0.1689822365998279
AdaBoost,No SMOTE,0,0,0.1744311028445886
AdaBoost,No SMOTE,0,0,0.2193403423397052
AdaBoost,No SMOTE,0,0,0.22493649393812828
AdaBoost,No SMOTE,0,0,0.17726965587952628
AdaBoost,No SMOTE,0,0,0.21607329118820193
AdaBoost,No SMOTE,0,0,0.1689822365998279
AdaBoost,No SMOTE,0,0,0.1689822365998279
AdaBoost,No SMOTE,0,0,0.1689822365998279
AdaBoost,No SMOTE,1,1,0.7154742606771974
AdaBoost,No SMOTE,0,0,0.1689822365998279
AdaBoost,No SMOTE,0,0,0.1744311028445886
AdaBoost,No SMOTE,0,0,0.17726965587952628
AdaBoost,No SMOTE,0,0,0.17726965587952628
AdaBoost,No SMOTE,0,0,0.21928751511544514
AdaBoost,No SMOTE,0,0,0.18496367037446623
AdaBoost,No SMOTE,0,0,0.1689822365998279
AdaBoost,No SMOTE,0,0,0.21607329118820193
AdaBoost,No SMOTE,0,0,0.22493649393812828
AdaBoost,No SMOTE,0,0,0.17726965587952628
AdaBoost,No SMOTE,0,0,0.1744311028445886
AdaBoost,No SMOTE,0,0,0.17726965587952628
AdaBoost,No SMOTE,0,0,0.1744311028445886
AdaBoost,No SMOTE,0,0,0.2091061060399178
AdaBoost,No SMOTE,0,0,0.1744311028445886
AdaBoost,No SMOTE,0,0,0.14895992415852724
AdaBoost,No SMOTE,0,0,0.21607329118820193
AdaBoost,No SMOTE,0,0,0.1431363477165842
AdaBoost,No SMOTE,0,0,0.17643129068755622
AdaBoost,No SMOTE,0,0,0.1744311028445886
AdaBoost,No SMOTE,0,0,0.1689822365998279
AdaBoost,No SMOTE,0,0,0.1744311028445886
AdaBoost,No SMOTE,0,0,0.1744311028445886
AdaBoost,No SMOTE,0,0,0.1689822365998279
AdaBoost,No SMOTE,0,0,0.1689822365998279
AdaBoost,No SMOTE,0,0,0.17726965587952628
AdaBoost,No SMOTE,0,0,0.17726965587952628
AdaBoost,No SMOTE,0,0,0.16342013312650427
AdaBoost,No SMOTE,0,0,0.14895992415852724
AdaBoost,No SMOTE,1,1,0.7725450335225054
AdaBoost,No SMOTE,0,0,0.16342013312650427
AdaBoost,No SMOTE,0,0,0.1744311028445886
AdaBoost,No SMOTE,0,0,0.17726965587952628
AdaBoost,No SMOTE,0,0,0.17726965587952628
AdaBoost,No SMOTE,0,0,0.1744311028445886
AdaBoost,No SMOTE,0,0,0.191758796857404
AdaBoost,No SMOTE,0,0,0.2193403423397052
AdaBoost,No SMOTE,0,0,0.18496367037446623
AdaBoost,No SMOTE,0,0,0.1689822365998279
AdaBoost,No SMOTE,0,0,0.2193403423397052
AdaBoost,No SMOTE,0,0,0.17726965587952628
AdaBoost,No SMOTE,0,0,0.1744311028445886
AdaBoost,No SMOTE,0,0,0.1689822365998279
AdaBoost,No SMOTE,0,0,0.14895992415852724
AdaBoost,No SMOTE,0,0,0.17726965587952628
AdaBoost,No SMOTE,0,0,0.2193039021633169
AdaBoost,No SMOTE,0,0,0.18800989342479768
AdaBoost,No SMOTE,0,0,0.13586401457059089
AdaBoost,No SMOTE,0,0,0.17726965587952628
AdaBoost,No SMOTE,0,0,0.1719470769852437
AdaBoost,No SMOTE,0,0,0.17726965587952628
AdaBoost,No SMOTE,0,0,0.18800989342479768
AdaBoost,No SMOTE,0,0,0.1689822365998279
AdaBoost,No SMOTE,0,0,0.14895992415852724
AdaBoost,No SMOTE,0,0,0.16203849466010875
AdaBoost,No SMOTE,0,0,0.17726965587952628
AdaBoost,No SMOTE,0,0,0.1744311028445886
AdaBoost,No SMOTE,0,0,0.19805707668831612
AdaBoost,No SMOTE,0,0,0.2193403423397052
AdaBoost,No SMOTE,0,0,0.17643129068755622
AdaBoost,No SMOTE,0,0,0.11920292202211763
AdaBoost,No SMOTE,0,0,0.1689822365998279
AdaBoost,No SMOTE,0,0,0.13019713023369225
AdaBoost,No SMOTE,0,0,0.1719470769852437
AdaBoost,No SMOTE,0,0,0.13586401457059089
AdaBoost,No SMOTE,0,0,0.17726965587952628
AdaBoost,No SMOTE,0,0,0.17726965587952628
AdaBoost,No SMOTE,0,0,0.21607329118820193
AdaBoost,No SMOTE,0,0,0.16203849466010875
AdaBoost,No SMOTE,0,0,0.1744311028445886
AdaBoost,No SMOTE,0,0,0.17726965587952628
AdaBoost,No SMOTE,0,0,0.1689822365998279
AdaBoost,No SMOTE,0,0,0.1744311028445886
AdaBoost,No SMOTE,0,0,0.1689822365998279
AdaBoost,No SMOTE,0,0,0.26348243932586984
AdaBoost,No SMOTE,0,0,0.1744311028445886
AdaBoost,No SMOTE,0,0,0.17726965587952628
AdaBoost,No SMOTE,0,0,0.17726965587952628
AdaBoost,No SMOTE,0,0,0.22295168509089985
AdaBoost,No SMOTE,0,0,0.1786840584100862
AdaBoost,No SMOTE,0,0,0.17726965587952628
AdaBoost,No SMOTE,0,0,0.18800989342479768
AdaBoost,No SMOTE,0,0,0.1689822365998279
AdaBoost,No SMOTE,0,0,0.21607329118820193
AdaBoost,No SMOTE,0,0,0.14895992415852724
AdaBoost,No SMOTE,0,0,0.2193403423397052
AdaBoost,No SMOTE,0,0,0.16867357177983938
AdaBoost,No SMOTE,0,0,0.16895403564617684
AdaBoost,No SMOTE,0,0,0.1689822365998279
AdaBoost,No SMOTE,0,0,0.16895403564617684
AdaBoost,No SMOTE,0,0,0.1689822365998279
AdaBoost,No SMOTE,0,0,0.13586401457059089
AdaBoost,No SMOTE,0,0,0.1689822365998279
AdaBoost,No SMOTE,0,0,0.17726965587952628
AdaBoost,No SMOTE,0,0,0.1744311028445886
AdaBoost,No SMOTE,0,0,0.1689822365998279
AdaBoost,No SMOTE,0,0,0.13019713023369225
AdaBoost,No SMOTE,0,0,0.22493649393812828
AdaBoost,No SMOTE,0,0,0.14895992415852724
AdaBoost,No SMOTE,0,0,0.1689822365998279
AdaBoost,No SMOTE,0,0,0.1689822365998279
AdaBoost,No SMOTE,0,0,0.11920292202211763
AdaBoost,No SMOTE,0,0,0.22493649393812828
AdaBoost,No SMOTE,0,0,0.13586401457059089
AdaBoost,No SMOTE,0,0,0.1744311028445886
AdaBoost,No SMOTE,0,0,0.18496367037446623
AdaBoost,No SMOTE,0,0,0.17726965587952628
AdaBoost,No SMOTE,0,0,0.1689822365998279
AdaBoost,No SMOTE,0,0,0.17726965587952628
AdaBoost,No SMOTE,0,0,0.22843520662470906
AdaBoost,No SMOTE,0,0,0.14895992415852724
AdaBoost,No SMOTE,0,0,0.17043552930931818
AdaBoost,No SMOTE,0,0,0.1744311028445886
AdaBoost,No SMOTE,0,0,0.1689822365998279
AdaBoost,No SMOTE,0,0,0.1744311028445886
AdaBoost,No SMOTE,0,0,0.1689822365998279
AdaBoost,No SMOTE,0,0,0.14895992415852724
AdaBoost,No SMOTE,0,0,0.18496367037446623
AdaBoost,No SMOTE,0,0,0.1689822365998279
AdaBoost,No SMOTE,0,0,0.14798688540029464
AdaBoost,No SMOTE,0,0,0.22493649393812828
AdaBoost,No SMOTE,0,0,0.16895403564617684
AdaBoost,No SMOTE,0,0,0.1689822365998279
AdaBoost,No SMOTE,0,0,0.18496367037446623
AdaBoost,No SMOTE,0,0,0.1744311028445886
AdaBoost,No SMOTE,0,0,0.16203849466010875
AdaBoost,No SMOTE,0,0,0.21607329118820193
AdaBoost,No SMOTE,0,0,0.22044238283982498
AdaBoost,No SMOTE,0,0,0.1744311028445886
AdaBoost,No SMOTE,0,0,0.16618389338377842
AdaBoost,No SMOTE,0,0,0.17726965587952628
AdaBoost,No SMOTE,0,0,0.16342013312650427
AdaBoost,No SMOTE,0,0,0.13019713023369225
AdaBoost,No SMOTE,0,0,0.1744311028445886
AdaBoost,No SMOTE,0,0,0.1689822365998279
AdaBoost,No SMOTE,0,0,0.14895992415852724
AdaBoost,No SMOTE,0,0,0.19003443635734119
AdaBoost,No SMOTE,0,0,0.16342013312650427
AdaBoost,No SMOTE,0,0,0.17726965587952628
AdaBoost,No SMOTE,0,0,0.17726965587952628
AdaBoost,No SMOTE,0,0,0.21607329118820193
AdaBoost,No SMOTE,0,0,0.17726965587952628
AdaBoost,No SMOTE,0,0,0.1744311028445886
AdaBoost,No SMOTE,0,0,0.1689822365998279
AdaBoost,No SMOTE,0,0,0.1689822365998279
AdaBoost,No SMOTE,0,0,0.1689822365998279
AdaBoost,No SMOTE,0,0,0.21607329118820193
AdaBoost,No SMOTE,0,0,0.16618389338377842
AdaBoost,No SMOTE,0,0,0.21607329118820193
AdaBoost,No SMOTE,0,0,0.14895992415852724
AdaBoost,No SMOTE,0,0,0.22493649393812828
AdaBoost,No SMOTE,0,0,0.1744311028445886
AdaBoost,No SMOTE,0,0,0.22843520662470906
AdaBoost,No SMOTE,0,0,0.22295168509089985
AdaBoost,No SMOTE,0,0,0.17726965587952628
AdaBoost,No SMOTE,0,0,0.1744311028445886
AdaBoost,No SMOTE,0,0,0.1744311028445886
AdaBoost,No SMOTE,0,0,0.11920292202211763
AdaBoost,No SMOTE,0,0,0.2193403423397052
AdaBoost,No SMOTE,0,0,0.1744311028445886
AdaBoost,No SMOTE,0,0,0.1689822365998279
AdaBoost,No SMOTE,0,0,0.13586401457059089
AdaBoost,No SMOTE,0,0,0.225942801680166
AdaBoost,No SMOTE,0,0,0.17726965587952628
AdaBoost,No SMOTE,0,0,0.21607329118820193
AdaBoost,No SMOTE,0,0,0.1689822365998279
AdaBoost,No SMOTE,0,0,0.1689822365998279
AdaBoost,No SMOTE,0,0,0.1689822365998279
AdaBoost,No SMOTE,0,0,0.22493649393812828
AdaBoost,No SMOTE,0,0,0.1689822365998279
AdaBoost,No SMOTE,0,0,0.2193403423397052
AdaBoost,No SMOTE,0,0,0.205659675438033
AdaBoost,No SMOTE,0,0,0.1744311028445886
AdaBoost,No SMOTE,0,0,0.22493649393812828
AdaBoost,No SMOTE,0,0,0.22493649393812828
AdaBoost,No SMOTE,0,0,0.13019713023369225
AdaBoost,No SMOTE,0,0,0.1744311028445886
AdaBoost,No SMOTE,0,0,0.1744311028445886
AdaBoost,No SMOTE,0,0,0.20002774141121915
AdaBoost,No SMOTE,0,0,0.1689822365998279
AdaBoost,No SMOTE,0,0,0.1689822365998279
AdaBoost,No SMOTE,0,0,0.1689822365998279
AdaBoost,No SMOTE,0,0,0.1431423024436669
AdaBoost,No SMOTE,0,0,0.17726965587952628
AdaBoost,No SMOTE,0,0,0.18800989342479768
AdaBoost,No SMOTE,0,0,0.13586401457059089
AdaBoost,No SMOTE,0,0,0.17726965587952628
AdaBoost,No SMOTE,0,0,0.14895992415852724
AdaBoost,No SMOTE,0,0,0.16203849466010875
AdaBoost,No SMOTE,0,0,0.16342013312650427
AdaBoost,No SMOTE,0,0,0.21607329118820193
AdaBoost,No SMOTE,0,0,0.21928751511544514
AdaBoost,No SMOTE,0,0,0.1744311028445886
AdaBoost,No SMOTE,0,0,0.1744311028445886
AdaBoost,No SMOTE,0,0,0.17726965587952628
AdaBoost,No SMOTE,0,0,0.1744311028445886
AdaBoost,No SMOTE,0,0,0.1744311028445886
AdaBoost,No SMOTE,0,0,0.1689822365998279
AdaBoost,No SMOTE,0,0,0.1689822365998279
AdaBoost,No SMOTE,0,0,0.16867357177983938
AdaBoost,No SMOTE,0,0,0.17726965587952628
AdaBoost,No SMOTE,0,0,0.16618389338377842
AdaBoost,No SMOTE,0,0,0.22493649393812828
AdaBoost,No SMOTE,0,0,0.1456228192075175
AdaBoost,No SMOTE,0,0,0.13586401457059089
AdaBoost,No SMOTE,0,0,0.2193403423397052
AdaBoost,No SMOTE,0,0,0.17726965587952628
AdaBoost,No SMOTE,0,0,0.1744311028445886
AdaBoost,No SMOTE,0,0,0.1689822365998279
AdaBoost,No SMOTE,0,0,0.16867357177983938
AdaBoost,No SMOTE,0,0,0.16342013312650427
AdaBoost,No SMOTE,0,0,0.14895992415852724
AdaBoost,No SMOTE,0,0,0.17726965587952628
AdaBoost,No SMOTE,0,0,0.1744311028445886
AdaBoost,No SMOTE,0,0,0.14895992415852724
AdaBoost,No SMOTE,0,0,0.1689822365998279
AdaBoost,No SMOTE,0,0,0.17726965587952628
AdaBoost,No SMOTE,0,0,0.17726965587952628
AdaBoost,No SMOTE,0,0,0.21928751511544514
AdaBoost,No SMOTE,0,0,0.11920292202211763
AdaBoost,No SMOTE,0,0,0.17726965587952628
AdaBoost,No SMOTE,0,0,0.21607329118820193
AdaBoost,No SMOTE,0,0,0.1744311028445886
AdaBoost,No SMOTE,0,0,0.17726965587952628
AdaBoost,No SMOTE,0,0,0.22493649393812828
AdaBoost,No SMOTE,0,0,0.1689822365998279
AdaBoost,No SMOTE,0,0,0.17726965587952628
AdaBoost,No SMOTE,0,0,0.16342013312650427
AdaBoost,No SMOTE,0,0,0.1744311028445886
AdaBoost,No SMOTE,0,0,0.21607329118820193
AdaBoost,No SMOTE,0,0,0.1744311028445886
AdaBoost,No SMOTE,0,0,0.17726965587952628
AdaBoost,No SMOTE,0,0,0.1744311028445886
AdaBoost,No SMOTE,0,0,0.16342013312650427
AdaBoost,No SMOTE,0,0,0.1744311028445886
AdaBoost,No SMOTE,0,0,0.1719470769852437
AdaBoost,No SMOTE,0,0,0.11920292202211763
AdaBoost,No SMOTE,0,0,0.1689822365998279
AdaBoost,No SMOTE,0,0,0.13586401457059089
AdaBoost,No SMOTE,0,0,0.14895992415852724
AdaBoost,No SMOTE,0,0,0.22493649393812828
AdaBoost,No SMOTE,0,0,0.1689822365998279
AdaBoost,No SMOTE,0,0,0.17726965587952628
AdaBoost,No SMOTE,0,0,0.1431423024436669
AdaBoost,No SMOTE,0,0,0.16203849466010875
AdaBoost,No SMOTE,0,0,0.16618389338377842
AdaBoost,No SMOTE,0,0,0.1689822365998279
AdaBoost,No SMOTE,0,0,0.1689822365998279
AdaBoost,No SMOTE,0,0,0.1744311028445886
AdaBoost,No SMOTE,0,0,0.17726965587952628
AdaBoost,No SMOTE,0,0,0.17726965587952628
AdaBoost,No SMOTE,0,0,0.1744311028445886
AdaBoost,No SMOTE,0,0,0.17726965587952628
AdaBoost,No SMOTE,0,0,0.1689822365998279
AdaBoost,No SMOTE,0,0,0.1689822365998279
AdaBoost,No SMOTE,0,0,0.1689822365998279
AdaBoost,No SMOTE,0,0,0.1744311028445886
AdaBoost,No SMOTE,0,0,0.22493649393812828
AdaBoost,No SMOTE,0,0,0.1744311028445886
AdaBoost,No SMOTE,0,0,0.14895992415852724
AdaBoost,No SMOTE,0,0,0.1431423024436669
AdaBoost,No SMOTE,0,0,0.18800989342479768
AdaBoost,No SMOTE,0,0,0.191758796857404
AdaBoost,No SMOTE,0,0,0.1744311028445886
AdaBoost,No SMOTE,0,0,0.13019713023369225
AdaBoost,No SMOTE,0,0,0.1744311028445886
AdaBoost,No SMOTE,0,0,0.1689822365998279
AdaBoost,No SMOTE,0,0,0.1689822365998279
AdaBoost,No SMOTE,0,0,0.1744311028445886
AdaBoost,No SMOTE,0,0,0.22493649393812828
AdaBoost,No SMOTE,0,0,0.13586401457059089
AdaBoost,No SMOTE,0,0,0.1744311028445886
AdaBoost,No SMOTE,0,0,0.1744311028445886
AdaBoost,No SMOTE,0,0,0.1689822365998279
AdaBoost,No SMOTE,0,0,0.1719470769852437
AdaBoost,No SMOTE,0,0,0.13586401457059089
AdaBoost,No SMOTE,0,0,0.22493649393812828
AdaBoost,No SMOTE,0,0,0.17726965587952628
AdaBoost,No SMOTE,0,0,0.14895992415852724
AdaBoost,No SMOTE,0,0,0.14895992415852724
AdaBoost,No SMOTE,0,0,0.17726965587952628
AdaBoost,No SMOTE,0,0,0.14895992415852724
AdaBoost,No SMOTE,0,0,0.2193403423397052
AdaBoost,No SMOTE,0,0,0.22493649393812828
AdaBoost,No SMOTE,0,0,0.1744311028445886
AdaBoost,No SMOTE,0,0,0.17726965587952628
AdaBoost,No SMOTE,0,0,0.17726965587952628
AdaBoost,No SMOTE,0,0,0.1744311028445886
AdaBoost,No SMOTE,0,0,0.1744311028445886
AdaBoost,No SMOTE,0,0,0.22017433581447826
AdaBoost,No SMOTE,0,0,0.18496367037446623
AdaBoost,No SMOTE,0,0,0.17726965587952628
AdaBoost,No SMOTE,0,0,0.2193403423397052
AdaBoost,No SMOTE,0,0,0.1786840584100862
AdaBoost,No SMOTE,0,0,0.1689822365998279
AdaBoost,No SMOTE,0,0,0.13019713023369225
AdaBoost,No SMOTE,0,0,0.1744311028445886
AdaBoost,No SMOTE,0,0,0.17726965587952628
AdaBoost,No SMOTE,0,0,0.1744311028445886
AdaBoost,No SMOTE,0,0,0.22493649393812828
AdaBoost,No SMOTE,0,0,0.1744311028445886
AdaBoost,No SMOTE,0,0,0.22493649393812828
AdaBoost,No SMOTE,0,0,0.1719470769852437
AdaBoost,No SMOTE,0,0,0.22493649393812828
AdaBoost,No SMOTE,0,0,0.16895403564617684
AdaBoost,No SMOTE,0,0,0.16618389338377842
AdaBoost,No SMOTE,0,0,0.17726965587952628
AdaBoost,No SMOTE,0,0,0.17133680384090874
AdaBoost,No SMOTE,0,0,0.14895992415852724
AdaBoost,No SMOTE,0,0,0.1744311028445886
AdaBoost,No SMOTE,0,0,0.1744311028445886
AdaBoost,No SMOTE,0,0,0.17726965587952628
AdaBoost,No SMOTE,0,0,0.1744311028445886
AdaBoost,No SMOTE,0,0,0.18800989342479768
AdaBoost,No SMOTE,0,0,0.1689822365998279
AdaBoost,No SMOTE,0,0,0.1719470769852437
AdaBoost,No SMOTE,0,0,0.14895992415852724
AdaBoost,No SMOTE,0,0,0.13019713023369225
AdaBoost,No SMOTE,0,0,0.22493649393812828
AdaBoost,No SMOTE,0,0,0.17643129068755622
AdaBoost,No SMOTE,0,0,0.17726965587952628
AdaBoost,No SMOTE,0,0,0.17726965587952628
AdaBoost,No SMOTE,0,0,0.1689822365998279
AdaBoost,No SMOTE,0,0,0.205659675438033
AdaBoost,No SMOTE,0,0,0.13019713023369225
AdaBoost,No SMOTE,0,0,0.205659675438033
AdaBoost,No SMOTE,0,0,0.1719470769852437
AdaBoost,No SMOTE,0,0,0.1689822365998279
AdaBoost,No SMOTE,0,0,0.1744311028445886
AdaBoost,No SMOTE,0,0,0.18800989342479768
AdaBoost,No SMOTE,0,0,0.18800989342479768
AdaBoost,No SMOTE,0,0,0.11920292202211763
AdaBoost,No SMOTE,0,0,0.22493649393812828
AdaBoost,No SMOTE,0,0,0.1456228192075175
AdaBoost,No SMOTE,0,0,0.17726965587952628
AdaBoost,No SMOTE,0,0,0.16895403564617684
AdaBoost,No SMOTE,0,0,0.1689822365998279
AdaBoost,No SMOTE,0,0,0.14895992415852724
AdaBoost,No SMOTE,0,0,0.17726965587952628
AdaBoost,No SMOTE,0,0,0.17726965587952628
AdaBoost,No SMOTE,0,0,0.13586401457059089
AdaBoost,No SMOTE,0,0,0.17726965587952628
AdaBoost,No SMOTE,0,0,0.1744311028445886
AdaBoost,No SMOTE,0,0,0.1689822365998279
AdaBoost,No SMOTE,0,0,0.1744311028445886
AdaBoost,No SMOTE,0,0,0.16618389338377842
AdaBoost,No SMOTE,0,0,0.14895992415852724
AdaBoost,No SMOTE,0,0,0.16203849466010875
AdaBoost,No SMOTE,0,0,0.1689822365998279
AdaBoost,No SMOTE,0,0,0.17726965587952628
AdaBoost,No SMOTE,0,0,0.16342013312650427
AdaBoost,No SMOTE,0,0,0.14895992415852724
AdaBoost,No SMOTE,0,0,0.17726965587952628
AdaBoost,No SMOTE,0,0,0.22493649393812828
AdaBoost,No SMOTE,0,0,0.14895992415852724
AdaBoost,No SMOTE,0,0,0.14895992415852724
AdaBoost,No SMOTE,0,0,0.21607329118820193
AdaBoost,No SMOTE,0,0,0.1744311028445886
AdaBoost,No SMOTE,0,0,0.14895992415852724
AdaBoost,No SMOTE,0,0,0.1689822365998279
AdaBoost,No SMOTE,0,0,0.17726965587952628
AdaBoost,No SMOTE,0,0,0.1744311028445886
AdaBoost,No SMOTE,0,0,0.1689822365998279
AdaBoost,No SMOTE,0,0,0.16342013312650427
AdaBoost,No SMOTE,0,0,0.17726965587952628
AdaBoost,No SMOTE,0,0,0.17726965587952628
AdaBoost,No SMOTE,0,0,0.21607329118820193
AdaBoost,No SMOTE,0,0,0.17726965587952628
AdaBoost,No SMOTE,0,0,0.21607329118820193
AdaBoost,No SMOTE,0,0,0.1689822365998279
AdaBoost,No SMOTE,0,0,0.22493649393812828
AdaBoost,No SMOTE,0,0,0.1744311028445886
AdaBoost,No SMOTE,0,0,0.1744311028445886
AdaBoost,No SMOTE,0,0,0.1719470769852437
AdaBoost,No SMOTE,0,0,0.22493649393812828
AdaBoost,No SMOTE,0,0,0.1431423024436669
AdaBoost,No SMOTE,0,0,0.1689822365998279
AdaBoost,No SMOTE,0,0,0.16342013312650427
AdaBoost,No SMOTE,0,0,0.1786840584100862
AdaBoost,No SMOTE,0,0,0.14895992415852724
AdaBoost,No SMOTE,0,0,0.1744311028445886
AdaBoost,No SMOTE,0,0,0.14895992415852724
AdaBoost,No SMOTE,0,0,0.14895992415852724
AdaBoost,No SMOTE,0,0,0.22493649393812828
AdaBoost,No SMOTE,0,0,0.17726965587952628
AdaBoost,No SMOTE,0,0,0.22493649393812828
AdaBoost,No SMOTE,0,0,0.18800989342479768
AdaBoost,No SMOTE,0,0,0.19090832035678107
AdaBoost,No SMOTE,0,0,0.205659675438033
AdaBoost,No SMOTE,0,0,0.14895992415852724
AdaBoost,No SMOTE,0,0,0.1689822365998279
AdaBoost,No SMOTE,0,0,0.17726965587952628
AdaBoost,No SMOTE,0,0,0.1744311028445886
AdaBoost,No SMOTE,0,0,0.17643129068755622
AdaBoost,No SMOTE,0,0,0.22017433581447826
AdaBoost,No SMOTE,0,0,0.19269088173039445
AdaBoost,No SMOTE,0,0,0.17133680384090874
AdaBoost,No SMOTE,0,0,0.16342013312650427
AdaBoost,No SMOTE,0,0,0.13019713023369225
AdaBoost,No SMOTE,0,0,0.17726965587952628
AdaBoost,No SMOTE,0,0,0.14895992415852724
AdaBoost,No SMOTE,0,0,0.18800989342479768
AdaBoost,No SMOTE,0,0,0.17726965587952628
AdaBoost,No SMOTE,0,0,0.21607329118820193
AdaBoost,No SMOTE,0,0,0.18800989342479768
AdaBoost,No SMOTE,0,0,0.16618389338377842
AdaBoost,No SMOTE,0,0,0.191758796857404
AdaBoost,No SMOTE,0,0,0.22017433581447826
AdaBoost,No SMOTE,0,0,0.1689822365998279
AdaBoost,No SMOTE,0,0,0.14798688540029464
AdaBoost,No SMOTE,0,0,0.11920292202211763
AdaBoost,No SMOTE,0,0,0.1744311028445886
AdaBoost,No SMOTE,0,0,0.1744311028445886
AdaBoost,No SMOTE,0,0,0.17133680384090874
AdaBoost,No SMOTE,0,0,0.11920292202211763
AdaBoost,No SMOTE,0,0,0.17726965587952628
AdaBoost,No SMOTE,0,0,0.16342013312650427
AdaBoost,No SMOTE,0,0,0.17726965587952628
AdaBoost,No SMOTE,0,0,0.1431423024436669
AdaBoost,No SMOTE,0,0,0.14895992415852724
AdaBoost,No SMOTE,0,0,0.21607329118820193
AdaBoost,No SMOTE,0,0,0.17726965587952628
AdaBoost,No SMOTE,0,0,0.16895403564617684
AdaBoost,No SMOTE,0,0,0.1744311028445886
AdaBoost,No SMOTE,0,0,0.1689822365998279
AdaBoost,No SMOTE,0,0,0.1689822365998279
AdaBoost,No SMOTE,0,0,0.17726965587952628
AdaBoost,No SMOTE,0,0,0.1744311028445886
AdaBoost,No SMOTE,0,0,0.1744311028445886
AdaBoost,No SMOTE,0,0,0.18800989342479768
AdaBoost,No SMOTE,0,0,0.18800989342479768
AdaBoost,No SMOTE,0,0,0.11920292202211763
AdaBoost,No SMOTE,0,0,0.1689822365998279
AdaBoost,No SMOTE,0,0,0.17043552930931818
AdaBoost,No SMOTE,0,0,0.14895992415852724
AdaBoost,No SMOTE,0,0,0.1719470769852437
AdaBoost,No SMOTE,0,0,0.17726965587952628
AdaBoost,No SMOTE,0,0,0.18496367037446623
AdaBoost,No SMOTE,0,0,0.1689822365998279
AdaBoost,No SMOTE,0,0,0.17726965587952628
AdaBoost,No SMOTE,0,0,0.1744311028445886
AdaBoost,No SMOTE,0,0,0.14895992415852724
AdaBoost,No SMOTE,0,0,0.17643129068755622
AdaBoost,No SMOTE,0,0,0.17726965587952628
AdaBoost,No SMOTE,0,0,0.1689822365998279
AdaBoost,No SMOTE,0,0,0.14895992415852724
AdaBoost,No SMOTE,0,0,0.11920292202211763
AdaBoost,No SMOTE,0,0,0.1719470769852437
AdaBoost,No SMOTE,0,0,0.14895992415852724
AdaBoost,No SMOTE,0,0,0.18496367037446623
AdaBoost,No SMOTE,0,0,0.21607329118820193
AdaBoost,No SMOTE,0,0,0.13586401457059089
AdaBoost,No SMOTE,0,0,0.1689822365998279
AdaBoost,No SMOTE,0,0,0.17726965587952628
AdaBoost,No SMOTE,0,0,0.18496367037446623
AdaBoost,No SMOTE,0,0,0.22843520662470906
AdaBoost,No SMOTE,0,0,0.1744311028445886
AdaBoost,No SMOTE,0,0,0.1689822365998279
AdaBoost,No SMOTE,0,0,0.1689822365998279
AdaBoost,No SMOTE,0,0,0.21607329118820193
AdaBoost,No SMOTE,0,0,0.18496367037446623
AdaBoost,No SMOTE,0,0,0.1744311028445886
AdaBoost,No SMOTE,0,0,0.17726965587952628
AdaBoost,No SMOTE,0,0,0.14895992415852724
AdaBoost,No SMOTE,0,0,0.1689822365998279
AdaBoost,No SMOTE,0,0,0.21607329118820193
AdaBoost,No SMOTE,0,0,0.1719470769852437
AdaBoost,No SMOTE,0,0,0.17726965587952628
AdaBoost,No SMOTE,0,0,0.22295168509089985
AdaBoost,No SMOTE,0,0,0.1744311028445886
AdaBoost,No SMOTE,0,0,0.1744311028445886
AdaBoost,No SMOTE,0,0,0.22493649393812828
AdaBoost,No SMOTE,0,0,0.17726965587952628
AdaBoost,No SMOTE,0,0,0.13019713023369225
AdaBoost,No SMOTE,0,0,0.17726965587952628
AdaBoost,No SMOTE,0,0,0.1689822365998279
AdaBoost,No SMOTE,0,0,0.13586401457059089
AdaBoost,No SMOTE,0,0,0.11920292202211763
AdaBoost,No SMOTE,0,0,0.14895992415852724
AdaBoost,No SMOTE,0,0,0.13586401457059089
AdaBoost,No SMOTE,0,0,0.191758796857404
AdaBoost,No SMOTE,0,0,0.1689822365998279
AdaBoost,No SMOTE,0,0,0.191758796857404
AdaBoost,No SMOTE,0,0,0.16618389338377842
AdaBoost,No SMOTE,0,0,0.2262158342304544
AdaBoost,No SMOTE,0,0,0.1689822365998279
AdaBoost,No SMOTE,0,0,0.21928751511544514
AdaBoost,No SMOTE,0,0,0.1744311028445886
AdaBoost,No SMOTE,0,0,0.18800989342479768
AdaBoost,No SMOTE,0,0,0.1689822365998279
AdaBoost,No SMOTE,0,0,0.1744311028445886
AdaBoost,No SMOTE,0,0,0.1744311028445886
AdaBoost,No SMOTE,0,0,0.17726965587952628
AdaBoost,No SMOTE,0,0,0.2193403423397052
AdaBoost,No SMOTE,0,0,0.1689822365998279
AdaBoost,No SMOTE,0,0,0.13586401457059089
AdaBoost,No SMOTE,0,0,0.18496367037446623
AdaBoost,No SMOTE,0,0,0.1744311028445886
AdaBoost,No SMOTE,0,0,0.20002774141121915
AdaBoost,No SMOTE,0,0,0.1689822365998279
AdaBoost,No SMOTE,0,0,0.14895992415852724
AdaBoost,No SMOTE,0,0,0.17726965587952628
AdaBoost,No SMOTE,0,0,0.17726965587952628
AdaBoost,No SMOTE,0,0,0.17726965587952628
AdaBoost,No SMOTE,0,0,0.1744311028445886
AdaBoost,No SMOTE,0,0,0.1744311028445886
AdaBoost,No SMOTE,0,0,0.18800989342479768
AdaBoost,No SMOTE,0,0,0.17726965587952628
AdaBoost,No SMOTE,0,0,0.13586401457059089
AdaBoost,No SMOTE,0,0,0.1689822365998279
AdaBoost,No SMOTE,0,0,0.1689822365998279
AdaBoost,No SMOTE,0,0,0.1744311028445886
AdaBoost,No SMOTE,0,0,0.22493649393812828
AdaBoost,No SMOTE,0,0,0.21607329118820193
AdaBoost,No SMOTE,0,0,0.1689822365998279
AdaBoost,No SMOTE,0,0,0.1744311028445886
AdaBoost,No SMOTE,0,0,0.17726965587952628
AdaBoost,No SMOTE,0,0,0.17726965587952628
AdaBoost,No SMOTE,0,0,0.1689822365998279
AdaBoost,No SMOTE,0,0,0.1689822365998279
AdaBoost,No SMOTE,0,0,0.16618389338377842
AdaBoost,No SMOTE,0,0,0.2193403423397052
AdaBoost,No SMOTE,0,0,0.17726965587952628
AdaBoost,No SMOTE,0,0,0.1689822365998279
AdaBoost,No SMOTE,0,0,0.17643129068755622
AdaBoost,No SMOTE,0,0,0.21607329118820193
AdaBoost,No SMOTE,0,0,0.13019713023369225
AdaBoost,No SMOTE,0,0,0.1431423024436669
AdaBoost,No SMOTE,0,0,0.22493649393812828
AdaBoost,No SMOTE,0,0,0.1689822365998279
AdaBoost,No SMOTE,0,0,0.17726965587952628
AdaBoost,No SMOTE,0,0,0.13019713023369225
AdaBoost,No SMOTE,0,0,0.1689822365998279
AdaBoost,No SMOTE,0,0,0.17726965587952628
AdaBoost,No SMOTE,0,0,0.1689822365998279
AdaBoost,No SMOTE,0,0,0.17133680384090874
AdaBoost,No SMOTE,0,0,0.21928751511544514
AdaBoost,No SMOTE,0,0,0.1744311028445886
AdaBoost,No SMOTE,0,0,0.2193403423397052
AdaBoost,No SMOTE,0,0,0.1689822365998279
AdaBoost,No SMOTE,0,0,0.1744311028445886
AdaBoost,No SMOTE,0,0,0.1689822365998279
AdaBoost,No SMOTE,0,0,0.1744311028445886
AdaBoost,No SMOTE,0,0,0.1744311028445886
AdaBoost,No SMOTE,0,0,0.1744311028445886
AdaBoost,No SMOTE,0,0,0.1744311028445886
AdaBoost,No SMOTE,0,0,0.18800989342479768
AdaBoost,No SMOTE,0,0,0.1689822365998279
AdaBoost,No SMOTE,0,0,0.21607329118820193
AdaBoost,No SMOTE,0,0,0.22493649393812828
AdaBoost,No SMOTE,0,0,0.17726965587952628
AdaBoost,No SMOTE,0,0,0.21607329118820193
AdaBoost,No SMOTE,0,0,0.1689822365998279
AdaBoost,No SMOTE,0,0,0.17726965587952628
AdaBoost,No SMOTE,0,0,0.16895403564617684
AdaBoost,No SMOTE,0,0,0.13019713023369225
AdaBoost,No SMOTE,0,0,0.1744311028445886
AdaBoost,No SMOTE,0,0,0.1689822365998279
AdaBoost,No SMOTE,0,0,0.14895992415852724
AdaBoost,No SMOTE,0,0,0.1744311028445886
AdaBoost,No SMOTE,0,0,0.22493649393812828
AdaBoost,No SMOTE,0,0,0.18800989342479768
AdaBoost,No SMOTE,0,0,0.22176486665410824
AdaBoost,No SMOTE,0,0,0.22493649393812828
AdaBoost,No SMOTE,0,0,0.21607329118820193
AdaBoost,No SMOTE,0,0,0.22017433581447826
AdaBoost,No SMOTE,0,0,0.17726965587952628
AdaBoost,No SMOTE,0,0,0.1744311028445886
AdaBoost,No SMOTE,0,0,0.1689822365998279
AdaBoost,No SMOTE,0,0,0.1689822365998279
AdaBoost,No SMOTE,0,0,0.1689822365998279
AdaBoost,No SMOTE,0,0,0.1689822365998279
AdaBoost,No SMOTE,0,0,0.17726965587952628
AdaBoost,No SMOTE,0,0,0.13019713023369225
AdaBoost,No SMOTE,0,0,0.1744311028445886
AdaBoost,No SMOTE,0,0,0.1744311028445886
AdaBoost,No SMOTE,0,0,0.1719470769852437
AdaBoost,No SMOTE,0,0,0.16618389338377842
AdaBoost,No SMOTE,0,0,0.17726965587952628
AdaBoost,No SMOTE,0,0,0.17726965587952628
AdaBoost,No SMOTE,0,0,0.22255765333999847
AdaBoost,No SMOTE,0,0,0.17726965587952628
AdaBoost,No SMOTE,0,0,0.18800989342479768
AdaBoost,No SMOTE,0,0,0.22493649393812828
AdaBoost,No SMOTE,0,0,0.1744311028445886
AdaBoost,No SMOTE,0,0,0.17726965587952628
AdaBoost,No SMOTE,0,0,0.1719470769852437
AdaBoost,No SMOTE,0,0,0.1744311028445886
AdaBoost,No SMOTE,0,0,0.17726965587952628
AdaBoost,No SMOTE,0,0,0.1744311028445886
AdaBoost,No SMOTE,0,0,0.17726965587952628
AdaBoost,No SMOTE,0,0,0.22493649393812828
AdaBoost,No SMOTE,0,0,0.1744311028445886
AdaBoost,No SMOTE,0,0,0.21607329118820193
AdaBoost,No SMOTE,0,0,0.1689822365998279
AdaBoost,No SMOTE,0,0,0.1689822365998279
AdaBoost,No SMOTE,0,0,0.17726965587952628
AdaBoost,No SMOTE,0,0,0.22493649393812828
AdaBoost,No SMOTE,0,0,0.17726965587952628
AdaBoost,No SMOTE,0,0,0.18496367037446623
AdaBoost,No SMOTE,0,0,0.1744311028445886
AdaBoost,No SMOTE,0,0,0.1744311028445886
AdaBoost,No SMOTE,0,0,0.1689822365998279
AdaBoost,No SMOTE,0,0,0.13019713023369225
AdaBoost,No SMOTE,0,0,0.22493649393812828
AdaBoost,No SMOTE,0,0,0.16203849466010875
AdaBoost,No SMOTE,0,0,0.1689822365998279
AdaBoost,No SMOTE,0,0,0.1689822365998279
AdaBoost,No SMOTE,0,0,0.1744311028445886
AdaBoost,No SMOTE,0,0,0.1744311028445886
AdaBoost,No SMOTE,0,0,0.16342013312650427
AdaBoost,No SMOTE,0,0,0.16342013312650427
AdaBoost,No SMOTE,0,0,0.21607329118820193
AdaBoost,No SMOTE,0,0,0.1744311028445886
AdaBoost,No SMOTE,0,0,0.3261130828649185
AdaBoost,No SMOTE,0,0,0.1744311028445886
AdaBoost,No SMOTE,0,0,0.16618389338377842
AdaBoost,No SMOTE,0,0,0.1689822365998279
AdaBoost,No SMOTE,0,0,0.1689822365998279
AdaBoost,No SMOTE,0,0,0.1719470769852437
AdaBoost,No SMOTE,0,0,0.1744311028445886
AdaBoost,No SMOTE,0,0,0.17726965587952628
AdaBoost,No SMOTE,0,0,0.13019713023369225
AdaBoost,No SMOTE,0,0,0.17726965587952628
AdaBoost,No SMOTE,0,0,0.22017433581447826
AdaBoost,No SMOTE,0,0,0.22493649393812828
AdaBoost,No SMOTE,0,0,0.17726965587952628
AdaBoost,No SMOTE,0,0,0.1744311028445886
AdaBoost,No SMOTE,0,0,0.1744311028445886
AdaBoost,No SMOTE,0,0,0.1744311028445886
AdaBoost,No SMOTE,0,0,0.1689822365998279
AdaBoost,No SMOTE,0,0,0.14895992415852724
AdaBoost,No SMOTE,0,0,0.1744311028445886
AdaBoost,No SMOTE,0,0,0.1689822365998279
AdaBoost,No SMOTE,0,0,0.19090832035678107
AdaBoost,No SMOTE,0,0,0.21607329118820193
AdaBoost,No SMOTE,0,0,0.16895403564617684
AdaBoost,No SMOTE,0,0,0.16895403564617684
AdaBoost,No SMOTE,0,0,0.22044238283982498
AdaBoost,No SMOTE,0,0,0.205659675438033
AdaBoost,No SMOTE,0,0,0.1744311028445886
AdaBoost,No SMOTE,0,0,0.17726965587952628
AdaBoost,No SMOTE,0,0,0.1931443810264556
AdaBoost,No SMOTE,0,0,0.17452323501899744
AdaBoost,No SMOTE,0,0,0.1689822365998279
AdaBoost,No SMOTE,0,0,0.1744311028445886
AdaBoost,No SMOTE,0,0,0.14895992415852724
AdaBoost,No SMOTE,0,0,0.1689822365998279
AdaBoost,No SMOTE,0,0,0.1744311028445886
AdaBoost,No SMOTE,0,0,0.22493649393812828
AdaBoost,No SMOTE,0,0,0.1689822365998279
AdaBoost,No SMOTE,0,0,0.17643129068755622
AdaBoost,No SMOTE,0,0,0.17726965587952628
AdaBoost,No SMOTE,0,0,0.1744311028445886
AdaBoost,No SMOTE,0,0,0.17726965587952628
AdaBoost,No SMOTE,0,0,0.22493649393812828
AdaBoost,No SMOTE,0,0,0.11920292202211763
AdaBoost,No SMOTE,0,0,0.16618389338377842
AdaBoost,No SMOTE,0,0,0.22017433581447826
AdaBoost,No SMOTE,0,0,0.17726965587952628
AdaBoost,No SMOTE,0,0,0.17643129068755622
AdaBoost,No SMOTE,0,0,0.13019713023369225
AdaBoost,No SMOTE,0,0,0.2193403423397052
AdaBoost,No SMOTE,0,0,0.14895992415852724
AdaBoost,No SMOTE,0,0,0.16342013312650427
AdaBoost,No SMOTE,0,0,0.1744311028445886
AdaBoost,No SMOTE,0,0,0.11920292202211763
AdaBoost,No SMOTE,0,0,0.14895992415852724
AdaBoost,No SMOTE,0,0,0.17726965587952628
AdaBoost,No SMOTE,0,0,0.17726965587952628
AdaBoost,No SMOTE,0,0,0.13019713023369225
AdaBoost,No SMOTE,0,0,0.1744311028445886
AdaBoost,No SMOTE,0,0,0.21607329118820193
AdaBoost,No SMOTE,0,0,0.1689822365998279
AdaBoost,No SMOTE,0,0,0.21607329118820193
AdaBoost,No SMOTE,0,0,0.191758796857404
AdaBoost,No SMOTE,0,0,0.1744311028445886
AdaBoost,No SMOTE,0,0,0.22493649393812828
AdaBoost,No SMOTE,0,0,0.17726965587952628
AdaBoost,No SMOTE,0,0,0.1689822365998279
AdaBoost,No SMOTE,0,0,0.22017433581447826
AdaBoost,No SMOTE,0,0,0.1689822365998279
AdaBoost,No SMOTE,0,0,0.1744311028445886
AdaBoost,No SMOTE,0,0,0.14895992415852724
AdaBoost,No SMOTE,0,0,0.13586401457059089
AdaBoost,No SMOTE,0,0,0.1689822365998279
AdaBoost,No SMOTE,0,0,0.14798688540029464
AdaBoost,No SMOTE,0,0,0.17726965587952628
AdaBoost,No SMOTE,0,0,0.25081468689261593
AdaBoost,No SMOTE,0,0,0.22176486665410824
AdaBoost,No SMOTE,0,0,0.1744311028445886
AdaBoost,No SMOTE,0,0,0.1719470769852437
AdaBoost,No SMOTE,0,0,0.1689822365998279
AdaBoost,No SMOTE,0,0,0.1744311028445886
AdaBoost,No SMOTE,0,0,0.14895992415852724
AdaBoost,No SMOTE,0,0,0.1744311028445886
AdaBoost,No SMOTE,0,0,0.16203849466010875
AdaBoost,No SMOTE,0,0,0.17726965587952628
AdaBoost,No SMOTE,0,0,0.1689822365998279
AdaBoost,No SMOTE,0,0,0.1689822365998279
AdaBoost,No SMOTE,0,0,0.14895992415852724
AdaBoost,No SMOTE,0,0,0.1744311028445886
AdaBoost,No SMOTE,0,0,0.1689822365998279
AdaBoost,No SMOTE,0,0,0.22493649393812828
AdaBoost,No SMOTE,0,0,0.17726965587952628
AdaBoost,No SMOTE,0,0,0.17726965587952628
AdaBoost,No SMOTE,0,0,0.22044238283982498
AdaBoost,No SMOTE,0,0,0.1689822365998279
AdaBoost,No SMOTE,0,0,0.1689822365998279
AdaBoost,No SMOTE,0,0,0.17726965587952628
AdaBoost,No SMOTE,0,0,0.17726965587952628
AdaBoost,No SMOTE,0,0,0.1689822365998279
AdaBoost,No SMOTE,0,0,0.16203849466010875
AdaBoost,No SMOTE,0,0,0.1689822365998279
AdaBoost,No SMOTE,0,0,0.1744311028445886
AdaBoost,No SMOTE,0,0,0.1689822365998279
AdaBoost,No SMOTE,0,0,0.22044238283982498
AdaBoost,No SMOTE,0,0,0.16203849466010875
AdaBoost,No SMOTE,0,0,0.1744311028445886
AdaBoost,No SMOTE,0,0,0.1744311028445886
AdaBoost,No SMOTE,0,0,0.1689822365998279
AdaBoost,No SMOTE,0,0,0.16342013312650427
AdaBoost,No SMOTE,0,0,0.14895992415852724
AdaBoost,No SMOTE,0,0,0.14895992415852724
AdaBoost,No SMOTE,0,0,0.17726965587952628
AdaBoost,No SMOTE,0,0,0.14895992415852724
AdaBoost,No SMOTE,0,0,0.1431423024436669
AdaBoost,No SMOTE,0,0,0.18800989342479768
AdaBoost,No SMOTE,0,0,0.1744311028445886
AdaBoost,No SMOTE,0,0,0.17726965587952628
AdaBoost,No SMOTE,0,0,0.1689822365998279
AdaBoost,No SMOTE,0,0,0.17726965587952628
AdaBoost,No SMOTE,0,0,0.17726965587952628
AdaBoost,No SMOTE,0,0,0.17726965587952628
AdaBoost,No SMOTE,0,0,0.1744311028445886
AdaBoost,No SMOTE,0,0,0.2193403423397052
AdaBoost,No SMOTE,0,0,0.1744311028445886
AdaBoost,No SMOTE,0,0,0.18496367037446623
AdaBoost,No SMOTE,0,0,0.1744311028445886
AdaBoost,No SMOTE,0,0,0.14895992415852724
AdaBoost,No SMOTE,0,0,0.1689822365998279
AdaBoost,No SMOTE,0,0,0.21607329118820193
AdaBoost,No SMOTE,0,0,0.14895992415852724
AdaBoost,No SMOTE,0,0,0.1744311028445886
AdaBoost,No SMOTE,0,0,0.2193403423397052
AdaBoost,No SMOTE,0,0,0.1689822365998279
AdaBoost,No SMOTE,0,0,0.1689822365998279
AdaBoost,No SMOTE,0,0,0.20002774141121915
AdaBoost,No SMOTE,0,0,0.1786840584100862
AdaBoost,No SMOTE,0,0,0.22493649393812828
AdaBoost,No SMOTE,1,1,0.7083941238852334
AdaBoost,No SMOTE,0,0,0.16618389338377842
AdaBoost,No SMOTE,0,0,0.14895992415852724
AdaBoost,No SMOTE,0,0,0.191758796857404
AdaBoost,No SMOTE,0,0,0.1744311028445886
AdaBoost,No SMOTE,0,0,0.1689822365998279
AdaBoost,No SMOTE,0,0,0.1689822365998279
AdaBoost,No SMOTE,0,0,0.14895992415852724
AdaBoost,No SMOTE,0,0,0.22493649393812828
AdaBoost,No SMOTE,0,0,0.1431363477165842
AdaBoost,No SMOTE,0,0,0.21607329118820193
AdaBoost,No SMOTE,0,0,0.1744311028445886
AdaBoost,No SMOTE,0,0,0.17726965587952628
AdaBoost,No SMOTE,0,0,0.205659675438033
AdaBoost,No SMOTE,0,0,0.1689822365998279
AdaBoost,No SMOTE,0,0,0.22017433581447826
AdaBoost,No SMOTE,0,0,0.13586401457059089
AdaBoost,No SMOTE,0,0,0.1744311028445886
AdaBoost,No SMOTE,0,0,0.18800989342479768
AdaBoost,No SMOTE,0,0,0.1744311028445886
AdaBoost,No SMOTE,0,0,0.17726965587952628
AdaBoost,No SMOTE,0,0,0.14895992415852724
AdaBoost,No SMOTE,0,0,0.22493649393812828
AdaBoost,No SMOTE,0,0,0.22843520662470906
AdaBoost,No SMOTE,0,0,0.16342013312650427
AdaBoost,No SMOTE,0,0,0.16618389338377842
AdaBoost,No SMOTE,0,0,0.1689822365998279
AdaBoost,No SMOTE,0,0,0.1689822365998279
AdaBoost,No SMOTE,0,0,0.1431363477165842
AdaBoost,No SMOTE,0,0,0.2547751181527878
AdaBoost,No SMOTE,0,0,0.1689822365998279
AdaBoost,No SMOTE,0,0,0.16867357177983938
AdaBoost,No SMOTE,0,0,0.17726965587952628
AdaBoost,No SMOTE,0,0,0.1744311028445886
AdaBoost,No SMOTE,0,0,0.1744311028445886
AdaBoost,No SMOTE,0,0,0.1719470769852437
AdaBoost,No SMOTE,0,0,0.1689822365998279
AdaBoost,No SMOTE,0,0,0.18800989342479768
AdaBoost,No SMOTE,0,0,0.17726965587952628
AdaBoost,No SMOTE,0,0,0.18800989342479768
AdaBoost,No SMOTE,0,0,0.1689822365998279
AdaBoost,No SMOTE,0,0,0.14895992415852724
AdaBoost,No SMOTE,0,0,0.13019713023369225
AdaBoost,No SMOTE,0,0,0.18800989342479768
AdaBoost,No SMOTE,0,0,0.1689822365998279
AdaBoost,No SMOTE,0,0,0.16342013312650427
AdaBoost,No SMOTE,0,0,0.1689822365998279
AdaBoost,No SMOTE,0,0,0.1689822365998279
AdaBoost,No SMOTE,0,0,0.1744311028445886
AdaBoost,No SMOTE,0,0,0.1744311028445886
AdaBoost,No SMOTE,0,0,0.17726965587952628
AdaBoost,No SMOTE,0,0,0.17726965587952628
AdaBoost,No SMOTE,0,0,0.14895992415852724
AdaBoost,No SMOTE,0,0,0.22843520662470906
AdaBoost,No SMOTE,0,0,0.2193403423397052
AdaBoost,No SMOTE,0,0,0.1689822365998279
AdaBoost,No SMOTE,0,0,0.16867357177983938
AdaBoost,No SMOTE,0,0,0.22493649393812828
AdaBoost,No SMOTE,0,0,0.22493649393812828
AdaBoost,No SMOTE,0,0,0.1744311028445886
AdaBoost,No SMOTE,0,0,0.18496367037446623
AdaBoost,No SMOTE,0,0,0.13586401457059089
AdaBoost,No SMOTE,0,0,0.1744311028445886
AdaBoost,No SMOTE,0,0,0.1689822365998279
AdaBoost,No SMOTE,0,0,0.17726965587952628
AdaBoost,No SMOTE,0,0,0.17726965587952628
AdaBoost,No SMOTE,0,0,0.18800989342479768
AdaBoost,No SMOTE,0,0,0.16342013312650427
AdaBoost,No SMOTE,0,0,0.1689822365998279
AdaBoost,No SMOTE,0,0,0.1744311028445886
AdaBoost,No SMOTE,0,0,0.1431423024436669
AdaBoost,No SMOTE,0,0,0.1689822365998279
AdaBoost,No SMOTE,0,0,0.17726965587952628
AdaBoost,No SMOTE,0,0,0.16618389338377842
AdaBoost,No SMOTE,0,0,0.1431423024436669
AdaBoost,No SMOTE,0,0,0.22493649393812828
AdaBoost,No SMOTE,0,0,0.22493649393812828
AdaBoost,No SMOTE,0,0,0.1719470769852437
AdaBoost,No SMOTE,0,0,0.18800989342479768
AdaBoost,No SMOTE,0,0,0.1719470769852437
AdaBoost,No SMOTE,0,0,0.1689822365998279
AdaBoost,No SMOTE,0,0,0.22493649393812828
AdaBoost,No SMOTE,0,0,0.1689822365998279
AdaBoost,No SMOTE,0,0,0.1719470769852437
AdaBoost,No SMOTE,0,0,0.14895992415852724
AdaBoost,No SMOTE,0,0,0.1689822365998279
AdaBoost,No SMOTE,0,0,0.22017433581447826
AdaBoost,No SMOTE,0,0,0.22843520662470906
AdaBoost,No SMOTE,0,0,0.22017433581447826
AdaBoost,No SMOTE,0,0,0.1744311028445886
AdaBoost,No SMOTE,0,0,0.18800989342479768
AdaBoost,No SMOTE,0,0,0.22493649393812828
AdaBoost,No SMOTE,0,0,0.1689822365998279
AdaBoost,No SMOTE,0,0,0.17726965587952628
AdaBoost,No SMOTE,0,0,0.16895403564617684
AdaBoost,No SMOTE,0,0,0.17726965587952628
AdaBoost,No SMOTE,0,0,0.11920292202211763
AdaBoost,No SMOTE,0,0,0.17726965587952628
AdaBoost,No SMOTE,0,0,0.1689822365998279
AdaBoost,No SMOTE,0,0,0.1744311028445886
AdaBoost,No SMOTE,0,0,0.1689822365998279
AdaBoost,No SMOTE,0,0,0.1689822365998279
AdaBoost,No SMOTE,0,0,0.1689822365998279
AdaBoost,No SMOTE,0,0,0.1689822365998279
AdaBoost,No SMOTE,0,0,0.18800989342479768
AdaBoost,No SMOTE,0,0,0.1689822365998279
AdaBoost,No SMOTE,0,0,0.17726965587952628
AdaBoost,No SMOTE,0,0,0.13019713023369225
AdaBoost,No SMOTE,0,0,0.14895992415852724
AdaBoost,No SMOTE,0,0,0.1744311028445886
AdaBoost,No SMOTE,0,0,0.21928751511544514
AdaBoost,No SMOTE,0,0,0.14895992415852724
AdaBoost,No SMOTE,0,0,0.1689822365998279
AdaBoost,No SMOTE,0,0,0.1689822365998279
AdaBoost,No SMOTE,0,0,0.1689822365998279
AdaBoost,No SMOTE,0,0,0.14163724251994048
AdaBoost,No SMOTE,0,0,0.22493649393812828
AdaBoost,No SMOTE,0,0,0.17726965587952628
AdaBoost,No SMOTE,0,0,0.21607329118820193
AdaBoost,No SMOTE,0,0,0.22017433581447826
AdaBoost,No SMOTE,0,0,0.17726965587952628
AdaBoost,No SMOTE,0,0,0.1689822365998279
AdaBoost,No SMOTE,0,0,0.17726965587952628
AdaBoost,No SMOTE,0,0,0.21607329118820193
AdaBoost,No SMOTE,0,0,0.1689822365998279
AdaBoost,No SMOTE,0,0,0.1431423024436669
AdaBoost,No SMOTE,0,0,0.18800989342479768
AdaBoost,No SMOTE,0,0,0.17726965587952628
AdaBoost,No SMOTE,0,0,0.1689822365998279
AdaBoost,No SMOTE,0,0,0.1431363477165842
AdaBoost,No SMOTE,0,0,0.22493649393812828
AdaBoost,No SMOTE,0,0,0.1744311028445886
AdaBoost,No SMOTE,0,0,0.22493649393812828
AdaBoost,No SMOTE,0,0,0.14798688540029464
AdaBoost,No SMOTE,0,0,0.17043552930931818
AdaBoost,No SMOTE,0,0,0.14895992415852724
AdaBoost,No SMOTE,0,0,0.16895403564617684
AdaBoost,No SMOTE,0,0,0.13586401457059089
AdaBoost,No SMOTE,0,0,0.13019713023369225
AdaBoost,No SMOTE,0,0,0.1744311028445886
AdaBoost,No SMOTE,0,0,0.17726965587952628
AdaBoost,No SMOTE,0,0,0.18800989342479768
AdaBoost,No SMOTE,0,0,0.1689822365998279
AdaBoost,No SMOTE,0,0,0.1719470769852437
AdaBoost,No SMOTE,0,0,0.1744311028445886
AdaBoost,No SMOTE,0,0,0.22493649393812828
AdaBoost,No SMOTE,0,0,0.17726965587952628
AdaBoost,No SMOTE,0,0,0.17726965587952628
AdaBoost,No SMOTE,0,0,0.17726965587952628
AdaBoost,No SMOTE,0,0,0.13019713023369225
AdaBoost,No SMOTE,0,0,0.1744311028445886
AdaBoost,No SMOTE,0,0,0.17726965587952628
AdaBoost,No SMOTE,0,0,0.11920292202211763
AdaBoost,No SMOTE,0,0,0.17726965587952628
AdaBoost,No SMOTE,0,0,0.11920292202211763
AdaBoost,No SMOTE,0,0,0.1744311028445886
AdaBoost,No SMOTE,0,0,0.1719470769852437
AdaBoost,No SMOTE,0,0,0.16895403564617684
AdaBoost,No SMOTE,0,0,0.16342013312650427
AdaBoost,No SMOTE,0,0,0.17726965587952628
AdaBoost,No SMOTE,0,0,0.2193403423397052
AdaBoost,No SMOTE,0,0,0.1689822365998279
AdaBoost,No SMOTE,0,0,0.13019713023369225
AdaBoost,No SMOTE,0,0,0.17726965587952628
AdaBoost,No SMOTE,0,0,0.1719470769852437
AdaBoost,No SMOTE,0,0,0.13586401457059089
AdaBoost,No SMOTE,0,0,0.17726965587952628
AdaBoost,No SMOTE,0,0,0.16618389338377842
AdaBoost,No SMOTE,0,0,0.18800989342479768
AdaBoost,No SMOTE,0,0,0.17726965587952628
AdaBoost,No SMOTE,0,0,0.1431423024436669
AdaBoost,No SMOTE,0,0,0.22493649393812828
AdaBoost,No SMOTE,0,0,0.1689822365998279
AdaBoost,No SMOTE,0,0,0.1744311028445886
AdaBoost,No SMOTE,0,0,0.22493649393812828
AdaBoost,No SMOTE,0,0,0.1744311028445886
AdaBoost,No SMOTE,0,0,0.2193403423397052
AdaBoost,No SMOTE,0,0,0.1744311028445886
AdaBoost,No SMOTE,0,0,0.17726965587952628
AdaBoost,No SMOTE,0,0,0.22843520662470906
AdaBoost,No SMOTE,0,0,0.13586401457059089
AdaBoost,No SMOTE,0,0,0.1689822365998279
AdaBoost,No SMOTE,0,0,0.22493649393812828
AdaBoost,No SMOTE,0,0,0.17726965587952628
AdaBoost,No SMOTE,0,0,0.1719470769852437
AdaBoost,No SMOTE,0,0,0.16342013312650427
AdaBoost,No SMOTE,0,0,0.1689822365998279
AdaBoost,No SMOTE,0,0,0.14895992415852724
AdaBoost,No SMOTE,0,0,0.1744311028445886
AdaBoost,No SMOTE,0,0,0.191758796857404
AdaBoost,No SMOTE,0,0,0.17726965587952628
AdaBoost,No SMOTE,0,0,0.17726965587952628
AdaBoost,No SMOTE,0,0,0.14895992415852724
AdaBoost,No SMOTE,0,0,0.17726965587952628
AdaBoost,No SMOTE,0,0,0.13019713023369225
AdaBoost,No SMOTE,0,0,0.1689822365998279
AdaBoost,No SMOTE,0,0,0.191758796857404
AdaBoost,No SMOTE,0,0,0.1744311028445886
AdaBoost,No SMOTE,0,0,0.14895992415852724
AdaBoost,No SMOTE,0,0,0.18800989342479768
AdaBoost,No SMOTE,0,0,0.22493649393812828
AdaBoost,No SMOTE,0,0,0.1689822365998279
AdaBoost,No SMOTE,0,0,0.16895403564617684
AdaBoost,No SMOTE,0,0,0.13586401457059089
AdaBoost,No SMOTE,0,0,0.1744311028445886
AdaBoost,No SMOTE,0,0,0.1719470769852437
AdaBoost,No SMOTE,0,0,0.1689822365998279
AdaBoost,No SMOTE,0,0,0.13019713023369225
AdaBoost,No SMOTE,0,0,0.25081468689261593
AdaBoost,No SMOTE,0,0,0.14895992415852724
AdaBoost,No SMOTE,0,0,0.17726965587952628
AdaBoost,No SMOTE,0,0,0.18800989342479768
AdaBoost,No SMOTE,0,0,0.18800989342479768
AdaBoost,No SMOTE,0,0,0.1744311028445886
AdaBoost,No SMOTE,0,0,0.22493649393812828
AdaBoost,No SMOTE,0,0,0.13586401457059089
AdaBoost,No SMOTE,0,0,0.1431423024436669
AdaBoost,No SMOTE,0,0,0.22493649393812828
AdaBoost,No SMOTE,0,0,0.1744311028445886
AdaBoost,No SMOTE,0,0,0.22493649393812828
AdaBoost,No SMOTE,0,0,0.1744311028445886
AdaBoost,No SMOTE,0,0,0.1689822365998279
AdaBoost,No SMOTE,0,0,0.1744311028445886
AdaBoost,No SMOTE,0,0,0.22493649393812828
AdaBoost,No SMOTE,0,0,0.22493649393812828
AdaBoost,No SMOTE,0,0,0.17726965587952628
AdaBoost,No SMOTE,0,0,0.17726965587952628
AdaBoost,No SMOTE,0,0,0.14895992415852724
AdaBoost,No SMOTE,0,0,0.1744311028445886
AdaBoost,No SMOTE,0,0,0.13019713023369225
AdaBoost,No SMOTE,0,0,0.1744311028445886
AdaBoost,No SMOTE,0,0,0.1689822365998279
AdaBoost,No SMOTE,0,0,0.1689822365998279
AdaBoost,No SMOTE,0,0,0.1744311028445886
AdaBoost,No SMOTE,0,0,0.22493649393812828
AdaBoost,No SMOTE,0,0,0.1744311028445886
AdaBoost,No SMOTE,0,0,0.1689822365998279
AdaBoost,No SMOTE,0,0,0.1744311028445886
AdaBoost,No SMOTE,0,0,0.17726965587952628
AdaBoost,No SMOTE,0,0,0.13586401457059089
AdaBoost,No SMOTE,0,0,0.1719470769852437
AdaBoost,No SMOTE,0,0,0.17726965587952628
AdaBoost,No SMOTE,0,0,0.1689822365998279
AdaBoost,No SMOTE,0,0,0.13586401457059089
AdaBoost,No SMOTE,0,0,0.16895403564617684
AdaBoost,No SMOTE,0,0,0.21573524134425506
AdaBoost,No SMOTE,0,0,0.1689822365998279
AdaBoost,No SMOTE,0,0,0.1689822365998279
AdaBoost,No SMOTE,0,0,0.13019713023369225
AdaBoost,No SMOTE,0,0,0.1744311028445886
AdaBoost,No SMOTE,0,0,0.1689822365998279
AdaBoost,No SMOTE,0,0,0.17726965587952628
AdaBoost,No SMOTE,0,0,0.16895403564617684
AdaBoost,No SMOTE,0,0,0.22493649393812828
AdaBoost,No SMOTE,0,0,0.18800989342479768
AdaBoost,No SMOTE,0,0,0.17726965587952628
AdaBoost,No SMOTE,0,0,0.17726965587952628
AdaBoost,No SMOTE,0,0,0.1689822365998279
AdaBoost,No SMOTE,0,0,0.1689822365998279
AdaBoost,No SMOTE,0,0,0.22493649393812828
AdaBoost,No SMOTE,0,0,0.11920292202211763
AdaBoost,No SMOTE,0,0,0.1689822365998279
AdaBoost,No SMOTE,0,0,0.1744311028445886
AdaBoost,No SMOTE,0,0,0.13019713023369225
AdaBoost,No SMOTE,0,0,0.14895992415852724
AdaBoost,No SMOTE,0,0,0.17726965587952628
AdaBoost,No SMOTE,0,0,0.1689822365998279
AdaBoost,No SMOTE,0,0,0.17726965587952628
AdaBoost,No SMOTE,0,0,0.2193403423397052
AdaBoost,No SMOTE,0,0,0.2193403423397052
AdaBoost,No SMOTE,0,0,0.17726965587952628
AdaBoost,No SMOTE,0,0,0.1744311028445886
AdaBoost,No SMOTE,0,0,0.1744311028445886
AdaBoost,No SMOTE,0,0,0.22017433581447826
AdaBoost,No SMOTE,0,0,0.2193403423397052
AdaBoost,No SMOTE,0,0,0.21607329118820193
AdaBoost,No SMOTE,0,0,0.21607329118820193
AdaBoost,No SMOTE,0,0,0.19805707668831612
AdaBoost,No SMOTE,0,0,0.19090832035678107
AdaBoost,No SMOTE,0,0,0.22493649393812828
AdaBoost,No SMOTE,0,0,0.20002774141121915
AdaBoost,No SMOTE,0,0,0.1744311028445886
AdaBoost,No SMOTE,0,0,0.16618389338377842
AdaBoost,No SMOTE,0,0,0.17726965587952628
AdaBoost,No SMOTE,0,0,0.22493649393812828
AdaBoost,No SMOTE,0,0,0.16203849466010875
AdaBoost,No SMOTE,0,0,0.22295168509089985
AdaBoost,No SMOTE,0,0,0.1744311028445886
AdaBoost,No SMOTE,0,0,0.17726965587952628
AdaBoost,No SMOTE,0,0,0.17726965587952628
AdaBoost,No SMOTE,0,0,0.1689822365998279
AdaBoost,No SMOTE,0,0,0.17726965587952628
AdaBoost,No SMOTE,0,0,0.13019713023369225
AdaBoost,No SMOTE,0,0,0.18496367037446623
AdaBoost,No SMOTE,0,0,0.13586401457059089
AdaBoost,No SMOTE,0,0,0.1744311028445886
AdaBoost,No SMOTE,0,0,0.11920292202211763
AdaBoost,No SMOTE,0,0,0.17726965587952628
AdaBoost,No SMOTE,0,0,0.17726965587952628
AdaBoost,No SMOTE,0,0,0.1744311028445886
AdaBoost,No SMOTE,0,0,0.13586401457059089
AdaBoost,No SMOTE,0,0,0.1689822365998279
AdaBoost,No SMOTE,0,0,0.14895992415852724
AdaBoost,No SMOTE,0,0,0.1744311028445886
AdaBoost,No SMOTE,0,0,0.205659675438033
AdaBoost,No SMOTE,0,0,0.17726965587952628
AdaBoost,No SMOTE,0,0,0.14895992415852724
AdaBoost,No SMOTE,0,0,0.13019713023369225
AdaBoost,No SMOTE,0,0,0.17726965587952628
AdaBoost,No SMOTE,0,0,0.17726965587952628
AdaBoost,No SMOTE,0,0,0.1744311028445886
AdaBoost,No SMOTE,0,0,0.17726965587952628
AdaBoost,No SMOTE,0,0,0.22843520662470906
AdaBoost,No SMOTE,0,0,0.1689822365998279
AdaBoost,No SMOTE,0,0,0.16342013312650427
AdaBoost,No SMOTE,0,0,0.1744311028445886
AdaBoost,No SMOTE,0,0,0.1744311028445886
AdaBoost,No SMOTE,0,0,0.17726965587952628
AdaBoost,No SMOTE,0,0,0.1744311028445886
AdaBoost,No SMOTE,0,0,0.14895992415852724
AdaBoost,No SMOTE,0,0,0.191758796857404
AdaBoost,No SMOTE,0,0,0.1431423024436669
AdaBoost,No SMOTE,0,0,0.1744311028445886
AdaBoost,No SMOTE,0,0,0.16342013312650427
AdaBoost,No SMOTE,0,0,0.16203849466010875
AdaBoost,No SMOTE,0,0,0.18800989342479768
AdaBoost,No SMOTE,0,0,0.1689822365998279
AdaBoost,No SMOTE,0,0,0.22493649393812828
AdaBoost,No SMOTE,0,0,0.1689822365998279
AdaBoost,No SMOTE,0,0,0.22843520662470906
AdaBoost,No SMOTE,0,0,0.14651749284402038
AdaBoost,No SMOTE,0,0,0.13019713023369225
AdaBoost,No SMOTE,0,0,0.13586401457059089
AdaBoost,No SMOTE,0,0,0.16895403564617684
AdaBoost,No SMOTE,0,0,0.13019713023369225
AdaBoost,No SMOTE,0,0,0.1744311028445886
AdaBoost,No SMOTE,0,0,0.1744311028445886
AdaBoost,No SMOTE,0,0,0.1431363477165842
AdaBoost,No SMOTE,0,0,0.1744311028445886
AdaBoost,No SMOTE,0,0,0.1689822365998279
AdaBoost,No SMOTE,0,0,0.1744311028445886
AdaBoost,No SMOTE,0,0,0.205659675438033
AdaBoost,No SMOTE,0,0,0.13586401457059089
AdaBoost,No SMOTE,0,0,0.1689822365998279
AdaBoost,No SMOTE,0,0,0.17726965587952628
AdaBoost,No SMOTE,0,0,0.1689822365998279
AdaBoost,No SMOTE,0,0,0.1744311028445886
AdaBoost,No SMOTE,0,0,0.17726965587952628
AdaBoost,No SMOTE,0,0,0.17726965587952628
AdaBoost,No SMOTE,0,0,0.2675714581001686
AdaBoost,No SMOTE,0,0,0.13586401457059089
AdaBoost,No SMOTE,0,0,0.1744311028445886
AdaBoost,No SMOTE,0,0,0.1744311028445886
AdaBoost,No SMOTE,0,0,0.1744311028445886
AdaBoost,No SMOTE,0,0,0.1689822365998279
AdaBoost,No SMOTE,0,0,0.23435506113090693
AdaBoost,No SMOTE,0,0,0.21607329118820193
AdaBoost,No SMOTE,0,0,0.2091061060399178
AdaBoost,No SMOTE,0,0,0.1744311028445886
AdaBoost,No SMOTE,0,0,0.1744311028445886
AdaBoost,No SMOTE,0,0,0.1689822365998279
AdaBoost,No SMOTE,0,0,0.1689822365998279
AdaBoost,No SMOTE,0,0,0.17726965587952628
AdaBoost,No SMOTE,0,0,0.22493649393812828
AdaBoost,No SMOTE,0,0,0.1689822365998279
AdaBoost,No SMOTE,0,0,0.1719470769852437
AdaBoost,No SMOTE,0,0,0.1744311028445886
AdaBoost,No SMOTE,0,0,0.1689822365998279
AdaBoost,No SMOTE,0,0,0.1744311028445886
AdaBoost,No SMOTE,0,0,0.17043552930931818
AdaBoost,No SMOTE,0,0,0.22493649393812828
AdaBoost,No SMOTE,0,0,0.17726965587952628
AdaBoost,No SMOTE,0,0,0.18800989342479768
AdaBoost,No SMOTE,0,0,0.14895992415852724
AdaBoost,No SMOTE,0,0,0.22843520662470906
AdaBoost,No SMOTE,0,0,0.17726965587952628
AdaBoost,No SMOTE,0,0,0.1689822365998279
AdaBoost,No SMOTE,0,0,0.1719470769852437
AdaBoost,No SMOTE,0,0,0.17726965587952628
AdaBoost,No SMOTE,0,0,0.17726965587952628
AdaBoost,No SMOTE,0,0,0.16342013312650427
AdaBoost,No SMOTE,0,0,0.1744311028445886
AdaBoost,No SMOTE,0,0,0.14895992415852724
AdaBoost,No SMOTE,0,0,0.1689822365998279
AdaBoost,No SMOTE,0,0,0.17726965587952628
AdaBoost,No SMOTE,0,0,0.1689822365998279
AdaBoost,No SMOTE,0,0,0.14895992415852724
AdaBoost,No SMOTE,0,0,0.1689822365998279
AdaBoost,No SMOTE,0,0,0.1744311028445886
AdaBoost,No SMOTE,0,0,0.1744311028445886
AdaBoost,No SMOTE,0,0,0.1689822365998279
AdaBoost,No SMOTE,0,0,0.11920292202211763
AdaBoost,No SMOTE,0,0,0.11920292202211763
AdaBoost,No SMOTE,0,0,0.1689822365998279
AdaBoost,No SMOTE,0,0,0.22176486665410824
AdaBoost,No SMOTE,0,0,0.1744311028445886
AdaBoost,No SMOTE,0,0,0.17726965587952628
AdaBoost,No SMOTE,0,0,0.1689822365998279
AdaBoost,No SMOTE,0,0,0.1689822365998279
AdaBoost,No SMOTE,0,0,0.1689822365998279
AdaBoost,No SMOTE,0,0,0.1744311028445886
AdaBoost,No SMOTE,0,0,0.21607329118820193
AdaBoost,No SMOTE,0,0,0.14895992415852724
AdaBoost,No SMOTE,0,0,0.1744311028445886
AdaBoost,No SMOTE,0,0,0.1689822365998279
AdaBoost,No SMOTE,0,0,0.17726965587952628
AdaBoost,No SMOTE,0,0,0.14895992415852724
AdaBoost,No SMOTE,0,0,0.25081468689261593
AdaBoost,No SMOTE,0,0,0.16618389338377842
AdaBoost,No SMOTE,0,0,0.16895403564617684
AdaBoost,No SMOTE,0,0,0.1744311028445886
AdaBoost,No SMOTE,0,0,0.1744311028445886
AdaBoost,No SMOTE,0,0,0.1689822365998279
AdaBoost,No SMOTE,0,0,0.16618389338377842
AdaBoost,No SMOTE,0,0,0.1719470769852437
AdaBoost,No SMOTE,0,0,0.14895992415852724
AdaBoost,No SMOTE,0,0,0.16618389338377842
AdaBoost,No SMOTE,0,0,0.1719470769852437
AdaBoost,No SMOTE,0,0,0.16342013312650427
AdaBoost,No SMOTE,0,0,0.18800989342479768
AdaBoost,No SMOTE,0,0,0.1744311028445886
AdaBoost,No SMOTE,0,0,0.22493649393812828
AdaBoost,No SMOTE,0,0,0.17726965587952628
AdaBoost,No SMOTE,0,0,0.17726965587952628
AdaBoost,No SMOTE,0,0,0.17726965587952628
AdaBoost,No SMOTE,0,0,0.17726965587952628
AdaBoost,No SMOTE,0,0,0.2193403423397052
AdaBoost,No SMOTE,0,0,0.191758796857404
AdaBoost,No SMOTE,0,0,0.21607329118820193
AdaBoost,No SMOTE,0,0,0.1689822365998279
AdaBoost,No SMOTE,0,0,0.21607329118820193
AdaBoost,No SMOTE,0,0,0.17726965587952628
AdaBoost,No SMOTE,0,0,0.1744311028445886
AdaBoost,No SMOTE,0,0,0.1689822365998279
AdaBoost,No SMOTE,0,0,0.18800989342479768
AdaBoost,No SMOTE,0,0,0.1931443810264556
AdaBoost,No SMOTE,0,0,0.17726965587952628
AdaBoost,No SMOTE,0,0,0.17726965587952628
AdaBoost,No SMOTE,0,0,0.14895992415852724
AdaBoost,No SMOTE,0,0,0.11920292202211763
AdaBoost,No SMOTE,0,0,0.1689822365998279
AdaBoost,No SMOTE,0,0,0.17726965587952628
AdaBoost,No SMOTE,0,0,0.1744311028445886
AdaBoost,No SMOTE,0,0,0.18496367037446623
AdaBoost,No SMOTE,0,0,0.191758796857404
AdaBoost,No SMOTE,0,0,0.1689822365998279
AdaBoost,No SMOTE,0,0,0.16342013312650427
AdaBoost,No SMOTE,0,0,0.17726965587952628
AdaBoost,No SMOTE,0,0,0.1744311028445886
AdaBoost,No SMOTE,0,0,0.21607329118820193
AdaBoost,No SMOTE,0,0,0.1744311028445886
AdaBoost,No SMOTE,0,0,0.2308814706686039
AdaBoost,No SMOTE,0,0,0.18496367037446623
AdaBoost,No SMOTE,0,0,0.22493649393812828
AdaBoost,No SMOTE,0,0,0.1689822365998279
AdaBoost,No SMOTE,0,0,0.17726965587952628
AdaBoost,No SMOTE,0,0,0.13019713023369225
AdaBoost,No SMOTE,0,0,0.16867357177983938
AdaBoost,No SMOTE,0,0,0.17726965587952628
AdaBoost,No SMOTE,0,0,0.17726965587952628
AdaBoost,No SMOTE,0,0,0.21607329118820193
AdaBoost,No SMOTE,0,0,0.1689822365998279
AdaBoost,No SMOTE,0,0,0.1744311028445886
AdaBoost,No SMOTE,0,0,0.1719470769852437
AdaBoost,No SMOTE,0,0,0.1689822365998279
AdaBoost,No SMOTE,0,0,0.2193403423397052
AdaBoost,No SMOTE,0,0,0.1689822365998279
AdaBoost,No SMOTE,0,0,0.16342013312650427
AdaBoost,No SMOTE,0,0,0.19090832035678107
AdaBoost,No SMOTE,0,0,0.17726965587952628
AdaBoost,No SMOTE,0,0,0.1689822365998279
AdaBoost,No SMOTE,0,0,0.22493649393812828
AdaBoost,No SMOTE,0,0,0.1744311028445886
AdaBoost,No SMOTE,0,0,0.1744311028445886
AdaBoost,No SMOTE,0,0,0.1744311028445886
AdaBoost,No SMOTE,0,0,0.11920292202211763
AdaBoost,No SMOTE,0,0,0.17726965587952628
AdaBoost,No SMOTE,0,0,0.1744311028445886
AdaBoost,No SMOTE,0,0,0.23435506113090693
AdaBoost,No SMOTE,0,0,0.22493649393812828
AdaBoost,No SMOTE,0,0,0.23595205353816107
AdaBoost,No SMOTE,0,0,0.1744311028445886
AdaBoost,No SMOTE,0,0,0.17726965587952628
AdaBoost,No SMOTE,0,0,0.18496367037446623
AdaBoost,No SMOTE,0,0,0.17726965587952628
AdaBoost,No SMOTE,0,0,0.1744311028445886
AdaBoost,No SMOTE,0,0,0.16342013312650427
AdaBoost,No SMOTE,0,0,0.1744311028445886
AdaBoost,No SMOTE,0,0,0.18800989342479768
AdaBoost,No SMOTE,0,0,0.21607329118820193
AdaBoost,No SMOTE,0,0,0.18800989342479768
AdaBoost,No SMOTE,0,0,0.2193403423397052
AdaBoost,No SMOTE,0,0,0.1689822365998279
AdaBoost,No SMOTE,0,0,0.1744311028445886
AdaBoost,No SMOTE,0,0,0.1744311028445886
AdaBoost,No SMOTE,0,0,0.14895992415852724
AdaBoost,No SMOTE,0,0,0.17726965587952628
AdaBoost,No SMOTE,0,0,0.1744311028445886
AdaBoost,No SMOTE,0,0,0.22493649393812828
AdaBoost,No SMOTE,0,0,0.1689822365998279
AdaBoost,No SMOTE,0,0,0.1689822365998279
AdaBoost,No SMOTE,0,0,0.14895992415852724
AdaBoost,No SMOTE,0,0,0.1689822365998279
AdaBoost,No SMOTE,0,0,0.1431423024436669
AdaBoost,No SMOTE,0,0,0.18800989342479768
AdaBoost,No SMOTE,0,0,0.1744311028445886
AdaBoost,No SMOTE,0,0,0.14895992415852724
AdaBoost,No SMOTE,0,0,0.21607329118820193
AdaBoost,No SMOTE,0,0,0.18496367037446623
AdaBoost,No SMOTE,0,0,0.17726965587952628
AdaBoost,No SMOTE,0,0,0.1689822365998279
AdaBoost,No SMOTE,0,0,0.11920292202211763
AdaBoost,No SMOTE,0,0,0.17726965587952628
AdaBoost,No SMOTE,0,0,0.14895992415852724
AdaBoost,No SMOTE,0,0,0.1744311028445886
AdaBoost,No SMOTE,0,0,0.17726965587952628
AdaBoost,No SMOTE,0,0,0.1431423024436669
AdaBoost,No SMOTE,0,0,0.1689822365998279
AdaBoost,No SMOTE,0,0,0.1744311028445886
AdaBoost,No SMOTE,0,0,0.14895992415852724
AdaBoost,No SMOTE,0,0,0.16618389338377842
AdaBoost,No SMOTE,0,0,0.1689822365998279
AdaBoost,No SMOTE,0,0,0.1689822365998279
AdaBoost,No SMOTE,0,0,0.14895992415852724
AdaBoost,No SMOTE,0,0,0.1744311028445886
AdaBoost,No SMOTE,0,0,0.1744311028445886
AdaBoost,No SMOTE,0,0,0.16618389338377842
AdaBoost,No SMOTE,0,0,0.13586401457059089
AdaBoost,No SMOTE,0,0,0.1744311028445886
AdaBoost,No SMOTE,0,0,0.1744311028445886
AdaBoost,No SMOTE,0,0,0.17726965587952628
AdaBoost,No SMOTE,0,0,0.18800989342479768
AdaBoost,No SMOTE,0,0,0.13586401457059089
AdaBoost,No SMOTE,0,0,0.16342013312650427
AdaBoost,No SMOTE,0,0,0.1689822365998279
AdaBoost,No SMOTE,0,0,0.1719470769852437
AdaBoost,No SMOTE,0,0,0.1719470769852437
AdaBoost,No SMOTE,0,0,0.1744311028445886
AdaBoost,No SMOTE,0,0,0.1689822365998279
AdaBoost,No SMOTE,0,0,0.17726965587952628
AdaBoost,No SMOTE,0,0,0.1744311028445886
AdaBoost,No SMOTE,0,0,0.14895992415852724
AdaBoost,No SMOTE,0,0,0.1744311028445886
AdaBoost,No SMOTE,0,0,0.13019713023369225
AdaBoost,No SMOTE,0,0,0.20002774141121915
AdaBoost,No SMOTE,0,0,0.18800989342479768
AdaBoost,No SMOTE,0,0,0.17726965587952628
AdaBoost,No SMOTE,0,0,0.21607329118820193
AdaBoost,No SMOTE,0,0,0.1744311028445886
AdaBoost,No SMOTE,0,0,0.1689822365998279
AdaBoost,No SMOTE,0,0,0.16203849466010875
AdaBoost,No SMOTE,0,0,0.22493649393812828
AdaBoost,No SMOTE,0,0,0.22843520662470906
AdaBoost,No SMOTE,0,0,0.17726965587952628
AdaBoost,No SMOTE,0,0,0.17643129068755622
AdaBoost,No SMOTE,0,0,0.13019713023369225
AdaBoost,No SMOTE,0,0,0.1456228192075175
AdaBoost,No SMOTE,0,0,0.17726965587952628
AdaBoost,No SMOTE,0,0,0.1689822365998279
AdaBoost,No SMOTE,0,0,0.16342013312650427
AdaBoost,No SMOTE,0,0,0.13019713023369225
AdaBoost,No SMOTE,0,0,0.17726965587952628
AdaBoost,No SMOTE,0,0,0.1431423024436669
AdaBoost,No SMOTE,0,0,0.18800989342479768
AdaBoost,No SMOTE,0,0,0.16203849466010875
AdaBoost,No SMOTE,0,0,0.1744311028445886
AdaBoost,No SMOTE,0,0,0.1744311028445886
AdaBoost,No SMOTE,0,0,0.1744311028445886
AdaBoost,No SMOTE,0,0,0.1689822365998279
AdaBoost,No SMOTE,0,0,0.22017433581447826
AdaBoost,No SMOTE,0,0,0.1689822365998279
AdaBoost,No SMOTE,0,0,0.22493649393812828
AdaBoost,No SMOTE,0,0,0.17726965587952628
AdaBoost,No SMOTE,0,0,0.1744311028445886
AdaBoost,No SMOTE,0,0,0.17182074334119965
AdaBoost,No SMOTE,0,0,0.1719470769852437
AdaBoost,No SMOTE,0,0,0.1689822365998279
AdaBoost,No SMOTE,0,0,0.14895992415852724
AdaBoost,No SMOTE,0,0,0.17726965587952628
AdaBoost,No SMOTE,0,0,0.16342013312650427
AdaBoost,No SMOTE,0,0,0.17726965587952628
AdaBoost,No SMOTE,0,0,0.13586401457059089
AdaBoost,No SMOTE,0,0,0.1744311028445886
AdaBoost,No SMOTE,0,0,0.14895992415852724
AdaBoost,No SMOTE,0,0,0.14895992415852724
AdaBoost,No SMOTE,0,0,0.14895992415852724
AdaBoost,No SMOTE,0,0,0.14895992415852724
AdaBoost,No SMOTE,0,0,0.17726965587952628
AdaBoost,No SMOTE,0,0,0.1719470769852437
AdaBoost,No SMOTE,0,0,0.13019713023369225
AdaBoost,No SMOTE,0,0,0.17726965587952628
AdaBoost,No SMOTE,0,0,0.17726965587952628
AdaBoost,No SMOTE,0,0,0.22493649393812828
AdaBoost,No SMOTE,0,0,0.17726965587952628
AdaBoost,No SMOTE,0,0,0.18496367037446623
AdaBoost,No SMOTE,0,0,0.22493649393812828
AdaBoost,No SMOTE,0,0,0.21607329118820193
AdaBoost,No SMOTE,0,0,0.17133680384090874
AdaBoost,No SMOTE,0,0,0.1689822365998279
AdaBoost,No SMOTE,0,0,0.17726965587952628
AdaBoost,No SMOTE,0,0,0.21607329118820193
AdaBoost,No SMOTE,0,0,0.2193403423397052
AdaBoost,No SMOTE,0,0,0.17726965587952628
AdaBoost,No SMOTE,0,0,0.1689822365998279
AdaBoost,No SMOTE,0,0,0.16895403564617684
AdaBoost,No SMOTE,0,0,0.1744311028445886
AdaBoost,No SMOTE,0,0,0.17726965587952628
AdaBoost,No SMOTE,0,0,0.17726965587952628
AdaBoost,No SMOTE,0,0,0.17726965587952628
AdaBoost,No SMOTE,0,0,0.22493649393812828
AdaBoost,No SMOTE,0,0,0.23177895169308674
AdaBoost,No SMOTE,0,0,0.16618389338377842
AdaBoost,No SMOTE,0,0,0.18800989342479768
AdaBoost,No SMOTE,0,0,0.1689822365998279
AdaBoost,No SMOTE,0,0,0.22493649393812828
AdaBoost,No SMOTE,0,0,0.1744311028445886
AdaBoost,No SMOTE,0,0,0.22493649393812828
AdaBoost,No SMOTE,0,0,0.17726965587952628
AdaBoost,No SMOTE,0,0,0.2193403423397052
AdaBoost,No SMOTE,0,0,0.13019713023369225
AdaBoost,No SMOTE,0,0,0.14895992415852724
AdaBoost,No SMOTE,0,0,0.13586401457059089
AdaBoost,No SMOTE,0,0,0.1689822365998279
AdaBoost,No SMOTE,0,0,0.21607329118820193
AdaBoost,No SMOTE,0,0,0.14895992415852724
AdaBoost,No SMOTE,0,0,0.13019713023369225
AdaBoost,No SMOTE,0,0,0.1689822365998279
AdaBoost,No SMOTE,0,0,0.1744311028445886
AdaBoost,No SMOTE,0,0,0.17726965587952628
AdaBoost,No SMOTE,0,0,0.1744311028445886
AdaBoost,No SMOTE,0,0,0.17726965587952628
AdaBoost,No SMOTE,0,0,0.1744311028445886
AdaBoost,No SMOTE,0,0,0.22493649393812828
AdaBoost,No SMOTE,0,0,0.22493649393812828
AdaBoost,No SMOTE,0,0,0.18800989342479768
AdaBoost,No SMOTE,0,0,0.22493649393812828
AdaBoost,No SMOTE,0,0,0.16342013312650427
AdaBoost,No SMOTE,0,0,0.16342013312650427
AdaBoost,No SMOTE,0,0,0.1689822365998279
AdaBoost,No SMOTE,0,0,0.1744311028445886
AdaBoost,No SMOTE,0,0,0.22176486665410824
AdaBoost,No SMOTE,0,0,0.17726965587952628
AdaBoost,No SMOTE,0,0,0.1689822365998279
AdaBoost,No SMOTE,0,0,0.1744311028445886
AdaBoost,No SMOTE,0,0,0.22493649393812828
AdaBoost,No SMOTE,0,0,0.17726965587952628
AdaBoost,No SMOTE,0,0,0.16895403564617684
AdaBoost,No SMOTE,0,0,0.2193403423397052
AdaBoost,No SMOTE,0,0,0.16895403564617684
AdaBoost,No SMOTE,0,0,0.11920292202211763
AdaBoost,No SMOTE,0,0,0.16618389338377842
AdaBoost,No SMOTE,0,0,0.1744311028445886
AdaBoost,No SMOTE,0,0,0.22493649393812828
AdaBoost,No SMOTE,0,0,0.17726965587952628
AdaBoost,No SMOTE,0,0,0.17726965587952628
AdaBoost,No SMOTE,0,0,0.1689822365998279
AdaBoost,No SMOTE,0,0,0.22493649393812828
AdaBoost,No SMOTE,0,0,0.2193403423397052
AdaBoost,No SMOTE,0,0,0.21928751511544514
AdaBoost,No SMOTE,0,0,0.1689822365998279
AdaBoost,No SMOTE,0,0,0.1689822365998279
AdaBoost,No SMOTE,0,0,0.1744311028445886
AdaBoost,No SMOTE,0,0,0.17726965587952628
AdaBoost,No SMOTE,0,0,0.18496367037446623
AdaBoost,No SMOTE,0,0,0.21607329118820193
AdaBoost,No SMOTE,0,0,0.1689822365998279
AdaBoost,No SMOTE,0,0,0.17726965587952628
AdaBoost,No SMOTE,0,0,0.22176486665410824
AdaBoost,No SMOTE,0,0,0.22493649393812828
AdaBoost,No SMOTE,0,0,0.13019713023369225
AdaBoost,No SMOTE,0,0,0.1689822365998279
AdaBoost,No SMOTE,0,0,0.16618389338377842
AdaBoost,No SMOTE,0,0,0.2211488914469814
AdaBoost,No SMOTE,0,0,0.1744311028445886
AdaBoost,No SMOTE,0,0,0.1744311028445886
AdaBoost,No SMOTE,0,0,0.16342013312650427
AdaBoost,No SMOTE,0,0,0.1689822365998279
AdaBoost,No SMOTE,0,0,0.1689822365998279
AdaBoost,No SMOTE,0,0,0.1689822365998279
AdaBoost,No SMOTE,0,0,0.13019713023369225
AdaBoost,No SMOTE,0,0,0.1744311028445886
AdaBoost,No SMOTE,0,0,0.17726965587952628
AdaBoost,No SMOTE,0,0,0.17726965587952628
AdaBoost,No SMOTE,0,0,0.16895403564617684
AdaBoost,No SMOTE,0,0,0.1744311028445886
AdaBoost,No SMOTE,0,0,0.1744311028445886
AdaBoost,No SMOTE,0,0,0.16895403564617684
AdaBoost,No SMOTE,0,0,0.18496367037446623
AdaBoost,No SMOTE,0,0,0.1744311028445886
AdaBoost,No SMOTE,0,0,0.21607329118820193
AdaBoost,No SMOTE,0,0,0.1744311028445886
AdaBoost,No SMOTE,0,0,0.21607329118820193
AdaBoost,No SMOTE,0,0,0.22493649393812828
AdaBoost,No SMOTE,0,0,0.16895403564617684
AdaBoost,No SMOTE,0,0,0.1689822365998279
AdaBoost,No SMOTE,0,0,0.1689822365998279
AdaBoost,No SMOTE,0,0,0.1689822365998279
AdaBoost,No SMOTE,0,0,0.1744311028445886
AdaBoost,No SMOTE,0,0,0.1744311028445886
AdaBoost,No SMOTE,0,0,0.1719470769852437
AdaBoost,No SMOTE,0,0,0.13586401457059089
AdaBoost,No SMOTE,0,0,0.17726965587952628
AdaBoost,No SMOTE,0,0,0.14895992415852724
AdaBoost,No SMOTE,0,0,0.1431423024436669
AdaBoost,No SMOTE,0,0,0.1689822365998279
AdaBoost,No SMOTE,0,0,0.1689822365998279
AdaBoost,No SMOTE,0,0,0.13586401457059089
AdaBoost,No SMOTE,0,0,0.17726965587952628
AdaBoost,No SMOTE,0,0,0.1719470769852437
AdaBoost,No SMOTE,0,0,0.17726965587952628
AdaBoost,No SMOTE,0,0,0.17726965587952628
AdaBoost,No SMOTE,0,0,0.1744311028445886
AdaBoost,No SMOTE,0,0,0.17643129068755622
AdaBoost,No SMOTE,0,0,0.13019713023369225
AdaBoost,No SMOTE,0,0,0.14895992415852724
AdaBoost,No SMOTE,0,0,0.16895403564617684
AdaBoost,No SMOTE,0,0,0.1689822365998279
AdaBoost,No SMOTE,0,0,0.1744311028445886
AdaBoost,No SMOTE,0,0,0.17726965587952628
AdaBoost,No SMOTE,0,0,0.21928751511544514
AdaBoost,No SMOTE,0,0,0.1719470769852437
AdaBoost,No SMOTE,0,0,0.1744311028445886
AdaBoost,No SMOTE,0,0,0.17726965587952628
AdaBoost,No SMOTE,0,0,0.22493649393812828
AdaBoost,No SMOTE,0,0,0.2193403423397052
AdaBoost,No SMOTE,0,0,0.17726965587952628
AdaBoost,No SMOTE,0,0,0.1689822365998279
AdaBoost,No SMOTE,0,0,0.1744311028445886
AdaBoost,No SMOTE,0,0,0.1689822365998279
AdaBoost,No SMOTE,0,0,0.14895992415852724
AdaBoost,No SMOTE,0,0,0.18800989342479768
AdaBoost,No SMOTE,0,0,0.1431423024436669
AdaBoost,No SMOTE,0,0,0.1744311028445886
AdaBoost,No SMOTE,0,0,0.17726965587952628
AdaBoost,No SMOTE,0,0,0.22017433581447826
AdaBoost,No SMOTE,0,0,0.22493649393812828
AdaBoost,No SMOTE,0,0,0.1744311028445886
AdaBoost,No SMOTE,0,0,0.1689822365998279
AdaBoost,No SMOTE,0,0,0.16342013312650427
AdaBoost,No SMOTE,0,0,0.14895992415852724
AdaBoost,No SMOTE,0,0,0.11920292202211763
AdaBoost,No SMOTE,0,0,0.1689822365998279
AdaBoost,No SMOTE,0,0,0.13019713023369225
AdaBoost,No SMOTE,0,0,0.17726965587952628
AdaBoost,No SMOTE,0,0,0.1689822365998279
AdaBoost,No SMOTE,0,0,0.1744311028445886
AdaBoost,No SMOTE,0,0,0.1744311028445886
AdaBoost,No SMOTE,0,0,0.17726965587952628
AdaBoost,No SMOTE,0,0,0.13019713023369225
AdaBoost,No SMOTE,0,0,0.17726965587952628
AdaBoost,No SMOTE,0,0,0.17726965587952628
AdaBoost,No SMOTE,0,0,0.1689822365998279
AdaBoost,No SMOTE,0,0,0.1689822365998279
AdaBoost,No SMOTE,0,0,0.17726965587952628
AdaBoost,No SMOTE,0,0,0.13019713023369225
AdaBoost,No SMOTE,0,0,0.17726965587952628
AdaBoost,No SMOTE,0,0,0.17726965587952628
AdaBoost,No SMOTE,0,0,0.1689822365998279
AdaBoost,No SMOTE,0,0,0.1689822365998279
AdaBoost,No SMOTE,0,0,0.1689822365998279
AdaBoost,No SMOTE,0,0,0.17726965587952628
AdaBoost,No SMOTE,0,0,0.2193403423397052
AdaBoost,No SMOTE,0,0,0.22493649393812828
AdaBoost,No SMOTE,0,0,0.11920292202211763
AdaBoost,No SMOTE,0,0,0.16342013312650427
AdaBoost,No SMOTE,0,0,0.13019713023369225
AdaBoost,No SMOTE,0,0,0.2193403423397052
AdaBoost,No SMOTE,0,0,0.1744311028445886
AdaBoost,No SMOTE,0,0,0.16618389338377842
AdaBoost,No SMOTE,0,0,0.1744311028445886
AdaBoost,No SMOTE,0,0,0.1689822365998279
AdaBoost,No SMOTE,0,0,0.14895992415852724
AdaBoost,No SMOTE,0,0,0.1744311028445886
AdaBoost,No SMOTE,0,0,0.22493649393812828
AdaBoost,No SMOTE,0,0,0.13019713023369225
AdaBoost,No SMOTE,0,0,0.1689822365998279
AdaBoost,No SMOTE,0,0,0.17726965587952628
AdaBoost,No SMOTE,0,0,0.2193403423397052
AdaBoost,No SMOTE,0,0,0.1689822365998279
AdaBoost,No SMOTE,0,0,0.18800989342479768
AdaBoost,No SMOTE,0,0,0.13019713023369225
AdaBoost,No SMOTE,0,0,0.1431423024436669
AdaBoost,No SMOTE,0,0,0.1689822365998279
AdaBoost,No SMOTE,0,0,0.16895403564617684
AdaBoost,No SMOTE,0,0,0.1689822365998279
AdaBoost,No SMOTE,0,0,0.1689822365998279
AdaBoost,No SMOTE,0,0,0.1689822365998279
AdaBoost,No SMOTE,0,0,0.18800989342479768
AdaBoost,No SMOTE,0,0,0.1744311028445886
AdaBoost,No SMOTE,0,0,0.1689822365998279
AdaBoost,No SMOTE,0,0,0.17643129068755622
AdaBoost,No SMOTE,0,0,0.1744311028445886
AdaBoost,No SMOTE,0,0,0.1744311028445886
AdaBoost,No SMOTE,0,0,0.17726965587952628
AdaBoost,No SMOTE,0,0,0.1744311028445886
AdaBoost,No SMOTE,0,0,0.14895992415852724
AdaBoost,No SMOTE,0,0,0.17726965587952628
AdaBoost,No SMOTE,0,0,0.14798688540029464
AdaBoost,No SMOTE,0,0,0.1744311028445886
AdaBoost,No SMOTE,0,0,0.17726965587952628
AdaBoost,No SMOTE,0,0,0.1689822365998279
AdaBoost,No SMOTE,0,0,0.2193403423397052
AdaBoost,No SMOTE,0,0,0.17726965587952628
AdaBoost,No SMOTE,0,0,0.1431423024436669
AdaBoost,No SMOTE,0,0,0.21607329118820193
AdaBoost,No SMOTE,0,0,0.13586401457059089
AdaBoost,No SMOTE,0,0,0.1744311028445886
AdaBoost,No SMOTE,0,0,0.18800989342479768
AdaBoost,No SMOTE,0,0,0.2193403423397052
AdaBoost,No SMOTE,0,0,0.17726965587952628
AdaBoost,No SMOTE,0,0,0.17726965587952628
AdaBoost,No SMOTE,0,0,0.1689822365998279
AdaBoost,No SMOTE,0,0,0.1689822365998279
AdaBoost,No SMOTE,0,0,0.22493649393812828
AdaBoost,No SMOTE,0,0,0.17726965587952628
AdaBoost,No SMOTE,0,0,0.1689822365998279
AdaBoost,No SMOTE,0,0,0.1431423024436669
AdaBoost,No SMOTE,0,0,0.1689822365998279
AdaBoost,No SMOTE,0,0,0.1689822365998279
AdaBoost,No SMOTE,0,0,0.1689822365998279
AdaBoost,No SMOTE,0,0,0.17726965587952628
AdaBoost,No SMOTE,0,0,0.1689822365998279
AdaBoost,No SMOTE,0,0,0.1744311028445886
AdaBoost,No SMOTE,0,0,0.18800989342479768
AdaBoost,No SMOTE,0,0,0.17726965587952628
AdaBoost,No SMOTE,0,0,0.14895992415852724
AdaBoost,No SMOTE,0,0,0.1689822365998279
AdaBoost,No SMOTE,0,0,0.17726965587952628
AdaBoost,No SMOTE,0,0,0.1744311028445886
AdaBoost,No SMOTE,0,0,0.1744311028445886
AdaBoost,No SMOTE,0,0,0.1744311028445886
AdaBoost,No SMOTE,0,0,0.1689822365998279
AdaBoost,No SMOTE,0,0,0.13019713023369225
AdaBoost,No SMOTE,0,0,0.1744311028445886
AdaBoost,No SMOTE,0,0,0.17726965587952628
AdaBoost,No SMOTE,0,0,0.1744311028445886
AdaBoost,No SMOTE,0,0,0.1689822365998279
AdaBoost,No SMOTE,0,0,0.2193403423397052
AdaBoost,No SMOTE,0,0,0.13019713023369225
AdaBoost,No SMOTE,0,0,0.1744311028445886
AdaBoost,No SMOTE,0,0,0.1744311028445886
AdaBoost,No SMOTE,0,0,0.1689822365998279
AdaBoost,No SMOTE,0,0,0.17726965587952628
AdaBoost,No SMOTE,0,0,0.1744311028445886
AdaBoost,No SMOTE,0,0,0.17726965587952628
AdaBoost,No SMOTE,0,0,0.191758796857404
AdaBoost,No SMOTE,0,0,0.17726965587952628
AdaBoost,No SMOTE,0,0,0.1431423024436669
AdaBoost,No SMOTE,0,0,0.21607329118820193
AdaBoost,No SMOTE,0,0,0.23595205353816107
AdaBoost,No SMOTE,0,0,0.14895992415852724
AdaBoost,No SMOTE,0,0,0.1431423024436669
AdaBoost,No SMOTE,0,0,0.1689822365998279
AdaBoost,No SMOTE,0,0,0.1719470769852437
AdaBoost,No SMOTE,0,0,0.1744311028445886
AdaBoost,No SMOTE,0,0,0.1744311028445886
AdaBoost,No SMOTE,0,0,0.17726965587952628
AdaBoost,No SMOTE,0,0,0.1689822365998279
AdaBoost,No SMOTE,0,0,0.26348243932586984
AdaBoost,No SMOTE,0,0,0.11920292202211763
AdaBoost,No SMOTE,0,0,0.22493649393812828
AdaBoost,No SMOTE,0,0,0.22493649393812828
AdaBoost,No SMOTE,0,0,0.1744311028445886
AdaBoost,No SMOTE,0,0,0.17726965587952628
AdaBoost,No SMOTE,0,0,0.13586401457059089
AdaBoost,No SMOTE,0,0,0.17726965587952628
AdaBoost,No SMOTE,0,0,0.16203849466010875
AdaBoost,No SMOTE,0,0,0.17726965587952628
AdaBoost,No SMOTE,0,0,0.1744311028445886
AdaBoost,No SMOTE,0,0,0.1744311028445886
AdaBoost,No SMOTE,0,0,0.16867357177983938
AdaBoost,No SMOTE,0,0,0.13019713023369225
AdaBoost,No SMOTE,0,0,0.14895992415852724
AdaBoost,No SMOTE,0,0,0.17726965587952628
AdaBoost,No SMOTE,0,0,0.1431423024436669
AdaBoost,No SMOTE,0,0,0.17726965587952628
AdaBoost,No SMOTE,0,0,0.1689822365998279
AdaBoost,No SMOTE,0,0,0.21607329118820193
AdaBoost,No SMOTE,0,0,0.22843520662470906
AdaBoost,No SMOTE,0,0,0.21607329118820193
AdaBoost,No SMOTE,0,0,0.1744311028445886
AdaBoost,No SMOTE,0,0,0.17726965587952628
AdaBoost,No SMOTE,0,0,0.2193403423397052
AdaBoost,No SMOTE,0,0,0.17726965587952628
AdaBoost,No SMOTE,0,0,0.11920292202211763
AdaBoost,No SMOTE,0,0,0.14895992415852724
AdaBoost,No SMOTE,0,0,0.21607329118820193
AdaBoost,No SMOTE,0,0,0.1744311028445886
AdaBoost,No SMOTE,0,0,0.1689822365998279
AdaBoost,No SMOTE,0,0,0.16618389338377842
AdaBoost,No SMOTE,0,0,0.1744311028445886
AdaBoost,No SMOTE,0,0,0.1689822365998279
AdaBoost,No SMOTE,0,0,0.18800989342479768
AdaBoost,No SMOTE,0,0,0.1689822365998279
AdaBoost,No SMOTE,0,0,0.14895992415852724
AdaBoost,No SMOTE,0,0,0.22493649393812828
AdaBoost,No SMOTE,0,0,0.1744311028445886
AdaBoost,No SMOTE,0,0,0.17726965587952628
AdaBoost,No SMOTE,0,0,0.17726965587952628
AdaBoost,No SMOTE,0,0,0.17726965587952628
AdaBoost,No SMOTE,0,0,0.18496367037446623
AdaBoost,No SMOTE,0,0,0.14895992415852724
AdaBoost,No SMOTE,0,0,0.14895992415852724
AdaBoost,No SMOTE,0,0,0.13019713023369225
AdaBoost,No SMOTE,0,0,0.1719470769852437
AdaBoost,No SMOTE,0,0,0.1689822365998279
AdaBoost,No SMOTE,0,0,0.18800989342479768
AdaBoost,No SMOTE,0,0,0.22493649393812828
AdaBoost,No SMOTE,0,0,0.17726965587952628
AdaBoost,No SMOTE,0,0,0.1744311028445886
AdaBoost,No SMOTE,0,0,0.16867357177983938
AdaBoost,No SMOTE,0,0,0.1689822365998279
AdaBoost,No SMOTE,0,0,0.17726965587952628
AdaBoost,No SMOTE,0,0,0.1744311028445886
AdaBoost,No SMOTE,1,1,0.6312225329935126
AdaBoost,No SMOTE,0,0,0.1744311028445886
AdaBoost,No SMOTE,0,0,0.14895992415852724
AdaBoost,No SMOTE,0,0,0.13586401457059089
AdaBoost,No SMOTE,0,0,0.22017433581447826
AdaBoost,No SMOTE,0,0,0.22493649393812828
AdaBoost,No SMOTE,0,0,0.13586401457059089
AdaBoost,No SMOTE,0,0,0.13019713023369225
AdaBoost,No SMOTE,0,0,0.1689822365998279
AdaBoost,No SMOTE,0,0,0.1744311028445886
AdaBoost,No SMOTE,0,0,0.13019713023369225
AdaBoost,No SMOTE,0,0,0.1744311028445886
AdaBoost,No SMOTE,0,0,0.14895992415852724
AdaBoost,No SMOTE,0,0,0.1689822365998279
AdaBoost,No SMOTE,0,0,0.1689822365998279
AdaBoost,No SMOTE,0,0,0.1689822365998279
AdaBoost,No SMOTE,0,0,0.1719470769852437
AdaBoost,No SMOTE,0,0,0.17726965587952628
AdaBoost,No SMOTE,0,0,0.17726965587952628
AdaBoost,No SMOTE,0,0,0.18800989342479768
AdaBoost,No SMOTE,0,0,0.1744311028445886
AdaBoost,No SMOTE,0,0,0.21607329118820193
AdaBoost,No SMOTE,0,0,0.17726965587952628
AdaBoost,No SMOTE,0,0,0.14895992415852724
AdaBoost,No SMOTE,0,0,0.17726965587952628
AdaBoost,No SMOTE,0,0,0.18496367037446623
AdaBoost,No SMOTE,0,0,0.1744311028445886
AdaBoost,No SMOTE,0,0,0.2193403423397052
AdaBoost,No SMOTE,0,0,0.1689822365998279
AdaBoost,No SMOTE,0,0,0.11920292202211763
AdaBoost,No SMOTE,0,0,0.22493649393812828
AdaBoost,No SMOTE,0,0,0.1744311028445886
AdaBoost,No SMOTE,0,0,0.22493649393812828
AdaBoost,No SMOTE,0,0,0.17643129068755622
AdaBoost,No SMOTE,0,0,0.1431363477165842
AdaBoost,No SMOTE,0,0,0.2091061060399178
AdaBoost,No SMOTE,0,0,0.13586401457059089
AdaBoost,No SMOTE,0,0,0.22493649393812828
AdaBoost,No SMOTE,0,0,0.22493649393812828
AdaBoost,No SMOTE,0,0,0.2193403423397052
AdaBoost,No SMOTE,0,0,0.2193403423397052
AdaBoost,No SMOTE,0,0,0.1744311028445886
AdaBoost,No SMOTE,0,0,0.22493649393812828
AdaBoost,No SMOTE,0,0,0.1719470769852437
AdaBoost,No SMOTE,0,0,0.1689822365998279
AdaBoost,No SMOTE,0,0,0.22493649393812828
AdaBoost,No SMOTE,0,0,0.1689822365998279
AdaBoost,No SMOTE,0,0,0.17726965587952628
AdaBoost,No SMOTE,0,0,0.11920292202211763
AdaBoost,No SMOTE,0,0,0.14895992415852724
AdaBoost,No SMOTE,0,0,0.17726965587952628
AdaBoost,No SMOTE,0,0,0.16342013312650427
AdaBoost,No SMOTE,0,0,0.1431363477165842
AdaBoost,No SMOTE,0,0,0.1744311028445886
AdaBoost,No SMOTE,0,0,0.17726965587952628
AdaBoost,No SMOTE,0,0,0.1431423024436669
AdaBoost,No SMOTE,0,0,0.1744311028445886
AdaBoost,No SMOTE,0,0,0.14895992415852724
AdaBoost,No SMOTE,0,0,0.20002774141121915
AdaBoost,No SMOTE,0,0,0.14895992415852724
AdaBoost,No SMOTE,0,0,0.1689822365998279
AdaBoost,No SMOTE,0,0,0.1744311028445886
AdaBoost,No SMOTE,0,0,0.16618389338377842
AdaBoost,No SMOTE,0,0,0.1744311028445886
AdaBoost,No SMOTE,0,0,0.22493649393812828
AdaBoost,No SMOTE,0,0,0.21607329118820193
AdaBoost,No SMOTE,0,0,0.1719470769852437
AdaBoost,No SMOTE,0,0,0.1689822365998279
AdaBoost,No SMOTE,0,0,0.1689822365998279
AdaBoost,No SMOTE,0,0,0.17726965587952628
AdaBoost,No SMOTE,0,0,0.1689822365998279
AdaBoost,No SMOTE,0,0,0.1744311028445886
AdaBoost,No SMOTE,0,0,0.17726965587952628
AdaBoost,No SMOTE,0,0,0.1744311028445886
AdaBoost,No SMOTE,0,0,0.17726965587952628
AdaBoost,No SMOTE,0,0,0.1689822365998279
AdaBoost,No SMOTE,0,0,0.17726965587952628
AdaBoost,No SMOTE,0,0,0.17726965587952628
AdaBoost,No SMOTE,0,0,0.21607329118820193
AdaBoost,No SMOTE,0,0,0.1719470769852437
AdaBoost,No SMOTE,0,0,0.191758796857404
AdaBoost,No SMOTE,0,0,0.1744311028445886
AdaBoost,No SMOTE,0,0,0.2193403423397052
AdaBoost,No SMOTE,0,0,0.13019713023369225
AdaBoost,No SMOTE,0,0,0.2228277728066096
AdaBoost,No SMOTE,0,0,0.18800989342479768
AdaBoost,No SMOTE,0,0,0.1689822365998279
AdaBoost,No SMOTE,0,0,0.13019713023369225
AdaBoost,No SMOTE,0,0,0.21607329118820193
AdaBoost,No SMOTE,0,0,0.1719470769852437
AdaBoost,No SMOTE,0,0,0.17643129068755622
AdaBoost,No SMOTE,0,0,0.16342013312650427
AdaBoost,No SMOTE,0,0,0.11920292202211763
AdaBoost,No SMOTE,0,0,0.17726965587952628
AdaBoost,No SMOTE,0,0,0.13019713023369225
AdaBoost,No SMOTE,0,0,0.21607329118820193
AdaBoost,No SMOTE,0,0,0.1744311028445886
AdaBoost,No SMOTE,0,0,0.1817818847462829
AdaBoost,No SMOTE,0,0,0.17726965587952628
AdaBoost,No SMOTE,0,0,0.18800989342479768
AdaBoost,No SMOTE,0,0,0.1689822365998279
AdaBoost,No SMOTE,0,0,0.1744311028445886
AdaBoost,No SMOTE,0,0,0.17726965587952628
AdaBoost,No SMOTE,0,0,0.17726965587952628
AdaBoost,No SMOTE,0,0,0.1689822365998279
AdaBoost,No SMOTE,0,0,0.1744311028445886
AdaBoost,No SMOTE,0,0,0.16342013312650427
AdaBoost,No SMOTE,0,0,0.22493649393812828
AdaBoost,No SMOTE,0,0,0.14895992415852724
AdaBoost,No SMOTE,0,0,0.1744311028445886
AdaBoost,No SMOTE,0,0,0.2193403423397052
AdaBoost,No SMOTE,0,0,0.22843520662470906
AdaBoost,No SMOTE,0,0,0.1689822365998279
AdaBoost,No SMOTE,0,0,0.1689822365998279
AdaBoost,No SMOTE,0,0,0.22017433581447826
AdaBoost,No SMOTE,0,0,0.1744311028445886
AdaBoost,No SMOTE,0,0,0.1744311028445886
AdaBoost,No SMOTE,0,0,0.205659675438033
AdaBoost,No SMOTE,0,0,0.1744311028445886
AdaBoost,No SMOTE,0,0,0.1689822365998279
AdaBoost,No SMOTE,0,0,0.13019713023369225
AdaBoost,No SMOTE,0,0,0.26284978194433783
AdaBoost,No SMOTE,0,0,0.205659675438033
AdaBoost,No SMOTE,0,0,0.17726965587952628
AdaBoost,No SMOTE,0,0,0.17726965587952628
AdaBoost,No SMOTE,0,0,0.17726965587952628
AdaBoost,No SMOTE,0,0,0.14895992415852724
AdaBoost,No SMOTE,0,0,0.14895992415852724
AdaBoost,No SMOTE,0,0,0.205659675438033
AdaBoost,No SMOTE,0,0,0.18496367037446623
AdaBoost,No SMOTE,0,0,0.1689822365998279
AdaBoost,No SMOTE,0,0,0.22493649393812828
AdaBoost,No SMOTE,0,0,0.1689822365998279
AdaBoost,No SMOTE,0,0,0.17726965587952628
AdaBoost,No SMOTE,0,0,0.1744311028445886
AdaBoost,No SMOTE,0,0,0.17726965587952628
AdaBoost,No SMOTE,0,0,0.1689822365998279
AdaBoost,No SMOTE,0,0,0.17726965587952628
AdaBoost,No SMOTE,0,0,0.21607329118820193
AdaBoost,No SMOTE,0,0,0.1689822365998279
AdaBoost,No SMOTE,0,0,0.1931443810264556
AdaBoost,No SMOTE,0,0,0.17726965587952628
AdaBoost,No SMOTE,0,0,0.2348763010318643
AdaBoost,No SMOTE,0,0,0.1689822365998279
AdaBoost,No SMOTE,0,0,0.16342013312650427
AdaBoost,No SMOTE,0,0,0.1744311028445886
AdaBoost,No SMOTE,0,0,0.17726965587952628
AdaBoost,No SMOTE,0,0,0.1744311028445886
AdaBoost,No SMOTE,0,0,0.20002774141121915
AdaBoost,No SMOTE,0,0,0.13019713023369225
AdaBoost,No SMOTE,0,0,0.14798688540029464
AdaBoost,No SMOTE,0,0,0.1744311028445886
AdaBoost,No SMOTE,0,0,0.14895992415852724
AdaBoost,No SMOTE,0,0,0.17726965587952628
AdaBoost,No SMOTE,0,0,0.17726965587952628
AdaBoost,No SMOTE,0,0,0.17726965587952628
AdaBoost,No SMOTE,0,0,0.18800989342479768
AdaBoost,No SMOTE,0,0,0.1744311028445886
AdaBoost,No SMOTE,0,0,0.1689822365998279
AdaBoost,No SMOTE,0,0,0.16867357177983938
AdaBoost,No SMOTE,0,0,0.21607329118820193
AdaBoost,No SMOTE,0,0,0.14895992415852724
AdaBoost,No SMOTE,0,0,0.18496367037446623
AdaBoost,No SMOTE,0,0,0.1744311028445886
AdaBoost,No SMOTE,0,0,0.1744311028445886
AdaBoost,No SMOTE,0,0,0.17726965587952628
AdaBoost,No SMOTE,0,0,0.1744311028445886
AdaBoost,No SMOTE,0,0,0.13019713023369225
AdaBoost,No SMOTE,0,0,0.22017433581447826
AdaBoost,No SMOTE,0,0,0.17726965587952628
AdaBoost,No SMOTE,0,0,0.1744311028445886
AdaBoost,No SMOTE,0,0,0.1744311028445886
AdaBoost,No SMOTE,0,0,0.1689822365998279
AdaBoost,No SMOTE,0,0,0.16895403564617684
AdaBoost,No SMOTE,0,0,0.1744311028445886
AdaBoost,No SMOTE,0,0,0.14895992415852724
AdaBoost,No SMOTE,0,0,0.1744311028445886
AdaBoost,No SMOTE,0,0,0.1744311028445886
AdaBoost,No SMOTE,0,0,0.17726965587952628
AdaBoost,No SMOTE,0,0,0.1431423024436669
AdaBoost,No SMOTE,0,0,0.17133680384090874
AdaBoost,No SMOTE,0,0,0.18800989342479768
AdaBoost,No SMOTE,0,0,0.1744311028445886
AdaBoost,No SMOTE,0,0,0.22493649393812828
AdaBoost,No SMOTE,0,0,0.1689822365998279
AdaBoost,No SMOTE,0,0,0.1744311028445886
AdaBoost,No SMOTE,0,0,0.21607329118820193
AdaBoost,No SMOTE,0,0,0.21607329118820193
AdaBoost,No SMOTE,0,0,0.17726965587952628
AdaBoost,No SMOTE,0,0,0.1689822365998279
AdaBoost,No SMOTE,0,0,0.1744311028445886
AdaBoost,No SMOTE,0,0,0.17726965587952628
AdaBoost,No SMOTE,0,0,0.17643129068755622
AdaBoost,No SMOTE,0,0,0.191758796857404
AdaBoost,No SMOTE,0,0,0.14895992415852724
AdaBoost,No SMOTE,0,0,0.17726965587952628
AdaBoost,No SMOTE,0,0,0.22493649393812828
AdaBoost,No SMOTE,0,0,0.21607329118820193
AdaBoost,No SMOTE,0,0,0.1689822365998279
AdaBoost,No SMOTE,0,0,0.2217171988769872
AdaBoost,No SMOTE,0,0,0.205659675438033
AdaBoost,No SMOTE,0,0,0.2193403423397052
AdaBoost,No SMOTE,0,0,0.17452323501899744
AdaBoost,No SMOTE,0,0,0.21607329118820193
AdaBoost,No SMOTE,0,0,0.1689822365998279
AdaBoost,No SMOTE,0,0,0.21607329118820193
AdaBoost,No SMOTE,0,0,0.1431363477165842
AdaBoost,No SMOTE,0,0,0.1689822365998279
AdaBoost,No SMOTE,0,0,0.3058335895885637
AdaBoost,No SMOTE,0,0,0.22493649393812828
AdaBoost,No SMOTE,0,0,0.1689822365998279
AdaBoost,No SMOTE,0,0,0.18496367037446623
AdaBoost,No SMOTE,0,0,0.22493649393812828
AdaBoost,No SMOTE,0,0,0.17726965587952628
AdaBoost,No SMOTE,0,0,0.18496367037446623
AdaBoost,No SMOTE,0,0,0.14895992415852724
AdaBoost,No SMOTE,0,0,0.1719470769852437
AdaBoost,No SMOTE,0,0,0.191758796857404
AdaBoost,No SMOTE,0,0,0.1744311028445886
AdaBoost,No SMOTE,0,0,0.14895992415852724
AdaBoost,No SMOTE,0,0,0.1817818847462829
AdaBoost,No SMOTE,0,0,0.17726965587952628
AdaBoost,No SMOTE,0,0,0.1744311028445886
AdaBoost,No SMOTE,0,0,0.1689822365998279
AdaBoost,No SMOTE,0,0,0.1689822365998279
AdaBoost,No SMOTE,0,0,0.17182074334119965
AdaBoost,No SMOTE,0,0,0.16618389338377842
AdaBoost,No SMOTE,0,0,0.14895992415852724
AdaBoost,No SMOTE,0,0,0.13019713023369225
AdaBoost,No SMOTE,0,0,0.1689822365998279
AdaBoost,No SMOTE,0,0,0.17726965587952628
AdaBoost,No SMOTE,0,0,0.1689822365998279
AdaBoost,No SMOTE,0,0,0.14895992415852724
AdaBoost,No SMOTE,0,0,0.16618389338377842
AdaBoost,No SMOTE,0,0,0.1744311028445886
AdaBoost,No SMOTE,0,0,0.1689822365998279
AdaBoost,No SMOTE,0,0,0.22493649393812828
AdaBoost,No SMOTE,0,0,0.17726965587952628
AdaBoost,No SMOTE,0,0,0.16618389338377842
AdaBoost,No SMOTE,0,0,0.1689822365998279
AdaBoost,No SMOTE,0,0,0.1431363477165842
AdaBoost,No SMOTE,0,0,0.1689822365998279
AdaBoost,No SMOTE,0,0,0.2193403423397052
AdaBoost,No SMOTE,0,0,0.14895992415852724
AdaBoost,No SMOTE,0,0,0.1689822365998279
AdaBoost,No SMOTE,0,0,0.2193403423397052
AdaBoost,No SMOTE,0,0,0.1744311028445886
AdaBoost,No SMOTE,0,0,0.1689822365998279
AdaBoost,No SMOTE,0,0,0.17726965587952628
AdaBoost,No SMOTE,0,0,0.1689822365998279
AdaBoost,No SMOTE,0,0,0.1689822365998279
AdaBoost,No SMOTE,0,0,0.1744311028445886
AdaBoost,No SMOTE,0,0,0.13586401457059089
AdaBoost,No SMOTE,0,0,0.13019713023369225
AdaBoost,No SMOTE,0,0,0.22493649393812828
AdaBoost,No SMOTE,0,0,0.22843520662470906
AdaBoost,No SMOTE,0,0,0.1744311028445886
AdaBoost,No SMOTE,0,0,0.1744311028445886
AdaBoost,No SMOTE,0,0,0.1689822365998279
AdaBoost,No SMOTE,0,0,0.17726965587952628
AdaBoost,No SMOTE,0,0,0.1689822365998279
AdaBoost,No SMOTE,0,0,0.191758796857404
AdaBoost,No SMOTE,0,0,0.13586401457059089
AdaBoost,No SMOTE,0,0,0.16342013312650427
AdaBoost,No SMOTE,0,0,0.22493649393812828
AdaBoost,No SMOTE,0,0,0.1744311028445886
AdaBoost,No SMOTE,0,0,0.1689822365998279
AdaBoost,No SMOTE,0,0,0.1689822365998279
AdaBoost,No SMOTE,0,0,0.1689822365998279
AdaBoost,No SMOTE,0,0,0.1689822365998279
AdaBoost,No SMOTE,0,0,0.16203849466010875
AdaBoost,No SMOTE,0,0,0.1689822365998279
AdaBoost,No SMOTE,0,0,0.17726965587952628
AdaBoost,No SMOTE,0,0,0.19003443635734119
AdaBoost,No SMOTE,0,0,0.1689822365998279
AdaBoost,No SMOTE,0,0,0.16342013312650427
AdaBoost,No SMOTE,0,0,0.1689822365998279
AdaBoost,No SMOTE,0,0,0.1689822365998279
AdaBoost,No SMOTE,0,0,0.17726965587952628
AdaBoost,No SMOTE,0,0,0.1689822365998279
AdaBoost,No SMOTE,0,0,0.1744311028445886
AdaBoost,No SMOTE,0,0,0.13019713023369225
AdaBoost,No SMOTE,0,0,0.14798688540029464
AdaBoost,No SMOTE,0,0,0.16618389338377842
AdaBoost,No SMOTE,0,0,0.22017433581447826
AdaBoost,No SMOTE,0,0,0.1744311028445886
AdaBoost,No SMOTE,0,0,0.18496367037446623
AdaBoost,No SMOTE,0,0,0.17726965587952628
AdaBoost,No SMOTE,0,0,0.18800989342479768
AdaBoost,No SMOTE,0,0,0.20002774141121915
AdaBoost,No SMOTE,0,0,0.1689822365998279
AdaBoost,No SMOTE,0,0,0.1744311028445886
AdaBoost,No SMOTE,0,0,0.1744311028445886
AdaBoost,No SMOTE,0,0,0.17726965587952628
AdaBoost,No SMOTE,0,0,0.21607329118820193
AdaBoost,No SMOTE,0,0,0.16618389338377842
AdaBoost,No SMOTE,0,0,0.1689822365998279
AdaBoost,No SMOTE,0,0,0.1744311028445886
AdaBoost,No SMOTE,0,0,0.20002774141121915
AdaBoost,No SMOTE,0,0,0.17726965587952628
AdaBoost,No SMOTE,0,0,0.1689822365998279
AdaBoost,No SMOTE,0,0,0.1744311028445886
AdaBoost,No SMOTE,0,0,0.1744311028445886
AdaBoost,No SMOTE,0,0,0.18496367037446623
AdaBoost,No SMOTE,0,0,0.17726965587952628
AdaBoost,No SMOTE,0,0,0.1744311028445886
AdaBoost,No SMOTE,0,0,0.1744311028445886
AdaBoost,No SMOTE,0,0,0.1719470769852437
AdaBoost,No SMOTE,0,0,0.1689822365998279
AdaBoost,No SMOTE,0,0,0.13586401457059089
AdaBoost,No SMOTE,0,0,0.17726965587952628
AdaBoost,No SMOTE,0,0,0.1456228192075175
AdaBoost,No SMOTE,0,0,0.1689822365998279
AdaBoost,No SMOTE,0,0,0.16618389338377842
AdaBoost,No SMOTE,0,0,0.11920292202211763
AdaBoost,No SMOTE,0,0,0.1689822365998279
AdaBoost,No SMOTE,0,0,0.1744311028445886
AdaBoost,No SMOTE,0,0,0.1744311028445886
AdaBoost,No SMOTE,0,0,0.1744311028445886
AdaBoost,No SMOTE,0,0,0.17726965587952628
AdaBoost,No SMOTE,0,0,0.18800989342479768
AdaBoost,No SMOTE,0,0,0.21607329118820193
AdaBoost,No SMOTE,0,0,0.22843520662470906
AdaBoost,No SMOTE,0,0,0.16618389338377842
AdaBoost,No SMOTE,0,0,0.1719470769852437
AdaBoost,No SMOTE,0,0,0.13019713023369225
AdaBoost,No SMOTE,0,0,0.17726965587952628
AdaBoost,No SMOTE,0,0,0.1719470769852437
AdaBoost,No SMOTE,0,0,0.16203849466010875
AdaBoost,No SMOTE,0,0,0.16342013312650427
AdaBoost,No SMOTE,0,0,0.17726965587952628
AdaBoost,No SMOTE,0,0,0.1719470769852437
AdaBoost,No SMOTE,0,0,0.1744311028445886
AdaBoost,No SMOTE,0,0,0.1431423024436669
AdaBoost,No SMOTE,0,0,0.17726965587952628
AdaBoost,No SMOTE,0,0,0.1689822365998279
AdaBoost,No SMOTE,0,0,0.1719470769852437
AdaBoost,No SMOTE,0,0,0.16618389338377842
AdaBoost,No SMOTE,0,0,0.17643129068755622
AdaBoost,No SMOTE,0,0,0.1689822365998279
AdaBoost,No SMOTE,0,0,0.13019713023369225
AdaBoost,No SMOTE,0,0,0.1689822365998279
AdaBoost,No SMOTE,0,0,0.22493649393812828
AdaBoost,No SMOTE,0,0,0.1744311028445886
AdaBoost,No SMOTE,0,0,0.22493649393812828
AdaBoost,No SMOTE,0,0,0.21928751511544514
AdaBoost,No SMOTE,0,0,0.1744311028445886
AdaBoost,No SMOTE,0,0,0.14895992415852724
AdaBoost,No SMOTE,0,0,0.22295168509089985
AdaBoost,No SMOTE,0,0,0.1744311028445886
AdaBoost,No SMOTE,0,0,0.18800989342479768
AdaBoost,No SMOTE,0,0,0.1689822365998279
AdaBoost,No SMOTE,0,0,0.14895992415852724
AdaBoost,No SMOTE,0,0,0.1744311028445886
AdaBoost,No SMOTE,0,0,0.17726965587952628
AdaBoost,No SMOTE,0,0,0.16895403564617684
AdaBoost,No SMOTE,0,0,0.1689822365998279
AdaBoost,No SMOTE,0,0,0.17726965587952628
AdaBoost,No SMOTE,0,0,0.1744311028445886
AdaBoost,No SMOTE,0,0,0.14895992415852724
AdaBoost,No SMOTE,0,0,0.17726965587952628
AdaBoost,No SMOTE,0,0,0.1689822365998279
AdaBoost,No SMOTE,0,0,0.11920292202211763
AdaBoost,No SMOTE,0,0,0.2193403423397052
AdaBoost,No SMOTE,0,0,0.1719470769852437
AdaBoost,No SMOTE,0,0,0.13019713023369225
AdaBoost,No SMOTE,0,0,0.1689822365998279
AdaBoost,No SMOTE,0,0,0.2193403423397052
AdaBoost,No SMOTE,0,0,0.1744311028445886
AdaBoost,No SMOTE,0,0,0.1719470769852437
AdaBoost,No SMOTE,0,0,0.21607329118820193
AdaBoost,No SMOTE,0,0,0.22843520662470906
AdaBoost,No SMOTE,0,0,0.191758796857404
AdaBoost,No SMOTE,0,0,0.231129257426026
AdaBoost,No SMOTE,0,0,0.17726965587952628
AdaBoost,No SMOTE,0,0,0.17726965587952628
AdaBoost,No SMOTE,0,0,0.16895403564617684
AdaBoost,No SMOTE,0,0,0.1744311028445886
AdaBoost,No SMOTE,0,0,0.13586401457059089
AdaBoost,No SMOTE,0,0,0.1689822365998279
AdaBoost,No SMOTE,0,0,0.1744311028445886
AdaBoost,No SMOTE,0,0,0.22493649393812828
AdaBoost,No SMOTE,0,0,0.17726965587952628
AdaBoost,No SMOTE,0,0,0.14895992415852724
AdaBoost,No SMOTE,0,0,0.1689822365998279
AdaBoost,No SMOTE,0,0,0.14895992415852724
AdaBoost,No SMOTE,0,0,0.22493649393812828
AdaBoost,No SMOTE,0,0,0.22493649393812828
AdaBoost,No SMOTE,0,0,0.17726965587952628
AdaBoost,No SMOTE,0,0,0.18800989342479768
AdaBoost,No SMOTE,0,0,0.1689822365998279
AdaBoost,No SMOTE,0,0,0.22493649393812828
AdaBoost,No SMOTE,0,0,0.14895992415852724
AdaBoost,No SMOTE,0,0,0.1689822365998279
AdaBoost,No SMOTE,0,0,0.1744311028445886
AdaBoost,No SMOTE,0,0,0.191758796857404
AdaBoost,No SMOTE,0,0,0.205659675438033
AdaBoost,No SMOTE,0,0,0.14895992415852724
AdaBoost,No SMOTE,0,0,0.17726965587952628
AdaBoost,No SMOTE,0,0,0.14895992415852724
AdaBoost,No SMOTE,0,0,0.17726965587952628
AdaBoost,No SMOTE,0,0,0.1744311028445886
AdaBoost,No SMOTE,0,0,0.14895992415852724
AdaBoost,No SMOTE,0,0,0.1689822365998279
AdaBoost,No SMOTE,0,0,0.1719470769852437
AdaBoost,No SMOTE,0,0,0.16618389338377842
AdaBoost,No SMOTE,0,0,0.17726965587952628
AdaBoost,No SMOTE,0,0,0.13019713023369225
AdaBoost,No SMOTE,0,0,0.2217171988769872
AdaBoost,No SMOTE,0,0,0.1744311028445886
AdaBoost,No SMOTE,0,0,0.17133680384090874
AdaBoost,No SMOTE,0,0,0.13019713023369225
AdaBoost,No SMOTE,0,0,0.13019713023369225
AdaBoost,No SMOTE,0,0,0.22493649393812828
AdaBoost,No SMOTE,0,0,0.1689822365998279
AdaBoost,No SMOTE,0,0,0.1719470769852437
AdaBoost,No SMOTE,0,0,0.17726965587952628
AdaBoost,No SMOTE,0,0,0.18800989342479768
AdaBoost,No SMOTE,0,0,0.21607329118820193
AdaBoost,No SMOTE,0,0,0.16342013312650427
AdaBoost,No SMOTE,0,0,0.1744311028445886
AdaBoost,No SMOTE,0,0,0.13019713023369225
AdaBoost,No SMOTE,0,0,0.22017433581447826
AdaBoost,No SMOTE,0,0,0.16895403564617684
AdaBoost,No SMOTE,0,0,0.16203849466010875
AdaBoost,No SMOTE,0,0,0.191758796857404
AdaBoost,No SMOTE,0,0,0.1744311028445886
AdaBoost,No SMOTE,0,0,0.18800989342479768
AdaBoost,No SMOTE,0,0,0.17133680384090874
AdaBoost,No SMOTE,0,0,0.17726965587952628
AdaBoost,No SMOTE,0,0,0.205659675438033
AdaBoost,No SMOTE,0,0,0.17726965587952628
AdaBoost,No SMOTE,0,0,0.191758796857404
AdaBoost,No SMOTE,0,0,0.1689822365998279
AdaBoost,No SMOTE,0,0,0.1689822365998279
AdaBoost,No SMOTE,0,0,0.16342013312650427
AdaBoost,No SMOTE,0,0,0.2193403423397052
AdaBoost,No SMOTE,0,0,0.1689822365998279
AdaBoost,No SMOTE,0,0,0.1689822365998279
AdaBoost,No SMOTE,0,0,0.1689822365998279
AdaBoost,No SMOTE,0,0,0.1744311028445886
AdaBoost,No SMOTE,0,0,0.17726965587952628
AdaBoost,No SMOTE,0,0,0.1689822365998279
AdaBoost,No SMOTE,0,0,0.14895992415852724
AdaBoost,No SMOTE,0,0,0.13586401457059089
AdaBoost,No SMOTE,0,0,0.22493649393812828
AdaBoost,No SMOTE,0,0,0.20002774141121915
AdaBoost,No SMOTE,0,0,0.16203849466010875
AdaBoost,No SMOTE,0,0,0.1689822365998279
AdaBoost,No SMOTE,0,0,0.14798688540029464
AdaBoost,No SMOTE,0,0,0.16867357177983938
AdaBoost,No SMOTE,0,0,0.1689822365998279
AdaBoost,No SMOTE,0,0,0.1689822365998279
AdaBoost,No SMOTE,0,0,0.22493649393812828
AdaBoost,No SMOTE,0,0,0.1689822365998279
AdaBoost,No SMOTE,0,0,0.17726965587952628
AdaBoost,No SMOTE,0,0,0.1744311028445886
AdaBoost,No SMOTE,0,0,0.17726965587952628
AdaBoost,No SMOTE,0,0,0.1689822365998279
AdaBoost,No SMOTE,0,0,0.14895992415852724
AdaBoost,No SMOTE,0,0,0.1744311028445886
AdaBoost,No SMOTE,0,0,0.1744311028445886
AdaBoost,No SMOTE,0,0,0.16895403564617684
AdaBoost,No SMOTE,0,0,0.1744311028445886
AdaBoost,No SMOTE,0,0,0.191758796857404
AdaBoost,No SMOTE,0,0,0.23435506113090693
AdaBoost,No SMOTE,0,0,0.1744311028445886
AdaBoost,No SMOTE,0,0,0.1744311028445886
AdaBoost,No SMOTE,0,0,0.23435506113090693
AdaBoost,No SMOTE,0,0,0.25081468689261593
AdaBoost,No SMOTE,0,0,0.1744311028445886
AdaBoost,No SMOTE,0,0,0.17726965587952628
AdaBoost,No SMOTE,0,0,0.1689822365998279
AdaBoost,No SMOTE,0,0,0.1431423024436669
AdaBoost,No SMOTE,0,0,0.1689822365998279
AdaBoost,No SMOTE,0,0,0.22493649393812828
AdaBoost,No SMOTE,0,0,0.22493649393812828
AdaBoost,No SMOTE,0,0,0.22493649393812828
AdaBoost,No SMOTE,0,0,0.13586401457059089
AdaBoost,No SMOTE,0,0,0.20002774141121915
AdaBoost,No SMOTE,0,0,0.17726965587952628
AdaBoost,No SMOTE,0,0,0.17726965587952628
AdaBoost,No SMOTE,0,0,0.14895992415852724
AdaBoost,No SMOTE,0,0,0.1689822365998279
AdaBoost,No SMOTE,0,0,0.1744311028445886
AdaBoost,No SMOTE,0,0,0.1689822365998279
AdaBoost,No SMOTE,0,0,0.1744311028445886
AdaBoost,No SMOTE,0,0,0.1689822365998279
AdaBoost,No SMOTE,0,0,0.1689822365998279
AdaBoost,No SMOTE,0,0,0.1689822365998279
AdaBoost,No SMOTE,0,0,0.14895992415852724
AdaBoost,No SMOTE,0,0,0.1431363477165842
AdaBoost,No SMOTE,0,0,0.1744311028445886
AdaBoost,No SMOTE,0,0,0.1689822365998279
AdaBoost,No SMOTE,0,0,0.21607329118820193
AdaBoost,No SMOTE,0,0,0.2193403423397052
AdaBoost,No SMOTE,0,0,0.17726965587952628
AdaBoost,No SMOTE,0,0,0.14895992415852724
AdaBoost,No SMOTE,0,0,0.1744311028445886
AdaBoost,No SMOTE,0,0,0.17726965587952628
AdaBoost,No SMOTE,0,0,0.21573524134425506
AdaBoost,No SMOTE,0,0,0.17726965587952628
AdaBoost,No SMOTE,0,0,0.1689822365998279
AdaBoost,No SMOTE,0,0,0.22493649393812828
AdaBoost,No SMOTE,0,0,0.17726965587952628
AdaBoost,No SMOTE,0,0,0.1689822365998279
AdaBoost,No SMOTE,0,0,0.14895992415852724
AdaBoost,No SMOTE,0,0,0.1744311028445886
AdaBoost,No SMOTE,0,0,0.1689822365998279
AdaBoost,No SMOTE,0,0,0.1689822365998279
AdaBoost,No SMOTE,0,0,0.17726965587952628
AdaBoost,No SMOTE,0,0,0.1431423024436669
AdaBoost,No SMOTE,0,0,0.17726965587952628
AdaBoost,No SMOTE,0,0,0.16867357177983938
AdaBoost,No SMOTE,0,0,0.1689822365998279
AdaBoost,No SMOTE,0,0,0.22493649393812828
AdaBoost,No SMOTE,0,0,0.1689822365998279
AdaBoost,No SMOTE,0,0,0.22493649393812828
AdaBoost,No SMOTE,0,0,0.17726965587952628
AdaBoost,No SMOTE,0,0,0.21607329118820193
AdaBoost,No SMOTE,0,0,0.22493649393812828
AdaBoost,No SMOTE,0,0,0.14895992415852724
AdaBoost,No SMOTE,0,0,0.17726965587952628
AdaBoost,No SMOTE,0,0,0.1689822365998279
AdaBoost,No SMOTE,0,0,0.1744311028445886
AdaBoost,No SMOTE,0,0,0.13586401457059089
AdaBoost,No SMOTE,0,0,0.1744311028445886
AdaBoost,No SMOTE,0,0,0.21573524134425506
AdaBoost,No SMOTE,0,0,0.13586401457059089
AdaBoost,No SMOTE,0,0,0.1744311028445886
AdaBoost,No SMOTE,0,0,0.22493649393812828
AdaBoost,No SMOTE,0,0,0.1431423024436669
AdaBoost,No SMOTE,0,0,0.1744311028445886
AdaBoost,No SMOTE,0,0,0.22493649393812828
AdaBoost,No SMOTE,0,0,0.1744311028445886
AdaBoost,No SMOTE,0,0,0.1689822365998279
AdaBoost,No SMOTE,0,0,0.205659675438033
AdaBoost,No SMOTE,0,0,0.1744311028445886
AdaBoost,No SMOTE,0,0,0.22017433581447826
AdaBoost,No SMOTE,0,0,0.1744311028445886
AdaBoost,No SMOTE,0,0,0.1689822365998279
AdaBoost,No SMOTE,0,0,0.17726965587952628
AdaBoost,No SMOTE,0,0,0.18800989342479768
AdaBoost,No SMOTE,0,0,0.1719470769852437
AdaBoost,No SMOTE,0,0,0.17726965587952628
AdaBoost,No SMOTE,0,0,0.1744311028445886
AdaBoost,No SMOTE,0,0,0.205659675438033
AdaBoost,No SMOTE,0,0,0.17726965587952628
AdaBoost,No SMOTE,0,0,0.1431423024436669
AdaBoost,No SMOTE,0,0,0.16203849466010875
AdaBoost,No SMOTE,0,0,0.17726965587952628
AdaBoost,No SMOTE,0,0,0.14895992415852724
AdaBoost,No SMOTE,0,0,0.13586401457059089
AdaBoost,No SMOTE,0,0,0.1689822365998279
AdaBoost,No SMOTE,0,0,0.17726965587952628
AdaBoost,No SMOTE,0,0,0.17726965587952628
AdaBoost,No SMOTE,0,0,0.1744311028445886
AdaBoost,No SMOTE,0,0,0.1744311028445886
AdaBoost,No SMOTE,0,0,0.1689822365998279
AdaBoost,No SMOTE,0,0,0.13019713023369225
AdaBoost,No SMOTE,0,0,0.1689822365998279
AdaBoost,No SMOTE,0,0,0.26348243932586984
AdaBoost,No SMOTE,0,0,0.17726965587952628
AdaBoost,No SMOTE,0,0,0.25081468689261593
AdaBoost,No SMOTE,0,0,0.17726965587952628
AdaBoost,No SMOTE,0,0,0.1744311028445886
AdaBoost,No SMOTE,0,0,0.1744311028445886
AdaBoost,No SMOTE,0,0,0.1689822365998279
AdaBoost,No SMOTE,0,0,0.17726965587952628
AdaBoost,No SMOTE,0,0,0.17726965587952628
AdaBoost,No SMOTE,0,0,0.191758796857404
AdaBoost,No SMOTE,0,0,0.22044238283982498
AdaBoost,No SMOTE,0,0,0.19269088173039445
AdaBoost,No SMOTE,0,0,0.16342013312650427
AdaBoost,No SMOTE,0,0,0.22493649393812828
AdaBoost,No SMOTE,0,0,0.14895992415852724
AdaBoost,No SMOTE,0,0,0.16618389338377842
AdaBoost,No SMOTE,0,0,0.1744311028445886
AdaBoost,No SMOTE,0,0,0.1689822365998279
AdaBoost,No SMOTE,0,0,0.2193403423397052
AdaBoost,No SMOTE,0,0,0.21928751511544514
AdaBoost,No SMOTE,0,0,0.17726965587952628
AdaBoost,No SMOTE,0,0,0.1744311028445886
AdaBoost,No SMOTE,0,0,0.13586401457059089
AdaBoost,No SMOTE,0,0,0.1689822365998279
AdaBoost,No SMOTE,0,0,0.1744311028445886
AdaBoost,No SMOTE,0,0,0.13019713023369225
AdaBoost,No SMOTE,0,0,0.17133680384090874
AdaBoost,No SMOTE,0,0,0.1744311028445886
AdaBoost,No SMOTE,0,0,0.1744311028445886
AdaBoost,No SMOTE,0,0,0.17726965587952628
AdaBoost,No SMOTE,0,0,0.17726965587952628
AdaBoost,No SMOTE,0,0,0.1689822365998279
AdaBoost,No SMOTE,0,0,0.1744311028445886
AdaBoost,No SMOTE,0,0,0.22843520662470906
AdaBoost,No SMOTE,0,0,0.22493649393812828
AdaBoost,No SMOTE,0,0,0.13586401457059089
AdaBoost,No SMOTE,0,0,0.1689822365998279
AdaBoost,No SMOTE,0,0,0.13019713023369225
AdaBoost,No SMOTE,0,0,0.18800989342479768
AdaBoost,No SMOTE,0,0,0.16618389338377842
AdaBoost,No SMOTE,0,0,0.22493649393812828
AdaBoost,No SMOTE,0,0,0.17726965587952628
AdaBoost,No SMOTE,0,0,0.13019713023369225
AdaBoost,No SMOTE,0,0,0.1689822365998279
AdaBoost,No SMOTE,0,0,0.22493649393812828
AdaBoost,No SMOTE,0,0,0.1744311028445886
AdaBoost,No SMOTE,0,0,0.17726965587952628
AdaBoost,No SMOTE,0,0,0.17726965587952628
AdaBoost,No SMOTE,0,0,0.1689822365998279
AdaBoost,No SMOTE,0,0,0.16895403564617684
AdaBoost,No SMOTE,0,0,0.1744311028445886
AdaBoost,No SMOTE,0,0,0.2193403423397052
AdaBoost,No SMOTE,0,0,0.21607329118820193
AdaBoost,No SMOTE,0,0,0.16342013312650427
AdaBoost,No SMOTE,0,0,0.25081468689261593
AdaBoost,No SMOTE,0,0,0.14895992415852724
AdaBoost,No SMOTE,0,0,0.20002774141121915
AdaBoost,No SMOTE,0,0,0.18496367037446623
AdaBoost,No SMOTE,0,0,0.1689822365998279
AdaBoost,No SMOTE,0,0,0.1431423024436669
AdaBoost,No SMOTE,0,0,0.1744311028445886
AdaBoost,No SMOTE,0,0,0.16342013312650427
AdaBoost,No SMOTE,0,0,0.1689822365998279
AdaBoost,No SMOTE,0,0,0.1744311028445886
AdaBoost,No SMOTE,0,0,0.13586401457059089
AdaBoost,No SMOTE,0,0,0.13019713023369225
AdaBoost,No SMOTE,0,0,0.1689822365998279
AdaBoost,No SMOTE,0,0,0.11920292202211763
AdaBoost,No SMOTE,0,0,0.1752408367047788
AdaBoost,No SMOTE,0,0,0.17726965587952628
AdaBoost,No SMOTE,0,0,0.14895992415852724
AdaBoost,No SMOTE,0,0,0.1689822365998279
AdaBoost,No SMOTE,0,0,0.17726965587952628
AdaBoost,No SMOTE,0,0,0.17726965587952628
AdaBoost,No SMOTE,0,0,0.1689822365998279
AdaBoost,No SMOTE,0,0,0.17726965587952628
AdaBoost,No SMOTE,0,0,0.1689822365998279
AdaBoost,No SMOTE,0,0,0.1689822365998279
AdaBoost,No SMOTE,0,0,0.1744311028445886
AdaBoost,No SMOTE,0,0,0.21607329118820193
AdaBoost,No SMOTE,0,0,0.1456228192075175
AdaBoost,No SMOTE,0,0,0.22493649393812828
AdaBoost,No SMOTE,0,0,0.1744311028445886
AdaBoost,No SMOTE,0,0,0.21607329118820193
AdaBoost,No SMOTE,0,0,0.1744311028445886
AdaBoost,No SMOTE,0,0,0.1689822365998279
AdaBoost,No SMOTE,0,0,0.1431363477165842
AdaBoost,No SMOTE,0,0,0.13019713023369225
AdaBoost,No SMOTE,0,0,0.1689822365998279
AdaBoost,No SMOTE,0,0,0.16342013312650427
AdaBoost,No SMOTE,0,0,0.17726965587952628
AdaBoost,No SMOTE,0,0,0.14895992415852724
AdaBoost,No SMOTE,0,0,0.17726965587952628
AdaBoost,No SMOTE,0,0,0.1689822365998279
AdaBoost,No SMOTE,0,0,0.2091061060399178
AdaBoost,No SMOTE,0,0,0.22843520662470906
AdaBoost,No SMOTE,0,0,0.1744311028445886
AdaBoost,No SMOTE,0,0,0.1744311028445886
AdaBoost,No SMOTE,0,0,0.18800989342479768
AdaBoost,No SMOTE,0,0,0.13019713023369225
AdaBoost,No SMOTE,0,0,0.1689822365998279
AdaBoost,No SMOTE,0,0,0.17182074334119965
AdaBoost,No SMOTE,0,0,0.17726965587952628
AdaBoost,No SMOTE,0,0,0.14895992415852724
AdaBoost,No SMOTE,0,0,0.1689822365998279
AdaBoost,No SMOTE,0,0,0.14895992415852724
AdaBoost,No SMOTE,0,0,0.1689822365998279
AdaBoost,No SMOTE,0,0,0.17726965587952628
AdaBoost,No SMOTE,0,0,0.14895992415852724
AdaBoost,No SMOTE,0,0,0.16618389338377842
AdaBoost,No SMOTE,0,0,0.1744311028445886
AdaBoost,No SMOTE,0,0,0.13586401457059089
AdaBoost,No SMOTE,0,0,0.22493649393812828
AdaBoost,No SMOTE,0,0,0.1744311028445886
AdaBoost,No SMOTE,0,0,0.1689822365998279
AdaBoost,No SMOTE,0,0,0.1689822365998279
AdaBoost,No SMOTE,0,0,0.1431423024436669
AdaBoost,No SMOTE,0,0,0.1689822365998279
AdaBoost,No SMOTE,0,0,0.17726965587952628
AdaBoost,No SMOTE,0,0,0.13019713023369225
AdaBoost,No SMOTE,0,0,0.17726965587952628
AdaBoost,No SMOTE,0,0,0.1689822365998279
AdaBoost,No SMOTE,0,0,0.1719470769852437
AdaBoost,No SMOTE,0,0,0.1744311028445886
AdaBoost,No SMOTE,0,0,0.2193403423397052
AdaBoost,No SMOTE,0,0,0.20002774141121915
AdaBoost,No SMOTE,0,0,0.2675714581001686
AdaBoost,No SMOTE,0,0,0.14895992415852724
AdaBoost,No SMOTE,0,0,0.13019713023369225
AdaBoost,No SMOTE,0,0,0.21607329118820193
AdaBoost,No SMOTE,0,0,0.1744311028445886
AdaBoost,No SMOTE,0,0,0.24908989417199703
AdaBoost,No SMOTE,0,0,0.18800989342479768
AdaBoost,No SMOTE,0,0,0.1689822365998279
AdaBoost,No SMOTE,0,0,0.17726965587952628
AdaBoost,No SMOTE,0,0,0.17726965587952628
AdaBoost,No SMOTE,0,0,0.16895403564617684
AdaBoost,No SMOTE,0,0,0.17726965587952628
AdaBoost,No SMOTE,0,0,0.21928751511544514
AdaBoost,No SMOTE,0,0,0.2193403423397052
AdaBoost,No SMOTE,0,0,0.13019713023369225
AdaBoost,No SMOTE,0,0,0.1744311028445886
AdaBoost,No SMOTE,0,0,0.1744311028445886
AdaBoost,No SMOTE,0,0,0.1689822365998279
AdaBoost,No SMOTE,0,0,0.17726965587952628
AdaBoost,No SMOTE,0,0,0.1744311028445886
AdaBoost,No SMOTE,0,0,0.22493649393812828
AdaBoost,No SMOTE,0,0,0.1744311028445886
AdaBoost,No SMOTE,0,0,0.1689822365998279
AdaBoost,No SMOTE,0,0,0.1744311028445886
AdaBoost,No SMOTE,0,0,0.16618389338377842
AdaBoost,No SMOTE,0,0,0.18496367037446623
AdaBoost,No SMOTE,0,0,0.13019713023369225
AdaBoost,No SMOTE,0,0,0.18800989342479768
AdaBoost,No SMOTE,0,0,0.1431423024436669
AdaBoost,No SMOTE,0,0,0.1689822365998279
AdaBoost,No SMOTE,0,0,0.23435506113090693
AdaBoost,No SMOTE,0,0,0.13019713023369225
AdaBoost,No SMOTE,0,0,0.18800989342479768
AdaBoost,No SMOTE,0,0,0.1744311028445886
AdaBoost,No SMOTE,0,0,0.1744311028445886
AdaBoost,No SMOTE,0,0,0.11920292202211763
AdaBoost,No SMOTE,0,0,0.17726965587952628
AdaBoost,No SMOTE,0,0,0.2193403423397052
AdaBoost,No SMOTE,0,0,0.14895992415852724
AdaBoost,No SMOTE,0,0,0.1719470769852437
AdaBoost,No SMOTE,0,0,0.1689822365998279
AdaBoost,No SMOTE,0,0,0.1744311028445886
AdaBoost,No SMOTE,0,0,0.14895992415852724
AdaBoost,No SMOTE,0,0,0.1689822365998279
AdaBoost,No SMOTE,0,0,0.1689822365998279
AdaBoost,No SMOTE,0,0,0.13586401457059089
AdaBoost,No SMOTE,0,0,0.1689822365998279
AdaBoost,No SMOTE,0,0,0.17726965587952628
AdaBoost,No SMOTE,0,0,0.1744311028445886
AdaBoost,No SMOTE,0,0,0.13019713023369225
AdaBoost,No SMOTE,0,0,0.1689822365998279
AdaBoost,No SMOTE,0,0,0.21607329118820193
AdaBoost,No SMOTE,0,0,0.1689822365998279
AdaBoost,No SMOTE,0,0,0.16867357177983938
AdaBoost,No SMOTE,0,0,0.22295168509089985
AdaBoost,No SMOTE,0,0,0.17726965587952628
AdaBoost,No SMOTE,0,0,0.17726965587952628
AdaBoost,No SMOTE,0,0,0.14895992415852724
AdaBoost,No SMOTE,0,0,0.1689822365998279
AdaBoost,No SMOTE,0,0,0.16895403564617684
AdaBoost,No SMOTE,0,0,0.1719470769852437
AdaBoost,No SMOTE,0,0,0.17726965587952628
AdaBoost,No SMOTE,0,0,0.1689822365998279
AdaBoost,No SMOTE,0,0,0.1689822365998279
AdaBoost,No SMOTE,0,0,0.13586401457059089
AdaBoost,No SMOTE,0,0,0.1689822365998279
AdaBoost,No SMOTE,0,0,0.13586401457059089
AdaBoost,No SMOTE,0,0,0.17726965587952628
AdaBoost,No SMOTE,0,0,0.1744311028445886
AdaBoost,No SMOTE,0,0,0.21607329118820193
AdaBoost,No SMOTE,0,0,0.13019713023369225
AdaBoost,No SMOTE,0,0,0.17726965587952628
AdaBoost,No SMOTE,0,0,0.11920292202211763
AdaBoost,No SMOTE,0,0,0.14895992415852724
AdaBoost,No SMOTE,0,0,0.17726965587952628
AdaBoost,No SMOTE,0,0,0.22493649393812828
AdaBoost,No SMOTE,0,0,0.17726965587952628
AdaBoost,No SMOTE,0,0,0.1689822365998279
AdaBoost,No SMOTE,0,0,0.17726965587952628
AdaBoost,No SMOTE,0,0,0.17726965587952628
AdaBoost,No SMOTE,0,0,0.1689822365998279
AdaBoost,No SMOTE,0,0,0.22493649393812828
AdaBoost,No SMOTE,0,0,0.17726965587952628
AdaBoost,No SMOTE,0,0,0.18800989342479768
AdaBoost,No SMOTE,0,0,0.22044238283982498
AdaBoost,No SMOTE,0,0,0.17726965587952628
AdaBoost,No SMOTE,0,0,0.14895992415852724
AdaBoost,No SMOTE,0,0,0.2193403423397052
AdaBoost,No SMOTE,0,0,0.17643129068755622
AdaBoost,No SMOTE,0,0,0.17726965587952628
AdaBoost,No SMOTE,0,0,0.11920292202211763
AdaBoost,No SMOTE,0,0,0.17726965587952628
AdaBoost,No SMOTE,0,0,0.18800989342479768
AdaBoost,No SMOTE,0,0,0.1689822365998279
AdaBoost,No SMOTE,0,0,0.16342013312650427
AdaBoost,No SMOTE,0,0,0.2010720391108761
AdaBoost,No SMOTE,0,0,0.17726965587952628
AdaBoost,No SMOTE,0,0,0.1744311028445886
AdaBoost,No SMOTE,0,0,0.16342013312650427
AdaBoost,No SMOTE,0,0,0.22017433581447826
AdaBoost,No SMOTE,0,0,0.16618389338377842
AdaBoost,No SMOTE,0,0,0.22493649393812828
AdaBoost,No SMOTE,0,0,0.1744311028445886
AdaBoost,No SMOTE,0,0,0.1689822365998279
AdaBoost,No SMOTE,0,0,0.1689822365998279
AdaBoost,No SMOTE,0,0,0.1689822365998279
AdaBoost,No SMOTE,0,0,0.16895403564617684
AdaBoost,No SMOTE,0,0,0.21573524134425506
AdaBoost,No SMOTE,0,0,0.1689822365998279
AdaBoost,No SMOTE,0,0,0.16618389338377842
AdaBoost,No SMOTE,0,0,0.1689822365998279
AdaBoost,No SMOTE,0,0,0.1744311028445886
AdaBoost,No SMOTE,0,0,0.16895403564617684
AdaBoost,No SMOTE,0,0,0.13586401457059089
AdaBoost,No SMOTE,0,0,0.1689822365998279
AdaBoost,No SMOTE,0,0,0.18496367037446623
AdaBoost,No SMOTE,0,0,0.1431423024436669
AdaBoost,No SMOTE,0,0,0.11920292202211763
AdaBoost,No SMOTE,0,0,0.17726965587952628
AdaBoost,No SMOTE,0,0,0.1689822365998279
AdaBoost,No SMOTE,0,0,0.1744311028445886
AdaBoost,No SMOTE,0,0,0.17643129068755622
AdaBoost,No SMOTE,0,0,0.17726965587952628
AdaBoost,No SMOTE,0,0,0.16895403564617684
AdaBoost,No SMOTE,0,0,0.17726965587952628
AdaBoost,No SMOTE,0,0,0.13019713023369225
AdaBoost,No SMOTE,0,0,0.13019713023369225
AdaBoost,No SMOTE,0,0,0.17726965587952628
AdaBoost,No SMOTE,0,0,0.18800989342479768
AdaBoost,No SMOTE,0,0,0.18800989342479768
AdaBoost,No SMOTE,0,0,0.13586401457059089
AdaBoost,No SMOTE,0,0,0.1689822365998279
AdaBoost,No SMOTE,0,0,0.18496367037446623
AdaBoost,No SMOTE,0,0,0.13019713023369225
AdaBoost,No SMOTE,0,0,0.13586401457059089
AdaBoost,No SMOTE,0,0,0.17726965587952628
AdaBoost,No SMOTE,0,0,0.1689822365998279
AdaBoost,No SMOTE,0,0,0.16342013312650427
AdaBoost,No SMOTE,0,0,0.22493649393812828
AdaBoost,No SMOTE,0,0,0.1744311028445886
AdaBoost,No SMOTE,0,0,0.1689822365998279
AdaBoost,No SMOTE,0,0,0.1431423024436669
AdaBoost,No SMOTE,0,0,0.22044238283982498
AdaBoost,No SMOTE,0,0,0.1431423024436669
AdaBoost,No SMOTE,0,0,0.1689822365998279
AdaBoost,No SMOTE,0,0,0.11920292202211763
AdaBoost,No SMOTE,0,0,0.17726965587952628
AdaBoost,No SMOTE,0,0,0.17726965587952628
AdaBoost,No SMOTE,0,0,0.1431423024436669
AdaBoost,No SMOTE,0,0,0.22843520662470906
AdaBoost,No SMOTE,0,0,0.205659675438033
AdaBoost,No SMOTE,0,0,0.26348243932586984
AdaBoost,No SMOTE,0,0,0.22493649393812828
AdaBoost,No SMOTE,0,0,0.1689822365998279
AdaBoost,No SMOTE,0,0,0.14895992415852724
AdaBoost,No SMOTE,0,0,0.1744311028445886
AdaBoost,No SMOTE,0,0,0.14895992415852724
AdaBoost,No SMOTE,0,0,0.1689822365998279
AdaBoost,No SMOTE,0,0,0.17043552930931818
AdaBoost,No SMOTE,0,0,0.1689822365998279
AdaBoost,No SMOTE,0,0,0.17726965587952628
AdaBoost,No SMOTE,0,0,0.1744311028445886
AdaBoost,No SMOTE,0,0,0.13586401457059089
AdaBoost,No SMOTE,0,0,0.1744311028445886
AdaBoost,No SMOTE,0,0,0.17726965587952628
AdaBoost,No SMOTE,0,0,0.21607329118820193
AdaBoost,No SMOTE,0,0,0.1744311028445886
AdaBoost,No SMOTE,0,0,0.17726965587952628
AdaBoost,No SMOTE,0,0,0.13586401457059089
AdaBoost,No SMOTE,0,0,0.22493649393812828
AdaBoost,No SMOTE,0,0,0.17726965587952628
AdaBoost,No SMOTE,0,0,0.1744311028445886
AdaBoost,No SMOTE,0,0,0.1744311028445886
AdaBoost,No SMOTE,0,0,0.191758796857404
AdaBoost,No SMOTE,0,0,0.1744311028445886
AdaBoost,No SMOTE,0,0,0.21607329118820193
AdaBoost,No SMOTE,0,0,0.1744311028445886
AdaBoost,No SMOTE,0,0,0.17726965587952628
AdaBoost,No SMOTE,0,0,0.17726965587952628
AdaBoost,No SMOTE,0,0,0.21607329118820193
AdaBoost,No SMOTE,0,0,0.2193403423397052
AdaBoost,No SMOTE,0,0,0.1744311028445886
AdaBoost,No SMOTE,0,0,0.17726965587952628
AdaBoost,No SMOTE,0,0,0.17726965587952628
AdaBoost,No SMOTE,0,0,0.1689822365998279
AdaBoost,No SMOTE,0,0,0.11920292202211763
AdaBoost,No SMOTE,0,0,0.1689822365998279
AdaBoost,No SMOTE,0,0,0.1689822365998279
AdaBoost,No SMOTE,0,0,0.13586401457059089
AdaBoost,No SMOTE,0,0,0.14895992415852724
AdaBoost,No SMOTE,0,0,0.1744311028445886
AdaBoost,No SMOTE,0,0,0.22843520662470906
AdaBoost,No SMOTE,0,0,0.1689822365998279
AdaBoost,No SMOTE,0,0,0.22493649393812828
AdaBoost,No SMOTE,0,0,0.11920292202211763
AdaBoost,No SMOTE,0,0,0.22493649393812828
AdaBoost,No SMOTE,0,0,0.205659675438033
AdaBoost,No SMOTE,0,0,0.1689822365998279
AdaBoost,No SMOTE,0,0,0.11920292202211763
AdaBoost,No SMOTE,0,0,0.2193403423397052
AdaBoost,No SMOTE,0,0,0.17726965587952628
AdaBoost,No SMOTE,0,0,0.1689822365998279
AdaBoost,No SMOTE,0,0,0.17726965587952628
AdaBoost,No SMOTE,0,0,0.1689822365998279
AdaBoost,No SMOTE,0,0,0.18800989342479768
AdaBoost,No SMOTE,0,0,0.20002774141121915
AdaBoost,No SMOTE,0,0,0.17726965587952628
AdaBoost,No SMOTE,0,0,0.14895992415852724
AdaBoost,No SMOTE,0,0,0.17726965587952628
AdaBoost,No SMOTE,0,0,0.1719470769852437
AdaBoost,No SMOTE,0,0,0.14895992415852724
AdaBoost,No SMOTE,0,0,0.14895992415852724
AdaBoost,No SMOTE,0,0,0.17726965587952628
AdaBoost,No SMOTE,1,1,0.7725450335225054
AdaBoost,No SMOTE,0,0,0.14895992415852724
AdaBoost,No SMOTE,0,0,0.1744311028445886
AdaBoost,No SMOTE,0,0,0.13019713023369225
AdaBoost,No SMOTE,0,0,0.17726965587952628
AdaBoost,No SMOTE,0,0,0.14895992415852724
AdaBoost,No SMOTE,0,0,0.14895992415852724
AdaBoost,No SMOTE,0,0,0.16895403564617684
AdaBoost,No SMOTE,0,0,0.17726965587952628
AdaBoost,No SMOTE,0,0,0.1744311028445886
AdaBoost,No SMOTE,0,0,0.20002774141121915
AdaBoost,No SMOTE,0,0,0.11920292202211763
AdaBoost,No SMOTE,0,0,0.17726965587952628
AdaBoost,No SMOTE,0,0,0.1689822365998279
AdaBoost,No SMOTE,0,0,0.13019713023369225
AdaBoost,No SMOTE,0,0,0.14895992415852724
AdaBoost,No SMOTE,0,0,0.1689822365998279
AdaBoost,No SMOTE,0,0,0.1689822365998279
AdaBoost,No SMOTE,0,0,0.2193403423397052
AdaBoost,No SMOTE,0,0,0.14895992415852724
AdaBoost,No SMOTE,0,0,0.1744311028445886
AdaBoost,No SMOTE,0,0,0.16342013312650427
AdaBoost,No SMOTE,0,0,0.17726965587952628
AdaBoost,No SMOTE,0,0,0.1689822365998279
AdaBoost,No SMOTE,0,0,0.1431363477165842
AdaBoost,No SMOTE,0,0,0.22493649393812828
AdaBoost,No SMOTE,0,0,0.18496367037446623
AdaBoost,No SMOTE,0,0,0.14895992415852724
AdaBoost,No SMOTE,0,0,0.1744311028445886
AdaBoost,No SMOTE,0,0,0.1689822365998279
AdaBoost,No SMOTE,0,0,0.1689822365998279
AdaBoost,No SMOTE,0,0,0.17726965587952628
AdaBoost,No SMOTE,0,0,0.1689822365998279
AdaBoost,No SMOTE,0,0,0.17726965587952628
AdaBoost,No SMOTE,0,0,0.1689822365998279
AdaBoost,No SMOTE,0,0,0.1689822365998279
AdaBoost,No SMOTE,0,0,0.1744311028445886
AdaBoost,No SMOTE,0,0,0.17643129068755622
AdaBoost,No SMOTE,0,0,0.25081468689261593
AdaBoost,No SMOTE,0,0,0.17726965587952628
AdaBoost,No SMOTE,0,0,0.1719470769852437
AdaBoost,No SMOTE,0,0,0.16342013312650427
AdaBoost,No SMOTE,0,0,0.1689822365998279
AdaBoost,No SMOTE,0,0,0.2091061060399178
AdaBoost,No SMOTE,0,0,0.1431423024436669
AdaBoost,No SMOTE,0,0,0.26348243932586984
AdaBoost,No SMOTE,0,0,0.14895992415852724
AdaBoost,No SMOTE,0,0,0.17726965587952628
AdaBoost,No SMOTE,0,0,0.14798688540029464
AdaBoost,No SMOTE,0,0,0.17726965587952628
AdaBoost,No SMOTE,0,0,0.1689822365998279
AdaBoost,No SMOTE,0,0,0.14895992415852724
AdaBoost,No SMOTE,0,0,0.1744311028445886
AdaBoost,No SMOTE,0,0,0.1744311028445886
AdaBoost,No SMOTE,0,0,0.205659675438033
AdaBoost,No SMOTE,0,0,0.14895992415852724
AdaBoost,No SMOTE,0,0,0.1744311028445886
AdaBoost,No SMOTE,0,0,0.14895992415852724
AdaBoost,No SMOTE,0,0,0.1744311028445886
AdaBoost,No SMOTE,0,0,0.17726965587952628
AdaBoost,No SMOTE,0,0,0.14895992415852724
AdaBoost,No SMOTE,0,0,0.22843520662470906
AdaBoost,No SMOTE,0,0,0.13586401457059089
AdaBoost,No SMOTE,0,0,0.1689822365998279
AdaBoost,No SMOTE,0,0,0.14895992415852724
AdaBoost,No SMOTE,0,0,0.1689822365998279
AdaBoost,No SMOTE,0,0,0.14895992415852724
AdaBoost,No SMOTE,0,0,0.17726965587952628
AdaBoost,No SMOTE,0,0,0.17726965587952628
AdaBoost,No SMOTE,0,0,0.22493649393812828
AdaBoost,No SMOTE,0,0,0.11920292202211763
AdaBoost,No SMOTE,0,0,0.17726965587952628
AdaBoost,No SMOTE,0,0,0.16618389338377842
AdaBoost,No SMOTE,0,0,0.2193403423397052
AdaBoost,No SMOTE,0,0,0.17726965587952628
AdaBoost,No SMOTE,0,0,0.22843520662470906
AdaBoost,No SMOTE,0,0,0.18496367037446623
AdaBoost,No SMOTE,0,0,0.21573524134425506
AdaBoost,No SMOTE,0,0,0.22017433581447826
AdaBoost,No SMOTE,0,0,0.1744311028445886
AdaBoost,No SMOTE,0,0,0.1456228192075175
AdaBoost,No SMOTE,0,0,0.1744311028445886
AdaBoost,No SMOTE,0,0,0.1719470769852437
AdaBoost,No SMOTE,0,0,0.1689822365998279
AdaBoost,No SMOTE,0,0,0.1744311028445886
AdaBoost,No SMOTE,0,0,0.1689822365998279
AdaBoost,No SMOTE,0,0,0.17182074334119965
AdaBoost,No SMOTE,0,0,0.17726965587952628
AdaBoost,No SMOTE,0,0,0.17726965587952628
AdaBoost,No SMOTE,0,0,0.1744311028445886
AdaBoost,No SMOTE,0,0,0.1744311028445886
AdaBoost,No SMOTE,0,0,0.1689822365998279
AdaBoost,No SMOTE,0,0,0.1689822365998279
AdaBoost,No SMOTE,0,0,0.17726965587952628
AdaBoost,No SMOTE,0,0,0.17726965587952628
AdaBoost,No SMOTE,0,0,0.1431423024436669
AdaBoost,No SMOTE,0,0,0.18800989342479768
AdaBoost,No SMOTE,0,0,0.1689822365998279
AdaBoost,No SMOTE,0,0,0.205659675438033
AdaBoost,No SMOTE,0,0,0.1689822365998279
AdaBoost,No SMOTE,0,0,0.1744311028445886
AdaBoost,No SMOTE,0,0,0.1744311028445886
AdaBoost,No SMOTE,0,0,0.1689822365998279
AdaBoost,No SMOTE,0,0,0.2193403423397052
AdaBoost,No SMOTE,0,0,0.1431423024436669
AdaBoost,No SMOTE,0,0,0.1744311028445886
AdaBoost,No SMOTE,0,0,0.17726965587952628
AdaBoost,No SMOTE,0,0,0.1744311028445886
AdaBoost,No SMOTE,0,0,0.18800989342479768
AdaBoost,No SMOTE,0,0,0.1689822365998279
AdaBoost,No SMOTE,0,0,0.1689822365998279
AdaBoost,No SMOTE,0,0,0.1689822365998279
AdaBoost,No SMOTE,0,0,0.22843520662470906
AdaBoost,No SMOTE,0,0,0.14895992415852724
AdaBoost,No SMOTE,0,0,0.1689822365998279
AdaBoost,No SMOTE,0,0,0.1744311028445886
AdaBoost,No SMOTE,0,0,0.17726965587952628
AdaBoost,No SMOTE,0,0,0.1719470769852437
AdaBoost,No SMOTE,0,0,0.18800989342479768
AdaBoost,No SMOTE,0,0,0.16895403564617684
AdaBoost,No SMOTE,0,0,0.17726965587952628
AdaBoost,No SMOTE,0,0,0.1744311028445886
AdaBoost,No SMOTE,0,0,0.1689822365998279
AdaBoost,No SMOTE,0,0,0.13586401457059089
AdaBoost,No SMOTE,0,0,0.17726965587952628
AdaBoost,No SMOTE,0,0,0.1689822365998279
AdaBoost,No SMOTE,0,0,0.17726965587952628
AdaBoost,No SMOTE,0,0,0.1744311028445886
AdaBoost,No SMOTE,0,0,0.191758796857404
AdaBoost,No SMOTE,0,0,0.1689822365998279
AdaBoost,No SMOTE,0,0,0.17726965587952628
AdaBoost,No SMOTE,0,0,0.205659675438033
AdaBoost,No SMOTE,0,0,0.1744311028445886
AdaBoost,No SMOTE,0,0,0.21607329118820193
AdaBoost,No SMOTE,0,0,0.11920292202211763
AdaBoost,No SMOTE,0,0,0.22493649393812828
AdaBoost,No SMOTE,0,0,0.1431423024436669
AdaBoost,No SMOTE,0,0,0.1689822365998279
AdaBoost,No SMOTE,0,0,0.1689822365998279
AdaBoost,No SMOTE,0,0,0.14895992415852724
AdaBoost,No SMOTE,0,0,0.1431423024436669
AdaBoost,No SMOTE,0,0,0.1744311028445886
AdaBoost,No SMOTE,0,0,0.17726965587952628
AdaBoost,No SMOTE,0,0,0.17726965587952628
AdaBoost,No SMOTE,0,0,0.20002774141121915
AdaBoost,No SMOTE,0,0,0.1744311028445886
AdaBoost,No SMOTE,0,0,0.1689822365998279
AdaBoost,No SMOTE,0,0,0.191758796857404
AdaBoost,No SMOTE,0,0,0.1744311028445886
AdaBoost,No SMOTE,0,0,0.22017433581447826
AdaBoost,No SMOTE,0,0,0.1744311028445886
AdaBoost,No SMOTE,0,0,0.1689822365998279
AdaBoost,No SMOTE,0,0,0.1689822365998279
AdaBoost,No SMOTE,0,0,0.16342013312650427
AdaBoost,No SMOTE,0,0,0.1744311028445886
AdaBoost,No SMOTE,0,0,0.1689822365998279
AdaBoost,No SMOTE,0,0,0.14798688540029464
AdaBoost,No SMOTE,0,0,0.1689822365998279
AdaBoost,No SMOTE,0,0,0.21607329118820193
AdaBoost,No SMOTE,0,0,0.2193403423397052
AdaBoost,No SMOTE,0,0,0.17726965587952628
AdaBoost,No SMOTE,0,0,0.1689822365998279
AdaBoost,No SMOTE,0,0,0.1689822365998279
AdaBoost,No SMOTE,0,0,0.1744311028445886
AdaBoost,No SMOTE,0,0,0.1689822365998279
AdaBoost,No SMOTE,0,0,0.21607329118820193
AdaBoost,No SMOTE,0,0,0.13019713023369225
AdaBoost,No SMOTE,0,0,0.1689822365998279
AdaBoost,No SMOTE,0,0,0.14895992415852724
AdaBoost,No SMOTE,0,0,0.17726965587952628
AdaBoost,No SMOTE,0,0,0.1689822365998279
AdaBoost,No SMOTE,0,0,0.1689822365998279
AdaBoost,No SMOTE,0,0,0.1744311028445886
AdaBoost,No SMOTE,0,0,0.13586401457059089
AdaBoost,No SMOTE,0,0,0.11920292202211763
AdaBoost,No SMOTE,0,0,0.14895992415852724
AdaBoost,No SMOTE,0,0,0.17726965587952628
AdaBoost,No SMOTE,0,0,0.14895992415852724
AdaBoost,No SMOTE,0,0,0.16618389338377842
AdaBoost,No SMOTE,0,0,0.1431423024436669
AdaBoost,No SMOTE,0,0,0.1744311028445886
AdaBoost,No SMOTE,0,0,0.17133680384090874
AdaBoost,No SMOTE,0,0,0.21607329118820193
AdaBoost,No SMOTE,0,0,0.14895992415852724
AdaBoost,No SMOTE,0,0,0.1744311028445886
AdaBoost,No SMOTE,0,0,0.22493649393812828
AdaBoost,No SMOTE,0,0,0.1689822365998279
AdaBoost,No SMOTE,0,0,0.1744311028445886
AdaBoost,No SMOTE,0,0,0.13586401457059089
AdaBoost,No SMOTE,0,0,0.1744311028445886
AdaBoost,No SMOTE,0,0,0.17726965587952628
AdaBoost,No SMOTE,0,0,0.1689822365998279
AdaBoost,No SMOTE,0,0,0.13586401457059089
AdaBoost,No SMOTE,0,0,0.16342013312650427
AdaBoost,No SMOTE,0,0,0.21607329118820193
AdaBoost,No SMOTE,0,0,0.14895992415852724
AdaBoost,No SMOTE,0,0,0.2193403423397052
AdaBoost,No SMOTE,0,0,0.1719470769852437
AdaBoost,No SMOTE,0,0,0.21607329118820193
AdaBoost,No SMOTE,0,0,0.16618389338377842
AdaBoost,No SMOTE,0,0,0.13019713023369225
AdaBoost,No SMOTE,0,0,0.13019713023369225
AdaBoost,No SMOTE,0,0,0.17726965587952628
AdaBoost,No SMOTE,0,0,0.17726965587952628
AdaBoost,No SMOTE,0,0,0.13019713023369225
AdaBoost,No SMOTE,0,0,0.1689822365998279
AdaBoost,No SMOTE,0,0,0.13586401457059089
AdaBoost,No SMOTE,0,0,0.1689822365998279
AdaBoost,No SMOTE,0,0,0.1786840584100862
AdaBoost,No SMOTE,0,0,0.22843520662470906
AdaBoost,No SMOTE,0,0,0.2193403423397052
AdaBoost,No SMOTE,0,0,0.11920292202211763
AdaBoost,No SMOTE,0,0,0.1431423024436669
AdaBoost,No SMOTE,0,0,0.1689822365998279
AdaBoost,No SMOTE,0,0,0.17726965587952628
AdaBoost,No SMOTE,0,0,0.1689822365998279
AdaBoost,No SMOTE,0,0,0.17133680384090874
AdaBoost,No SMOTE,0,0,0.1431363477165842
AdaBoost,No SMOTE,0,0,0.16618389338377842
AdaBoost,No SMOTE,0,0,0.1689822365998279
AdaBoost,No SMOTE,0,0,0.17726965587952628
AdaBoost,No SMOTE,0,0,0.21607329118820193
AdaBoost,No SMOTE,0,0,0.11920292202211763
AdaBoost,No SMOTE,0,0,0.17726965587952628
AdaBoost,No SMOTE,0,0,0.16618389338377842
AdaBoost,No SMOTE,0,0,0.22493649393812828
AdaBoost,No SMOTE,0,0,0.1689822365998279
AdaBoost,No SMOTE,0,0,0.1744311028445886
AdaBoost,No SMOTE,0,0,0.16618389338377842
AdaBoost,No SMOTE,0,0,0.1689822365998279
AdaBoost,No SMOTE,0,0,0.1689822365998279
AdaBoost,No SMOTE,0,0,0.16342013312650427
AdaBoost,No SMOTE,0,0,0.14895992415852724
AdaBoost,No SMOTE,0,0,0.1719470769852437
AdaBoost,No SMOTE,0,0,0.22493649393812828
AdaBoost,No SMOTE,0,0,0.17726965587952628
AdaBoost,No SMOTE,0,0,0.1689822365998279
AdaBoost,No SMOTE,0,0,0.17726965587952628
AdaBoost,No SMOTE,0,0,0.18496367037446623
AdaBoost,No SMOTE,0,0,0.1689822365998279
AdaBoost,No SMOTE,0,0,0.1744311028445886
AdaBoost,No SMOTE,0,0,0.18800989342479768
AdaBoost,No SMOTE,0,0,0.17726965587952628
AdaBoost,No SMOTE,0,0,0.2228277728066096
AdaBoost,No SMOTE,0,0,0.1744311028445886
AdaBoost,No SMOTE,0,0,0.1744311028445886
AdaBoost,No SMOTE,0,0,0.1689822365998279
AdaBoost,No SMOTE,0,0,0.1744311028445886
AdaBoost,No SMOTE,0,0,0.14895992415852724
AdaBoost,No SMOTE,0,0,0.1744311028445886
AdaBoost,No SMOTE,0,0,0.16342013312650427
AdaBoost,No SMOTE,0,0,0.17726965587952628
AdaBoost,No SMOTE,0,0,0.1689822365998279
AdaBoost,No SMOTE,0,0,0.22493649393812828
AdaBoost,No SMOTE,0,0,0.17726965587952628
AdaBoost,No SMOTE,0,0,0.13019713023369225
AdaBoost,No SMOTE,0,0,0.22493649393812828
AdaBoost,No SMOTE,0,0,0.14895992415852724
AdaBoost,No SMOTE,0,0,0.17726965587952628
AdaBoost,No SMOTE,0,0,0.16618389338377842
AdaBoost,No SMOTE,0,0,0.17726965587952628
AdaBoost,No SMOTE,0,0,0.1719470769852437
AdaBoost,No SMOTE,0,0,0.1744311028445886
AdaBoost,No SMOTE,0,0,0.18496367037446623
AdaBoost,No SMOTE,0,0,0.14895992415852724
AdaBoost,No SMOTE,0,0,0.22493649393812828
AdaBoost,No SMOTE,0,0,0.17726965587952628
AdaBoost,No SMOTE,0,0,0.1689822365998279
AdaBoost,No SMOTE,0,0,0.17726965587952628
AdaBoost,No SMOTE,0,0,0.17726965587952628
AdaBoost,No SMOTE,0,0,0.16342013312650427
AdaBoost,No SMOTE,0,0,0.13586401457059089
AdaBoost,No SMOTE,0,0,0.225942801680166
AdaBoost,No SMOTE,0,0,0.17726965587952628
AdaBoost,No SMOTE,0,0,0.17726965587952628
AdaBoost,No SMOTE,0,0,0.1744311028445886
AdaBoost,No SMOTE,0,0,0.1689822365998279
AdaBoost,No SMOTE,0,0,0.16342013312650427
AdaBoost,No SMOTE,0,0,0.1689822365998279
AdaBoost,No SMOTE,0,0,0.1689822365998279
AdaBoost,No SMOTE,0,0,0.1456228192075175
AdaBoost,No SMOTE,0,0,0.18800989342479768
AdaBoost,No SMOTE,0,0,0.14895992415852724
AdaBoost,No SMOTE,0,0,0.2193403423397052
AdaBoost,No SMOTE,0,0,0.1689822365998279
AdaBoost,No SMOTE,0,0,0.17726965587952628
AdaBoost,No SMOTE,0,0,0.1744311028445886
AdaBoost,No SMOTE,0,0,0.1689822365998279
AdaBoost,No SMOTE,0,0,0.14895992415852724
AdaBoost,No SMOTE,0,0,0.17726965587952628
AdaBoost,No SMOTE,0,0,0.2193403423397052
AdaBoost,No SMOTE,0,0,0.17643129068755622
AdaBoost,No SMOTE,0,0,0.1689822365998279
AdaBoost,No SMOTE,0,0,0.1689822365998279
AdaBoost,No SMOTE,0,0,0.1689822365998279
AdaBoost,No SMOTE,0,0,0.17726965587952628
AdaBoost,No SMOTE,0,0,0.17726965587952628
AdaBoost,No SMOTE,0,0,0.17726965587952628
AdaBoost,No SMOTE,0,0,0.17726965587952628
AdaBoost,No SMOTE,0,0,0.17726965587952628
AdaBoost,No SMOTE,0,0,0.1689822365998279
AdaBoost,No SMOTE,0,0,0.17726965587952628
AdaBoost,No SMOTE,0,0,0.1719470769852437
AdaBoost,No SMOTE,0,0,0.17726965587952628
AdaBoost,No SMOTE,0,0,0.1689822365998279
AdaBoost,No SMOTE,0,0,0.1744311028445886
AdaBoost,No SMOTE,0,0,0.14895992415852724
AdaBoost,No SMOTE,0,0,0.16618389338377842
AdaBoost,No SMOTE,0,0,0.17726965587952628
AdaBoost,No SMOTE,0,0,0.17726965587952628
AdaBoost,No SMOTE,0,0,0.1744311028445886
AdaBoost,No SMOTE,0,0,0.16203849466010875
AdaBoost,No SMOTE,0,0,0.1689822365998279
AdaBoost,No SMOTE,0,0,0.22843520662470906
AdaBoost,No SMOTE,0,0,0.22493649393812828
AdaBoost,No SMOTE,0,0,0.2193403423397052
AdaBoost,No SMOTE,0,0,0.16342013312650427
AdaBoost,No SMOTE,0,0,0.13586401457059089
AdaBoost,No SMOTE,0,0,0.21607329118820193
AdaBoost,No SMOTE,0,0,0.1744311028445886
AdaBoost,No SMOTE,0,0,0.1689822365998279
AdaBoost,No SMOTE,0,0,0.2193403423397052
AdaBoost,No SMOTE,0,0,0.11920292202211763
AdaBoost,No SMOTE,0,0,0.1786840584100862
AdaBoost,No SMOTE,0,0,0.17726965587952628
AdaBoost,No SMOTE,0,0,0.1431423024436669
AdaBoost,No SMOTE,0,0,0.1744311028445886
AdaBoost,No SMOTE,0,0,0.17726965587952628
AdaBoost,No SMOTE,0,0,0.22493649393812828
AdaBoost,No SMOTE,0,0,0.13586401457059089
AdaBoost,No SMOTE,0,0,0.1689822365998279
AdaBoost,No SMOTE,0,0,0.14895992415852724
AdaBoost,No SMOTE,0,0,0.1689822365998279
AdaBoost,No SMOTE,0,0,0.2193403423397052
AdaBoost,No SMOTE,0,0,0.16895403564617684
AdaBoost,No SMOTE,0,0,0.18800989342479768
AdaBoost,No SMOTE,0,0,0.21607329118820193
AdaBoost,No SMOTE,0,0,0.16342013312650427
AdaBoost,No SMOTE,0,0,0.17726965587952628
AdaBoost,No SMOTE,0,0,0.17726965587952628
AdaBoost,No SMOTE,0,0,0.17726965587952628
AdaBoost,No SMOTE,0,0,0.17726965587952628
AdaBoost,No SMOTE,0,0,0.1689822365998279
AdaBoost,No SMOTE,0,0,0.1689822365998279
AdaBoost,No SMOTE,0,0,0.13019713023369225
AdaBoost,No SMOTE,0,0,0.21607329118820193
AdaBoost,No SMOTE,0,0,0.1689822365998279
AdaBoost,No SMOTE,0,0,0.21607329118820193
AdaBoost,No SMOTE,0,0,0.18800989342479768
AdaBoost,No SMOTE,0,0,0.17726965587952628
AdaBoost,No SMOTE,0,0,0.22493649393812828
AdaBoost,No SMOTE,0,0,0.17726965587952628
AdaBoost,No SMOTE,0,0,0.13586401457059089
AdaBoost,No SMOTE,0,0,0.1689822365998279
AdaBoost,No SMOTE,0,0,0.17726965587952628
AdaBoost,No SMOTE,0,0,0.22493649393812828
AdaBoost,No SMOTE,0,0,0.1744311028445886
AdaBoost,No SMOTE,0,0,0.13019713023369225
AdaBoost,No SMOTE,0,0,0.2193403423397052
AdaBoost,No SMOTE,0,0,0.1689822365998279
AdaBoost,No SMOTE,0,0,0.22493649393812828
AdaBoost,No SMOTE,0,0,0.17726965587952628
AdaBoost,No SMOTE,0,0,0.17726965587952628
AdaBoost,No SMOTE,0,0,0.18496367037446623
AdaBoost,No SMOTE,0,0,0.1744311028445886
AdaBoost,No SMOTE,0,0,0.205659675438033
AdaBoost,No SMOTE,0,0,0.21607329118820193
AdaBoost,No SMOTE,0,0,0.1431423024436669
AdaBoost,No SMOTE,0,0,0.13019713023369225
AdaBoost,No SMOTE,0,0,0.17726965587952628
AdaBoost,No SMOTE,0,0,0.1744311028445886
AdaBoost,No SMOTE,0,0,0.1689822365998279
AdaBoost,No SMOTE,0,0,0.14895992415852724
AdaBoost,No SMOTE,0,0,0.17133680384090874
AdaBoost,No SMOTE,0,0,0.1689822365998279
AdaBoost,No SMOTE,0,0,0.13586401457059089
AdaBoost,No SMOTE,0,0,0.191758796857404
AdaBoost,No SMOTE,0,0,0.17726965587952628
AdaBoost,No SMOTE,0,0,0.17726965587952628
AdaBoost,No SMOTE,0,0,0.18800989342479768
AdaBoost,No SMOTE,0,0,0.1744311028445886
AdaBoost,No SMOTE,0,0,0.1744311028445886
AdaBoost,No SMOTE,0,0,0.1689822365998279
AdaBoost,No SMOTE,0,0,0.191758796857404
AdaBoost,No SMOTE,0,0,0.17726965587952628
AdaBoost,No SMOTE,0,0,0.1719470769852437
AdaBoost,No SMOTE,0,0,0.17726965587952628
AdaBoost,No SMOTE,0,0,0.1689822365998279
AdaBoost,No SMOTE,0,0,0.1744311028445886
AdaBoost,No SMOTE,0,0,0.1689822365998279
AdaBoost,No SMOTE,0,0,0.17726965587952628
AdaBoost,No SMOTE,0,0,0.1744311028445886
AdaBoost,No SMOTE,0,0,0.1744311028445886
AdaBoost,No SMOTE,0,0,0.1689822365998279
AdaBoost,No SMOTE,0,0,0.17726965587952628
AdaBoost,No SMOTE,0,0,0.16342013312650427
AdaBoost,No SMOTE,0,0,0.13586401457059089
AdaBoost,No SMOTE,0,0,0.1689822365998279
AdaBoost,No SMOTE,0,0,0.1456228192075175
AdaBoost,No SMOTE,0,0,0.17726965587952628
AdaBoost,No SMOTE,0,0,0.1431423024436669
AdaBoost,No SMOTE,0,0,0.22493649393812828
AdaBoost,No SMOTE,0,0,0.21607329118820193
AdaBoost,No SMOTE,0,0,0.13019713023369225
AdaBoost,No SMOTE,0,0,0.1689822365998279
AdaBoost,No SMOTE,0,0,0.1744311028445886
AdaBoost,No SMOTE,0,0,0.1431423024436669
AdaBoost,No SMOTE,0,0,0.1744311028445886
AdaBoost,No SMOTE,0,0,0.21607329118820193
AdaBoost,No SMOTE,0,0,0.2193403423397052
AdaBoost,No SMOTE,0,0,0.21607329118820193
AdaBoost,No SMOTE,0,0,0.22493649393812828
AdaBoost,No SMOTE,0,0,0.1689822365998279
AdaBoost,No SMOTE,0,0,0.1456228192075175
AdaBoost,No SMOTE,0,0,0.1689822365998279
AdaBoost,No SMOTE,0,0,0.17726965587952628
AdaBoost,No SMOTE,0,0,0.13019713023369225
AdaBoost,No SMOTE,0,0,0.191758796857404
AdaBoost,No SMOTE,0,0,0.17133680384090874
AdaBoost,No SMOTE,0,0,0.18496367037446623
AdaBoost,No SMOTE,0,0,0.1744311028445886
AdaBoost,No SMOTE,0,0,0.16342013312650427
AdaBoost,No SMOTE,0,0,0.1689822365998279
AdaBoost,No SMOTE,0,0,0.2193403423397052
AdaBoost,No SMOTE,0,0,0.1689822365998279
AdaBoost,No SMOTE,0,0,0.22493649393812828
AdaBoost,No SMOTE,0,0,0.1744311028445886
AdaBoost,No SMOTE,0,0,0.1689822365998279
AdaBoost,No SMOTE,0,0,0.1744311028445886
AdaBoost,No SMOTE,0,0,0.17726965587952628
AdaBoost,No SMOTE,0,0,0.1689822365998279
AdaBoost,No SMOTE,0,0,0.16342013312650427
AdaBoost,No SMOTE,0,0,0.13586401457059089
AdaBoost,No SMOTE,0,0,0.1689822365998279
AdaBoost,No SMOTE,0,0,0.22493649393812828
AdaBoost,No SMOTE,0,0,0.2193403423397052
AdaBoost,No SMOTE,0,0,0.17726965587952628
AdaBoost,No SMOTE,0,0,0.191758796857404
AdaBoost,No SMOTE,0,0,0.16203849466010875
AdaBoost,No SMOTE,0,0,0.1744311028445886
AdaBoost,No SMOTE,0,0,0.22017433581447826
AdaBoost,No SMOTE,0,0,0.17726965587952628
AdaBoost,No SMOTE,0,0,0.13586401457059089
AdaBoost,No SMOTE,0,0,0.22493649393812828
AdaBoost,No SMOTE,0,0,0.1744311028445886
AdaBoost,No SMOTE,0,0,0.17726965587952628
AdaBoost,No SMOTE,0,0,0.1744311028445886
AdaBoost,No SMOTE,0,0,0.17726965587952628
AdaBoost,No SMOTE,0,0,0.1744311028445886
AdaBoost,No SMOTE,0,0,0.13019713023369225
AdaBoost,No SMOTE,0,0,0.16342013312650427
AdaBoost,No SMOTE,0,0,0.11920292202211763
AdaBoost,No SMOTE,0,0,0.17452323501899744
AdaBoost,No SMOTE,0,0,0.1689822365998279
AdaBoost,No SMOTE,0,0,0.18800989342479768
AdaBoost,No SMOTE,0,0,0.22493649393812828
AdaBoost,No SMOTE,0,0,0.20002774141121915
AdaBoost,No SMOTE,0,0,0.1931443810264556
AdaBoost,No SMOTE,0,0,0.22493649393812828
AdaBoost,No SMOTE,0,0,0.13586401457059089
AdaBoost,No SMOTE,0,0,0.22493649393812828
AdaBoost,No SMOTE,0,0,0.16342013312650427
AdaBoost,No SMOTE,0,0,0.18800989342479768
AdaBoost,No SMOTE,0,0,0.17726965587952628
AdaBoost,No SMOTE,0,0,0.16342013312650427
AdaBoost,No SMOTE,0,0,0.22017433581447826
AdaBoost,No SMOTE,0,0,0.14895992415852724
AdaBoost,No SMOTE,0,0,0.1689822365998279
AdaBoost,No SMOTE,0,0,0.17726965587952628
AdaBoost,No SMOTE,0,0,0.17643129068755622
AdaBoost,No SMOTE,0,0,0.191758796857404
AdaBoost,No SMOTE,0,0,0.1744311028445886
AdaBoost,No SMOTE,0,0,0.16618389338377842
AdaBoost,No SMOTE,0,0,0.17643129068755622
AdaBoost,No SMOTE,0,0,0.1744311028445886
AdaBoost,No SMOTE,0,0,0.1689822365998279
AdaBoost,No SMOTE,0,0,0.18800989342479768
AdaBoost,No SMOTE,0,0,0.1431423024436669
AdaBoost,No SMOTE,0,0,0.17726965587952628
AdaBoost,No SMOTE,0,0,0.1689822365998279
AdaBoost,No SMOTE,0,0,0.17726965587952628
AdaBoost,No SMOTE,0,0,0.1689822365998279
AdaBoost,No SMOTE,0,0,0.13586401457059089
AdaBoost,No SMOTE,0,0,0.1689822365998279
AdaBoost,No SMOTE,0,0,0.17726965587952628
AdaBoost,No SMOTE,0,0,0.14895992415852724
AdaBoost,No SMOTE,0,0,0.1744311028445886
AdaBoost,No SMOTE,0,0,0.1719470769852437
AdaBoost,No SMOTE,0,0,0.13586401457059089
AdaBoost,No SMOTE,0,0,0.1689822365998279
AdaBoost,No SMOTE,0,0,0.18800989342479768
AdaBoost,No SMOTE,0,0,0.1689822365998279
AdaBoost,No SMOTE,0,0,0.1744311028445886
AdaBoost,No SMOTE,0,0,0.17726965587952628
AdaBoost,No SMOTE,0,0,0.18496367037446623
AdaBoost,No SMOTE,0,0,0.17726965587952628
AdaBoost,No SMOTE,0,0,0.1689822365998279
AdaBoost,No SMOTE,0,0,0.2091061060399178
AdaBoost,No SMOTE,0,0,0.191758796857404
AdaBoost,No SMOTE,0,0,0.1719470769852437
AdaBoost,No SMOTE,0,0,0.17043552930931818
AdaBoost,No SMOTE,0,0,0.1744311028445886
AdaBoost,No SMOTE,0,0,0.1744311028445886
AdaBoost,No SMOTE,0,0,0.1689822365998279
AdaBoost,No SMOTE,0,0,0.1689822365998279
AdaBoost,No SMOTE,0,0,0.25081468689261593
AdaBoost,No SMOTE,0,0,0.14798688540029464
AdaBoost,No SMOTE,0,0,0.22493649393812828
AdaBoost,No SMOTE,0,0,0.16342013312650427
AdaBoost,No SMOTE,0,0,0.191758796857404
AdaBoost,No SMOTE,0,0,0.17726965587952628
AdaBoost,No SMOTE,0,0,0.2193403423397052
AdaBoost,No SMOTE,0,0,0.1744311028445886
AdaBoost,No SMOTE,0,0,0.1744311028445886
AdaBoost,No SMOTE,0,0,0.16867357177983938
AdaBoost,No SMOTE,0,0,0.1689822365998279
AdaBoost,No SMOTE,0,0,0.1744311028445886
AdaBoost,No SMOTE,0,0,0.205659675438033
AdaBoost,No SMOTE,0,0,0.1744311028445886
AdaBoost,No SMOTE,0,0,0.17643129068755622
AdaBoost,No SMOTE,0,0,0.1689822365998279
AdaBoost,No SMOTE,0,0,0.1689822365998279
AdaBoost,No SMOTE,0,0,0.16342013312650427
AdaBoost,No SMOTE,0,0,0.13019713023369225
AdaBoost,No SMOTE,0,0,0.1719470769852437
AdaBoost,No SMOTE,0,0,0.16618389338377842
AdaBoost,No SMOTE,0,0,0.1744311028445886
AdaBoost,No SMOTE,0,0,0.17726965587952628
AdaBoost,No SMOTE,0,0,0.22493649393812828
AdaBoost,No SMOTE,0,0,0.21607329118820193
AdaBoost,No SMOTE,0,0,0.22493649393812828
AdaBoost,No SMOTE,0,0,0.14895992415852724
AdaBoost,No SMOTE,0,0,0.1744311028445886
AdaBoost,No SMOTE,0,0,0.17726965587952628
AdaBoost,No SMOTE,0,0,0.22295168509089985
AdaBoost,No SMOTE,0,0,0.16342013312650427
AdaBoost,No SMOTE,0,0,0.16867357177983938
AdaBoost,No SMOTE,0,0,0.13586401457059089
AdaBoost,No SMOTE,0,0,0.13019713023369225
AdaBoost,No SMOTE,0,0,0.1689822365998279
AdaBoost,No SMOTE,0,0,0.17726965587952628
AdaBoost,No SMOTE,0,0,0.16342013312650427
AdaBoost,No SMOTE,0,0,0.1744311028445886
AdaBoost,No SMOTE,0,0,0.1456228192075175
AdaBoost,No SMOTE,0,0,0.21607329118820193
AdaBoost,No SMOTE,0,0,0.18800989342479768
AdaBoost,No SMOTE,0,0,0.1689822365998279
AdaBoost,No SMOTE,0,0,0.1744311028445886
AdaBoost,No SMOTE,0,0,0.1744311028445886
AdaBoost,No SMOTE,0,0,0.17726965587952628
AdaBoost,No SMOTE,0,0,0.1744311028445886
AdaBoost,No SMOTE,0,0,0.1744311028445886
AdaBoost,No SMOTE,0,0,0.1689822365998279
AdaBoost,No SMOTE,0,0,0.17726965587952628
AdaBoost,No SMOTE,0,0,0.22493649393812828
AdaBoost,No SMOTE,0,0,0.21573524134425506
AdaBoost,No SMOTE,0,0,0.1689822365998279
AdaBoost,No SMOTE,0,0,0.17726965587952628
AdaBoost,No SMOTE,0,0,0.1744311028445886
AdaBoost,No SMOTE,0,0,0.1744311028445886
AdaBoost,No SMOTE,0,0,0.1431423024436669
AdaBoost,No SMOTE,0,0,0.26348243932586984
AdaBoost,No SMOTE,0,0,0.1689822365998279
AdaBoost,No SMOTE,0,0,0.1689822365998279
AdaBoost,No SMOTE,0,0,0.17726965587952628
AdaBoost,No SMOTE,0,0,0.1744311028445886
AdaBoost,No SMOTE,0,0,0.13019713023369225
AdaBoost,No SMOTE,0,0,0.18800989342479768
AdaBoost,No SMOTE,0,0,0.1689822365998279
AdaBoost,No SMOTE,0,0,0.18496367037446623
AdaBoost,No SMOTE,0,0,0.17726965587952628
AdaBoost,No SMOTE,0,0,0.21607329118820193
AdaBoost,No SMOTE,0,0,0.17726965587952628
AdaBoost,No SMOTE,0,0,0.1689822365998279
AdaBoost,No SMOTE,0,0,0.2193403423397052
AdaBoost,No SMOTE,0,0,0.1689822365998279
AdaBoost,No SMOTE,0,0,0.16203849466010875
AdaBoost,No SMOTE,0,0,0.2193403423397052
AdaBoost,No SMOTE,0,0,0.13586401457059089
AdaBoost,No SMOTE,0,0,0.1744311028445886
AdaBoost,No SMOTE,0,0,0.14895992415852724
AdaBoost,No SMOTE,0,0,0.22843520662470906
AdaBoost,No SMOTE,0,0,0.18496367037446623
AdaBoost,No SMOTE,0,0,0.17726965587952628
AdaBoost,No SMOTE,0,0,0.1431423024436669
AdaBoost,No SMOTE,0,0,0.22493649393812828
AdaBoost,No SMOTE,0,0,0.17726965587952628
AdaBoost,No SMOTE,0,0,0.17726965587952628
AdaBoost,No SMOTE,0,0,0.191758796857404
AdaBoost,No SMOTE,0,0,0.14651749284402038
AdaBoost,No SMOTE,0,0,0.1744311028445886
AdaBoost,No SMOTE,0,0,0.205659675438033
AdaBoost,No SMOTE,0,0,0.17726965587952628
AdaBoost,No SMOTE,0,0,0.191758796857404
AdaBoost,No SMOTE,0,0,0.17726965587952628
AdaBoost,No SMOTE,0,0,0.16618389338377842
AdaBoost,No SMOTE,0,0,0.21607329118820193
AdaBoost,No SMOTE,0,0,0.14895992415852724
AdaBoost,No SMOTE,0,0,0.1689822365998279
AdaBoost,No SMOTE,0,0,0.21607329118820193
AdaBoost,No SMOTE,0,0,0.1719470769852437
AdaBoost,No SMOTE,0,0,0.16342013312650427
AdaBoost,No SMOTE,0,0,0.16618389338377842
AdaBoost,No SMOTE,0,0,0.18800989342479768
AdaBoost,No SMOTE,0,0,0.14895992415852724
AdaBoost,No SMOTE,0,0,0.13019713023369225
AdaBoost,No SMOTE,0,0,0.17643129068755622
AdaBoost,No SMOTE,0,0,0.1689822365998279
AdaBoost,No SMOTE,0,0,0.17726965587952628
AdaBoost,No SMOTE,0,0,0.22493649393812828
AdaBoost,No SMOTE,0,0,0.22493649393812828
AdaBoost,No SMOTE,0,0,0.17726965587952628
AdaBoost,No SMOTE,0,0,0.17726965587952628
AdaBoost,No SMOTE,0,0,0.1744311028445886
AdaBoost,No SMOTE,0,0,0.17726965587952628
AdaBoost,No SMOTE,0,0,0.1689822365998279
AdaBoost,No SMOTE,0,0,0.11920292202211763
AdaBoost,No SMOTE,0,0,0.16618389338377842
AdaBoost,No SMOTE,0,0,0.17726965587952628
AdaBoost,No SMOTE,0,0,0.1744311028445886
AdaBoost,No SMOTE,0,0,0.16618389338377842
AdaBoost,No SMOTE,0,0,0.1744311028445886
AdaBoost,No SMOTE,0,0,0.1719470769852437
AdaBoost,No SMOTE,0,0,0.1786840584100862
AdaBoost,No SMOTE,0,0,0.1744311028445886
AdaBoost,No SMOTE,0,0,0.1744311028445886
AdaBoost,No SMOTE,0,0,0.14895992415852724
AdaBoost,No SMOTE,0,0,0.22044238283982498
AdaBoost,No SMOTE,0,0,0.17726965587952628
AdaBoost,No SMOTE,0,0,0.1744311028445886
AdaBoost,No SMOTE,0,0,0.17726965587952628
AdaBoost,No SMOTE,0,0,0.17726965587952628
AdaBoost,No SMOTE,0,0,0.2193039021633169
AdaBoost,No SMOTE,0,0,0.14895992415852724
AdaBoost,No SMOTE,0,0,0.1744311028445886
AdaBoost,No SMOTE,0,0,0.14895992415852724
AdaBoost,No SMOTE,0,0,0.1744311028445886
AdaBoost,No SMOTE,0,0,0.1689822365998279
AdaBoost,No SMOTE,0,0,0.1931443810264556
AdaBoost,No SMOTE,0,0,0.17726965587952628
AdaBoost,No SMOTE,0,0,0.22493649393812828
AdaBoost,No SMOTE,0,0,0.21607329118820193
AdaBoost,No SMOTE,0,0,0.1744311028445886
AdaBoost,No SMOTE,0,0,0.1689822365998279
AdaBoost,No SMOTE,0,0,0.17726965587952628
AdaBoost,No SMOTE,0,0,0.17726965587952628
AdaBoost,No SMOTE,0,0,0.2193403423397052
AdaBoost,No SMOTE,0,0,0.1744311028445886
AdaBoost,No SMOTE,0,0,0.16618389338377842
AdaBoost,No SMOTE,0,0,0.17726965587952628
AdaBoost,No SMOTE,0,0,0.1744311028445886
AdaBoost,No SMOTE,0,0,0.1689822365998279
AdaBoost,No SMOTE,0,0,0.1744311028445886
AdaBoost,No SMOTE,0,0,0.18800989342479768
AdaBoost,No SMOTE,0,0,0.1689822365998279
AdaBoost,No SMOTE,0,0,0.14895992415852724
AdaBoost,No SMOTE,0,0,0.1689822365998279
AdaBoost,No SMOTE,0,0,0.17726965587952628
AdaBoost,No SMOTE,0,0,0.17726965587952628
AdaBoost,No SMOTE,0,0,0.14895992415852724
AdaBoost,No SMOTE,0,0,0.21607329118820193
AdaBoost,No SMOTE,0,0,0.18496367037446623
AdaBoost,No SMOTE,0,0,0.1431363477165842
AdaBoost,No SMOTE,0,0,0.1689822365998279
AdaBoost,No SMOTE,0,0,0.1744311028445886
AdaBoost,No SMOTE,0,0,0.1689822365998279
AdaBoost,No SMOTE,0,0,0.18496367037446623
AdaBoost,No SMOTE,0,0,0.13586401457059089
AdaBoost,No SMOTE,0,0,0.1744311028445886
AdaBoost,No SMOTE,0,0,0.1689822365998279
AdaBoost,No SMOTE,0,0,0.14895992415852724
AdaBoost,No SMOTE,0,0,0.191758796857404
AdaBoost,No SMOTE,0,0,0.13019713023369225
AdaBoost,No SMOTE,0,0,0.1689822365998279
AdaBoost,No SMOTE,0,0,0.1431423024436669
AdaBoost,No SMOTE,0,0,0.1689822365998279
AdaBoost,No SMOTE,0,0,0.13019713023369225
AdaBoost,No SMOTE,0,0,0.17726965587952628
AdaBoost,No SMOTE,0,0,0.1744311028445886
AdaBoost,No SMOTE,0,0,0.1689822365998279
AdaBoost,No SMOTE,0,0,0.1689822365998279
AdaBoost,No SMOTE,0,0,0.1489344658150499
AdaBoost,No SMOTE,0,0,0.13019713023369225
AdaBoost,No SMOTE,0,0,0.1431423024436669
AdaBoost,No SMOTE,0,0,0.1689822365998279
AdaBoost,No SMOTE,0,0,0.1744311028445886
AdaBoost,No SMOTE,0,0,0.18800989342479768
AdaBoost,No SMOTE,0,0,0.1689822365998279
AdaBoost,No SMOTE,0,0,0.1689822365998279
AdaBoost,No SMOTE,0,0,0.1689822365998279
AdaBoost,No SMOTE,0,0,0.1689822365998279
AdaBoost,No SMOTE,0,0,0.14895992415852724
AdaBoost,No SMOTE,0,0,0.18496367037446623
AdaBoost,No SMOTE,0,0,0.14895992415852724
AdaBoost,No SMOTE,0,0,0.1744311028445886
AdaBoost,No SMOTE,0,0,0.22493649393812828
AdaBoost,No SMOTE,0,0,0.17726965587952628
AdaBoost,No SMOTE,0,0,0.13019713023369225
AdaBoost,No SMOTE,0,0,0.14895992415852724
AdaBoost,No SMOTE,0,0,0.1689822365998279
AdaBoost,No SMOTE,0,0,0.14798688540029464
AdaBoost,No SMOTE,0,0,0.17726965587952628
AdaBoost,No SMOTE,0,0,0.17726965587952628
AdaBoost,No SMOTE,0,0,0.16342013312650427
AdaBoost,No SMOTE,0,0,0.17726965587952628
AdaBoost,No SMOTE,0,0,0.14895992415852724
AdaBoost,No SMOTE,0,0,0.1689822365998279
AdaBoost,No SMOTE,0,0,0.1744311028445886
AdaBoost,No SMOTE,0,0,0.1689822365998279
AdaBoost,No SMOTE,0,0,0.21928751511544514
AdaBoost,No SMOTE,0,0,0.191758796857404
AdaBoost,No SMOTE,0,0,0.22017433581447826
AdaBoost,No SMOTE,0,0,0.1744311028445886
AdaBoost,No SMOTE,0,0,0.2728700356360314
AdaBoost,No SMOTE,0,0,0.1719470769852437
AdaBoost,No SMOTE,0,0,0.1744311028445886
AdaBoost,No SMOTE,0,0,0.1689822365998279
AdaBoost,No SMOTE,0,0,0.1744311028445886
AdaBoost,No SMOTE,0,0,0.1689822365998279
AdaBoost,No SMOTE,0,0,0.2193403423397052
AdaBoost,No SMOTE,0,0,0.17726965587952628
AdaBoost,No SMOTE,0,0,0.17726965587952628
AdaBoost,No SMOTE,0,0,0.1689822365998279
AdaBoost,No SMOTE,0,0,0.1744311028445886
AdaBoost,No SMOTE,0,0,0.1744311028445886
AdaBoost,No SMOTE,0,0,0.22493649393812828
AdaBoost,No SMOTE,0,0,0.11920292202211763
AdaBoost,No SMOTE,0,0,0.1689822365998279
AdaBoost,No SMOTE,0,0,0.13586401457059089
AdaBoost,No SMOTE,0,0,0.1719470769852437
AdaBoost,No SMOTE,0,0,0.22843520662470906
AdaBoost,No SMOTE,0,0,0.1689822365998279
AdaBoost,No SMOTE,0,0,0.17726965587952628
AdaBoost,No SMOTE,0,0,0.11920292202211763
AdaBoost,No SMOTE,0,0,0.1689822365998279
AdaBoost,No SMOTE,0,0,0.1744311028445886
AdaBoost,No SMOTE,0,0,0.1689822365998279
AdaBoost,No SMOTE,0,0,0.1744311028445886
AdaBoost,No SMOTE,0,0,0.23595205353816107
AdaBoost,No SMOTE,0,0,0.1689822365998279
AdaBoost,No SMOTE,0,0,0.1689822365998279
AdaBoost,No SMOTE,0,0,0.17726965587952628
AdaBoost,No SMOTE,0,0,0.205659675438033
AdaBoost,No SMOTE,0,0,0.11920292202211763
AdaBoost,No SMOTE,0,0,0.16618389338377842
AdaBoost,No SMOTE,0,0,0.17726965587952628
AdaBoost,No SMOTE,0,0,0.21607329118820193
AdaBoost,No SMOTE,0,0,0.24908989417199703
AdaBoost,No SMOTE,0,0,0.14895992415852724
AdaBoost,No SMOTE,0,0,0.1689822365998279
AdaBoost,No SMOTE,0,0,0.13586401457059089
AdaBoost,No SMOTE,0,0,0.17726965587952628
AdaBoost,No SMOTE,0,0,0.16203849466010875
AdaBoost,No SMOTE,0,0,0.22176486665410824
AdaBoost,No SMOTE,0,0,0.14895992415852724
AdaBoost,No SMOTE,0,0,0.1744311028445886
AdaBoost,No SMOTE,0,0,0.1689822365998279
AdaBoost,No SMOTE,0,0,0.13019713023369225
AdaBoost,No SMOTE,0,0,0.14895992415852724
AdaBoost,No SMOTE,0,0,0.1744311028445886
AdaBoost,No SMOTE,0,0,0.17726965587952628
AdaBoost,No SMOTE,0,0,0.16867357177983938
AdaBoost,No SMOTE,0,0,0.17726965587952628
AdaBoost,No SMOTE,0,0,0.17726965587952628
AdaBoost,No SMOTE,0,0,0.17726965587952628
AdaBoost,No SMOTE,0,0,0.17726965587952628
AdaBoost,No SMOTE,0,0,0.17726965587952628
AdaBoost,No SMOTE,0,0,0.13019713023369225
AdaBoost,No SMOTE,0,0,0.1744311028445886
AdaBoost,No SMOTE,0,0,0.14895992415852724
AdaBoost,No SMOTE,0,0,0.14895992415852724
AdaBoost,No SMOTE,0,0,0.17726965587952628
AdaBoost,No SMOTE,0,0,0.16342013312650427
AdaBoost,No SMOTE,0,0,0.1689822365998279
AdaBoost,No SMOTE,0,0,0.11920292202211763
AdaBoost,No SMOTE,0,0,0.21607329118820193
AdaBoost,No SMOTE,0,0,0.17726965587952628
AdaBoost,No SMOTE,0,0,0.1689822365998279
AdaBoost,No SMOTE,0,0,0.1719470769852437
AdaBoost,No SMOTE,0,0,0.17726965587952628
AdaBoost,No SMOTE,0,0,0.1744311028445886
AdaBoost,No SMOTE,0,0,0.1689822365998279
AdaBoost,No SMOTE,0,0,0.1689822365998279
AdaBoost,No SMOTE,0,0,0.1431423024436669
AdaBoost,No SMOTE,0,0,0.1744311028445886
AdaBoost,No SMOTE,0,0,0.1431423024436669
AdaBoost,No SMOTE,0,0,0.21607329118820193
AdaBoost,No SMOTE,0,0,0.16618389338377842
AdaBoost,No SMOTE,0,0,0.1689822365998279
AdaBoost,No SMOTE,0,0,0.17726965587952628
AdaBoost,No SMOTE,0,0,0.13586401457059089
AdaBoost,No SMOTE,0,0,0.1689822365998279
AdaBoost,No SMOTE,0,0,0.1744311028445886
AdaBoost,No SMOTE,0,0,0.1456228192075175
AdaBoost,No SMOTE,0,0,0.205659675438033
AdaBoost,No SMOTE,0,0,0.1744311028445886
AdaBoost,No SMOTE,0,0,0.1689822365998279
AdaBoost,No SMOTE,0,0,0.17726965587952628
AdaBoost,No SMOTE,0,0,0.1744311028445886
AdaBoost,No SMOTE,0,0,0.17726965587952628
AdaBoost,No SMOTE,0,0,0.17726965587952628
AdaBoost,No SMOTE,0,0,0.14895992415852724
AdaBoost,No SMOTE,0,0,0.21607329118820193
AdaBoost,No SMOTE,0,0,0.17726965587952628
AdaBoost,No SMOTE,0,0,0.13019713023369225
AdaBoost,No SMOTE,0,0,0.1689822365998279
AdaBoost,No SMOTE,0,0,0.18800989342479768
AdaBoost,No SMOTE,0,0,0.205659675438033
AdaBoost,No SMOTE,0,0,0.17726965587952628
AdaBoost,No SMOTE,0,0,0.22017433581447826
AdaBoost,No SMOTE,0,0,0.14895992415852724
AdaBoost,No SMOTE,0,0,0.1744311028445886
AdaBoost,No SMOTE,0,0,0.13019713023369225
AdaBoost,No SMOTE,0,0,0.14895992415852724
AdaBoost,No SMOTE,0,0,0.1689822365998279
AdaBoost,No SMOTE,0,0,0.1744311028445886
AdaBoost,No SMOTE,0,0,0.1689822365998279
AdaBoost,No SMOTE,0,0,0.1689822365998279
AdaBoost,No SMOTE,0,0,0.21607329118820193
AdaBoost,No SMOTE,0,0,0.1689822365998279
AdaBoost,No SMOTE,0,0,0.17726965587952628
AdaBoost,No SMOTE,0,0,0.1689822365998279
AdaBoost,No SMOTE,0,0,0.1744311028445886
AdaBoost,No SMOTE,0,0,0.2193403423397052
AdaBoost,No SMOTE,0,0,0.17643129068755622
AdaBoost,No SMOTE,0,0,0.17726965587952628
AdaBoost,No SMOTE,0,0,0.13019713023369225
AdaBoost,No SMOTE,0,0,0.1744311028445886
AdaBoost,No SMOTE,0,0,0.1689822365998279
AdaBoost,No SMOTE,0,0,0.1719470769852437
AdaBoost,No SMOTE,0,0,0.22493649393812828
AdaBoost,No SMOTE,0,0,0.17726965587952628
AdaBoost,No SMOTE,0,0,0.1744311028445886
AdaBoost,No SMOTE,0,0,0.1719470769852437
AdaBoost,No SMOTE,0,0,0.191758796857404
AdaBoost,No SMOTE,0,0,0.22493649393812828
AdaBoost,No SMOTE,0,0,0.1689822365998279
AdaBoost,No SMOTE,0,0,0.22017433581447826
AdaBoost,No SMOTE,0,0,0.1744311028445886
AdaBoost,No SMOTE,0,0,0.21607329118820193
AdaBoost,No SMOTE,0,0,0.14895992415852724
AdaBoost,No SMOTE,0,0,0.1689822365998279
AdaBoost,No SMOTE,0,0,0.13019713023369225
AdaBoost,No SMOTE,0,0,0.1689822365998279
AdaBoost,No SMOTE,0,0,0.17726965587952628
AdaBoost,No SMOTE,0,0,0.19003443635734119
AdaBoost,No SMOTE,0,0,0.1744311028445886
AdaBoost,No SMOTE,0,0,0.22493649393812828
AdaBoost,No SMOTE,0,0,0.14895992415852724
AdaBoost,No SMOTE,0,0,0.1689822365998279
AdaBoost,No SMOTE,0,0,0.14895992415852724
AdaBoost,No SMOTE,0,0,0.1744311028445886
AdaBoost,No SMOTE,0,0,0.1689822365998279
AdaBoost,No SMOTE,0,0,0.1689822365998279
AdaBoost,No SMOTE,0,0,0.17043552930931818
AdaBoost,No SMOTE,0,0,0.1689822365998279
AdaBoost,No SMOTE,0,0,0.11920292202211763
AdaBoost,No SMOTE,0,0,0.22176486665410824
AdaBoost,No SMOTE,0,0,0.1689822365998279
AdaBoost,No SMOTE,0,0,0.22493649393812828
AdaBoost,No SMOTE,0,0,0.17726965587952628
AdaBoost,No SMOTE,0,0,0.1689822365998279
AdaBoost,No SMOTE,0,0,0.20002774141121915
AdaBoost,No SMOTE,0,0,0.17726965587952628
AdaBoost,No SMOTE,0,0,0.22493649393812828
AdaBoost,No SMOTE,0,0,0.1744311028445886
AdaBoost,No SMOTE,0,0,0.1689822365998279
AdaBoost,No SMOTE,0,0,0.1689822365998279
AdaBoost,No SMOTE,0,0,0.1689822365998279
AdaBoost,No SMOTE,0,0,0.17726965587952628
AdaBoost,No SMOTE,0,0,0.16342013312650427
AdaBoost,No SMOTE,0,0,0.13019713023369225
AdaBoost,No SMOTE,0,0,0.1744311028445886
AdaBoost,No SMOTE,0,0,0.1744311028445886
AdaBoost,No SMOTE,0,0,0.11920292202211763
AdaBoost,No SMOTE,0,0,0.17726965587952628
AdaBoost,No SMOTE,0,0,0.13019713023369225
AdaBoost,No SMOTE,0,0,0.1689822365998279
AdaBoost,No SMOTE,0,0,0.1744311028445886
AdaBoost,No SMOTE,0,0,0.1689822365998279
AdaBoost,No SMOTE,0,0,0.17726965587952628
AdaBoost,No SMOTE,0,0,0.17726965587952628
AdaBoost,No SMOTE,0,0,0.11920292202211763
AdaBoost,No SMOTE,0,0,0.22493649393812828
AdaBoost,No SMOTE,0,0,0.17726965587952628
AdaBoost,No SMOTE,0,0,0.17726965587952628
AdaBoost,No SMOTE,0,0,0.16618389338377842
AdaBoost,No SMOTE,0,0,0.2193403423397052
AdaBoost,No SMOTE,0,0,0.17726965587952628
AdaBoost,No SMOTE,0,0,0.22044238283982498
AdaBoost,No SMOTE,0,0,0.1689822365998279
AdaBoost,No SMOTE,0,0,0.17726965587952628
AdaBoost,No SMOTE,0,0,0.1744311028445886
AdaBoost,No SMOTE,0,0,0.1744311028445886
AdaBoost,No SMOTE,0,0,0.1689822365998279
AdaBoost,No SMOTE,0,0,0.205659675438033
AdaBoost,No SMOTE,0,0,0.18800989342479768
AdaBoost,No SMOTE,0,0,0.14895992415852724
AdaBoost,No SMOTE,0,0,0.17726965587952628
AdaBoost,No SMOTE,0,0,0.17643129068755622
AdaBoost,No SMOTE,0,0,0.1744311028445886
AdaBoost,No SMOTE,0,0,0.1689822365998279
AdaBoost,No SMOTE,0,0,0.1689822365998279
AdaBoost,No SMOTE,0,0,0.1431423024436669
AdaBoost,No SMOTE,0,0,0.22493649393812828
AdaBoost,No SMOTE,0,0,0.1744311028445886
AdaBoost,No SMOTE,0,0,0.17726965587952628
AdaBoost,No SMOTE,0,0,0.1689822365998279
AdaBoost,No SMOTE,0,0,0.13586401457059089
AdaBoost,No SMOTE,0,0,0.13019713023369225
AdaBoost,No SMOTE,0,0,0.21607329118820193
AdaBoost,No SMOTE,0,0,0.1744311028445886
AdaBoost,No SMOTE,0,0,0.14895992415852724
AdaBoost,No SMOTE,0,0,0.21607329118820193
AdaBoost,No SMOTE,0,0,0.1689822365998279
AdaBoost,No SMOTE,0,0,0.1689822365998279
AdaBoost,No SMOTE,0,0,0.1744311028445886
AdaBoost,No SMOTE,0,0,0.1689822365998279
AdaBoost,No SMOTE,0,0,0.11920292202211763
AdaBoost,No SMOTE,0,0,0.1744311028445886
AdaBoost,No SMOTE,0,0,0.13019713023369225
AdaBoost,No SMOTE,0,0,0.14895992415852724
AdaBoost,No SMOTE,0,0,0.1744311028445886
AdaBoost,No SMOTE,0,0,0.1689822365998279
AdaBoost,No SMOTE,0,0,0.16618389338377842
AdaBoost,No SMOTE,0,0,0.21607329118820193
AdaBoost,No SMOTE,0,0,0.17726965587952628
AdaBoost,No SMOTE,0,0,0.1719470769852437
AdaBoost,No SMOTE,0,0,0.17726965587952628
AdaBoost,No SMOTE,0,0,0.14895992415852724
AdaBoost,No SMOTE,0,0,0.1689822365998279
AdaBoost,No SMOTE,0,0,0.21607329118820193
AdaBoost,No SMOTE,0,0,0.1689822365998279
AdaBoost,No SMOTE,0,0,0.1744311028445886
AdaBoost,No SMOTE,0,0,0.1719470769852437
AdaBoost,No SMOTE,0,0,0.19090832035678107
AdaBoost,No SMOTE,0,0,0.17726965587952628
AdaBoost,No SMOTE,0,0,0.13019713023369225
AdaBoost,No SMOTE,0,0,0.13586401457059089
AdaBoost,No SMOTE,0,0,0.1689822365998279
AdaBoost,No SMOTE,0,0,0.25081468689261593
AdaBoost,No SMOTE,0,0,0.22493649393812828
AdaBoost,No SMOTE,0,0,0.22017433581447826
AdaBoost,No SMOTE,0,0,0.1689822365998279
AdaBoost,No SMOTE,0,0,0.14895992415852724
AdaBoost,No SMOTE,0,0,0.2193403423397052
AdaBoost,No SMOTE,0,0,0.1689822365998279
AdaBoost,No SMOTE,0,0,0.22493649393812828
AdaBoost,No SMOTE,0,0,0.13019713023369225
AdaBoost,No SMOTE,0,0,0.13019713023369225
AdaBoost,No SMOTE,0,0,0.191758796857404
AdaBoost,No SMOTE,0,0,0.1689822365998279
AdaBoost,No SMOTE,0,0,0.1689822365998279
AdaBoost,No SMOTE,0,0,0.17726965587952628
AdaBoost,No SMOTE,0,0,0.18496367037446623
AdaBoost,No SMOTE,0,0,0.17726965587952628
AdaBoost,No SMOTE,0,0,0.2091061060399178
AdaBoost,No SMOTE,0,0,0.1689822365998279
AdaBoost,No SMOTE,0,0,0.17726965587952628
AdaBoost,No SMOTE,0,0,0.17726965587952628
AdaBoost,No SMOTE,0,0,0.1689822365998279
AdaBoost,No SMOTE,0,0,0.1744311028445886
AdaBoost,No SMOTE,0,0,0.1689822365998279
AdaBoost,No SMOTE,0,0,0.1744311028445886
AdaBoost,No SMOTE,0,0,0.1689822365998279
AdaBoost,No SMOTE,0,0,0.1431423024436669
AdaBoost,No SMOTE,0,0,0.17643129068755622
AdaBoost,No SMOTE,0,0,0.1689822365998279
AdaBoost,No SMOTE,0,0,0.16342013312650427
AdaBoost,No SMOTE,0,0,0.1689822365998279
AdaBoost,No SMOTE,0,0,0.1689822365998279
AdaBoost,No SMOTE,0,0,0.22044238283982498
AdaBoost,No SMOTE,0,0,0.17726965587952628
AdaBoost,No SMOTE,0,0,0.1689822365998279
AdaBoost,No SMOTE,0,0,0.191758796857404
AdaBoost,No SMOTE,0,0,0.1744311028445886
AdaBoost,No SMOTE,0,0,0.2193403423397052
AdaBoost,No SMOTE,0,0,0.22044238283982498
AdaBoost,No SMOTE,0,0,0.17726965587952628
AdaBoost,No SMOTE,0,0,0.14895992415852724
AdaBoost,No SMOTE,0,0,0.17726965587952628
AdaBoost,No SMOTE,0,0,0.14895992415852724
AdaBoost,No SMOTE,0,0,0.1744311028445886
AdaBoost,No SMOTE,0,0,0.21928751511544514
AdaBoost,No SMOTE,0,0,0.1689822365998279
AdaBoost,No SMOTE,0,0,0.16342013312650427
AdaBoost,No SMOTE,0,0,0.1744311028445886
AdaBoost,No SMOTE,0,0,0.1689822365998279
AdaBoost,No SMOTE,0,0,0.1689822365998279
AdaBoost,No SMOTE,0,0,0.1456228192075175
AdaBoost,No SMOTE,0,0,0.1689822365998279
AdaBoost,No SMOTE,0,0,0.14895992415852724
AdaBoost,No SMOTE,0,0,0.1744311028445886
AdaBoost,No SMOTE,0,0,0.22493649393812828
AdaBoost,No SMOTE,0,0,0.13586401457059089
AdaBoost,No SMOTE,0,0,0.17726965587952628
AdaBoost,No SMOTE,0,0,0.1689822365998279
AdaBoost,No SMOTE,0,0,0.1689822365998279
AdaBoost,No SMOTE,0,0,0.1744311028445886
AdaBoost,No SMOTE,0,0,0.1431363477165842
AdaBoost,No SMOTE,0,0,0.1689822365998279
AdaBoost,No SMOTE,0,0,0.22044238283982498
AdaBoost,No SMOTE,0,0,0.1689822365998279
AdaBoost,No SMOTE,0,0,0.1744311028445886
AdaBoost,No SMOTE,0,0,0.16342013312650427
AdaBoost,No SMOTE,0,0,0.13019713023369225
AdaBoost,No SMOTE,0,0,0.17726965587952628
AdaBoost,No SMOTE,0,0,0.22017433581447826
AdaBoost,No SMOTE,0,0,0.17726965587952628
AdaBoost,No SMOTE,0,0,0.191758796857404
AdaBoost,No SMOTE,0,0,0.1719470769852437
AdaBoost,No SMOTE,0,0,0.11920292202211763
AdaBoost,No SMOTE,0,0,0.18800989342479768
AdaBoost,No SMOTE,0,0,0.1689822365998279
AdaBoost,No SMOTE,0,0,0.16203849466010875
AdaBoost,No SMOTE,0,0,0.17726965587952628
AdaBoost,No SMOTE,0,0,0.2850837726175028
AdaBoost,No SMOTE,0,0,0.1744311028445886
AdaBoost,No SMOTE,0,0,0.16618389338377842
AdaBoost,No SMOTE,0,0,0.1431423024436669
AdaBoost,No SMOTE,0,0,0.1431423024436669
AdaBoost,No SMOTE,0,0,0.1689822365998279
AdaBoost,No SMOTE,0,0,0.1689822365998279
AdaBoost,No SMOTE,0,0,0.17726965587952628
AdaBoost,No SMOTE,0,0,0.22176486665410824
AdaBoost,No SMOTE,0,0,0.17726965587952628
AdaBoost,No SMOTE,0,0,0.17726965587952628
AdaBoost,No SMOTE,0,0,0.13586401457059089
AdaBoost,No SMOTE,0,0,0.14163724251994048
AdaBoost,No SMOTE,0,0,0.1689822365998279
AdaBoost,No SMOTE,0,0,0.1689822365998279
AdaBoost,No SMOTE,0,0,0.1689822365998279
AdaBoost,No SMOTE,0,0,0.16895403564617684
AdaBoost,No SMOTE,0,0,0.22493649393812828
AdaBoost,No SMOTE,0,0,0.1689822365998279
AdaBoost,No SMOTE,0,0,0.17726965587952628
AdaBoost,No SMOTE,0,0,0.18496367037446623
AdaBoost,No SMOTE,0,0,0.1689822365998279
AdaBoost,No SMOTE,0,0,0.22493649393812828
AdaBoost,No SMOTE,0,0,0.17726965587952628
AdaBoost,No SMOTE,0,0,0.2193403423397052
AdaBoost,No SMOTE,0,0,0.17726965587952628
AdaBoost,No SMOTE,0,0,0.17726965587952628
AdaBoost,No SMOTE,0,0,0.1689822365998279
AdaBoost,No SMOTE,0,0,0.1744311028445886
AdaBoost,No SMOTE,0,0,0.1689822365998279
AdaBoost,No SMOTE,0,0,0.1431423024436669
AdaBoost,No SMOTE,0,0,0.1719470769852437
AdaBoost,No SMOTE,0,0,0.17726965587952628
AdaBoost,No SMOTE,0,0,0.1689822365998279
AdaBoost,No SMOTE,0,0,0.13019713023369225
AdaBoost,No SMOTE,0,0,0.2193403423397052
AdaBoost,No SMOTE,0,0,0.1744311028445886
AdaBoost,No SMOTE,0,0,0.1744311028445886
AdaBoost,No SMOTE,0,0,0.19003443635734119
AdaBoost,No SMOTE,0,0,0.13019713023369225
AdaBoost,No SMOTE,0,0,0.1744311028445886
AdaBoost,No SMOTE,0,0,0.18800989342479768
AdaBoost,No SMOTE,0,0,0.1719470769852437
AdaBoost,No SMOTE,0,0,0.2193403423397052
AdaBoost,No SMOTE,0,0,0.18496367037446623
AdaBoost,No SMOTE,0,0,0.1744311028445886
AdaBoost,No SMOTE,0,0,0.1689822365998279
AdaBoost,No SMOTE,0,0,0.22493649393812828
AdaBoost,No SMOTE,0,0,0.17726965587952628
AdaBoost,No SMOTE,0,0,0.1689822365998279
AdaBoost,No SMOTE,0,0,0.1744311028445886
AdaBoost,No SMOTE,0,0,0.1689822365998279
AdaBoost,No SMOTE,0,0,0.1689822365998279
AdaBoost,No SMOTE,0,0,0.22493649393812828
AdaBoost,No SMOTE,0,0,0.1689822365998279
AdaBoost,No SMOTE,0,0,0.21607329118820193
AdaBoost,No SMOTE,0,0,0.1744311028445886
AdaBoost,No SMOTE,0,0,0.17182074334119965
AdaBoost,No SMOTE,0,0,0.22493649393812828
AdaBoost,No SMOTE,0,0,0.1431423024436669
AdaBoost,No SMOTE,0,0,0.1689822365998279
AdaBoost,No SMOTE,0,0,0.1744311028445886
AdaBoost,No SMOTE,0,0,0.1689822365998279
AdaBoost,No SMOTE,0,0,0.1844725646064896
AdaBoost,No SMOTE,0,0,0.17643129068755622
AdaBoost,No SMOTE,0,0,0.17726965587952628
AdaBoost,No SMOTE,0,0,0.22493649393812828
AdaBoost,No SMOTE,0,0,0.22017433581447826
AdaBoost,No SMOTE,0,0,0.1689822365998279
AdaBoost,No SMOTE,0,0,0.17726965587952628
AdaBoost,No SMOTE,0,0,0.1689822365998279
AdaBoost,No SMOTE,0,0,0.1744311028445886
AdaBoost,No SMOTE,0,0,0.13019713023369225
AdaBoost,No SMOTE,0,0,0.1456228192075175
AdaBoost,No SMOTE,0,0,0.16618389338377842
AdaBoost,No SMOTE,0,0,0.13019713023369225
AdaBoost,No SMOTE,0,0,0.17726965587952628
AdaBoost,No SMOTE,0,0,0.21607329118820193
AdaBoost,No SMOTE,0,0,0.17726965587952628
AdaBoost,No SMOTE,0,0,0.1744311028445886
AdaBoost,No SMOTE,0,0,0.1689822365998279
AdaBoost,No SMOTE,0,0,0.17726965587952628
AdaBoost,No SMOTE,0,0,0.13019713023369225
AdaBoost,No SMOTE,0,0,0.17043552930931818
AdaBoost,No SMOTE,0,0,0.2193039021633169
AdaBoost,No SMOTE,0,0,0.1689822365998279
AdaBoost,No SMOTE,0,0,0.22493649393812828
AdaBoost,No SMOTE,0,0,0.2193403423397052
AdaBoost,No SMOTE,0,0,0.17726965587952628
AdaBoost,No SMOTE,0,0,0.17726965587952628
AdaBoost,No SMOTE,0,0,0.1431423024436669
AdaBoost,No SMOTE,0,0,0.22493649393812828
AdaBoost,No SMOTE,0,0,0.17726965587952628
AdaBoost,No SMOTE,0,0,0.11920292202211763
AdaBoost,No SMOTE,0,0,0.17726965587952628
AdaBoost,No SMOTE,0,0,0.18496367037446623
AdaBoost,No SMOTE,0,0,0.16867357177983938
AdaBoost,No SMOTE,0,0,0.191758796857404
AdaBoost,No SMOTE,0,0,0.1719470769852437
AdaBoost,No SMOTE,0,0,0.17726965587952628
AdaBoost,No SMOTE,0,0,0.1689822365998279
AdaBoost,No SMOTE,0,0,0.1719470769852437
AdaBoost,No SMOTE,0,0,0.1744311028445886
AdaBoost,No SMOTE,0,0,0.1689822365998279
AdaBoost,No SMOTE,0,0,0.1744311028445886
AdaBoost,No SMOTE,0,0,0.1744311028445886
AdaBoost,No SMOTE,0,0,0.1689822365998279
AdaBoost,No SMOTE,0,0,0.17726965587952628
AdaBoost,No SMOTE,0,0,0.1744311028445886
AdaBoost,No SMOTE,0,0,0.1689822365998279
AdaBoost,No SMOTE,0,0,0.1689822365998279
AdaBoost,No SMOTE,0,0,0.1689822365998279
AdaBoost,No SMOTE,0,0,0.13019713023369225
AdaBoost,No SMOTE,0,0,0.191758796857404
AdaBoost,No SMOTE,0,0,0.13586401457059089
AdaBoost,No SMOTE,0,0,0.2193403423397052
AdaBoost,No SMOTE,0,0,0.17726965587952628
AdaBoost,No SMOTE,0,0,0.13019713023369225
AdaBoost,No SMOTE,0,0,0.1744311028445886
AdaBoost,No SMOTE,0,0,0.1689822365998279
AdaBoost,No SMOTE,0,0,0.14895992415852724
AdaBoost,No SMOTE,0,0,0.1689822365998279
AdaBoost,No SMOTE,0,0,0.16342013312650427
AdaBoost,No SMOTE,0,0,0.13019713023369225
AdaBoost,No SMOTE,0,0,0.16895403564617684
AdaBoost,No SMOTE,0,0,0.1744311028445886
AdaBoost,No SMOTE,0,0,0.1689822365998279
AdaBoost,No SMOTE,0,0,0.1689822365998279
AdaBoost,No SMOTE,0,0,0.14895992415852724
AdaBoost,No SMOTE,0,0,0.1689822365998279
AdaBoost,No SMOTE,0,0,0.1744311028445886
AdaBoost,No SMOTE,0,0,0.22493649393812828
AdaBoost,No SMOTE,0,0,0.13019713023369225
AdaBoost,No SMOTE,0,0,0.1744311028445886
AdaBoost,No SMOTE,0,0,0.14895992415852724
AdaBoost,No SMOTE,0,0,0.18496367037446623
AdaBoost,No SMOTE,0,0,0.18800989342479768
AdaBoost,No SMOTE,0,0,0.1689822365998279
AdaBoost,No SMOTE,0,0,0.16342013312650427
AdaBoost,No SMOTE,0,0,0.1744311028445886
AdaBoost,No SMOTE,0,0,0.1744311028445886
AdaBoost,No SMOTE,0,0,0.11920292202211763
AdaBoost,No SMOTE,0,0,0.11920292202211763
AdaBoost,No SMOTE,0,0,0.14895992415852724
AdaBoost,No SMOTE,0,0,0.1689822365998279
AdaBoost,No SMOTE,0,0,0.1744311028445886
AdaBoost,No SMOTE,0,0,0.22493649393812828
AdaBoost,No SMOTE,0,0,0.17726965587952628
AdaBoost,No SMOTE,0,0,0.17726965587952628
AdaBoost,No SMOTE,0,0,0.1744311028445886
AdaBoost,No SMOTE,0,0,0.17726965587952628
AdaBoost,No SMOTE,0,0,0.14895992415852724
AdaBoost,No SMOTE,0,0,0.18496367037446623
AdaBoost,No SMOTE,0,0,0.22843520662470906
AdaBoost,No SMOTE,0,0,0.1689822365998279
AdaBoost,No SMOTE,0,0,0.17726965587952628
AdaBoost,No SMOTE,0,0,0.17726965587952628
AdaBoost,No SMOTE,0,0,0.17726965587952628
AdaBoost,No SMOTE,0,0,0.18800989342479768
AdaBoost,No SMOTE,0,0,0.17726965587952628
AdaBoost,No SMOTE,0,0,0.1744311028445886
AdaBoost,No SMOTE,0,0,0.17726965587952628
AdaBoost,No SMOTE,0,0,0.1689822365998279
AdaBoost,No SMOTE,0,0,0.1689822365998279
AdaBoost,No SMOTE,0,0,0.17643129068755622
AdaBoost,No SMOTE,0,0,0.17726965587952628
AdaBoost,No SMOTE,0,0,0.14895992415852724
AdaBoost,No SMOTE,0,0,0.1744311028445886
AdaBoost,No SMOTE,0,0,0.1719470769852437
AdaBoost,No SMOTE,0,0,0.14895992415852724
AdaBoost,No SMOTE,0,0,0.13019713023369225
AdaBoost,No SMOTE,0,0,0.2193403423397052
AdaBoost,No SMOTE,0,0,0.1744311028445886
AdaBoost,No SMOTE,0,0,0.13019713023369225
AdaBoost,No SMOTE,0,0,0.1744311028445886
AdaBoost,No SMOTE,0,0,0.21607329118820193
AdaBoost,No SMOTE,0,0,0.1786840584100862
AdaBoost,No SMOTE,0,0,0.17726965587952628
AdaBoost,No SMOTE,0,0,0.16342013312650427
AdaBoost,No SMOTE,0,0,0.1744311028445886
AdaBoost,No SMOTE,0,0,0.11920292202211763
AdaBoost,No SMOTE,0,0,0.1744311028445886
AdaBoost,No SMOTE,0,0,0.13019713023369225
AdaBoost,No SMOTE,0,0,0.1744311028445886
AdaBoost,No SMOTE,0,0,0.22493649393812828
AdaBoost,No SMOTE,0,0,0.1689822365998279
AdaBoost,No SMOTE,0,0,0.13019713023369225
AdaBoost,No SMOTE,0,0,0.16203849466010875
AdaBoost,No SMOTE,0,0,0.22493649393812828
AdaBoost,No SMOTE,0,0,0.14651749284402038
AdaBoost,No SMOTE,0,0,0.22044238283982498
AdaBoost,No SMOTE,0,0,0.1744311028445886
AdaBoost,No SMOTE,0,0,0.13586401457059089
AdaBoost,No SMOTE,0,0,0.1744311028445886
AdaBoost,No SMOTE,0,0,0.1689822365998279
AdaBoost,No SMOTE,0,0,0.1689822365998279
AdaBoost,No SMOTE,0,0,0.2193039021633169
AdaBoost,No SMOTE,0,0,0.22493649393812828
AdaBoost,No SMOTE,0,0,0.22843520662470906
AdaBoost,No SMOTE,0,0,0.13019713023369225
AdaBoost,No SMOTE,0,0,0.1689822365998279
AdaBoost,No SMOTE,0,0,0.21607329118820193
AdaBoost,No SMOTE,0,0,0.16618389338377842
AdaBoost,No SMOTE,0,0,0.1689822365998279
AdaBoost,No SMOTE,0,0,0.1689822365998279
AdaBoost,No SMOTE,0,0,0.1689822365998279
AdaBoost,No SMOTE,0,0,0.2193403423397052
AdaBoost,No SMOTE,0,0,0.17726965587952628
AdaBoost,No SMOTE,0,0,0.17726965587952628
AdaBoost,No SMOTE,0,0,0.1689822365998279
AdaBoost,No SMOTE,0,0,0.1744311028445886
AdaBoost,No SMOTE,0,0,0.16342013312650427
AdaBoost,No SMOTE,0,0,0.191758796857404
AdaBoost,No SMOTE,0,0,0.1689822365998279
AdaBoost,No SMOTE,0,0,0.1689822365998279
AdaBoost,No SMOTE,0,0,0.1689822365998279
AdaBoost,No SMOTE,0,0,0.1689822365998279
AdaBoost,No SMOTE,0,0,0.17726965587952628
AdaBoost,No SMOTE,0,0,0.17726965587952628
AdaBoost,No SMOTE,0,0,0.1689822365998279
AdaBoost,No SMOTE,0,0,0.17726965587952628
AdaBoost,No SMOTE,0,0,0.17643129068755622
AdaBoost,No SMOTE,0,0,0.14895992415852724
AdaBoost,No SMOTE,0,0,0.21607329118820193
AdaBoost,No SMOTE,0,0,0.17726965587952628
AdaBoost,No SMOTE,0,0,0.22843520662470906
AdaBoost,No SMOTE,0,0,0.17726965587952628
AdaBoost,No SMOTE,0,0,0.17726965587952628
AdaBoost,No SMOTE,0,0,0.1689822365998279
AdaBoost,No SMOTE,0,0,0.1744311028445886
AdaBoost,No SMOTE,0,0,0.1744311028445886
AdaBoost,No SMOTE,0,0,0.1689822365998279
AdaBoost,No SMOTE,0,0,0.1744311028445886
AdaBoost,No SMOTE,0,0,0.21607329118820193
AdaBoost,No SMOTE,0,0,0.16867357177983938
AdaBoost,No SMOTE,0,0,0.14895992415852724
AdaBoost,No SMOTE,0,0,0.1744311028445886
AdaBoost,No SMOTE,0,0,0.13019713023369225
AdaBoost,No SMOTE,0,0,0.1689822365998279
AdaBoost,No SMOTE,0,0,0.1689822365998279
AdaBoost,No SMOTE,0,0,0.17726965587952628
AdaBoost,No SMOTE,0,0,0.16342013312650427
AdaBoost,No SMOTE,0,0,0.18800989342479768
AdaBoost,No SMOTE,0,0,0.16203849466010875
AdaBoost,No SMOTE,0,0,0.1689822365998279
AdaBoost,No SMOTE,0,0,0.17726965587952628
AdaBoost,No SMOTE,0,0,0.1431423024436669
AdaBoost,No SMOTE,0,0,0.191758796857404
AdaBoost,No SMOTE,0,0,0.22843520662470906
AdaBoost,No SMOTE,0,0,0.16618389338377842
AdaBoost,No SMOTE,0,0,0.1689822365998279
AdaBoost,No SMOTE,0,0,0.1744311028445886
AdaBoost,No SMOTE,0,0,0.22493649393812828
AdaBoost,No SMOTE,0,0,0.22017433581447826
AdaBoost,No SMOTE,0,0,0.1689822365998279
AdaBoost,No SMOTE,0,0,0.1689822365998279
AdaBoost,No SMOTE,0,0,0.205659675438033
AdaBoost,No SMOTE,0,0,0.17726965587952628
AdaBoost,No SMOTE,0,0,0.13586401457059089
AdaBoost,No SMOTE,0,0,0.17726965587952628
AdaBoost,No SMOTE,0,0,0.1689822365998279
AdaBoost,No SMOTE,0,0,0.1689822365998279
AdaBoost,No SMOTE,0,0,0.20002774141121915
AdaBoost,No SMOTE,0,0,0.1744311028445886
AdaBoost,No SMOTE,0,0,0.18800989342479768
AdaBoost,No SMOTE,0,0,0.1689822365998279
AdaBoost,No SMOTE,0,0,0.18800989342479768
AdaBoost,No SMOTE,0,0,0.11920292202211763
AdaBoost,No SMOTE,0,0,0.14895992415852724
AdaBoost,No SMOTE,0,0,0.1689822365998279
AdaBoost,No SMOTE,0,0,0.21607329118820193
AdaBoost,No SMOTE,1,1,0.632354044301344
AdaBoost,No SMOTE,0,0,0.17726965587952628
AdaBoost,No SMOTE,0,0,0.13019713023369225
AdaBoost,No SMOTE,0,0,0.17726965587952628
AdaBoost,No SMOTE,0,0,0.22493649393812828
AdaBoost,No SMOTE,0,0,0.17726965587952628
AdaBoost,No SMOTE,0,0,0.1689822365998279
AdaBoost,No SMOTE,0,0,0.17482490896676628
AdaBoost,No SMOTE,0,0,0.22493649393812828
AdaBoost,No SMOTE,0,0,0.2193403423397052
AdaBoost,No SMOTE,0,0,0.13019713023369225
AdaBoost,No SMOTE,0,0,0.21928751511544514
AdaBoost,No SMOTE,0,0,0.16342013312650427
AdaBoost,No SMOTE,0,0,0.14895992415852724
AdaBoost,No SMOTE,0,0,0.1744311028445886
AdaBoost,No SMOTE,0,0,0.17726965587952628
AdaBoost,No SMOTE,0,0,0.13019713023369225
AdaBoost,No SMOTE,0,0,0.17726965587952628
AdaBoost,No SMOTE,0,0,0.1744311028445886
AdaBoost,No SMOTE,0,0,0.1689822365998279
AdaBoost,No SMOTE,0,0,0.1744311028445886
AdaBoost,No SMOTE,0,0,0.1744311028445886
AdaBoost,No SMOTE,0,0,0.17726965587952628
AdaBoost,No SMOTE,0,0,0.18800989342479768
AdaBoost,No SMOTE,0,0,0.1744311028445886
AdaBoost,No SMOTE,0,0,0.17726965587952628
AdaBoost,No SMOTE,0,0,0.22493649393812828
AdaBoost,No SMOTE,0,0,0.20002774141121915
AdaBoost,No SMOTE,0,0,0.1689822365998279
AdaBoost,No SMOTE,0,0,0.13586401457059089
AdaBoost,No SMOTE,0,0,0.1689822365998279
AdaBoost,No SMOTE,0,0,0.22493649393812828
AdaBoost,No SMOTE,0,0,0.13586401457059089
AdaBoost,No SMOTE,0,0,0.1431423024436669
AdaBoost,No SMOTE,0,0,0.18496367037446623
AdaBoost,No SMOTE,0,0,0.11920292202211763
AdaBoost,No SMOTE,0,0,0.1431363477165842
AdaBoost,No SMOTE,0,0,0.16618389338377842
AdaBoost,No SMOTE,0,0,0.1744311028445886
AdaBoost,No SMOTE,0,0,0.16342013312650427
AdaBoost,No SMOTE,0,0,0.22493649393812828
AdaBoost,No SMOTE,0,0,0.18496367037446623
AdaBoost,No SMOTE,0,0,0.14895992415852724
AdaBoost,No SMOTE,0,0,0.11920292202211763
AdaBoost,No SMOTE,0,0,0.17726965587952628
AdaBoost,No SMOTE,0,0,0.21573524134425506
AdaBoost,No SMOTE,0,0,0.1744311028445886
AdaBoost,No SMOTE,0,0,0.1689822365998279
AdaBoost,No SMOTE,0,0,0.1744311028445886
AdaBoost,No SMOTE,0,0,0.1744311028445886
AdaBoost,No SMOTE,0,0,0.2193403423397052
AdaBoost,No SMOTE,0,0,0.17726965587952628
AdaBoost,No SMOTE,0,0,0.17726965587952628
AdaBoost,No SMOTE,0,0,0.17726965587952628
AdaBoost,No SMOTE,0,0,0.1744311028445886
AdaBoost,No SMOTE,0,0,0.17726965587952628
AdaBoost,No SMOTE,0,0,0.21607329118820193
AdaBoost,No SMOTE,0,0,0.191758796857404
AdaBoost,No SMOTE,0,0,0.18496367037446623
AdaBoost,No SMOTE,0,0,0.22493649393812828
AdaBoost,No SMOTE,0,0,0.22843520662470906
AdaBoost,No SMOTE,0,0,0.17726965587952628
AdaBoost,No SMOTE,0,0,0.16342013312650427
AdaBoost,No SMOTE,0,0,0.1689822365998279
AdaBoost,No SMOTE,0,0,0.1689822365998279
AdaBoost,No SMOTE,0,0,0.1689822365998279
AdaBoost,No SMOTE,0,0,0.1744311028445886
AdaBoost,No SMOTE,0,0,0.1744311028445886
AdaBoost,No SMOTE,0,0,0.18800989342479768
AdaBoost,No SMOTE,0,0,0.25081468689261593
AdaBoost,No SMOTE,0,0,0.1744311028445886
AdaBoost,No SMOTE,0,0,0.16342013312650427
AdaBoost,No SMOTE,0,0,0.1431423024436669
AdaBoost,No SMOTE,0,0,0.13586401457059089
AdaBoost,No SMOTE,0,0,0.1744311028445886
AdaBoost,No SMOTE,0,0,0.13019713023369225
AdaBoost,No SMOTE,0,0,0.17726965587952628
AdaBoost,No SMOTE,0,0,0.16895403564617684
AdaBoost,No SMOTE,0,0,0.1744311028445886
AdaBoost,No SMOTE,0,0,0.22493649393812828
AdaBoost,No SMOTE,0,0,0.1931443810264556
AdaBoost,No SMOTE,0,0,0.17726965587952628
AdaBoost,No SMOTE,0,0,0.1744311028445886
AdaBoost,No SMOTE,0,0,0.1689822365998279
AdaBoost,No SMOTE,0,0,0.18496367037446623
AdaBoost,No SMOTE,0,0,0.14895992415852724
AdaBoost,No SMOTE,0,0,0.1689822365998279
AdaBoost,No SMOTE,0,0,0.1689822365998279
AdaBoost,No SMOTE,0,0,0.1689822365998279
AdaBoost,No SMOTE,0,0,0.20002774141121915
AdaBoost,No SMOTE,0,0,0.1689822365998279
AdaBoost,No SMOTE,0,0,0.1744311028445886
AdaBoost,No SMOTE,0,0,0.1689822365998279
AdaBoost,No SMOTE,0,0,0.1719470769852437
AdaBoost,No SMOTE,0,0,0.13019713023369225
AdaBoost,No SMOTE,0,0,0.14895992415852724
AdaBoost,No SMOTE,0,0,0.1689822365998279
AdaBoost,No SMOTE,0,0,0.1744311028445886
AdaBoost,No SMOTE,0,0,0.1744311028445886
AdaBoost,No SMOTE,0,0,0.1744311028445886
AdaBoost,No SMOTE,0,0,0.13019713023369225
AdaBoost,No SMOTE,0,0,0.1744311028445886
AdaBoost,No SMOTE,0,0,0.1744311028445886
AdaBoost,No SMOTE,0,0,0.1744311028445886
AdaBoost,No SMOTE,0,0,0.17726965587952628
AdaBoost,No SMOTE,0,0,0.17726965587952628
AdaBoost,No SMOTE,0,0,0.16618389338377842
AdaBoost,No SMOTE,0,0,0.17726965587952628
AdaBoost,No SMOTE,0,0,0.14895992415852724
AdaBoost,No SMOTE,0,0,0.1744311028445886
AdaBoost,No SMOTE,0,0,0.17726965587952628
AdaBoost,No SMOTE,0,0,0.22493649393812828
AdaBoost,No SMOTE,0,0,0.22493649393812828
AdaBoost,No SMOTE,0,0,0.2193403423397052
AdaBoost,No SMOTE,0,0,0.14895992415852724
AdaBoost,No SMOTE,0,0,0.17726965587952628
AdaBoost,No SMOTE,0,0,0.13586401457059089
AdaBoost,No SMOTE,0,0,0.21607329118820193
AdaBoost,No SMOTE,0,0,0.1689822365998279
AdaBoost,No SMOTE,0,0,0.22017433581447826
AdaBoost,No SMOTE,0,0,0.1744311028445886
AdaBoost,No SMOTE,0,0,0.22493649393812828
AdaBoost,No SMOTE,0,0,0.16895403564617684
AdaBoost,No SMOTE,0,0,0.18800989342479768
AdaBoost,No SMOTE,0,0,0.1744311028445886
AdaBoost,No SMOTE,0,0,0.14895992415852724
AdaBoost,No SMOTE,0,0,0.1689822365998279
AdaBoost,No SMOTE,0,0,0.17726965587952628
AdaBoost,No SMOTE,0,0,0.13019713023369225
AdaBoost,No SMOTE,0,0,0.17726965587952628
AdaBoost,No SMOTE,0,0,0.16895403564617684
AdaBoost,No SMOTE,0,0,0.1744311028445886
AdaBoost,No SMOTE,0,0,0.13019713023369225
AdaBoost,No SMOTE,0,0,0.17726965587952628
AdaBoost,No SMOTE,0,0,0.23435506113090693
AdaBoost,No SMOTE,0,0,0.17726965587952628
AdaBoost,No SMOTE,0,0,0.22493649393812828
AdaBoost,No SMOTE,0,0,0.17643129068755622
AdaBoost,No SMOTE,0,0,0.14895992415852724
AdaBoost,No SMOTE,0,0,0.1744311028445886
AdaBoost,No SMOTE,0,0,0.17726965587952628
AdaBoost,No SMOTE,0,0,0.17726965587952628
AdaBoost,No SMOTE,0,0,0.16342013312650427
AdaBoost,No SMOTE,0,0,0.22017433581447826
AdaBoost,No SMOTE,0,0,0.18800989342479768
AdaBoost,No SMOTE,0,0,0.1744311028445886
AdaBoost,No SMOTE,0,0,0.13019713023369225
AdaBoost,No SMOTE,0,0,0.17726965587952628
AdaBoost,No SMOTE,0,0,0.13586401457059089
AdaBoost,No SMOTE,0,0,0.14895992415852724
AdaBoost,No SMOTE,0,0,0.1689822365998279
AdaBoost,No SMOTE,0,0,0.17726965587952628
AdaBoost,No SMOTE,0,0,0.2193403423397052
AdaBoost,No SMOTE,0,0,0.1689822365998279
AdaBoost,No SMOTE,0,0,0.11920292202211763
AdaBoost,No SMOTE,0,0,0.17726965587952628
AdaBoost,No SMOTE,0,0,0.1744311028445886
AdaBoost,No SMOTE,0,0,0.17726965587952628
AdaBoost,No SMOTE,0,0,0.1744311028445886
AdaBoost,No SMOTE,0,0,0.2193403423397052
AdaBoost,No SMOTE,0,0,0.1744311028445886
AdaBoost,No SMOTE,0,0,0.21607329118820193
AdaBoost,No SMOTE,0,0,0.18496367037446623
AdaBoost,No SMOTE,0,0,0.1744311028445886
AdaBoost,No SMOTE,0,0,0.11920292202211763
AdaBoost,No SMOTE,0,0,0.1744311028445886
AdaBoost,No SMOTE,0,0,0.18800989342479768
AdaBoost,No SMOTE,0,0,0.1744311028445886
AdaBoost,No SMOTE,0,0,0.17726965587952628
AdaBoost,No SMOTE,0,0,0.1689822365998279
AdaBoost,No SMOTE,0,0,0.2193403423397052
AdaBoost,No SMOTE,0,0,0.22509870925966874
AdaBoost,No SMOTE,0,0,0.17726965587952628
AdaBoost,No SMOTE,0,0,0.21607329118820193
AdaBoost,No SMOTE,0,0,0.17726965587952628
AdaBoost,No SMOTE,0,0,0.17726965587952628
AdaBoost,No SMOTE,0,0,0.1744311028445886
AdaBoost,No SMOTE,0,0,0.1744311028445886
AdaBoost,No SMOTE,0,0,0.1689822365998279
AdaBoost,No SMOTE,0,0,0.1744311028445886
AdaBoost,No SMOTE,0,0,0.17726965587952628
AdaBoost,No SMOTE,0,0,0.16203849466010875
AdaBoost,No SMOTE,0,0,0.17726965587952628
AdaBoost,No SMOTE,0,0,0.19090832035678107
AdaBoost,No SMOTE,0,0,0.1689822365998279
AdaBoost,No SMOTE,0,0,0.1431423024436669
AdaBoost,No SMOTE,0,0,0.22493649393812828
AdaBoost,No SMOTE,0,0,0.22176486665410824
AdaBoost,No SMOTE,0,0,0.16618389338377842
AdaBoost,No SMOTE,0,0,0.1689822365998279
AdaBoost,No SMOTE,0,0,0.22493649393812828
AdaBoost,No SMOTE,0,0,0.22493649393812828
AdaBoost,No SMOTE,0,0,0.1744311028445886
AdaBoost,No SMOTE,0,0,0.1744311028445886
AdaBoost,No SMOTE,0,0,0.1744311028445886
AdaBoost,No SMOTE,0,0,0.1744311028445886
AdaBoost,No SMOTE,0,0,0.2193403423397052
AdaBoost,No SMOTE,0,0,0.1689822365998279
AdaBoost,No SMOTE,0,0,0.1689822365998279
AdaBoost,No SMOTE,0,0,0.11920292202211763
AdaBoost,No SMOTE,0,0,0.21607329118820193
AdaBoost,No SMOTE,0,0,0.17726965587952628
AdaBoost,No SMOTE,0,0,0.13019713023369225
AdaBoost,No SMOTE,0,0,0.14895992415852724
AdaBoost,No SMOTE,0,0,0.1689822365998279
AdaBoost,No SMOTE,0,0,0.1744311028445886
AdaBoost,No SMOTE,0,0,0.1689822365998279
AdaBoost,No SMOTE,0,0,0.1689822365998279
AdaBoost,No SMOTE,0,0,0.1744311028445886
AdaBoost,No SMOTE,0,0,0.11920292202211763
AdaBoost,No SMOTE,0,0,0.16895403564617684
AdaBoost,No SMOTE,0,0,0.17726965587952628
AdaBoost,No SMOTE,0,0,0.1744311028445886
AdaBoost,No SMOTE,0,0,0.14895992415852724
AdaBoost,No SMOTE,0,0,0.1689822365998279
AdaBoost,No SMOTE,0,0,0.1744311028445886
AdaBoost,No SMOTE,0,0,0.1744311028445886
AdaBoost,No SMOTE,0,0,0.1719470769852437
AdaBoost,No SMOTE,0,0,0.17726965587952628
AdaBoost,No SMOTE,0,0,0.14895992415852724
AdaBoost,No SMOTE,0,0,0.1744311028445886
AdaBoost,No SMOTE,0,0,0.13019713023369225
AdaBoost,No SMOTE,0,0,0.22493649393812828
AdaBoost,No SMOTE,0,0,0.1689822365998279
AdaBoost,No SMOTE,0,0,0.1689822365998279
AdaBoost,No SMOTE,0,0,0.1719470769852437
AdaBoost,No SMOTE,0,0,0.1689822365998279
AdaBoost,No SMOTE,0,0,0.1744311028445886
AdaBoost,No SMOTE,0,0,0.17726965587952628
AdaBoost,No SMOTE,0,0,0.191758796857404
AdaBoost,No SMOTE,0,0,0.16618389338377842
AdaBoost,No SMOTE,0,0,0.17726965587952628
AdaBoost,No SMOTE,0,0,0.22295168509089985
AdaBoost,No SMOTE,0,0,0.2193403423397052
AdaBoost,No SMOTE,0,0,0.1689822365998279
AdaBoost,No SMOTE,0,0,0.18496367037446623
AdaBoost,No SMOTE,0,0,0.14895992415852724
AdaBoost,No SMOTE,0,0,0.1689822365998279
AdaBoost,No SMOTE,0,0,0.2193403423397052
AdaBoost,No SMOTE,0,0,0.17726965587952628
AdaBoost,No SMOTE,0,0,0.17726965587952628
AdaBoost,No SMOTE,0,0,0.1744311028445886
AdaBoost,No SMOTE,0,0,0.1689822365998279
AdaBoost,No SMOTE,0,0,0.17726965587952628
AdaBoost,No SMOTE,0,0,0.21607329118820193
AdaBoost,No SMOTE,0,0,0.16895403564617684
AdaBoost,No SMOTE,0,0,0.1744311028445886
AdaBoost,No SMOTE,0,0,0.14895992415852724
AdaBoost,No SMOTE,0,0,0.1689822365998279
AdaBoost,No SMOTE,0,0,0.14895992415852724
AdaBoost,No SMOTE,0,0,0.17726965587952628
AdaBoost,No SMOTE,0,0,0.1744311028445886
AdaBoost,No SMOTE,0,0,0.1431423024436669
AdaBoost,No SMOTE,0,0,0.14895992415852724
AdaBoost,No SMOTE,0,0,0.17726965587952628
AdaBoost,No SMOTE,0,0,0.1689822365998279
AdaBoost,No SMOTE,0,0,0.13019713023369225
AdaBoost,No SMOTE,0,0,0.13586401457059089
AdaBoost,No SMOTE,0,0,0.1689822365998279
AdaBoost,No SMOTE,0,0,0.18496367037446623
AdaBoost,No SMOTE,0,0,0.13586401457059089
AdaBoost,No SMOTE,0,0,0.20002774141121915
AdaBoost,No SMOTE,0,0,0.17726965587952628
AdaBoost,No SMOTE,0,0,0.11920292202211763
AdaBoost,No SMOTE,0,0,0.1744311028445886
AdaBoost,No SMOTE,0,0,0.21928751511544514
AdaBoost,No SMOTE,0,0,0.1744311028445886
AdaBoost,No SMOTE,0,0,0.1689822365998279
AdaBoost,No SMOTE,0,0,0.16867357177983938
AdaBoost,No SMOTE,0,0,0.1744311028445886
AdaBoost,No SMOTE,0,0,0.17726965587952628
AdaBoost,No SMOTE,0,0,0.13019713023369225
AdaBoost,No SMOTE,0,0,0.18800989342479768
AdaBoost,No SMOTE,0,0,0.17726965587952628
AdaBoost,No SMOTE,0,0,0.191758796857404
AdaBoost,No SMOTE,0,0,0.17726965587952628
AdaBoost,No SMOTE,0,0,0.14895992415852724
AdaBoost,No SMOTE,0,0,0.16342013312650427
AdaBoost,No SMOTE,0,0,0.17726965587952628
AdaBoost,No SMOTE,0,0,0.1689822365998279
AdaBoost,No SMOTE,0,0,0.1689822365998279
AdaBoost,No SMOTE,0,0,0.18496367037446623
AdaBoost,No SMOTE,0,0,0.13019713023369225
AdaBoost,No SMOTE,0,0,0.22843520662470906
AdaBoost,No SMOTE,0,0,0.18800989342479768
AdaBoost,No SMOTE,0,0,0.17726965587952628
AdaBoost,No SMOTE,0,0,0.1744311028445886
AdaBoost,No SMOTE,0,0,0.1689822365998279
AdaBoost,No SMOTE,0,0,0.1689822365998279
AdaBoost,No SMOTE,0,0,0.1689822365998279
AdaBoost,No SMOTE,0,0,0.13586401457059089
AdaBoost,No SMOTE,0,0,0.1689822365998279
AdaBoost,No SMOTE,0,0,0.22493649393812828
AdaBoost,No SMOTE,0,0,0.1744311028445886
AdaBoost,No SMOTE,0,0,0.191758796857404
AdaBoost,No SMOTE,0,0,0.1689822365998279
AdaBoost,No SMOTE,0,0,0.17726965587952628
AdaBoost,No SMOTE,0,0,0.1431423024436669
AdaBoost,No SMOTE,0,0,0.17043552930931818
AdaBoost,No SMOTE,0,0,0.16618389338377842
AdaBoost,No SMOTE,0,0,0.14895992415852724
AdaBoost,No SMOTE,0,0,0.1744311028445886
AdaBoost,No SMOTE,0,0,0.21607329118820193
AdaBoost,No SMOTE,0,0,0.17726965587952628
AdaBoost,No SMOTE,0,0,0.16895403564617684
AdaBoost,No SMOTE,0,0,0.21607329118820193
AdaBoost,No SMOTE,0,0,0.17726965587952628
AdaBoost,No SMOTE,0,0,0.13586401457059089
AdaBoost,No SMOTE,0,0,0.1719470769852437
AdaBoost,No SMOTE,0,0,0.1689822365998279
AdaBoost,No SMOTE,0,0,0.13019713023369225
AdaBoost,No SMOTE,0,0,0.21607329118820193
AdaBoost,No SMOTE,0,0,0.22017433581447826
AdaBoost,No SMOTE,0,0,0.1744311028445886
AdaBoost,No SMOTE,0,0,0.1689822365998279
AdaBoost,No SMOTE,0,0,0.14895992415852724
AdaBoost,No SMOTE,0,0,0.14895992415852724
AdaBoost,No SMOTE,0,0,0.23595205353816107
AdaBoost,No SMOTE,0,0,0.1689822365998279
AdaBoost,No SMOTE,0,0,0.13019713023369225
AdaBoost,No SMOTE,0,0,0.1689822365998279
AdaBoost,No SMOTE,0,0,0.1689822365998279
AdaBoost,No SMOTE,0,0,0.17726965587952628
AdaBoost,No SMOTE,0,0,0.1689822365998279
AdaBoost,No SMOTE,0,0,0.1431363477165842
AdaBoost,No SMOTE,0,0,0.1744311028445886
AdaBoost,No SMOTE,0,0,0.22493649393812828
AdaBoost,No SMOTE,0,0,0.1689822365998279
AdaBoost,No SMOTE,0,0,0.21607329118820193
AdaBoost,No SMOTE,0,0,0.1744311028445886
AdaBoost,No SMOTE,0,0,0.13586401457059089
AdaBoost,No SMOTE,0,0,0.1689822365998279
AdaBoost,No SMOTE,0,0,0.1744311028445886
AdaBoost,No SMOTE,0,0,0.1689822365998279
AdaBoost,No SMOTE,0,0,0.1689822365998279
AdaBoost,No SMOTE,0,0,0.1689822365998279
AdaBoost,No SMOTE,0,0,0.17726965587952628
AdaBoost,No SMOTE,0,0,0.1689822365998279
AdaBoost,No SMOTE,0,0,0.14895992415852724
AdaBoost,No SMOTE,0,0,0.17726965587952628
AdaBoost,No SMOTE,0,0,0.1744311028445886
AdaBoost,No SMOTE,0,0,0.1689822365998279
AdaBoost,No SMOTE,0,0,0.18496367037446623
AdaBoost,No SMOTE,0,0,0.18800989342479768
AdaBoost,No SMOTE,0,0,0.1719470769852437
AdaBoost,No SMOTE,0,0,0.18496367037446623
AdaBoost,No SMOTE,0,0,0.16342013312650427
AdaBoost,No SMOTE,0,0,0.14895992415852724
AdaBoost,No SMOTE,0,0,0.17726965587952628
AdaBoost,No SMOTE,0,0,0.1719470769852437
AdaBoost,No SMOTE,0,0,0.14895992415852724
AdaBoost,No SMOTE,0,0,0.17726965587952628
AdaBoost,No SMOTE,0,0,0.1689822365998279
AdaBoost,No SMOTE,0,0,0.21573524134425506
AdaBoost,No SMOTE,0,0,0.1744311028445886
AdaBoost,No SMOTE,0,0,0.13586401457059089
AdaBoost,No SMOTE,0,0,0.13019713023369225
AdaBoost,No SMOTE,0,0,0.22044238283982498
AdaBoost,No SMOTE,0,0,0.17726965587952628
AdaBoost,No SMOTE,0,0,0.17726965587952628
AdaBoost,No SMOTE,0,0,0.17726965587952628
AdaBoost,No SMOTE,0,0,0.17643129068755622
AdaBoost,No SMOTE,0,0,0.1744311028445886
AdaBoost,No SMOTE,0,0,0.1744311028445886
AdaBoost,No SMOTE,0,0,0.1689822365998279
AdaBoost,No SMOTE,0,0,0.25081468689261593
AdaBoost,No SMOTE,0,0,0.21607329118820193
AdaBoost,No SMOTE,0,0,0.17726965587952628
AdaBoost,No SMOTE,0,0,0.16342013312650427
AdaBoost,No SMOTE,0,0,0.1744311028445886
AdaBoost,No SMOTE,0,0,0.1689822365998279
AdaBoost,No SMOTE,0,0,0.1689822365998279
AdaBoost,No SMOTE,0,0,0.17043552930931818
AdaBoost,No SMOTE,0,0,0.13586401457059089
AdaBoost,No SMOTE,0,0,0.13586401457059089
AdaBoost,No SMOTE,0,0,0.14895992415852724
AdaBoost,No SMOTE,0,0,0.1744311028445886
AdaBoost,No SMOTE,0,0,0.1744311028445886
AdaBoost,No SMOTE,0,0,0.1744311028445886
AdaBoost,No SMOTE,0,0,0.1744311028445886
AdaBoost,No SMOTE,0,0,0.21607329118820193
AdaBoost,No SMOTE,0,0,0.14895992415852724
AdaBoost,No SMOTE,0,0,0.16895403564617684
AdaBoost,No SMOTE,0,0,0.13019713023369225
AdaBoost,No SMOTE,0,0,0.21607329118820193
AdaBoost,No SMOTE,0,0,0.18800989342479768
AdaBoost,No SMOTE,0,0,0.22493649393812828
AdaBoost,No SMOTE,0,0,0.16895403564617684
AdaBoost,No SMOTE,0,0,0.1744311028445886
AdaBoost,No SMOTE,0,0,0.11920292202211763
AdaBoost,No SMOTE,0,0,0.17726965587952628
AdaBoost,No SMOTE,0,0,0.22493649393812828
AdaBoost,No SMOTE,0,0,0.17726965587952628
AdaBoost,No SMOTE,0,0,0.17726965587952628
AdaBoost,No SMOTE,0,0,0.22044238283982498
AdaBoost,No SMOTE,0,0,0.17726965587952628
AdaBoost,No SMOTE,0,0,0.1744311028445886
AdaBoost,No SMOTE,0,0,0.1744311028445886
AdaBoost,No SMOTE,0,0,0.1744311028445886
AdaBoost,No SMOTE,0,0,0.1689822365998279
AdaBoost,No SMOTE,0,0,0.22843520662470906
AdaBoost,No SMOTE,0,0,0.1744311028445886
AdaBoost,No SMOTE,0,0,0.22493649393812828
AdaBoost,No SMOTE,0,0,0.1689822365998279
AdaBoost,No SMOTE,0,0,0.13019713023369225
AdaBoost,No SMOTE,0,0,0.17726965587952628
AdaBoost,No SMOTE,0,0,0.1689822365998279
AdaBoost,No SMOTE,0,0,0.22493649393812828
AdaBoost,No SMOTE,0,0,0.1744311028445886
AdaBoost,No SMOTE,0,0,0.1456228192075175
AdaBoost,No SMOTE,0,0,0.17726965587952628
AdaBoost,No SMOTE,0,0,0.13019713023369225
AdaBoost,No SMOTE,0,0,0.205659675438033
AdaBoost,No SMOTE,0,0,0.16342013312650427
AdaBoost,No SMOTE,0,0,0.17726965587952628
AdaBoost,No SMOTE,0,0,0.17726965587952628
AdaBoost,No SMOTE,0,0,0.1689822365998279
AdaBoost,No SMOTE,0,0,0.1744311028445886
AdaBoost,No SMOTE,0,0,0.1744311028445886
AdaBoost,No SMOTE,0,0,0.1689822365998279
AdaBoost,No SMOTE,0,0,0.22176486665410824
AdaBoost,No SMOTE,0,0,0.16618389338377842
AdaBoost,No SMOTE,0,0,0.20002774141121915
AdaBoost,No SMOTE,0,0,0.21573524134425506
AdaBoost,No SMOTE,0,0,0.14895992415852724
AdaBoost,No SMOTE,0,0,0.1744311028445886
AdaBoost,No SMOTE,0,0,0.17726965587952628
AdaBoost,No SMOTE,0,0,0.1719470769852437
AdaBoost,No SMOTE,0,0,0.17726965587952628
AdaBoost,No SMOTE,0,0,0.2193403423397052
AdaBoost,No SMOTE,0,0,0.1744311028445886
AdaBoost,No SMOTE,0,0,0.22493649393812828
AdaBoost,No SMOTE,0,0,0.17726965587952628
AdaBoost,No SMOTE,0,0,0.21607329118820193
AdaBoost,No SMOTE,0,0,0.1689822365998279
AdaBoost,No SMOTE,0,0,0.1719470769852437
AdaBoost,No SMOTE,0,0,0.14895992415852724
AdaBoost,No SMOTE,0,0,0.1689822365998279
AdaBoost,No SMOTE,0,0,0.1744311028445886
AdaBoost,No SMOTE,0,0,0.1744311028445886
AdaBoost,No SMOTE,0,0,0.191758796857404
AdaBoost,No SMOTE,0,0,0.1744311028445886
AdaBoost,No SMOTE,0,0,0.17726965587952628
AdaBoost,No SMOTE,0,0,0.16867357177983938
AdaBoost,No SMOTE,0,0,0.17726965587952628
AdaBoost,No SMOTE,0,0,0.18800989342479768
AdaBoost,No SMOTE,0,0,0.1689822365998279
AdaBoost,No SMOTE,0,0,0.16203849466010875
AdaBoost,No SMOTE,0,0,0.18496367037446623
AdaBoost,No SMOTE,0,0,0.14895992415852724
AdaBoost,No SMOTE,0,0,0.17726965587952628
AdaBoost,No SMOTE,0,0,0.1744311028445886
AdaBoost,No SMOTE,0,0,0.18496367037446623
AdaBoost,No SMOTE,0,0,0.20002774141121915
AdaBoost,No SMOTE,0,0,0.2091061060399178
AdaBoost,No SMOTE,0,0,0.22493649393812828
AdaBoost,No SMOTE,0,0,0.1689822365998279
AdaBoost,No SMOTE,0,0,0.1689822365998279
AdaBoost,No SMOTE,0,0,0.1689822365998279
AdaBoost,No SMOTE,0,0,0.17726965587952628
AdaBoost,No SMOTE,0,0,0.1744311028445886
AdaBoost,No SMOTE,0,0,0.16203849466010875
AdaBoost,No SMOTE,0,0,0.1689822365998279
AdaBoost,No SMOTE,0,0,0.17643129068755622
AdaBoost,No SMOTE,0,0,0.22493649393812828
AdaBoost,No SMOTE,0,0,0.22493649393812828
AdaBoost,No SMOTE,0,0,0.11920292202211763
AdaBoost,No SMOTE,0,0,0.22493649393812828
AdaBoost,No SMOTE,0,0,0.17726965587952628
AdaBoost,No SMOTE,0,0,0.16895403564617684
AdaBoost,No SMOTE,0,0,0.1689822365998279
AdaBoost,No SMOTE,0,0,0.13019713023369225
AdaBoost,No SMOTE,0,0,0.13586401457059089
AdaBoost,No SMOTE,0,0,0.17726965587952628
AdaBoost,No SMOTE,0,0,0.17726965587952628
AdaBoost,No SMOTE,0,0,0.18496367037446623
AdaBoost,No SMOTE,0,0,0.1689822365998279
AdaBoost,No SMOTE,0,0,0.13019713023369225
AdaBoost,No SMOTE,0,0,0.16342013312650427
AdaBoost,No SMOTE,0,0,0.11920292202211763
AdaBoost,No SMOTE,0,0,0.17726965587952628
AdaBoost,No SMOTE,0,0,0.13586401457059089
AdaBoost,No SMOTE,0,0,0.14895992415852724
AdaBoost,No SMOTE,0,0,0.13586401457059089
AdaBoost,No SMOTE,0,0,0.13019713023369225
AdaBoost,No SMOTE,0,0,0.16618389338377842
AdaBoost,No SMOTE,0,0,0.17726965587952628
AdaBoost,No SMOTE,0,0,0.22493649393812828
AdaBoost,No SMOTE,0,0,0.16342013312650427
AdaBoost,No SMOTE,0,0,0.1689822365998279
AdaBoost,No SMOTE,0,0,0.14895992415852724
AdaBoost,No SMOTE,0,0,0.1744311028445886
AdaBoost,No SMOTE,0,0,0.1689822365998279
AdaBoost,No SMOTE,0,0,0.16203849466010875
AdaBoost,No SMOTE,0,0,0.21607329118820193
AdaBoost,No SMOTE,0,0,0.17726965587952628
AdaBoost,No SMOTE,0,0,0.1689822365998279
AdaBoost,No SMOTE,0,0,0.17726965587952628
AdaBoost,No SMOTE,0,0,0.1689822365998279
AdaBoost,No SMOTE,0,0,0.1431423024436669
AdaBoost,No SMOTE,0,0,0.1689822365998279
AdaBoost,No SMOTE,0,0,0.13586401457059089
AdaBoost,No SMOTE,0,0,0.22493649393812828
AdaBoost,No SMOTE,0,0,0.18800989342479768
AdaBoost,No SMOTE,0,0,0.17726965587952628
AdaBoost,No SMOTE,0,0,0.17726965587952628
AdaBoost,No SMOTE,0,0,0.2193403423397052
AdaBoost,No SMOTE,0,0,0.17726965587952628
AdaBoost,No SMOTE,0,0,0.1744311028445886
AdaBoost,No SMOTE,0,0,0.17726965587952628
AdaBoost,No SMOTE,0,0,0.1689822365998279
AdaBoost,No SMOTE,0,0,0.1744311028445886
AdaBoost,No SMOTE,0,0,0.17726965587952628
AdaBoost,No SMOTE,0,0,0.2193403423397052
AdaBoost,No SMOTE,0,0,0.1431423024436669
AdaBoost,No SMOTE,0,0,0.14895992415852724
AdaBoost,No SMOTE,0,0,0.17182074334119965
AdaBoost,No SMOTE,0,0,0.18800989342479768
AdaBoost,No SMOTE,0,0,0.17726965587952628
AdaBoost,No SMOTE,0,0,0.1689822365998279
AdaBoost,No SMOTE,0,0,0.14895992415852724
AdaBoost,No SMOTE,0,0,0.1689822365998279
AdaBoost,No SMOTE,0,0,0.14895992415852724
AdaBoost,No SMOTE,0,0,0.17726965587952628
AdaBoost,No SMOTE,0,0,0.1689822365998279
AdaBoost,No SMOTE,0,0,0.1689822365998279
AdaBoost,No SMOTE,0,0,0.17726965587952628
AdaBoost,No SMOTE,0,0,0.1689822365998279
AdaBoost,No SMOTE,0,0,0.16895403564617684
AdaBoost,No SMOTE,0,0,0.1689822365998279
AdaBoost,No SMOTE,0,0,0.17726965587952628
AdaBoost,No SMOTE,0,0,0.13586401457059089
AdaBoost,No SMOTE,0,0,0.191758796857404
AdaBoost,No SMOTE,0,0,0.16895403564617684
AdaBoost,No SMOTE,0,0,0.14895992415852724
AdaBoost,No SMOTE,0,0,0.1431423024436669
AdaBoost,No SMOTE,0,0,0.1431423024436669
AdaBoost,No SMOTE,0,0,0.16342013312650427
AdaBoost,No SMOTE,0,0,0.17726965587952628
AdaBoost,No SMOTE,0,0,0.18800989342479768
AdaBoost,No SMOTE,0,0,0.1744311028445886
AdaBoost,No SMOTE,0,0,0.14895992415852724
AdaBoost,No SMOTE,0,0,0.16342013312650427
AdaBoost,No SMOTE,0,0,0.14895992415852724
AdaBoost,No SMOTE,0,0,0.18800989342479768
AdaBoost,No SMOTE,0,0,0.11920292202211763
AdaBoost,No SMOTE,0,0,0.1689822365998279
AdaBoost,No SMOTE,0,0,0.1689822365998279
AdaBoost,No SMOTE,0,0,0.1689822365998279
AdaBoost,No SMOTE,0,0,0.17726965587952628
AdaBoost,No SMOTE,0,0,0.1689822365998279
AdaBoost,No SMOTE,0,0,0.2193403423397052
AdaBoost,No SMOTE,0,0,0.1689822365998279
AdaBoost,No SMOTE,0,0,0.16342013312650427
AdaBoost,No SMOTE,0,0,0.17726965587952628
AdaBoost,No SMOTE,0,0,0.22493649393812828
AdaBoost,No SMOTE,0,0,0.1689822365998279
AdaBoost,No SMOTE,0,0,0.16342013312650427
AdaBoost,No SMOTE,0,0,0.1744311028445886
AdaBoost,No SMOTE,0,0,0.18800989342479768
AdaBoost,No SMOTE,0,0,0.1689822365998279
AdaBoost,No SMOTE,0,0,0.16203849466010875
AdaBoost,No SMOTE,0,0,0.22493649393812828
AdaBoost,No SMOTE,0,0,0.21607329118820193
AdaBoost,No SMOTE,0,0,0.14895992415852724
AdaBoost,No SMOTE,0,0,0.17726965587952628
AdaBoost,No SMOTE,0,0,0.1744311028445886
AdaBoost,No SMOTE,0,0,0.1744311028445886
AdaBoost,No SMOTE,0,0,0.1744311028445886
AdaBoost,No SMOTE,0,0,0.1689822365998279
AdaBoost,No SMOTE,0,0,0.18800989342479768
AdaBoost,No SMOTE,0,0,0.1689822365998279
AdaBoost,No SMOTE,0,0,0.22843520662470906
AdaBoost,No SMOTE,0,0,0.22493649393812828
AdaBoost,No SMOTE,0,0,0.17726965587952628
AdaBoost,No SMOTE,0,0,0.16203849466010875
AdaBoost,No SMOTE,0,0,0.17726965587952628
AdaBoost,No SMOTE,0,0,0.18800989342479768
AdaBoost,No SMOTE,0,0,0.14895992415852724
AdaBoost,No SMOTE,0,0,0.13019713023369225
AdaBoost,No SMOTE,0,0,0.2193403423397052
AdaBoost,No SMOTE,0,0,0.1689822365998279
AdaBoost,No SMOTE,0,0,0.1689822365998279
AdaBoost,No SMOTE,0,0,0.18800989342479768
AdaBoost,No SMOTE,0,0,0.14895992415852724
AdaBoost,No SMOTE,0,0,0.1744311028445886
AdaBoost,No SMOTE,0,0,0.17726965587952628
AdaBoost,No SMOTE,0,0,0.17726965587952628
AdaBoost,No SMOTE,0,0,0.1719470769852437
AdaBoost,No SMOTE,0,0,0.1689822365998279
AdaBoost,No SMOTE,0,0,0.17726965587952628
AdaBoost,No SMOTE,0,0,0.16895403564617684
AdaBoost,No SMOTE,0,0,0.22493649393812828
AdaBoost,No SMOTE,0,0,0.17726965587952628
AdaBoost,No SMOTE,0,0,0.21607329118820193
AdaBoost,No SMOTE,0,0,0.22493649393812828
AdaBoost,No SMOTE,0,0,0.16895403564617684
AdaBoost,No SMOTE,0,0,0.17726965587952628
AdaBoost,No SMOTE,0,0,0.1689822365998279
AdaBoost,No SMOTE,0,0,0.22493649393812828
AdaBoost,No SMOTE,0,0,0.13586401457059089
AdaBoost,No SMOTE,0,0,0.17726965587952628
AdaBoost,No SMOTE,0,0,0.2193403423397052
AdaBoost,No SMOTE,0,0,0.21607329118820193
AdaBoost,No SMOTE,0,0,0.1744311028445886
AdaBoost,No SMOTE,0,0,0.1689822365998279
AdaBoost,No SMOTE,0,0,0.1689822365998279
AdaBoost,No SMOTE,0,0,0.1689822365998279
AdaBoost,No SMOTE,0,0,0.1689822365998279
AdaBoost,No SMOTE,0,0,0.17726965587952628
AdaBoost,No SMOTE,0,0,0.19003443635734119
AdaBoost,No SMOTE,0,0,0.1689822365998279
AdaBoost,No SMOTE,0,0,0.1689822365998279
AdaBoost,No SMOTE,0,0,0.11920292202211763
AdaBoost,No SMOTE,0,0,0.22017433581447826
AdaBoost,No SMOTE,0,0,0.14895992415852724
AdaBoost,No SMOTE,0,0,0.17726965587952628
AdaBoost,No SMOTE,0,0,0.1744311028445886
AdaBoost,No SMOTE,0,0,0.17726965587952628
AdaBoost,No SMOTE,0,0,0.22843520662470906
AdaBoost,No SMOTE,0,0,0.17726965587952628
AdaBoost,No SMOTE,0,0,0.22493649393812828
AdaBoost,No SMOTE,0,0,0.13586401457059089
AdaBoost,No SMOTE,0,0,0.1689822365998279
AdaBoost,No SMOTE,0,0,0.13019713023369225
AdaBoost,No SMOTE,0,0,0.14895992415852724
AdaBoost,No SMOTE,0,0,0.2193403423397052
AdaBoost,No SMOTE,0,0,0.1744311028445886
AdaBoost,No SMOTE,0,0,0.22017433581447826
AdaBoost,No SMOTE,0,0,0.1744311028445886
AdaBoost,No SMOTE,0,0,0.1744311028445886
AdaBoost,No SMOTE,0,0,0.17726965587952628
AdaBoost,No SMOTE,0,0,0.17726965587952628
AdaBoost,No SMOTE,0,0,0.16342013312650427
AdaBoost,No SMOTE,0,0,0.1689822365998279
AdaBoost,No SMOTE,0,0,0.1689822365998279
AdaBoost,No SMOTE,0,0,0.1689822365998279
AdaBoost,No SMOTE,0,0,0.1744311028445886
AdaBoost,No SMOTE,0,0,0.17726965587952628
AdaBoost,No SMOTE,0,0,0.17726965587952628
AdaBoost,No SMOTE,0,0,0.21607329118820193
AdaBoost,No SMOTE,0,0,0.1689822365998279
AdaBoost,No SMOTE,0,0,0.1744311028445886
AdaBoost,No SMOTE,0,0,0.22843520662470906
AdaBoost,No SMOTE,0,0,0.1431363477165842
AdaBoost,No SMOTE,0,0,0.18800989342479768
AdaBoost,No SMOTE,0,0,0.22493649393812828
AdaBoost,No SMOTE,0,0,0.22017433581447826
AdaBoost,No SMOTE,0,0,0.18800989342479768
AdaBoost,No SMOTE,0,0,0.1689822365998279
AdaBoost,No SMOTE,0,0,0.1744311028445886
AdaBoost,No SMOTE,0,0,0.13586401457059089
AdaBoost,No SMOTE,0,0,0.1744311028445886
AdaBoost,No SMOTE,0,0,0.1689822365998279
AdaBoost,No SMOTE,0,0,0.1744311028445886
AdaBoost,No SMOTE,0,0,0.17726965587952628
AdaBoost,No SMOTE,0,0,0.22843520662470906
AdaBoost,No SMOTE,0,0,0.22843520662470906
AdaBoost,No SMOTE,0,0,0.17726965587952628
AdaBoost,No SMOTE,0,0,0.17726965587952628
AdaBoost,No SMOTE,0,0,0.1689822365998279
AdaBoost,No SMOTE,0,0,0.13586401457059089
AdaBoost,No SMOTE,0,0,0.1744311028445886
AdaBoost,No SMOTE,0,0,0.1744311028445886
AdaBoost,No SMOTE,0,0,0.1689822365998279
AdaBoost,No SMOTE,0,0,0.21607329118820193
AdaBoost,No SMOTE,0,0,0.1689822365998279
AdaBoost,No SMOTE,0,0,0.1431423024436669
AdaBoost,No SMOTE,0,0,0.1689822365998279
AdaBoost,No SMOTE,0,0,0.1689822365998279
AdaBoost,No SMOTE,0,0,0.22493649393812828
AdaBoost,No SMOTE,0,0,0.1744311028445886
AdaBoost,No SMOTE,0,0,0.17726965587952628
AdaBoost,No SMOTE,0,0,0.1689822365998279
AdaBoost,No SMOTE,0,0,0.1744311028445886
AdaBoost,No SMOTE,0,0,0.1744311028445886
AdaBoost,No SMOTE,0,0,0.1431423024436669
AdaBoost,No SMOTE,0,0,0.16342013312650427
AdaBoost,No SMOTE,0,0,0.21607329118820193
AdaBoost,No SMOTE,0,0,0.22493649393812828
AdaBoost,No SMOTE,0,0,0.1744311028445886
AdaBoost,No SMOTE,0,0,0.17726965587952628
AdaBoost,No SMOTE,0,0,0.2091061060399178
AdaBoost,No SMOTE,0,0,0.1719470769852437
AdaBoost,No SMOTE,0,0,0.22044238283982498
AdaBoost,No SMOTE,0,0,0.17726965587952628
AdaBoost,No SMOTE,0,0,0.17726965587952628
AdaBoost,No SMOTE,0,0,0.1689822365998279
AdaBoost,No SMOTE,0,0,0.191758796857404
AdaBoost,No SMOTE,0,0,0.17726965587952628
AdaBoost,No SMOTE,0,0,0.1744311028445886
AdaBoost,No SMOTE,0,0,0.11920292202211763
AdaBoost,No SMOTE,0,0,0.16342013312650427
AdaBoost,No SMOTE,0,0,0.1689822365998279
AdaBoost,No SMOTE,0,0,0.22493649393812828
AdaBoost,No SMOTE,0,0,0.1744311028445886
AdaBoost,No SMOTE,0,0,0.1689822365998279
AdaBoost,No SMOTE,0,0,0.22493649393812828
AdaBoost,No SMOTE,0,0,0.17726965587952628
AdaBoost,No SMOTE,0,0,0.14895992415852724
AdaBoost,No SMOTE,0,0,0.1689822365998279
AdaBoost,No SMOTE,0,0,0.1744311028445886
AdaBoost,No SMOTE,0,0,0.22044238283982498
AdaBoost,No SMOTE,0,0,0.17643129068755622
AdaBoost,No SMOTE,0,0,0.17726965587952628
AdaBoost,No SMOTE,0,0,0.1744311028445886
AdaBoost,No SMOTE,0,0,0.17726965587952628
AdaBoost,No SMOTE,0,0,0.1744311028445886
AdaBoost,No SMOTE,0,0,0.1689822365998279
AdaBoost,No SMOTE,0,0,0.16342013312650427
AdaBoost,No SMOTE,0,0,0.20002774141121915
AdaBoost,No SMOTE,0,0,0.1719470769852437
AdaBoost,No SMOTE,0,0,0.1744311028445886
AdaBoost,No SMOTE,0,0,0.13586401457059089
AdaBoost,No SMOTE,0,0,0.13586401457059089
AdaBoost,No SMOTE,0,0,0.11920292202211763
AdaBoost,No SMOTE,0,0,0.1744311028445886
AdaBoost,No SMOTE,0,0,0.13019713023369225
AdaBoost,No SMOTE,0,0,0.17643129068755622
AdaBoost,No SMOTE,0,0,0.1744311028445886
AdaBoost,No SMOTE,0,0,0.17726965587952628
AdaBoost,No SMOTE,0,0,0.16618389338377842
AdaBoost,No SMOTE,0,0,0.14895992415852724
AdaBoost,No SMOTE,0,0,0.17643129068755622
AdaBoost,No SMOTE,0,0,0.18800989342479768
AdaBoost,No SMOTE,0,0,0.14895992415852724
AdaBoost,No SMOTE,0,0,0.22493649393812828
AdaBoost,No SMOTE,0,0,0.17726965587952628
AdaBoost,No SMOTE,0,0,0.13019713023369225
AdaBoost,No SMOTE,0,0,0.16895403564617684
AdaBoost,No SMOTE,0,0,0.16895403564617684
AdaBoost,No SMOTE,0,0,0.1431423024436669
AdaBoost,No SMOTE,0,0,0.22493649393812828
AdaBoost,No SMOTE,0,0,0.16895403564617684
AdaBoost,No SMOTE,0,0,0.17726965587952628
AdaBoost,No SMOTE,0,0,0.1744311028445886
AdaBoost,No SMOTE,0,0,0.14895992415852724
AdaBoost,No SMOTE,0,0,0.1689822365998279
AdaBoost,No SMOTE,0,0,0.1689822365998279
AdaBoost,No SMOTE,0,0,0.22017433581447826
AdaBoost,No SMOTE,0,0,0.1689822365998279
AdaBoost,No SMOTE,0,0,0.17726965587952628
AdaBoost,No SMOTE,0,0,0.13019713023369225
AdaBoost,No SMOTE,0,0,0.14895992415852724
AdaBoost,No SMOTE,0,0,0.22493649393812828
AdaBoost,No SMOTE,0,0,0.17726965587952628
AdaBoost,No SMOTE,0,0,0.1689822365998279
AdaBoost,No SMOTE,0,0,0.1744311028445886
AdaBoost,No SMOTE,0,0,0.1719470769852437
AdaBoost,No SMOTE,0,0,0.17726965587952628
AdaBoost,No SMOTE,0,0,0.22843520662470906
AdaBoost,No SMOTE,0,0,0.16342013312650427
AdaBoost,No SMOTE,0,0,0.2193403423397052
AdaBoost,No SMOTE,0,0,0.14895992415852724
AdaBoost,No SMOTE,0,0,0.1744311028445886
AdaBoost,No SMOTE,0,0,0.17726965587952628
AdaBoost,No SMOTE,0,0,0.1689822365998279
AdaBoost,No SMOTE,0,0,0.16867357177983938
AdaBoost,No SMOTE,0,0,0.1744311028445886
AdaBoost,No SMOTE,0,0,0.1431363477165842
AdaBoost,No SMOTE,0,0,0.22044238283982498
AdaBoost,No SMOTE,0,0,0.1744311028445886
AdaBoost,No SMOTE,0,0,0.14895992415852724
AdaBoost,No SMOTE,0,0,0.22493649393812828
AdaBoost,No SMOTE,0,0,0.1431423024436669
AdaBoost,No SMOTE,0,0,0.1744311028445886
AdaBoost,No SMOTE,0,0,0.1689822365998279
AdaBoost,No SMOTE,0,0,0.1719470769852437
AdaBoost,No SMOTE,0,0,0.1689822365998279
AdaBoost,No SMOTE,0,0,0.1431423024436669
AdaBoost,No SMOTE,0,0,0.2217171988769872
AdaBoost,No SMOTE,0,0,0.18800989342479768
AdaBoost,No SMOTE,0,0,0.18800989342479768
AdaBoost,No SMOTE,0,0,0.1689822365998279
AdaBoost,No SMOTE,0,0,0.1431423024436669
AdaBoost,No SMOTE,0,0,0.1719470769852437
AdaBoost,No SMOTE,0,0,0.16618389338377842
AdaBoost,No SMOTE,0,0,0.1744311028445886
AdaBoost,No SMOTE,0,0,0.1689822365998279
AdaBoost,No SMOTE,0,0,0.21928751511544514
AdaBoost,No SMOTE,0,0,0.22843520662470906
AdaBoost,No SMOTE,0,0,0.17726965587952628
AdaBoost,No SMOTE,0,0,0.17726965587952628
AdaBoost,No SMOTE,0,0,0.17726965587952628
AdaBoost,No SMOTE,0,0,0.17726965587952628
AdaBoost,No SMOTE,0,0,0.1744311028445886
AdaBoost,No SMOTE,0,0,0.191758796857404
AdaBoost,No SMOTE,0,0,0.22493649393812828
AdaBoost,No SMOTE,0,0,0.17726965587952628
AdaBoost,No SMOTE,0,0,0.191758796857404
AdaBoost,No SMOTE,0,0,0.18496367037446623
AdaBoost,No SMOTE,0,0,0.1689822365998279
AdaBoost,No SMOTE,0,0,0.1489344658150499
AdaBoost,No SMOTE,0,0,0.18496367037446623
AdaBoost,No SMOTE,0,0,0.1689822365998279
AdaBoost,No SMOTE,0,0,0.1689822365998279
AdaBoost,No SMOTE,0,0,0.13586401457059089
AdaBoost,No SMOTE,0,0,0.11920292202211763
AdaBoost,No SMOTE,0,0,0.17726965587952628
AdaBoost,No SMOTE,0,0,0.1689822365998279
AdaBoost,No SMOTE,0,0,0.1456228192075175
AdaBoost,No SMOTE,0,0,0.14895992415852724
AdaBoost,No SMOTE,0,0,0.14895992415852724
AdaBoost,No SMOTE,0,0,0.14895992415852724
AdaBoost,No SMOTE,0,0,0.1689822365998279
AdaBoost,No SMOTE,0,0,0.1689822365998279
AdaBoost,No SMOTE,0,0,0.18496367037446623
AdaBoost,No SMOTE,0,0,0.16618389338377842
AdaBoost,No SMOTE,0,0,0.17726965587952628
AdaBoost,No SMOTE,0,0,0.16203849466010875
AdaBoost,No SMOTE,0,0,0.1744311028445886
AdaBoost,No SMOTE,0,0,0.17726965587952628
AdaBoost,No SMOTE,0,0,0.17726965587952628
AdaBoost,No SMOTE,0,0,0.2193403423397052
AdaBoost,No SMOTE,0,0,0.1744311028445886
AdaBoost,No SMOTE,0,0,0.22493649393812828
AdaBoost,No SMOTE,0,0,0.14895992415852724
AdaBoost,No SMOTE,0,0,0.1744311028445886
AdaBoost,No SMOTE,0,0,0.16618389338377842
AdaBoost,No SMOTE,0,0,0.14895992415852724
AdaBoost,No SMOTE,0,0,0.18496367037446623
AdaBoost,No SMOTE,0,0,0.17726965587952628
AdaBoost,No SMOTE,0,0,0.1456228192075175
AdaBoost,No SMOTE,0,0,0.22044238283982498
AdaBoost,No SMOTE,0,0,0.1689822365998279
AdaBoost,No SMOTE,0,0,0.14895992415852724
AdaBoost,No SMOTE,0,0,0.1689822365998279
AdaBoost,No SMOTE,0,0,0.16203849466010875
AdaBoost,No SMOTE,0,0,0.16895403564617684
AdaBoost,No SMOTE,0,0,0.13586401457059089
AdaBoost,No SMOTE,0,0,0.16618389338377842
AdaBoost,No SMOTE,0,0,0.1689822365998279
AdaBoost,No SMOTE,0,0,0.1744311028445886
AdaBoost,No SMOTE,0,0,0.1689822365998279
AdaBoost,No SMOTE,0,0,0.14895992415852724
AdaBoost,No SMOTE,0,0,0.1689822365998279
AdaBoost,No SMOTE,0,0,0.22493649393812828
AdaBoost,No SMOTE,0,0,0.16895403564617684
AdaBoost,No SMOTE,0,0,0.1689822365998279
AdaBoost,No SMOTE,0,0,0.16895403564617684
AdaBoost,No SMOTE,0,0,0.14895992415852724
AdaBoost,No SMOTE,0,0,0.17726965587952628
AdaBoost,No SMOTE,0,0,0.1744311028445886
AdaBoost,No SMOTE,0,0,0.13019713023369225
AdaBoost,No SMOTE,0,0,0.22843520662470906
AdaBoost,No SMOTE,0,0,0.17726965587952628
AdaBoost,No SMOTE,0,0,0.1744311028445886
AdaBoost,No SMOTE,0,0,0.17726965587952628
AdaBoost,No SMOTE,0,0,0.191758796857404
AdaBoost,No SMOTE,0,0,0.18800989342479768
AdaBoost,No SMOTE,0,0,0.1689822365998279
AdaBoost,No SMOTE,0,0,0.17726965587952628
AdaBoost,No SMOTE,0,0,0.13586401457059089
AdaBoost,No SMOTE,0,0,0.1689822365998279
AdaBoost,No SMOTE,0,0,0.21607329118820193
AdaBoost,No SMOTE,0,0,0.22493649393812828
AdaBoost,No SMOTE,0,0,0.1744311028445886
AdaBoost,No SMOTE,0,0,0.17726965587952628
AdaBoost,No SMOTE,0,0,0.17726965587952628
AdaBoost,No SMOTE,0,0,0.17726965587952628
AdaBoost,No SMOTE,0,0,0.13586401457059089
AdaBoost,No SMOTE,0,0,0.1744311028445886
AdaBoost,No SMOTE,0,0,0.16342013312650427
AdaBoost,No SMOTE,0,0,0.1689822365998279
AdaBoost,No SMOTE,0,0,0.17043552930931818
AdaBoost,No SMOTE,0,0,0.17726965587952628
AdaBoost,No SMOTE,0,0,0.16342013312650427
AdaBoost,No SMOTE,0,0,0.17726965587952628
AdaBoost,No SMOTE,0,0,0.17726965587952628
AdaBoost,No SMOTE,0,0,0.17726965587952628
AdaBoost,No SMOTE,0,0,0.1744311028445886
AdaBoost,No SMOTE,0,0,0.17726965587952628
AdaBoost,No SMOTE,0,0,0.17726965587952628
AdaBoost,No SMOTE,0,0,0.1744311028445886
AdaBoost,No SMOTE,0,0,0.1689822365998279
AdaBoost,No SMOTE,0,0,0.1689822365998279
AdaBoost,No SMOTE,0,0,0.1689822365998279
AdaBoost,No SMOTE,0,0,0.21607329118820193
AdaBoost,No SMOTE,0,0,0.17726965587952628
AdaBoost,No SMOTE,0,0,0.1744311028445886
AdaBoost,No SMOTE,0,0,0.11920292202211763
AdaBoost,No SMOTE,0,0,0.11920292202211763
AdaBoost,No SMOTE,0,0,0.16342013312650427
AdaBoost,No SMOTE,0,0,0.2193403423397052
AdaBoost,No SMOTE,0,0,0.1744311028445886
AdaBoost,No SMOTE,0,0,0.1719470769852437
AdaBoost,No SMOTE,0,0,0.25081468689261593
AdaBoost,No SMOTE,0,0,0.1744311028445886
AdaBoost,No SMOTE,0,0,0.17643129068755622
AdaBoost,No SMOTE,0,0,0.16342013312650427
AdaBoost,No SMOTE,0,0,0.17726965587952628
AdaBoost,No SMOTE,0,0,0.2193403423397052
AdaBoost,No SMOTE,0,0,0.17643129068755622
AdaBoost,No SMOTE,0,0,0.1744311028445886
AdaBoost,No SMOTE,0,0,0.22017433581447826
AdaBoost,No SMOTE,0,0,0.11920292202211763
AdaBoost,No SMOTE,0,0,0.20002774141121915
AdaBoost,No SMOTE,0,0,0.16895403564617684
AdaBoost,No SMOTE,0,0,0.13586401457059089
AdaBoost,No SMOTE,0,0,0.1744311028445886
AdaBoost,No SMOTE,0,0,0.11920292202211763
AdaBoost,No SMOTE,0,0,0.16618389338377842
AdaBoost,No SMOTE,0,0,0.21607329118820193
AdaBoost,No SMOTE,0,0,0.1744311028445886
AdaBoost,No SMOTE,0,0,0.25081468689261593
AdaBoost,No SMOTE,0,0,0.16618389338377842
AdaBoost,No SMOTE,0,0,0.14895992415852724
AdaBoost,No SMOTE,0,0,0.16342013312650427
AdaBoost,No SMOTE,0,0,0.1689822365998279
AdaBoost,No SMOTE,0,0,0.17726965587952628
AdaBoost,No SMOTE,0,0,0.191758796857404
AdaBoost,No SMOTE,0,0,0.18496367037446623
AdaBoost,No SMOTE,0,0,0.22493649393812828
AdaBoost,No SMOTE,0,0,0.1689822365998279
AdaBoost,No SMOTE,0,0,0.14895992415852724
AdaBoost,No SMOTE,0,0,0.18800989342479768
AdaBoost,No SMOTE,0,0,0.16342013312650427
AdaBoost,No SMOTE,0,0,0.11920292202211763
AdaBoost,No SMOTE,0,0,0.1744311028445886
AdaBoost,No SMOTE,0,0,0.2193403423397052
AdaBoost,No SMOTE,0,0,0.16342013312650427
AdaBoost,No SMOTE,0,0,0.1689822365998279
AdaBoost,No SMOTE,0,0,0.17726965587952628
AdaBoost,No SMOTE,0,0,0.17726965587952628
AdaBoost,No SMOTE,0,0,0.1744311028445886
AdaBoost,No SMOTE,0,0,0.1689822365998279
AdaBoost,No SMOTE,0,0,0.16618389338377842
AdaBoost,No SMOTE,0,0,0.11920292202211763
AdaBoost,No SMOTE,0,0,0.14895992415852724
AdaBoost,No SMOTE,0,0,0.1689822365998279
AdaBoost,No SMOTE,0,0,0.21607329118820193
AdaBoost,No SMOTE,0,0,0.17726965587952628
AdaBoost,No SMOTE,0,0,0.16618389338377842
AdaBoost,No SMOTE,0,0,0.14895992415852724
AdaBoost,No SMOTE,0,0,0.13019713023369225
AdaBoost,No SMOTE,0,0,0.1689822365998279
AdaBoost,No SMOTE,0,0,0.17726965587952628
AdaBoost,No SMOTE,0,0,0.22493649393812828
AdaBoost,No SMOTE,0,0,0.17726965587952628
AdaBoost,No SMOTE,0,0,0.1689822365998279
AdaBoost,No SMOTE,0,0,0.22493649393812828
AdaBoost,No SMOTE,0,0,0.17726965587952628
AdaBoost,No SMOTE,0,0,0.16618389338377842
AdaBoost,No SMOTE,0,0,0.2193403423397052
AdaBoost,No SMOTE,0,0,0.17726965587952628
AdaBoost,No SMOTE,0,0,0.1689822365998279
AdaBoost,No SMOTE,0,0,0.22493649393812828
AdaBoost,No SMOTE,0,0,0.1689822365998279
AdaBoost,No SMOTE,0,0,0.1744311028445886
AdaBoost,No SMOTE,0,0,0.1744311028445886
AdaBoost,No SMOTE,0,0,0.1744311028445886
AdaBoost,No SMOTE,0,0,0.1689822365998279
AdaBoost,No SMOTE,0,0,0.22493649393812828
AdaBoost,No SMOTE,0,0,0.16342013312650427
AdaBoost,No SMOTE,0,0,0.1689822365998279
AdaBoost,No SMOTE,0,0,0.2193403423397052
AdaBoost,No SMOTE,0,0,0.16203849466010875
AdaBoost,No SMOTE,0,0,0.17726965587952628
AdaBoost,No SMOTE,0,0,0.16342013312650427
AdaBoost,No SMOTE,0,0,0.11920292202211763
AdaBoost,No SMOTE,0,0,0.14895992415852724
AdaBoost,No SMOTE,0,0,0.16342013312650427
AdaBoost,No SMOTE,0,0,0.1744311028445886
AdaBoost,No SMOTE,0,0,0.18800989342479768
AdaBoost,No SMOTE,0,0,0.1744311028445886
AdaBoost,No SMOTE,0,0,0.1744311028445886
AdaBoost,No SMOTE,0,0,0.1689822365998279
AdaBoost,No SMOTE,0,0,0.1689822365998279
AdaBoost,No SMOTE,0,0,0.17726965587952628
AdaBoost,No SMOTE,0,0,0.22493649393812828
AdaBoost,No SMOTE,0,0,0.17726965587952628
AdaBoost,No SMOTE,0,0,0.1431423024436669
AdaBoost,No SMOTE,0,0,0.13586401457059089
AdaBoost,No SMOTE,0,0,0.17726965587952628
AdaBoost,No SMOTE,0,0,0.1431423024436669
AdaBoost,No SMOTE,0,0,0.1744311028445886
AdaBoost,No SMOTE,0,0,0.17726965587952628
AdaBoost,No SMOTE,0,0,0.1744311028445886
AdaBoost,No SMOTE,0,0,0.1744311028445886
AdaBoost,No SMOTE,0,0,0.1719470769852437
AdaBoost,No SMOTE,0,0,0.17726965587952628
AdaBoost,No SMOTE,0,0,0.17726965587952628
AdaBoost,No SMOTE,0,0,0.16867357177983938
AdaBoost,No SMOTE,0,0,0.1744311028445886
AdaBoost,No SMOTE,0,0,0.14895992415852724
AdaBoost,No SMOTE,0,0,0.17726965587952628
AdaBoost,No SMOTE,0,0,0.23435506113090693
AdaBoost,No SMOTE,0,0,0.21607329118820193
AdaBoost,No SMOTE,0,0,0.11920292202211763
AdaBoost,No SMOTE,0,0,0.18800989342479768
AdaBoost,No SMOTE,0,0,0.17726965587952628
AdaBoost,No SMOTE,0,0,0.1744311028445886
AdaBoost,No SMOTE,0,0,0.1719470769852437
AdaBoost,No SMOTE,0,0,0.17726965587952628
AdaBoost,No SMOTE,0,0,0.13586401457059089
AdaBoost,No SMOTE,0,0,0.14798688540029464
AdaBoost,No SMOTE,0,0,0.1689822365998279
AdaBoost,No SMOTE,0,0,0.17726965587952628
AdaBoost,No SMOTE,0,0,0.1431423024436669
AdaBoost,No SMOTE,0,0,0.1689822365998279
AdaBoost,No SMOTE,0,0,0.1744311028445886
AdaBoost,No SMOTE,0,0,0.1744311028445886
AdaBoost,No SMOTE,0,0,0.22843520662470906
AdaBoost,No SMOTE,0,0,0.1744311028445886
AdaBoost,No SMOTE,0,0,0.2193403423397052
AdaBoost,No SMOTE,0,0,0.22493649393812828
AdaBoost,No SMOTE,0,0,0.16342013312650427
AdaBoost,No SMOTE,0,0,0.1744311028445886
AdaBoost,No SMOTE,0,0,0.17726965587952628
AdaBoost,No SMOTE,0,0,0.17726965587952628
AdaBoost,No SMOTE,0,0,0.1689822365998279
AdaBoost,No SMOTE,0,0,0.17726965587952628
AdaBoost,No SMOTE,0,0,0.1744311028445886
AdaBoost,No SMOTE,0,0,0.16895403564617684
AdaBoost,No SMOTE,0,0,0.17726965587952628
AdaBoost,No SMOTE,0,0,0.13019713023369225
AdaBoost,No SMOTE,0,0,0.1689822365998279
AdaBoost,No SMOTE,0,0,0.17726965587952628
AdaBoost,No SMOTE,0,0,0.22843520662470906
AdaBoost,No SMOTE,0,0,0.1744311028445886
AdaBoost,No SMOTE,0,0,0.17726965587952628
AdaBoost,No SMOTE,0,0,0.1744311028445886
AdaBoost,No SMOTE,0,0,0.1744311028445886
AdaBoost,No SMOTE,0,0,0.22493649393812828
AdaBoost,No SMOTE,0,0,0.17726965587952628
AdaBoost,No SMOTE,0,0,0.13019713023369225
AdaBoost,No SMOTE,0,0,0.14895992415852724
AdaBoost,No SMOTE,0,0,0.16618389338377842
AdaBoost,No SMOTE,0,0,0.14798688540029464
AdaBoost,No SMOTE,0,0,0.16342013312650427
AdaBoost,No SMOTE,0,0,0.13019713023369225
AdaBoost,No SMOTE,0,0,0.1689822365998279
AdaBoost,No SMOTE,0,0,0.14895992415852724
AdaBoost,No SMOTE,0,0,0.1744311028445886
AdaBoost,No SMOTE,0,0,0.1689822365998279
AdaBoost,No SMOTE,0,0,0.18800989342479768
AdaBoost,No SMOTE,0,0,0.13586401457059089
AdaBoost,No SMOTE,0,0,0.1689822365998279
AdaBoost,No SMOTE,0,0,0.18496367037446623
AdaBoost,No SMOTE,0,0,0.17043552930931818
AdaBoost,No SMOTE,0,0,0.17726965587952628
AdaBoost,No SMOTE,0,0,0.17726965587952628
AdaBoost,No SMOTE,0,0,0.16895403564617684
AdaBoost,No SMOTE,0,0,0.13586401457059089
AdaBoost,No SMOTE,0,0,0.17726965587952628
AdaBoost,No SMOTE,0,0,0.1689822365998279
AdaBoost,No SMOTE,0,0,0.1744311028445886
AdaBoost,No SMOTE,0,0,0.1689822365998279
AdaBoost,No SMOTE,0,0,0.1744311028445886
AdaBoost,No SMOTE,0,0,0.13019713023369225
AdaBoost,No SMOTE,0,0,0.17726965587952628
AdaBoost,No SMOTE,0,0,0.17726965587952628
AdaBoost,No SMOTE,0,0,0.1719470769852437
AdaBoost,No SMOTE,0,0,0.22493649393812828
AdaBoost,No SMOTE,0,0,0.1719470769852437
AdaBoost,No SMOTE,0,0,0.1689822365998279
AdaBoost,No SMOTE,0,0,0.14895992415852724
AdaBoost,No SMOTE,0,0,0.22493649393812828
AdaBoost,No SMOTE,0,0,0.1689822365998279
AdaBoost,No SMOTE,0,0,0.17726965587952628
AdaBoost,No SMOTE,0,0,0.17726965587952628
AdaBoost,No SMOTE,0,0,0.17726965587952628
AdaBoost,No SMOTE,0,0,0.1744311028445886
AdaBoost,No SMOTE,0,0,0.17133680384090874
AdaBoost,No SMOTE,0,0,0.1744311028445886
AdaBoost,No SMOTE,0,0,0.1744311028445886
AdaBoost,No SMOTE,0,0,0.21607329118820193
AdaBoost,No SMOTE,0,0,0.1744311028445886
AdaBoost,No SMOTE,0,0,0.16895403564617684
AdaBoost,No SMOTE,0,0,0.1744311028445886
AdaBoost,No SMOTE,0,0,0.1689822365998279
AdaBoost,No SMOTE,0,0,0.13586401457059089
AdaBoost,No SMOTE,0,0,0.14895992415852724
AdaBoost,No SMOTE,0,0,0.17726965587952628
AdaBoost,No SMOTE,0,0,0.22493649393812828
AdaBoost,No SMOTE,0,0,0.17726965587952628
AdaBoost,No SMOTE,0,0,0.17726965587952628
AdaBoost,No SMOTE,0,0,0.22493649393812828
AdaBoost,No SMOTE,0,0,0.1689822365998279
AdaBoost,No SMOTE,0,0,0.23595205353816107
AdaBoost,No SMOTE,0,0,0.1689822365998279
AdaBoost,No SMOTE,0,0,0.14895992415852724
AdaBoost,No SMOTE,0,0,0.1689822365998279
AdaBoost,No SMOTE,0,0,0.13019713023369225
AdaBoost,No SMOTE,0,0,0.1931443810264556
AdaBoost,No SMOTE,0,0,0.11920292202211763
AdaBoost,No SMOTE,0,0,0.13586401457059089
AdaBoost,No SMOTE,0,0,0.1689822365998279
AdaBoost,No SMOTE,0,0,0.16203849466010875
AdaBoost,No SMOTE,0,0,0.22493649393812828
AdaBoost,No SMOTE,0,0,0.1689822365998279
AdaBoost,No SMOTE,0,0,0.11920292202211763
AdaBoost,No SMOTE,0,0,0.17726965587952628
AdaBoost,No SMOTE,0,0,0.13019713023369225
AdaBoost,No SMOTE,0,0,0.11920292202211763
AdaBoost,No SMOTE,0,0,0.14895992415852724
AdaBoost,No SMOTE,0,0,0.17726965587952628
AdaBoost,No SMOTE,0,0,0.1744311028445886
AdaBoost,No SMOTE,0,0,0.1744311028445886
AdaBoost,No SMOTE,0,0,0.205659675438033
AdaBoost,No SMOTE,0,0,0.22493649393812828
AdaBoost,No SMOTE,0,0,0.1744311028445886
AdaBoost,No SMOTE,0,0,0.22493649393812828
AdaBoost,No SMOTE,0,0,0.16618389338377842
AdaBoost,No SMOTE,0,0,0.1689822365998279
AdaBoost,No SMOTE,0,0,0.1719470769852437
AdaBoost,No SMOTE,0,0,0.1744311028445886
AdaBoost,No SMOTE,0,0,0.1689822365998279
AdaBoost,No SMOTE,0,0,0.17726965587952628
AdaBoost,No SMOTE,0,0,0.18800989342479768
AdaBoost,No SMOTE,0,0,0.17726965587952628
AdaBoost,No SMOTE,0,0,0.1744311028445886
AdaBoost,No SMOTE,0,0,0.1719470769852437
AdaBoost,No SMOTE,0,0,0.17726965587952628
AdaBoost,No SMOTE,0,0,0.17726965587952628
AdaBoost,No SMOTE,0,0,0.1744311028445886
AdaBoost,No SMOTE,0,0,0.13019713023369225
AdaBoost,No SMOTE,0,0,0.14895992415852724
AdaBoost,No SMOTE,0,0,0.1719470769852437
AdaBoost,No SMOTE,0,0,0.1689822365998279
AdaBoost,No SMOTE,0,0,0.1744311028445886
AdaBoost,No SMOTE,0,0,0.1744311028445886
AdaBoost,No SMOTE,0,0,0.1719470769852437
AdaBoost,No SMOTE,0,0,0.2193403423397052
AdaBoost,No SMOTE,0,0,0.1744311028445886
AdaBoost,No SMOTE,0,0,0.17726965587952628
AdaBoost,No SMOTE,0,0,0.17726965587952628
AdaBoost,No SMOTE,0,0,0.2193403423397052
AdaBoost,No SMOTE,0,0,0.1719470769852437
AdaBoost,No SMOTE,0,0,0.22493649393812828
AdaBoost,No SMOTE,0,0,0.14895992415852724
AdaBoost,No SMOTE,0,0,0.22493649393812828
AdaBoost,No SMOTE,0,0,0.17726965587952628
AdaBoost,No SMOTE,0,0,0.1689822365998279
AdaBoost,No SMOTE,0,0,0.1744311028445886
AdaBoost,No SMOTE,0,0,0.14895992415852724
AdaBoost,No SMOTE,0,0,0.11920292202211763
AdaBoost,No SMOTE,0,0,0.1719470769852437
AdaBoost,No SMOTE,0,0,0.1689822365998279
AdaBoost,No SMOTE,0,0,0.16203849466010875
AdaBoost,No SMOTE,0,0,0.2193403423397052
AdaBoost,No SMOTE,0,0,0.17726965587952628
AdaBoost,No SMOTE,0,0,0.22493649393812828
AdaBoost,No SMOTE,0,0,0.13019713023369225
AdaBoost,No SMOTE,0,0,0.11920292202211763
AdaBoost,No SMOTE,0,0,0.191758796857404
AdaBoost,No SMOTE,0,0,0.1689822365998279
AdaBoost,No SMOTE,0,0,0.2228277728066096
AdaBoost,No SMOTE,0,0,0.17726965587952628
AdaBoost,No SMOTE,0,0,0.191758796857404
AdaBoost,No SMOTE,0,0,0.17726965587952628
AdaBoost,No SMOTE,0,0,0.1744311028445886
AdaBoost,No SMOTE,0,0,0.16618389338377842
AdaBoost,No SMOTE,0,0,0.18496367037446623
AdaBoost,No SMOTE,0,0,0.1689822365998279
AdaBoost,No SMOTE,0,0,0.1431423024436669
AdaBoost,No SMOTE,0,0,0.16342013312650427
AdaBoost,No SMOTE,0,0,0.22493649393812828
AdaBoost,No SMOTE,0,0,0.2193403423397052
AdaBoost,No SMOTE,0,0,0.22493649393812828
AdaBoost,No SMOTE,0,0,0.1744311028445886
AdaBoost,No SMOTE,0,0,0.1744311028445886
AdaBoost,No SMOTE,0,0,0.22017433581447826
AdaBoost,No SMOTE,0,0,0.14895992415852724
AdaBoost,No SMOTE,0,0,0.1744311028445886
AdaBoost,No SMOTE,0,0,0.21607329118820193
AdaBoost,No SMOTE,0,0,0.22493649393812828
AdaBoost,No SMOTE,0,0,0.13019713023369225
AdaBoost,No SMOTE,0,0,0.2193403423397052
AdaBoost,No SMOTE,0,0,0.14895992415852724
AdaBoost,No SMOTE,0,0,0.11920292202211763
AdaBoost,No SMOTE,0,0,0.16203849466010875
AdaBoost,No SMOTE,0,0,0.16618389338377842
AdaBoost,No SMOTE,0,0,0.17726965587952628
AdaBoost,No SMOTE,0,0,0.15152342713209221
AdaBoost,No SMOTE,0,0,0.1744311028445886
AdaBoost,No SMOTE,0,0,0.13586401457059089
AdaBoost,No SMOTE,0,0,0.17643129068755622
AdaBoost,No SMOTE,0,0,0.25081468689261593
AdaBoost,No SMOTE,0,0,0.25081468689261593
AdaBoost,No SMOTE,0,0,0.13019713023369225
AdaBoost,No SMOTE,0,0,0.13019713023369225
AdaBoost,No SMOTE,0,0,0.17726965587952628
AdaBoost,No SMOTE,0,0,0.17726965587952628
AdaBoost,No SMOTE,0,0,0.22493649393812828
AdaBoost,No SMOTE,0,0,0.17726965587952628
AdaBoost,No SMOTE,0,0,0.16895403564617684
AdaBoost,No SMOTE,0,0,0.1744311028445886
AdaBoost,No SMOTE,0,0,0.1744311028445886
AdaBoost,No SMOTE,0,0,0.1689822365998279
AdaBoost,No SMOTE,0,0,0.14895992415852724
AdaBoost,No SMOTE,0,0,0.17726965587952628
AdaBoost,No SMOTE,0,0,0.1744311028445886
AdaBoost,No SMOTE,0,0,0.17726965587952628
AdaBoost,No SMOTE,0,0,0.17643129068755622
AdaBoost,No SMOTE,0,0,0.1744311028445886
AdaBoost,No SMOTE,0,0,0.1744311028445886
AdaBoost,No SMOTE,0,0,0.16867357177983938
AdaBoost,No SMOTE,0,0,0.1744311028445886
AdaBoost,No SMOTE,0,0,0.1744311028445886
AdaBoost,No SMOTE,0,0,0.1744311028445886
AdaBoost,No SMOTE,0,0,0.22493649393812828
AdaBoost,No SMOTE,0,0,0.16618389338377842
AdaBoost,No SMOTE,0,0,0.1689822365998279
AdaBoost,No SMOTE,0,0,0.18496367037446623
AdaBoost,No SMOTE,0,0,0.1431423024436669
AdaBoost,No SMOTE,0,0,0.1689822365998279
AdaBoost,No SMOTE,0,0,0.1744311028445886
AdaBoost,No SMOTE,0,0,0.22493649393812828
AdaBoost,No SMOTE,0,0,0.17726965587952628
AdaBoost,No SMOTE,0,0,0.16342013312650427
AdaBoost,No SMOTE,0,0,0.14895992415852724
AdaBoost,No SMOTE,0,0,0.14895992415852724
AdaBoost,No SMOTE,0,0,0.1689822365998279
AdaBoost,No SMOTE,0,0,0.1719470769852437
AdaBoost,No SMOTE,0,0,0.1689822365998279
AdaBoost,No SMOTE,0,0,0.18800989342479768
AdaBoost,No SMOTE,0,0,0.18496367037446623
AdaBoost,No SMOTE,0,0,0.17726965587952628
AdaBoost,No SMOTE,0,0,0.1744311028445886
AdaBoost,No SMOTE,0,0,0.1744311028445886
AdaBoost,No SMOTE,0,0,0.21607329118820193
AdaBoost,No SMOTE,0,0,0.16342013312650427
AdaBoost,No SMOTE,0,0,0.17726965587952628
AdaBoost,No SMOTE,0,0,0.17726965587952628
AdaBoost,No SMOTE,0,0,0.1744311028445886
AdaBoost,No SMOTE,0,0,0.17726965587952628
AdaBoost,No SMOTE,0,0,0.1744311028445886
AdaBoost,No SMOTE,0,0,0.13019713023369225
AdaBoost,No SMOTE,0,0,0.1689822365998279
AdaBoost,No SMOTE,0,0,0.1744311028445886
AdaBoost,No SMOTE,0,0,0.13586401457059089
AdaBoost,No SMOTE,0,0,0.22493649393812828
AdaBoost,No SMOTE,0,0,0.17726965587952628
AdaBoost,No SMOTE,0,0,0.1689822365998279
AdaBoost,No SMOTE,0,0,0.17726965587952628
AdaBoost,No SMOTE,0,0,0.21928751511544514
AdaBoost,No SMOTE,0,0,0.16867357177983938
AdaBoost,No SMOTE,0,0,0.14895992415852724
AdaBoost,No SMOTE,0,0,0.1689822365998279
AdaBoost,No SMOTE,0,0,0.16342013312650427
AdaBoost,No SMOTE,0,0,0.1744311028445886
AdaBoost,No SMOTE,0,0,0.22493649393812828
AdaBoost,No SMOTE,0,0,0.1689822365998279
AdaBoost,No SMOTE,0,0,0.16203849466010875
AdaBoost,No SMOTE,0,0,0.22017433581447826
AdaBoost,No SMOTE,0,0,0.1719470769852437
AdaBoost,No SMOTE,0,0,0.17726965587952628
AdaBoost,No SMOTE,0,0,0.17726965587952628
AdaBoost,No SMOTE,0,0,0.13019713023369225
AdaBoost,No SMOTE,0,0,0.22843520662470906
AdaBoost,No SMOTE,0,0,0.14895992415852724
AdaBoost,No SMOTE,0,0,0.14895992415852724
AdaBoost,No SMOTE,0,0,0.1744311028445886
AdaBoost,No SMOTE,0,0,0.13586401457059089
AdaBoost,No SMOTE,0,0,0.1689822365998279
AdaBoost,No SMOTE,0,0,0.1744311028445886
AdaBoost,No SMOTE,0,0,0.16867357177983938
AdaBoost,No SMOTE,0,0,0.17726965587952628
AdaBoost,No SMOTE,0,0,0.14895992415852724
AdaBoost,No SMOTE,0,0,0.16895403564617684
AdaBoost,No SMOTE,0,0,0.17726965587952628
AdaBoost,No SMOTE,0,0,0.18496367037446623
AdaBoost,No SMOTE,0,0,0.1744311028445886
AdaBoost,No SMOTE,0,0,0.17726965587952628
AdaBoost,No SMOTE,0,0,0.17726965587952628
AdaBoost,No SMOTE,0,0,0.17726965587952628
AdaBoost,No SMOTE,0,0,0.1431363477165842
AdaBoost,No SMOTE,0,0,0.14895992415852724
AdaBoost,No SMOTE,0,0,0.17726965587952628
AdaBoost,No SMOTE,0,0,0.11920292202211763
AdaBoost,No SMOTE,0,0,0.1744311028445886
AdaBoost,No SMOTE,0,0,0.14895992415852724
AdaBoost,No SMOTE,0,0,0.1786840584100862
AdaBoost,No SMOTE,0,0,0.1744311028445886
AdaBoost,No SMOTE,0,0,0.17726965587952628
AdaBoost,No SMOTE,0,0,0.1689822365998279
AdaBoost,No SMOTE,0,0,0.1744311028445886
AdaBoost,No SMOTE,0,0,0.17726965587952628
AdaBoost,No SMOTE,0,0,0.2193403423397052
AdaBoost,No SMOTE,0,0,0.16203849466010875
AdaBoost,No SMOTE,0,0,0.13586401457059089
AdaBoost,No SMOTE,0,0,0.17726965587952628
AdaBoost,No SMOTE,0,0,0.16203849466010875
AdaBoost,No SMOTE,0,0,0.17726965587952628
AdaBoost,No SMOTE,0,0,0.1689822365998279
AdaBoost,No SMOTE,0,0,0.20002774141121915
AdaBoost,No SMOTE,0,0,0.1744311028445886
AdaBoost,No SMOTE,0,0,0.17726965587952628
AdaBoost,No SMOTE,0,0,0.1744311028445886
AdaBoost,No SMOTE,0,0,0.17726965587952628
AdaBoost,No SMOTE,0,0,0.18496367037446623
AdaBoost,No SMOTE,0,0,0.1744311028445886
AdaBoost,No SMOTE,0,0,0.16618389338377842
AdaBoost,No SMOTE,0,0,0.1689822365998279
AdaBoost,No SMOTE,0,0,0.14895992415852724
AdaBoost,No SMOTE,0,0,0.1744311028445886
AdaBoost,No SMOTE,0,0,0.14895992415852724
AdaBoost,No SMOTE,0,0,0.18496367037446623
AdaBoost,No SMOTE,0,0,0.13019713023369225
AdaBoost,No SMOTE,0,0,0.13586401457059089
AdaBoost,No SMOTE,0,0,0.17726965587952628
AdaBoost,No SMOTE,0,0,0.18800989342479768
AdaBoost,No SMOTE,0,0,0.1689822365998279
AdaBoost,No SMOTE,0,0,0.22493649393812828
AdaBoost,No SMOTE,0,0,0.17726965587952628
AdaBoost,No SMOTE,0,0,0.18800989342479768
AdaBoost,No SMOTE,0,0,0.18800989342479768
AdaBoost,No SMOTE,0,0,0.18800989342479768
AdaBoost,No SMOTE,0,0,0.191758796857404
AdaBoost,No SMOTE,0,0,0.1744311028445886
AdaBoost,No SMOTE,0,0,0.14895992415852724
AdaBoost,No SMOTE,0,0,0.1689822365998279
AdaBoost,No SMOTE,0,0,0.16342013312650427
AdaBoost,No SMOTE,0,0,0.17726965587952628
AdaBoost,No SMOTE,0,0,0.17726965587952628
AdaBoost,No SMOTE,0,0,0.17726965587952628
AdaBoost,No SMOTE,0,0,0.22493649393812828
AdaBoost,No SMOTE,0,0,0.1744311028445886
AdaBoost,No SMOTE,0,0,0.14895992415852724
AdaBoost,No SMOTE,0,0,0.17726965587952628
AdaBoost,No SMOTE,0,0,0.13019713023369225
AdaBoost,No SMOTE,0,0,0.1689822365998279
AdaBoost,No SMOTE,0,0,0.21607329118820193
AdaBoost,No SMOTE,0,0,0.13019713023369225
AdaBoost,No SMOTE,0,0,0.1456228192075175
AdaBoost,No SMOTE,0,0,0.13019713023369225
AdaBoost,No SMOTE,0,0,0.1689822365998279
AdaBoost,No SMOTE,0,0,0.1744311028445886
AdaBoost,No SMOTE,0,0,0.16895403564617684
AdaBoost,No SMOTE,0,0,0.1719470769852437
AdaBoost,No SMOTE,0,0,0.1431423024436669
AdaBoost,No SMOTE,0,0,0.13586401457059089
AdaBoost,No SMOTE,0,0,0.16895403564617684
AdaBoost,No SMOTE,0,0,0.1689822365998279
AdaBoost,No SMOTE,0,0,0.191758796857404
AdaBoost,No SMOTE,0,0,0.1689822365998279
AdaBoost,No SMOTE,0,0,0.19090832035678107
AdaBoost,No SMOTE,0,0,0.1456228192075175
AdaBoost,No SMOTE,0,0,0.1744311028445886
AdaBoost,No SMOTE,0,0,0.1744311028445886
AdaBoost,No SMOTE,0,0,0.17643129068755622
AdaBoost,No SMOTE,0,0,0.1689822365998279
AdaBoost,No SMOTE,0,0,0.1689822365998279
AdaBoost,No SMOTE,0,0,0.17726965587952628
AdaBoost,No SMOTE,0,0,0.22493649393812828
AdaBoost,No SMOTE,0,0,0.16342013312650427
AdaBoost,No SMOTE,0,0,0.16342013312650427
AdaBoost,No SMOTE,0,0,0.16342013312650427
AdaBoost,No SMOTE,0,0,0.1744311028445886
AdaBoost,No SMOTE,0,0,0.22493649393812828
AdaBoost,No SMOTE,0,0,0.1689822365998279
AdaBoost,No SMOTE,0,0,0.16342013312650427
AdaBoost,No SMOTE,0,0,0.17726965587952628
AdaBoost,No SMOTE,0,0,0.1689822365998279
AdaBoost,No SMOTE,0,0,0.14895992415852724
AdaBoost,No SMOTE,0,0,0.17726965587952628
AdaBoost,No SMOTE,0,0,0.191758796857404
AdaBoost,No SMOTE,0,0,0.14895992415852724
AdaBoost,No SMOTE,0,0,0.1744311028445886
AdaBoost,No SMOTE,0,0,0.1744311028445886
AdaBoost,No SMOTE,0,0,0.14895992415852724
AdaBoost,No SMOTE,0,0,0.18800989342479768
AdaBoost,No SMOTE,0,0,0.16203849466010875
AdaBoost,No SMOTE,0,0,0.1744311028445886
AdaBoost,No SMOTE,0,0,0.13019713023369225
AdaBoost,No SMOTE,0,0,0.1689822365998279
AdaBoost,No SMOTE,0,0,0.17726965587952628
AdaBoost,No SMOTE,0,0,0.1689822365998279
AdaBoost,No SMOTE,0,0,0.1744311028445886
AdaBoost,No SMOTE,0,0,0.1689822365998279
AdaBoost,No SMOTE,0,0,0.1689822365998279
AdaBoost,No SMOTE,0,0,0.11920292202211763
AdaBoost,No SMOTE,0,0,0.22493649393812828
AdaBoost,No SMOTE,0,0,0.17726965587952628
AdaBoost,No SMOTE,0,0,0.18496367037446623
AdaBoost,No SMOTE,0,0,0.17726965587952628
AdaBoost,No SMOTE,0,0,0.1689822365998279
AdaBoost,No SMOTE,0,0,0.17726965587952628
AdaBoost,No SMOTE,0,0,0.1689822365998279
AdaBoost,No SMOTE,0,0,0.14895992415852724
AdaBoost,No SMOTE,0,0,0.22017433581447826
AdaBoost,No SMOTE,0,0,0.16618389338377842
AdaBoost,No SMOTE,0,0,0.17726965587952628
AdaBoost,No SMOTE,0,0,0.17726965587952628
AdaBoost,No SMOTE,0,0,0.17726965587952628
AdaBoost,No SMOTE,0,0,0.14895992415852724
AdaBoost,No SMOTE,0,0,0.1744311028445886
AdaBoost,No SMOTE,0,0,0.17643129068755622
AdaBoost,No SMOTE,0,0,0.17043552930931818
AdaBoost,No SMOTE,0,0,0.13019713023369225
AdaBoost,No SMOTE,1,1,0.6540582380913202
AdaBoost,No SMOTE,0,0,0.22843520662470906
AdaBoost,No SMOTE,0,0,0.1689822365998279
AdaBoost,No SMOTE,0,0,0.1744311028445886
AdaBoost,No SMOTE,0,0,0.1689822365998279
AdaBoost,No SMOTE,0,0,0.22044238283982498
AdaBoost,No SMOTE,0,0,0.17726965587952628
AdaBoost,No SMOTE,0,0,0.1689822365998279
AdaBoost,No SMOTE,0,0,0.14895992415852724
AdaBoost,No SMOTE,0,0,0.16895403564617684
AdaBoost,No SMOTE,0,0,0.1744311028445886
AdaBoost,No SMOTE,0,0,0.17726965587952628
AdaBoost,No SMOTE,0,0,0.17726965587952628
AdaBoost,No SMOTE,0,0,0.1689822365998279
AdaBoost,No SMOTE,0,0,0.2193403423397052
AdaBoost,No SMOTE,0,0,0.17726965587952628
AdaBoost,No SMOTE,0,0,0.17726965587952628
AdaBoost,No SMOTE,0,0,0.17726965587952628
AdaBoost,No SMOTE,0,0,0.11920292202211763
AdaBoost,No SMOTE,0,0,0.22044238283982498
AdaBoost,No SMOTE,0,0,0.22843520662470906
AdaBoost,No SMOTE,0,0,0.17726965587952628
AdaBoost,No SMOTE,0,0,0.13019713023369225
AdaBoost,No SMOTE,0,0,0.14895992415852724
AdaBoost,No SMOTE,0,0,0.1689822365998279
AdaBoost,No SMOTE,0,0,0.14895992415852724
AdaBoost,No SMOTE,0,0,0.1689822365998279
AdaBoost,No SMOTE,0,0,0.1689822365998279
AdaBoost,No SMOTE,0,0,0.17643129068755622
AdaBoost,No SMOTE,0,0,0.18496367037446623
AdaBoost,No SMOTE,0,0,0.17726965587952628
AdaBoost,No SMOTE,0,0,0.14895992415852724
AdaBoost,No SMOTE,0,0,0.14895992415852724
AdaBoost,No SMOTE,0,0,0.1689822365998279
AdaBoost,No SMOTE,0,0,0.17726965587952628
AdaBoost,No SMOTE,0,0,0.17726965587952628
AdaBoost,No SMOTE,0,0,0.16867357177983938
AdaBoost,No SMOTE,0,0,0.18800989342479768
AdaBoost,No SMOTE,0,0,0.1689822365998279
AdaBoost,No SMOTE,0,0,0.1744311028445886
AdaBoost,No SMOTE,0,0,0.1744311028445886
AdaBoost,No SMOTE,0,0,0.17726965587952628
AdaBoost,No SMOTE,0,0,0.15152342713209221
AdaBoost,No SMOTE,0,0,0.1744311028445886
AdaBoost,No SMOTE,0,0,0.2193403423397052
AdaBoost,No SMOTE,0,0,0.14895992415852724
AdaBoost,No SMOTE,0,0,0.13586401457059089
AdaBoost,No SMOTE,0,0,0.1744311028445886
AdaBoost,No SMOTE,0,0,0.17726965587952628
AdaBoost,No SMOTE,0,0,0.17726965587952628
AdaBoost,No SMOTE,0,0,0.2193403423397052
AdaBoost,No SMOTE,0,0,0.1744311028445886
AdaBoost,No SMOTE,0,0,0.1689822365998279
AdaBoost,No SMOTE,0,0,0.22493649393812828
AdaBoost,No SMOTE,0,0,0.17726965587952628
AdaBoost,No SMOTE,0,0,0.13019713023369225
AdaBoost,No SMOTE,0,0,0.14895992415852724
AdaBoost,No SMOTE,0,0,0.16618389338377842
AdaBoost,No SMOTE,0,0,0.17726965587952628
AdaBoost,No SMOTE,0,0,0.1744311028445886
AdaBoost,No SMOTE,0,0,0.17726965587952628
AdaBoost,No SMOTE,0,0,0.1689822365998279
AdaBoost,No SMOTE,0,0,0.1744311028445886
AdaBoost,No SMOTE,0,0,0.1744311028445886
AdaBoost,No SMOTE,0,0,0.22493649393812828
AdaBoost,No SMOTE,0,0,0.1689822365998279
AdaBoost,No SMOTE,0,0,0.1744311028445886
AdaBoost,No SMOTE,0,0,0.1689822365998279
AdaBoost,No SMOTE,0,0,0.205659675438033
AdaBoost,No SMOTE,0,0,0.11920292202211763
AdaBoost,No SMOTE,0,0,0.14895992415852724
AdaBoost,No SMOTE,0,0,0.1431423024436669
AdaBoost,No SMOTE,0,0,0.17726965587952628
AdaBoost,No SMOTE,0,0,0.1689822365998279
AdaBoost,No SMOTE,0,0,0.13586401457059089
AdaBoost,No SMOTE,0,0,0.1689822365998279
AdaBoost,No SMOTE,0,0,0.21607329118820193
AdaBoost,No SMOTE,0,0,0.17726965587952628
AdaBoost,No SMOTE,0,0,0.1689822365998279
AdaBoost,No SMOTE,0,0,0.1744311028445886
AdaBoost,No SMOTE,0,0,0.1689822365998279
AdaBoost,No SMOTE,0,0,0.17726965587952628
AdaBoost,No SMOTE,0,0,0.1744311028445886
AdaBoost,No SMOTE,0,0,0.1744311028445886
AdaBoost,No SMOTE,0,0,0.1719470769852437
AdaBoost,No SMOTE,0,0,0.1431423024436669
AdaBoost,No SMOTE,0,0,0.14895992415852724
AdaBoost,No SMOTE,0,0,0.1689822365998279
AdaBoost,No SMOTE,0,0,0.21607329118820193
AdaBoost,No SMOTE,0,0,0.1744311028445886
AdaBoost,No SMOTE,0,0,0.17726965587952628
AdaBoost,No SMOTE,0,0,0.17726965587952628
AdaBoost,No SMOTE,0,0,0.21607329118820193
AdaBoost,No SMOTE,0,0,0.1689822365998279
AdaBoost,No SMOTE,0,0,0.17726965587952628
AdaBoost,No SMOTE,0,0,0.1689822365998279
AdaBoost,No SMOTE,0,0,0.17726965587952628
AdaBoost,No SMOTE,0,0,0.17726965587952628
AdaBoost,No SMOTE,0,0,0.16203849466010875
AdaBoost,No SMOTE,0,0,0.1744311028445886
AdaBoost,No SMOTE,0,0,0.22503945156210842
AdaBoost,No SMOTE,0,0,0.17726965587952628
AdaBoost,No SMOTE,0,0,0.26348243932586984
AdaBoost,No SMOTE,0,0,0.205659675438033
AdaBoost,No SMOTE,0,0,0.1689822365998279
AdaBoost,No SMOTE,0,0,0.1431423024436669
AdaBoost,No SMOTE,0,0,0.1689822365998279
AdaBoost,No SMOTE,0,0,0.1744311028445886
AdaBoost,No SMOTE,0,0,0.1744311028445886
AdaBoost,No SMOTE,0,0,0.17726965587952628
AdaBoost,No SMOTE,0,0,0.16618389338377842
AdaBoost,No SMOTE,0,0,0.1431423024436669
AdaBoost,No SMOTE,0,0,0.1689822365998279
AdaBoost,No SMOTE,0,0,0.13586401457059089
AdaBoost,No SMOTE,0,0,0.16618389338377842
AdaBoost,No SMOTE,0,0,0.1689822365998279
AdaBoost,No SMOTE,0,0,0.1689822365998279
AdaBoost,No SMOTE,0,0,0.18800989342479768
AdaBoost,No SMOTE,0,0,0.1689822365998279
AdaBoost,No SMOTE,0,0,0.1744311028445886
AdaBoost,No SMOTE,0,0,0.1431363477165842
AdaBoost,No SMOTE,0,0,0.17726965587952628
AdaBoost,No SMOTE,0,0,0.22493649393812828
AdaBoost,No SMOTE,0,0,0.17726965587952628
AdaBoost,No SMOTE,0,0,0.1689822365998279
AdaBoost,No SMOTE,0,0,0.17643129068755622
AdaBoost,No SMOTE,0,0,0.2193403423397052
AdaBoost,No SMOTE,0,0,0.1744311028445886
AdaBoost,No SMOTE,0,0,0.17726965587952628
AdaBoost,No SMOTE,0,0,0.1689822365998279
AdaBoost,No SMOTE,0,0,0.22017433581447826
AdaBoost,No SMOTE,0,0,0.1689822365998279
AdaBoost,No SMOTE,0,0,0.16342013312650427
AdaBoost,No SMOTE,0,0,0.22493649393812828
AdaBoost,No SMOTE,0,0,0.1689822365998279
AdaBoost,No SMOTE,0,0,0.13019713023369225
AdaBoost,No SMOTE,0,0,0.17726965587952628
AdaBoost,No SMOTE,0,0,0.1744311028445886
AdaBoost,No SMOTE,0,0,0.21607329118820193
AdaBoost,No SMOTE,0,0,0.22493649393812828
AdaBoost,No SMOTE,0,0,0.21607329118820193
AdaBoost,No SMOTE,0,0,0.16342013312650427
AdaBoost,No SMOTE,0,0,0.16895403564617684
AdaBoost,No SMOTE,0,0,0.13019713023369225
AdaBoost,No SMOTE,0,0,0.17726965587952628
AdaBoost,No SMOTE,0,0,0.21607329118820193
AdaBoost,No SMOTE,0,0,0.1744311028445886
AdaBoost,No SMOTE,0,0,0.17726965587952628
AdaBoost,No SMOTE,0,0,0.1744311028445886
AdaBoost,No SMOTE,0,0,0.17726965587952628
AdaBoost,No SMOTE,0,0,0.1744311028445886
AdaBoost,No SMOTE,0,0,0.17726965587952628
AdaBoost,No SMOTE,0,0,0.14895992415852724
AdaBoost,No SMOTE,0,0,0.16895403564617684
AdaBoost,No SMOTE,0,0,0.1744311028445886
AdaBoost,No SMOTE,0,0,0.1689822365998279
AdaBoost,No SMOTE,0,0,0.17726965587952628
AdaBoost,No SMOTE,0,0,0.16342013312650427
AdaBoost,No SMOTE,0,0,0.1456228192075175
AdaBoost,No SMOTE,0,0,0.13586401457059089
AdaBoost,No SMOTE,0,0,0.1689822365998279
AdaBoost,No SMOTE,0,0,0.22493649393812828
AdaBoost,No SMOTE,0,0,0.14895992415852724
AdaBoost,No SMOTE,0,0,0.22493649393812828
AdaBoost,No SMOTE,0,0,0.1931443810264556
AdaBoost,No SMOTE,0,0,0.2193403423397052
AdaBoost,No SMOTE,0,0,0.23435506113090693
AdaBoost,No SMOTE,0,0,0.21607329118820193
AdaBoost,No SMOTE,0,0,0.21607329118820193
AdaBoost,No SMOTE,0,0,0.21607329118820193
AdaBoost,No SMOTE,0,0,0.1689822365998279
AdaBoost,No SMOTE,0,0,0.1689822365998279
AdaBoost,No SMOTE,0,0,0.14895992415852724
AdaBoost,No SMOTE,0,0,0.18496367037446623
AdaBoost,No SMOTE,0,0,0.17726965587952628
AdaBoost,No SMOTE,0,0,0.17726965587952628
AdaBoost,No SMOTE,0,0,0.17726965587952628
AdaBoost,No SMOTE,0,0,0.17726965587952628
AdaBoost,No SMOTE,0,0,0.1689822365998279
AdaBoost,No SMOTE,0,0,0.16342013312650427
AdaBoost,No SMOTE,0,0,0.22493649393812828
AdaBoost,No SMOTE,0,0,0.16895403564617684
AdaBoost,No SMOTE,0,0,0.1689822365998279
AdaBoost,No SMOTE,0,0,0.13019713023369225
AdaBoost,No SMOTE,0,0,0.1689822365998279
AdaBoost,No SMOTE,0,0,0.1744311028445886
AdaBoost,No SMOTE,0,0,0.16618389338377842
AdaBoost,No SMOTE,0,0,0.17726965587952628
AdaBoost,No SMOTE,0,0,0.14895992415852724
AdaBoost,No SMOTE,0,0,0.17726965587952628
AdaBoost,No SMOTE,0,0,0.1744311028445886
AdaBoost,No SMOTE,0,0,0.14895992415852724
AdaBoost,No SMOTE,0,0,0.19090832035678107
AdaBoost,No SMOTE,0,0,0.1744311028445886
AdaBoost,No SMOTE,0,0,0.1689822365998279
AdaBoost,No SMOTE,0,0,0.17726965587952628
AdaBoost,No SMOTE,0,0,0.22843520662470906
AdaBoost,No SMOTE,0,0,0.16342013312650427
AdaBoost,No SMOTE,0,0,0.13586401457059089
AdaBoost,No SMOTE,0,0,0.1689822365998279
AdaBoost,No SMOTE,0,0,0.18496367037446623
AdaBoost,No SMOTE,0,0,0.1456228192075175
AdaBoost,No SMOTE,0,0,0.22493649393812828
AdaBoost,No SMOTE,0,0,0.1689822365998279
AdaBoost,No SMOTE,0,0,0.18496367037446623
AdaBoost,No SMOTE,0,0,0.11920292202211763
AdaBoost,No SMOTE,0,0,0.2193403423397052
AdaBoost,No SMOTE,0,0,0.17726965587952628
AdaBoost,No SMOTE,0,0,0.17726965587952628
AdaBoost,No SMOTE,0,0,0.1689822365998279
AdaBoost,No SMOTE,0,0,0.22017433581447826
AdaBoost,No SMOTE,0,0,0.17726965587952628
AdaBoost,No SMOTE,0,0,0.13586401457059089
AdaBoost,No SMOTE,0,0,0.1689822365998279
AdaBoost,No SMOTE,0,0,0.1689822365998279
AdaBoost,No SMOTE,0,0,0.14895992415852724
AdaBoost,No SMOTE,0,0,0.1689822365998279
AdaBoost,No SMOTE,0,0,0.191758796857404
AdaBoost,No SMOTE,0,0,0.17726965587952628
AdaBoost,No SMOTE,0,0,0.17726965587952628
AdaBoost,No SMOTE,0,0,0.2193403423397052
AdaBoost,No SMOTE,0,0,0.1744311028445886
AdaBoost,No SMOTE,0,0,0.14895992415852724
AdaBoost,No SMOTE,0,0,0.1689822365998279
AdaBoost,No SMOTE,0,0,0.22017433581447826
AdaBoost,No SMOTE,0,0,0.17133680384090874
AdaBoost,No SMOTE,0,0,0.1431363477165842
AdaBoost,No SMOTE,0,0,0.1689822365998279
AdaBoost,No SMOTE,0,0,0.23435506113090693
AdaBoost,No SMOTE,0,0,0.16618389338377842
AdaBoost,No SMOTE,0,0,0.1744311028445886
AdaBoost,No SMOTE,0,0,0.1719470769852437
AdaBoost,No SMOTE,0,0,0.14895992415852724
AdaBoost,No SMOTE,0,0,0.16895403564617684
AdaBoost,No SMOTE,0,0,0.1744311028445886
AdaBoost,No SMOTE,0,0,0.17726965587952628
AdaBoost,No SMOTE,0,0,0.18800989342479768
AdaBoost,No SMOTE,0,0,0.17726965587952628
AdaBoost,No SMOTE,0,0,0.17726965587952628
AdaBoost,No SMOTE,0,0,0.17726965587952628
AdaBoost,No SMOTE,0,0,0.13586401457059089
AdaBoost,No SMOTE,0,0,0.17726965587952628
AdaBoost,No SMOTE,0,0,0.21607329118820193
AdaBoost,No SMOTE,0,0,0.1431423024436669
AdaBoost,No SMOTE,0,0,0.13586401457059089
AdaBoost,No SMOTE,0,0,0.1744311028445886
AdaBoost,No SMOTE,0,0,0.17726965587952628
AdaBoost,No SMOTE,0,0,0.16342013312650427
AdaBoost,No SMOTE,0,0,0.17726965587952628
AdaBoost,No SMOTE,0,0,0.1689822365998279
AdaBoost,No SMOTE,0,0,0.1744311028445886
AdaBoost,No SMOTE,0,0,0.14895992415852724
AdaBoost,No SMOTE,0,0,0.1744311028445886
AdaBoost,No SMOTE,0,0,0.17726965587952628
AdaBoost,No SMOTE,0,0,0.1689822365998279
AdaBoost,No SMOTE,0,0,0.1744311028445886
AdaBoost,No SMOTE,0,0,0.1744311028445886
AdaBoost,No SMOTE,0,0,0.16618389338377842
AdaBoost,No SMOTE,0,0,0.14895992415852724
AdaBoost,No SMOTE,0,0,0.14895992415852724
AdaBoost,No SMOTE,0,0,0.17726965587952628
AdaBoost,No SMOTE,0,0,0.1719470769852437
AdaBoost,No SMOTE,0,0,0.21607329118820193
AdaBoost,No SMOTE,0,0,0.191758796857404
AdaBoost,No SMOTE,0,0,0.16618389338377842
AdaBoost,No SMOTE,0,0,0.1786840584100862
AdaBoost,No SMOTE,0,0,0.1689822365998279
AdaBoost,No SMOTE,0,0,0.1431363477165842
AdaBoost,No SMOTE,0,0,0.1689822365998279
AdaBoost,No SMOTE,0,0,0.17726965587952628
AdaBoost,No SMOTE,0,0,0.14895992415852724
AdaBoost,No SMOTE,0,0,0.14895992415852724
AdaBoost,No SMOTE,0,0,0.2217171988769872
AdaBoost,No SMOTE,0,0,0.1689822365998279
AdaBoost,No SMOTE,0,0,0.22017433581447826
AdaBoost,No SMOTE,0,0,0.1431363477165842
AdaBoost,No SMOTE,0,0,0.11920292202211763
AdaBoost,No SMOTE,0,0,0.14895992415852724
AdaBoost,No SMOTE,0,0,0.1744311028445886
AdaBoost,No SMOTE,0,0,0.14895992415852724
AdaBoost,No SMOTE,0,0,0.16895403564617684
AdaBoost,No SMOTE,0,0,0.1744311028445886
AdaBoost,No SMOTE,0,0,0.1744311028445886
AdaBoost,No SMOTE,0,0,0.14895992415852724
AdaBoost,No SMOTE,0,0,0.1744311028445886
AdaBoost,No SMOTE,0,0,0.1689822365998279
AdaBoost,No SMOTE,0,0,0.14895992415852724
AdaBoost,No SMOTE,0,0,0.17726965587952628
AdaBoost,No SMOTE,0,0,0.1744311028445886
AdaBoost,No SMOTE,0,0,0.13586401457059089
AdaBoost,No SMOTE,0,0,0.13586401457059089
AdaBoost,No SMOTE,0,0,0.17726965587952628
AdaBoost,No SMOTE,0,0,0.17726965587952628
AdaBoost,No SMOTE,0,0,0.17726965587952628
AdaBoost,No SMOTE,0,0,0.17043552930931818
AdaBoost,No SMOTE,0,0,0.2193403423397052
AdaBoost,No SMOTE,0,0,0.14895992415852724
AdaBoost,No SMOTE,0,0,0.1744311028445886
AdaBoost,No SMOTE,0,0,0.1689822365998279
AdaBoost,No SMOTE,0,0,0.1744311028445886
AdaBoost,No SMOTE,0,0,0.11920292202211763
AdaBoost,No SMOTE,0,0,0.17726965587952628
AdaBoost,No SMOTE,0,0,0.21607329118820193
AdaBoost,No SMOTE,0,0,0.17726965587952628
AdaBoost,No SMOTE,0,0,0.18800989342479768
AdaBoost,No SMOTE,0,0,0.17726965587952628
AdaBoost,No SMOTE,0,0,0.1689822365998279
AdaBoost,No SMOTE,0,0,0.13586401457059089
AdaBoost,No SMOTE,0,0,0.16342013312650427
AdaBoost,No SMOTE,0,0,0.1689822365998279
AdaBoost,No SMOTE,0,0,0.14798688540029464
AdaBoost,No SMOTE,0,0,0.22493649393812828
AdaBoost,No SMOTE,0,0,0.17726965587952628
AdaBoost,No SMOTE,0,0,0.16618389338377842
AdaBoost,No SMOTE,0,0,0.17726965587952628
AdaBoost,No SMOTE,0,0,0.17726965587952628
AdaBoost,No SMOTE,0,0,0.17726965587952628
AdaBoost,No SMOTE,0,0,0.13586401457059089
AdaBoost,No SMOTE,0,0,0.1689822365998279
AdaBoost,No SMOTE,0,0,0.1689822365998279
AdaBoost,No SMOTE,0,0,0.17726965587952628
AdaBoost,No SMOTE,0,0,0.17726965587952628
AdaBoost,No SMOTE,0,0,0.1689822365998279
AdaBoost,No SMOTE,0,0,0.1719470769852437
AdaBoost,No SMOTE,0,0,0.22493649393812828
AdaBoost,No SMOTE,0,0,0.17726965587952628
AdaBoost,No SMOTE,0,0,0.18496367037446623
AdaBoost,No SMOTE,0,0,0.11920292202211763
AdaBoost,No SMOTE,0,0,0.1744311028445886
AdaBoost,No SMOTE,0,0,0.17726965587952628
AdaBoost,No SMOTE,0,0,0.13019713023369225
AdaBoost,No SMOTE,0,0,0.1719470769852437
AdaBoost,No SMOTE,0,0,0.26348243932586984
AdaBoost,No SMOTE,0,0,0.13586401457059089
AdaBoost,No SMOTE,0,0,0.21607329118820193
AdaBoost,No SMOTE,0,0,0.17643129068755622
AdaBoost,No SMOTE,0,0,0.18496367037446623
AdaBoost,No SMOTE,0,0,0.14895992415852724
AdaBoost,No SMOTE,0,0,0.17726965587952628
AdaBoost,No SMOTE,0,0,0.17726965587952628
AdaBoost,No SMOTE,0,0,0.17726965587952628
AdaBoost,No SMOTE,0,0,0.14895992415852724
AdaBoost,No SMOTE,0,0,0.22843520662470906
AdaBoost,No SMOTE,0,0,0.1689822365998279
AdaBoost,No SMOTE,0,0,0.1689822365998279
AdaBoost,No SMOTE,0,0,0.1689822365998279
AdaBoost,No SMOTE,0,0,0.1744311028445886
AdaBoost,No SMOTE,0,0,0.1689822365998279
AdaBoost,No SMOTE,0,0,0.21607329118820193
AdaBoost,No SMOTE,0,0,0.13019713023369225
AdaBoost,No SMOTE,0,0,0.2217171988769872
AdaBoost,No SMOTE,0,0,0.1817818847462829
AdaBoost,No SMOTE,0,0,0.16342013312650427
AdaBoost,No SMOTE,0,0,0.1689822365998279
AdaBoost,No SMOTE,0,0,0.17726965587952628
AdaBoost,No SMOTE,0,0,0.1689822365998279
AdaBoost,No SMOTE,0,0,0.17726965587952628
AdaBoost,No SMOTE,0,0,0.17726965587952628
AdaBoost,No SMOTE,0,0,0.14895992415852724
AdaBoost,No SMOTE,0,0,0.17726965587952628
AdaBoost,No SMOTE,0,0,0.17726965587952628
AdaBoost,No SMOTE,0,0,0.17726965587952628
AdaBoost,No SMOTE,0,0,0.16203849466010875
AdaBoost,No SMOTE,0,0,0.14895992415852724
AdaBoost,No SMOTE,0,0,0.17726965587952628
AdaBoost,No SMOTE,0,0,0.18496367037446623
AdaBoost,No SMOTE,0,0,0.11920292202211763
AdaBoost,No SMOTE,0,0,0.22493649393812828
AdaBoost,No SMOTE,0,0,0.2193403423397052
AdaBoost,No SMOTE,0,0,0.1744311028445886
AdaBoost,No SMOTE,0,0,0.1744311028445886
AdaBoost,No SMOTE,0,0,0.15152342713209221
AdaBoost,No SMOTE,0,0,0.18800989342479768
AdaBoost,No SMOTE,0,0,0.1719470769852437
AdaBoost,No SMOTE,0,0,0.18800989342479768
AdaBoost,No SMOTE,0,0,0.1744311028445886
AdaBoost,No SMOTE,0,0,0.16342013312650427
AdaBoost,No SMOTE,0,0,0.17726965587952628
AdaBoost,No SMOTE,0,0,0.1744311028445886
AdaBoost,No SMOTE,0,0,0.14895992415852724
AdaBoost,No SMOTE,0,0,0.13586401457059089
AdaBoost,No SMOTE,0,0,0.1744311028445886
AdaBoost,No SMOTE,0,0,0.17726965587952628
AdaBoost,No SMOTE,0,0,0.1689822365998279
AdaBoost,No SMOTE,0,0,0.13019713023369225
AdaBoost,No SMOTE,0,0,0.21607329118820193
AdaBoost,No SMOTE,0,0,0.22493649393812828
AdaBoost,No SMOTE,0,0,0.16342013312650427
AdaBoost,No SMOTE,0,0,0.1689822365998279
AdaBoost,No SMOTE,0,0,0.1689822365998279
AdaBoost,No SMOTE,0,0,0.17726965587952628
AdaBoost,No SMOTE,0,0,0.17726965587952628
AdaBoost,No SMOTE,0,0,0.11920292202211763
AdaBoost,No SMOTE,0,0,0.17726965587952628
AdaBoost,No SMOTE,0,0,0.1689822365998279
AdaBoost,No SMOTE,0,0,0.13019713023369225
AdaBoost,No SMOTE,0,0,0.1689822365998279
AdaBoost,No SMOTE,0,0,0.16342013312650427
AdaBoost,No SMOTE,0,0,0.17726965587952628
AdaBoost,No SMOTE,0,0,0.18496367037446623
AdaBoost,No SMOTE,0,0,0.1744311028445886
AdaBoost,No SMOTE,0,0,0.1689822365998279
AdaBoost,No SMOTE,0,0,0.19805707668831612
AdaBoost,No SMOTE,0,0,0.1689822365998279
AdaBoost,No SMOTE,0,0,0.17726965587952628
AdaBoost,No SMOTE,0,0,0.17726965587952628
AdaBoost,No SMOTE,0,0,0.1744311028445886
AdaBoost,No SMOTE,0,0,0.1689822365998279
AdaBoost,No SMOTE,0,0,0.16867357177983938
AdaBoost,No SMOTE,0,0,0.18496367037446623
AdaBoost,No SMOTE,0,0,0.16895403564617684
AdaBoost,No SMOTE,0,0,0.1689822365998279
AdaBoost,No SMOTE,0,0,0.17643129068755622
AdaBoost,No SMOTE,0,0,0.17726965587952628
AdaBoost,No SMOTE,0,0,0.18800989342479768
AdaBoost,No SMOTE,0,0,0.1744311028445886
AdaBoost,No SMOTE,0,0,0.13586401457059089
AdaBoost,No SMOTE,0,0,0.16895403564617684
AdaBoost,No SMOTE,0,0,0.21928751511544514
AdaBoost,No SMOTE,0,0,0.14895992415852724
AdaBoost,No SMOTE,0,0,0.11920292202211763
AdaBoost,No SMOTE,0,0,0.14895992415852724
AdaBoost,No SMOTE,0,0,0.22493649393812828
AdaBoost,No SMOTE,0,0,0.13019713023369225
AdaBoost,No SMOTE,0,0,0.22493649393812828
AdaBoost,No SMOTE,0,0,0.1689822365998279
AdaBoost,No SMOTE,0,0,0.13019713023369225
AdaBoost,No SMOTE,0,0,0.14895992415852724
AdaBoost,No SMOTE,0,0,0.22044238283982498
AdaBoost,No SMOTE,0,0,0.14895992415852724
AdaBoost,No SMOTE,0,0,0.13586401457059089
AdaBoost,No SMOTE,0,0,0.13586401457059089
AdaBoost,No SMOTE,0,0,0.22493649393812828
AdaBoost,No SMOTE,0,0,0.17643129068755622
AdaBoost,No SMOTE,0,0,0.13019713023369225
AdaBoost,No SMOTE,0,0,0.20002774141121915
AdaBoost,No SMOTE,0,0,0.1744311028445886
AdaBoost,No SMOTE,0,0,0.1719470769852437
AdaBoost,No SMOTE,0,0,0.20002774141121915
AdaBoost,No SMOTE,0,0,0.14895992415852724
AdaBoost,No SMOTE,0,0,0.1689822365998279
AdaBoost,No SMOTE,0,0,0.1689822365998279
AdaBoost,No SMOTE,0,0,0.17726965587952628
AdaBoost,No SMOTE,0,0,0.17726965587952628
AdaBoost,No SMOTE,0,0,0.22843520662470906
AdaBoost,No SMOTE,0,0,0.22493649393812828
AdaBoost,No SMOTE,0,0,0.17726965587952628
AdaBoost,No SMOTE,0,0,0.16895403564617684
AdaBoost,No SMOTE,0,0,0.14895992415852724
AdaBoost,No SMOTE,0,0,0.17726965587952628
AdaBoost,No SMOTE,0,0,0.26348243932586984
AdaBoost,No SMOTE,0,0,0.17726965587952628
AdaBoost,No SMOTE,0,0,0.1689822365998279
AdaBoost,No SMOTE,0,0,0.17726965587952628
AdaBoost,No SMOTE,0,0,0.16203849466010875
AdaBoost,No SMOTE,0,0,0.16867357177983938
AdaBoost,No SMOTE,0,0,0.17643129068755622
AdaBoost,No SMOTE,0,0,0.1431423024436669
AdaBoost,No SMOTE,0,0,0.18496367037446623
AdaBoost,No SMOTE,0,0,0.18496367037446623
AdaBoost,No SMOTE,0,0,0.17133680384090874
AdaBoost,No SMOTE,0,0,0.1689822365998279
AdaBoost,No SMOTE,0,0,0.1719470769852437
AdaBoost,No SMOTE,0,0,0.1689822365998279
AdaBoost,No SMOTE,0,0,0.17726965587952628
AdaBoost,No SMOTE,0,0,0.17726965587952628
AdaBoost,No SMOTE,0,0,0.1689822365998279
AdaBoost,No SMOTE,0,0,0.22493649393812828
AdaBoost,No SMOTE,0,0,0.1744311028445886
AdaBoost,No SMOTE,0,0,0.17726965587952628
AdaBoost,No SMOTE,0,0,0.1689822365998279
AdaBoost,No SMOTE,0,0,0.1689822365998279
AdaBoost,No SMOTE,0,0,0.11920292202211763
AdaBoost,No SMOTE,0,0,0.14895992415852724
AdaBoost,No SMOTE,0,0,0.205659675438033
AdaBoost,No SMOTE,0,0,0.1689822365998279
AdaBoost,No SMOTE,0,0,0.1689822365998279
AdaBoost,No SMOTE,0,0,0.1744311028445886
AdaBoost,No SMOTE,0,0,0.1744311028445886
AdaBoost,No SMOTE,0,0,0.17726965587952628
AdaBoost,No SMOTE,0,0,0.22493649393812828
AdaBoost,No SMOTE,0,0,0.1431423024436669
AdaBoost,No SMOTE,0,0,0.22843520662470906
AdaBoost,No SMOTE,0,0,0.1689822365998279
AdaBoost,No SMOTE,0,0,0.1744311028445886
AdaBoost,No SMOTE,0,0,0.16342013312650427
AdaBoost,No SMOTE,0,0,0.1744311028445886
AdaBoost,No SMOTE,0,0,0.1744311028445886
AdaBoost,No SMOTE,0,0,0.1689822365998279
AdaBoost,No SMOTE,0,0,0.2193403423397052
AdaBoost,No SMOTE,0,0,0.22044238283982498
AdaBoost,No SMOTE,0,0,0.17726965587952628
AdaBoost,No SMOTE,0,0,0.191758796857404
AdaBoost,No SMOTE,0,0,0.17726965587952628
AdaBoost,No SMOTE,0,0,0.1744311028445886
AdaBoost,No SMOTE,0,0,0.1744311028445886
AdaBoost,No SMOTE,0,0,0.16342013312650427
AdaBoost,No SMOTE,0,0,0.1689822365998279
AdaBoost,No SMOTE,0,0,0.18496367037446623
AdaBoost,No SMOTE,0,0,0.1689822365998279
AdaBoost,No SMOTE,0,0,0.2850837726175028
AdaBoost,No SMOTE,0,0,0.17726965587952628
AdaBoost,No SMOTE,0,0,0.14895992415852724
AdaBoost,No SMOTE,0,0,0.21607329118820193
AdaBoost,No SMOTE,0,0,0.13586401457059089
AdaBoost,No SMOTE,0,0,0.1431423024436669
AdaBoost,No SMOTE,0,0,0.13019713023369225
AdaBoost,No SMOTE,0,0,0.13019713023369225
AdaBoost,No SMOTE,0,0,0.1689822365998279
AdaBoost,No SMOTE,0,0,0.14895992415852724
AdaBoost,No SMOTE,0,0,0.13019713023369225
AdaBoost,No SMOTE,0,0,0.2193403423397052
AdaBoost,No SMOTE,0,0,0.191758796857404
AdaBoost,No SMOTE,0,0,0.1431423024436669
AdaBoost,No SMOTE,0,0,0.1689822365998279
AdaBoost,No SMOTE,0,0,0.17726965587952628
AdaBoost,No SMOTE,0,0,0.1719470769852437
AdaBoost,No SMOTE,0,0,0.1744311028445886
AdaBoost,No SMOTE,0,0,0.1744311028445886
AdaBoost,No SMOTE,0,0,0.1744311028445886
AdaBoost,No SMOTE,0,0,0.17726965587952628
AdaBoost,No SMOTE,0,0,0.1689822365998279
AdaBoost,No SMOTE,0,0,0.1744311028445886
AdaBoost,No SMOTE,0,0,0.17726965587952628
AdaBoost,No SMOTE,0,0,0.1689822365998279
AdaBoost,No SMOTE,0,0,0.13019713023369225
AdaBoost,No SMOTE,0,0,0.17726965587952628
AdaBoost,No SMOTE,0,0,0.17726965587952628
AdaBoost,No SMOTE,0,0,0.14895992415852724
AdaBoost,No SMOTE,0,0,0.1689822365998279
AdaBoost,No SMOTE,0,0,0.16618389338377842
AdaBoost,No SMOTE,0,0,0.1744311028445886
AdaBoost,No SMOTE,0,0,0.1689822365998279
AdaBoost,No SMOTE,0,0,0.17726965587952628
AdaBoost,No SMOTE,0,0,0.17726965587952628
AdaBoost,No SMOTE,0,0,0.22493649393812828
AdaBoost,No SMOTE,0,0,0.1744311028445886
AdaBoost,No SMOTE,0,0,0.1431423024436669
AdaBoost,No SMOTE,0,0,0.17726965587952628
AdaBoost,No SMOTE,0,0,0.1744311028445886
AdaBoost,No SMOTE,0,0,0.191758796857404
AdaBoost,No SMOTE,0,0,0.17726965587952628
AdaBoost,No SMOTE,0,0,0.18800989342479768
AdaBoost,No SMOTE,0,0,0.17726965587952628
AdaBoost,No SMOTE,0,0,0.2193403423397052
AdaBoost,No SMOTE,0,0,0.17726965587952628
AdaBoost,No SMOTE,0,0,0.17726965587952628
AdaBoost,No SMOTE,0,0,0.17043552930931818
AdaBoost,No SMOTE,0,0,0.18800989342479768
AdaBoost,No SMOTE,0,0,0.1744311028445886
AdaBoost,No SMOTE,0,0,0.1744311028445886
AdaBoost,No SMOTE,0,0,0.13019713023369225
AdaBoost,No SMOTE,0,0,0.14895992415852724
AdaBoost,No SMOTE,0,0,0.16342013312650427
AdaBoost,No SMOTE,0,0,0.13586401457059089
AdaBoost,No SMOTE,0,0,0.1689822365998279
AdaBoost,No SMOTE,0,0,0.1689822365998279
AdaBoost,No SMOTE,0,0,0.1744311028445886
AdaBoost,No SMOTE,0,0,0.2193403423397052
AdaBoost,No SMOTE,0,0,0.1456228192075175
AdaBoost,No SMOTE,0,0,0.18800989342479768
AdaBoost,No SMOTE,0,0,0.18496367037446623
AdaBoost,No SMOTE,0,0,0.1689822365998279
AdaBoost,No SMOTE,0,0,0.1744311028445886
AdaBoost,No SMOTE,0,0,0.1719470769852437
AdaBoost,No SMOTE,0,0,0.1689822365998279
AdaBoost,No SMOTE,0,0,0.1744311028445886
AdaBoost,No SMOTE,0,0,0.1431423024436669
AdaBoost,No SMOTE,0,0,0.1689822365998279
AdaBoost,No SMOTE,0,0,0.1744311028445886
AdaBoost,No SMOTE,0,0,0.22044238283982498
AdaBoost,No SMOTE,0,0,0.14895992415852724
AdaBoost,No SMOTE,0,0,0.1744311028445886
AdaBoost,No SMOTE,0,0,0.16618389338377842
AdaBoost,No SMOTE,0,0,0.16895403564617684
AdaBoost,No SMOTE,0,0,0.1431423024436669
AdaBoost,No SMOTE,0,0,0.1689822365998279
AdaBoost,No SMOTE,0,0,0.1744311028445886
AdaBoost,No SMOTE,0,0,0.16203849466010875
AdaBoost,No SMOTE,0,0,0.1431423024436669
AdaBoost,No SMOTE,0,0,0.1689822365998279
AdaBoost,No SMOTE,0,0,0.2193403423397052
AdaBoost,No SMOTE,0,0,0.13019713023369225
AdaBoost,No SMOTE,0,0,0.1689822365998279
AdaBoost,No SMOTE,0,0,0.17726965587952628
AdaBoost,No SMOTE,0,0,0.1689822365998279
AdaBoost,No SMOTE,0,0,0.1431423024436669
AdaBoost,No SMOTE,0,0,0.18496367037446623
AdaBoost,No SMOTE,0,0,0.14895992415852724
AdaBoost,No SMOTE,0,0,0.1689822365998279
AdaBoost,No SMOTE,0,0,0.17726965587952628
AdaBoost,No SMOTE,0,0,0.22843520662470906
AdaBoost,No SMOTE,0,0,0.13019713023369225
AdaBoost,No SMOTE,0,0,0.16342013312650427
AdaBoost,No SMOTE,0,0,0.16895403564617684
AdaBoost,No SMOTE,0,0,0.17726965587952628
AdaBoost,No SMOTE,0,0,0.1689822365998279
AdaBoost,No SMOTE,0,0,0.16203849466010875
AdaBoost,No SMOTE,0,0,0.1689822365998279
AdaBoost,No SMOTE,0,0,0.16342013312650427
AdaBoost,No SMOTE,0,0,0.1456228192075175
AdaBoost,No SMOTE,0,0,0.17726965587952628
AdaBoost,No SMOTE,0,0,0.17726965587952628
AdaBoost,No SMOTE,0,0,0.16895403564617684
AdaBoost,No SMOTE,0,0,0.1689822365998279
AdaBoost,No SMOTE,0,0,0.2193403423397052
AdaBoost,No SMOTE,0,0,0.16618389338377842
AdaBoost,No SMOTE,0,0,0.16342013312650427
AdaBoost,No SMOTE,0,0,0.1689822365998279
AdaBoost,No SMOTE,0,0,0.1689822365998279
AdaBoost,No SMOTE,0,0,0.1744311028445886
AdaBoost,No SMOTE,0,0,0.1719470769852437
AdaBoost,No SMOTE,0,0,0.1689822365998279
AdaBoost,No SMOTE,0,0,0.22843520662470906
AdaBoost,No SMOTE,0,0,0.1744311028445886
AdaBoost,No SMOTE,0,0,0.1689822365998279
AdaBoost,No SMOTE,0,0,0.1689822365998279
AdaBoost,No SMOTE,0,0,0.16342013312650427
AdaBoost,No SMOTE,0,0,0.17643129068755622
AdaBoost,No SMOTE,0,0,0.22493649393812828
AdaBoost,No SMOTE,0,0,0.1744311028445886
AdaBoost,No SMOTE,0,0,0.17726965587952628
AdaBoost,No SMOTE,0,0,0.1744311028445886
AdaBoost,No SMOTE,0,0,0.13019713023369225
AdaBoost,No SMOTE,0,0,0.1744311028445886
AdaBoost,No SMOTE,0,0,0.21928751511544514
AdaBoost,No SMOTE,0,0,0.18496367037446623
AdaBoost,No SMOTE,0,0,0.16342013312650427
AdaBoost,No SMOTE,0,0,0.17726965587952628
AdaBoost,No SMOTE,0,0,0.1689822365998279
AdaBoost,No SMOTE,0,0,0.17726965587952628
AdaBoost,No SMOTE,0,0,0.1689822365998279
AdaBoost,No SMOTE,0,0,0.14895992415852724
AdaBoost,No SMOTE,0,0,0.14895992415852724
AdaBoost,No SMOTE,0,0,0.1744311028445886
AdaBoost,No SMOTE,0,0,0.17726965587952628
AdaBoost,No SMOTE,0,0,0.17726965587952628
AdaBoost,No SMOTE,0,0,0.17726965587952628
AdaBoost,No SMOTE,0,0,0.1744311028445886
AdaBoost,No SMOTE,0,0,0.1689822365998279
AdaBoost,No SMOTE,0,0,0.1689822365998279
AdaBoost,No SMOTE,0,0,0.1744311028445886
AdaBoost,No SMOTE,0,0,0.2193403423397052
AdaBoost,No SMOTE,0,0,0.17726965587952628
AdaBoost,No SMOTE,0,0,0.17726965587952628
AdaBoost,No SMOTE,0,0,0.1744311028445886
AdaBoost,No SMOTE,0,0,0.191758796857404
AdaBoost,No SMOTE,0,0,0.17643129068755622
AdaBoost,No SMOTE,0,0,0.1744311028445886
AdaBoost,No SMOTE,0,0,0.22295168509089985
AdaBoost,No SMOTE,0,0,0.1744311028445886
AdaBoost,No SMOTE,0,0,0.13586401457059089
AdaBoost,No SMOTE,0,0,0.13586401457059089
AdaBoost,No SMOTE,0,0,0.1689822365998279
AdaBoost,No SMOTE,0,0,0.1744311028445886
AdaBoost,No SMOTE,0,0,0.14895992415852724
AdaBoost,No SMOTE,0,0,0.17726965587952628
AdaBoost,No SMOTE,0,0,0.18800989342479768
AdaBoost,No SMOTE,0,0,0.1689822365998279
AdaBoost,No SMOTE,0,0,0.17726965587952628
AdaBoost,No SMOTE,0,0,0.1689822365998279
AdaBoost,No SMOTE,0,0,0.1689822365998279
AdaBoost,No SMOTE,0,0,0.17133680384090874
AdaBoost,No SMOTE,0,0,0.21607329118820193
AdaBoost,No SMOTE,0,0,0.17726965587952628
AdaBoost,No SMOTE,0,0,0.1744311028445886
AdaBoost,No SMOTE,0,0,0.17643129068755622
AdaBoost,No SMOTE,0,0,0.17726965587952628
AdaBoost,No SMOTE,0,0,0.13019713023369225
AdaBoost,No SMOTE,0,0,0.20002774141121915
AdaBoost,No SMOTE,0,0,0.1719470769852437
AdaBoost,No SMOTE,0,0,0.16895403564617684
AdaBoost,No SMOTE,0,0,0.17726965587952628
AdaBoost,No SMOTE,0,0,0.16342013312650427
AdaBoost,No SMOTE,0,0,0.17726965587952628
AdaBoost,No SMOTE,0,0,0.11920292202211763
AdaBoost,No SMOTE,0,0,0.17726965587952628
AdaBoost,No SMOTE,0,0,0.1744311028445886
AdaBoost,No SMOTE,0,0,0.17726965587952628
AdaBoost,No SMOTE,0,0,0.1744311028445886
AdaBoost,No SMOTE,0,0,0.1456228192075175
AdaBoost,No SMOTE,0,0,0.13019713023369225
AdaBoost,No SMOTE,0,0,0.1689822365998279
AdaBoost,No SMOTE,0,0,0.11920292202211763
AdaBoost,No SMOTE,0,0,0.1689822365998279
AdaBoost,No SMOTE,0,0,0.17726965587952628
AdaBoost,No SMOTE,0,0,0.1744311028445886
AdaBoost,No SMOTE,0,0,0.13586401457059089
AdaBoost,No SMOTE,0,0,0.13019713023369225
AdaBoost,No SMOTE,0,0,0.17043552930931818
AdaBoost,No SMOTE,0,0,0.1689822365998279
AdaBoost,No SMOTE,0,0,0.1689822365998279
AdaBoost,No SMOTE,0,0,0.17726965587952628
AdaBoost,No SMOTE,0,0,0.14895992415852724
AdaBoost,No SMOTE,0,0,0.14895992415852724
AdaBoost,No SMOTE,0,0,0.1689822365998279
AdaBoost,No SMOTE,0,0,0.13586401457059089
AdaBoost,No SMOTE,0,0,0.1744311028445886
AdaBoost,No SMOTE,0,0,0.1744311028445886
AdaBoost,No SMOTE,0,0,0.22493649393812828
AdaBoost,No SMOTE,0,0,0.13019713023369225
AdaBoost,No SMOTE,0,0,0.1744311028445886
AdaBoost,No SMOTE,0,0,0.1744311028445886
AdaBoost,No SMOTE,0,0,0.1744311028445886
AdaBoost,No SMOTE,0,0,0.1689822365998279
AdaBoost,No SMOTE,0,0,0.1744311028445886
AdaBoost,No SMOTE,0,0,0.1689822365998279
AdaBoost,No SMOTE,0,0,0.14895992415852724
AdaBoost,No SMOTE,0,0,0.1689822365998279
AdaBoost,No SMOTE,0,0,0.1719470769852437
AdaBoost,No SMOTE,0,0,0.14895992415852724
AdaBoost,No SMOTE,0,0,0.1689822365998279
AdaBoost,No SMOTE,0,0,0.22493649393812828
AdaBoost,No SMOTE,0,0,0.1744311028445886
AdaBoost,No SMOTE,0,0,0.17726965587952628
AdaBoost,No SMOTE,0,0,0.1689822365998279
AdaBoost,No SMOTE,0,0,0.17726965587952628
AdaBoost,No SMOTE,0,0,0.1744311028445886
AdaBoost,No SMOTE,0,0,0.1689822365998279
AdaBoost,No SMOTE,0,0,0.1689822365998279
AdaBoost,No SMOTE,0,0,0.1689822365998279
AdaBoost,No SMOTE,0,0,0.1689822365998279
AdaBoost,No SMOTE,0,0,0.191758796857404
AdaBoost,No SMOTE,0,0,0.1744311028445886
AdaBoost,No SMOTE,0,0,0.11920292202211763
AdaBoost,No SMOTE,0,0,0.22044238283982498
AdaBoost,No SMOTE,0,0,0.1744311028445886
AdaBoost,No SMOTE,0,0,0.16618389338377842
AdaBoost,No SMOTE,0,0,0.14895992415852724
AdaBoost,No SMOTE,0,0,0.1689822365998279
AdaBoost,No SMOTE,0,0,0.1689822365998279
AdaBoost,No SMOTE,0,0,0.1744311028445886
AdaBoost,No SMOTE,0,0,0.17726965587952628
AdaBoost,No SMOTE,0,0,0.1744311028445886
AdaBoost,No SMOTE,0,0,0.11920292202211763
AdaBoost,No SMOTE,0,0,0.1744311028445886
AdaBoost,No SMOTE,0,0,0.17726965587952628
AdaBoost,No SMOTE,0,0,0.17726965587952628
AdaBoost,No SMOTE,0,0,0.1744311028445886
AdaBoost,No SMOTE,0,0,0.14895992415852724
AdaBoost,No SMOTE,0,0,0.17133680384090874
AdaBoost,No SMOTE,0,0,0.22176486665410824
AdaBoost,No SMOTE,0,0,0.16618389338377842
AdaBoost,No SMOTE,0,0,0.14895992415852724
AdaBoost,No SMOTE,0,0,0.1744311028445886
AdaBoost,No SMOTE,0,0,0.1744311028445886
AdaBoost,No SMOTE,0,0,0.1689822365998279
AdaBoost,No SMOTE,0,0,0.16618389338377842
AdaBoost,No SMOTE,0,0,0.1744311028445886
AdaBoost,No SMOTE,0,0,0.1689822365998279
AdaBoost,No SMOTE,0,0,0.22493649393812828
AdaBoost,No SMOTE,0,0,0.13019713023369225
AdaBoost,No SMOTE,0,0,0.1431423024436669
AdaBoost,No SMOTE,0,0,0.17726965587952628
AdaBoost,No SMOTE,0,0,0.13019713023369225
AdaBoost,No SMOTE,0,0,0.16867357177983938
AdaBoost,No SMOTE,0,0,0.13586401457059089
AdaBoost,No SMOTE,0,0,0.1689822365998279
AdaBoost,No SMOTE,0,0,0.1744311028445886
AdaBoost,No SMOTE,0,0,0.1719470769852437
AdaBoost,No SMOTE,0,0,0.1744311028445886
AdaBoost,No SMOTE,0,0,0.22493649393812828
AdaBoost,No SMOTE,0,0,0.17726965587952628
AdaBoost,No SMOTE,0,0,0.1719470769852437
AdaBoost,No SMOTE,0,0,0.1689822365998279
AdaBoost,No SMOTE,0,0,0.16895403564617684
AdaBoost,No SMOTE,0,0,0.1744311028445886
AdaBoost,No SMOTE,0,0,0.21607329118820193
AdaBoost,No SMOTE,0,0,0.1689822365998279
AdaBoost,No SMOTE,0,0,0.17726965587952628
AdaBoost,No SMOTE,0,0,0.17726965587952628
AdaBoost,No SMOTE,0,0,0.17726965587952628
AdaBoost,No SMOTE,0,0,0.17726965587952628
AdaBoost,No SMOTE,0,0,0.1689822365998279
AdaBoost,No SMOTE,0,0,0.1689822365998279
AdaBoost,No SMOTE,0,0,0.18800989342479768
AdaBoost,No SMOTE,0,0,0.1689822365998279
AdaBoost,No SMOTE,0,0,0.16342013312650427
AdaBoost,No SMOTE,0,0,0.1689822365998279
AdaBoost,No SMOTE,0,0,0.17726965587952628
AdaBoost,No SMOTE,0,0,0.17726965587952628
AdaBoost,No SMOTE,0,0,0.14895992415852724
AdaBoost,No SMOTE,0,0,0.17726965587952628
AdaBoost,No SMOTE,0,0,0.22493649393812828
AdaBoost,No SMOTE,0,0,0.17726965587952628
AdaBoost,No SMOTE,0,0,0.1689822365998279
AdaBoost,No SMOTE,0,0,0.21607329118820193
AdaBoost,No SMOTE,0,0,0.14895992415852724
AdaBoost,No SMOTE,0,0,0.18800989342479768
AdaBoost,No SMOTE,0,0,0.17726965587952628
AdaBoost,No SMOTE,0,0,0.22493649393812828
AdaBoost,No SMOTE,0,0,0.14895992415852724
AdaBoost,No SMOTE,0,0,0.1431423024436669
AdaBoost,No SMOTE,0,0,0.22493649393812828
AdaBoost,No SMOTE,0,0,0.25081468689261593
AdaBoost,No SMOTE,0,0,0.17726965587952628
AdaBoost,No SMOTE,0,0,0.17726965587952628
AdaBoost,No SMOTE,0,0,0.17726965587952628
AdaBoost,No SMOTE,0,0,0.13586401457059089
AdaBoost,No SMOTE,0,0,0.16618389338377842
AdaBoost,No SMOTE,0,0,0.14895992415852724
AdaBoost,No SMOTE,0,0,0.16895403564617684
AdaBoost,No SMOTE,0,0,0.1689822365998279
AdaBoost,No SMOTE,0,0,0.17726965587952628
AdaBoost,No SMOTE,0,0,0.22493649393812828
AdaBoost,No SMOTE,0,0,0.14895992415852724
AdaBoost,No SMOTE,0,0,0.14895992415852724
AdaBoost,No SMOTE,0,0,0.1744311028445886
AdaBoost,No SMOTE,0,0,0.2091061060399178
AdaBoost,No SMOTE,0,0,0.1689822365998279
AdaBoost,No SMOTE,0,0,0.1744311028445886
AdaBoost,No SMOTE,0,0,0.1744311028445886
AdaBoost,No SMOTE,0,0,0.14895992415852724
AdaBoost,No SMOTE,0,0,0.1719470769852437
AdaBoost,No SMOTE,0,0,0.1689822365998279
AdaBoost,No SMOTE,0,0,0.17726965587952628
AdaBoost,No SMOTE,0,0,0.191758796857404
AdaBoost,No SMOTE,0,0,0.22493649393812828
AdaBoost,No SMOTE,0,0,0.1744311028445886
AdaBoost,No SMOTE,0,0,0.21607329118820193
AdaBoost,No SMOTE,0,0,0.17726965587952628
AdaBoost,No SMOTE,0,0,0.17726965587952628
AdaBoost,No SMOTE,0,0,0.14895992415852724
AdaBoost,No SMOTE,0,0,0.1689822365998279
AdaBoost,No SMOTE,0,0,0.17726965587952628
AdaBoost,No SMOTE,0,0,0.17726965587952628
AdaBoost,No SMOTE,0,0,0.22044238283982498
AdaBoost,No SMOTE,0,0,0.1689822365998279
AdaBoost,No SMOTE,0,0,0.13019713023369225
AdaBoost,No SMOTE,0,0,0.205659675438033
AdaBoost,No SMOTE,0,0,0.1744311028445886
AdaBoost,No SMOTE,0,0,0.17726965587952628
AdaBoost,No SMOTE,0,0,0.16203849466010875
AdaBoost,No SMOTE,0,0,0.1744311028445886
AdaBoost,No SMOTE,0,0,0.17726965587952628
AdaBoost,No SMOTE,0,0,0.1744311028445886
AdaBoost,No SMOTE,0,0,0.13586401457059089
AdaBoost,No SMOTE,0,0,0.14895992415852724
AdaBoost,No SMOTE,0,0,0.1744311028445886
AdaBoost,No SMOTE,0,0,0.1744311028445886
AdaBoost,No SMOTE,0,0,0.17726965587952628
AdaBoost,No SMOTE,0,0,0.22493649393812828
AdaBoost,No SMOTE,0,0,0.17726965587952628
AdaBoost,No SMOTE,0,0,0.1689822365998279
AdaBoost,No SMOTE,0,0,0.1689822365998279
AdaBoost,No SMOTE,0,0,0.22493649393812828
AdaBoost,No SMOTE,0,0,0.16342013312650427
AdaBoost,No SMOTE,0,0,0.16342013312650427
AdaBoost,No SMOTE,0,0,0.13019713023369225
AdaBoost,No SMOTE,0,0,0.18496367037446623
AdaBoost,No SMOTE,0,0,0.17726965587952628
AdaBoost,No SMOTE,0,0,0.1744311028445886
AdaBoost,No SMOTE,0,0,0.14895992415852724
AdaBoost,No SMOTE,0,0,0.17726965587952628
AdaBoost,No SMOTE,0,0,0.1744311028445886
AdaBoost,No SMOTE,0,0,0.22493649393812828
AdaBoost,No SMOTE,0,0,0.2193403423397052
AdaBoost,No SMOTE,0,0,0.1431423024436669
AdaBoost,No SMOTE,0,0,0.21928751511544514
AdaBoost,No SMOTE,0,0,0.1744311028445886
AdaBoost,No SMOTE,0,0,0.16342013312650427
AdaBoost,No SMOTE,0,0,0.22493649393812828
AdaBoost,No SMOTE,0,0,0.11920292202211763
AdaBoost,No SMOTE,0,0,0.1689822365998279
AdaBoost,No SMOTE,0,0,0.16342013312650427
AdaBoost,No SMOTE,0,0,0.1431423024436669
AdaBoost,No SMOTE,0,0,0.17726965587952628
AdaBoost,No SMOTE,0,0,0.22843520662470906
AdaBoost,No SMOTE,0,0,0.16342013312650427
AdaBoost,No SMOTE,0,0,0.1744311028445886
AdaBoost,No SMOTE,0,0,0.1689822365998279
AdaBoost,No SMOTE,0,0,0.13019713023369225
AdaBoost,No SMOTE,0,0,0.1689822365998279
AdaBoost,No SMOTE,0,0,0.17726965587952628
AdaBoost,No SMOTE,0,0,0.1744311028445886
AdaBoost,No SMOTE,0,0,0.30796018348835746
AdaBoost,No SMOTE,0,0,0.14895992415852724
AdaBoost,No SMOTE,0,0,0.2193403423397052
AdaBoost,No SMOTE,0,0,0.17726965587952628
AdaBoost,No SMOTE,0,0,0.20002774141121915
AdaBoost,No SMOTE,0,0,0.2193403423397052
AdaBoost,No SMOTE,0,0,0.18800989342479768
AdaBoost,No SMOTE,0,0,0.13586401457059089
AdaBoost,No SMOTE,0,0,0.1689822365998279
AdaBoost,No SMOTE,0,0,0.22493649393812828
AdaBoost,No SMOTE,0,0,0.22843520662470906
AdaBoost,No SMOTE,0,0,0.13019713023369225
AdaBoost,No SMOTE,0,0,0.17726965587952628
AdaBoost,No SMOTE,0,0,0.1431423024436669
AdaBoost,No SMOTE,0,0,0.17726965587952628
AdaBoost,No SMOTE,0,0,0.17726965587952628
AdaBoost,No SMOTE,0,0,0.13586401457059089
AdaBoost,No SMOTE,0,0,0.1744311028445886
AdaBoost,No SMOTE,0,0,0.17726965587952628
AdaBoost,No SMOTE,0,0,0.2193403423397052
AdaBoost,No SMOTE,0,0,0.17726965587952628
AdaBoost,No SMOTE,0,0,0.16342013312650427
AdaBoost,No SMOTE,0,0,0.17726965587952628
AdaBoost,No SMOTE,0,0,0.2193403423397052
AdaBoost,No SMOTE,0,0,0.1744311028445886
AdaBoost,No SMOTE,0,0,0.22493649393812828
AdaBoost,No SMOTE,0,0,0.1744311028445886
AdaBoost,No SMOTE,0,0,0.191758796857404
AdaBoost,No SMOTE,0,0,0.17726965587952628
AdaBoost,No SMOTE,0,0,0.1689822365998279
AdaBoost,No SMOTE,0,0,0.11920292202211763
AdaBoost,No SMOTE,0,0,0.17726965587952628
AdaBoost,No SMOTE,0,0,0.17726965587952628
AdaBoost,No SMOTE,0,0,0.2193403423397052
AdaBoost,No SMOTE,0,0,0.1689822365998279
AdaBoost,No SMOTE,0,0,0.17726965587952628
AdaBoost,No SMOTE,0,0,0.17726965587952628
AdaBoost,No SMOTE,0,0,0.1689822365998279
AdaBoost,No SMOTE,0,0,0.1689822365998279
AdaBoost,No SMOTE,0,0,0.17726965587952628
AdaBoost,No SMOTE,0,0,0.17726965587952628
AdaBoost,No SMOTE,0,0,0.1689822365998279
AdaBoost,No SMOTE,0,0,0.1744311028445886
AdaBoost,No SMOTE,0,0,0.1689822365998279
AdaBoost,No SMOTE,0,0,0.17726965587952628
AdaBoost,No SMOTE,0,0,0.17726965587952628
AdaBoost,No SMOTE,0,0,0.22493649393812828
AdaBoost,No SMOTE,0,0,0.18800989342479768
AdaBoost,No SMOTE,0,0,0.1431423024436669
AdaBoost,No SMOTE,0,0,0.17726965587952628
AdaBoost,No SMOTE,0,0,0.17643129068755622
AdaBoost,No SMOTE,0,0,0.14895992415852724
AdaBoost,No SMOTE,0,0,0.1689822365998279
AdaBoost,No SMOTE,0,0,0.1744311028445886
AdaBoost,No SMOTE,0,0,0.17726965587952628
AdaBoost,No SMOTE,0,0,0.11920292202211763
AdaBoost,No SMOTE,0,0,0.191758796857404
AdaBoost,No SMOTE,0,0,0.13586401457059089
AdaBoost,No SMOTE,0,0,0.22493649393812828
AdaBoost,No SMOTE,0,0,0.17726965587952628
AdaBoost,No SMOTE,0,0,0.22493649393812828
AdaBoost,No SMOTE,0,0,0.18800989342479768
AdaBoost,No SMOTE,0,0,0.1689822365998279
AdaBoost,No SMOTE,0,0,0.20598522576019002
AdaBoost,No SMOTE,0,0,0.18800989342479768
AdaBoost,No SMOTE,0,0,0.1689822365998279
AdaBoost,No SMOTE,0,0,0.17643129068755622
AdaBoost,No SMOTE,0,0,0.14895992415852724
AdaBoost,No SMOTE,0,0,0.17726965587952628
AdaBoost,No SMOTE,0,0,0.1744311028445886
AdaBoost,No SMOTE,0,0,0.1744311028445886
AdaBoost,No SMOTE,0,0,0.17726965587952628
AdaBoost,No SMOTE,0,0,0.1431363477165842
AdaBoost,No SMOTE,0,0,0.16895403564617684
AdaBoost,No SMOTE,0,0,0.17726965587952628
AdaBoost,No SMOTE,0,0,0.14895992415852724
AdaBoost,No SMOTE,0,0,0.1744311028445886
AdaBoost,No SMOTE,0,0,0.22493649393812828
AdaBoost,No SMOTE,0,0,0.17726965587952628
AdaBoost,No SMOTE,0,0,0.1689822365998279
AdaBoost,No SMOTE,0,0,0.18800989342479768
AdaBoost,No SMOTE,0,0,0.1998789329879396
AdaBoost,No SMOTE,0,0,0.17726965587952628
AdaBoost,No SMOTE,0,0,0.11920292202211763
AdaBoost,No SMOTE,0,0,0.17726965587952628
AdaBoost,No SMOTE,0,0,0.13019713023369225
AdaBoost,No SMOTE,0,0,0.1689822365998279
AdaBoost,No SMOTE,0,0,0.1744311028445886
AdaBoost,No SMOTE,1,1,0.6312225329935126
AdaBoost,No SMOTE,0,0,0.1689822365998279
AdaBoost,No SMOTE,0,0,0.1689822365998279
AdaBoost,No SMOTE,0,0,0.17726965587952628
AdaBoost,No SMOTE,0,0,0.1834398302155229
AdaBoost,No SMOTE,0,0,0.18800989342479768
AdaBoost,No SMOTE,0,0,0.1744311028445886
AdaBoost,No SMOTE,0,0,0.1744311028445886
AdaBoost,No SMOTE,0,0,0.1744311028445886
AdaBoost,No SMOTE,0,0,0.17726965587952628
AdaBoost,No SMOTE,0,0,0.1689822365998279
AdaBoost,No SMOTE,0,0,0.1744311028445886
AdaBoost,No SMOTE,0,0,0.18800989342479768
AdaBoost,No SMOTE,0,0,0.17643129068755622
AdaBoost,No SMOTE,0,0,0.18800989342479768
AdaBoost,No SMOTE,0,0,0.18496367037446623
AdaBoost,No SMOTE,0,0,0.1689822365998279
AdaBoost,No SMOTE,0,0,0.22493649393812828
AdaBoost,No SMOTE,0,0,0.16342013312650427
AdaBoost,No SMOTE,0,0,0.1744311028445886
AdaBoost,No SMOTE,0,0,0.1689822365998279
AdaBoost,No SMOTE,0,0,0.1689822365998279
AdaBoost,No SMOTE,0,0,0.13586401457059089
AdaBoost,No SMOTE,0,0,0.22493649393812828
AdaBoost,No SMOTE,0,0,0.2193403423397052
AdaBoost,No SMOTE,0,0,0.1689822365998279
AdaBoost,No SMOTE,0,0,0.18496367037446623
AdaBoost,No SMOTE,0,0,0.1689822365998279
AdaBoost,No SMOTE,0,0,0.22493649393812828
AdaBoost,No SMOTE,0,0,0.1719470769852437
AdaBoost,No SMOTE,0,0,0.1786840584100862
AdaBoost,No SMOTE,0,0,0.1689822365998279
AdaBoost,No SMOTE,0,0,0.16618389338377842
AdaBoost,No SMOTE,0,0,0.1431363477165842
AdaBoost,No SMOTE,0,0,0.2193403423397052
AdaBoost,No SMOTE,0,0,0.1689822365998279
AdaBoost,No SMOTE,0,0,0.205659675438033
AdaBoost,No SMOTE,0,0,0.205659675438033
AdaBoost,No SMOTE,0,0,0.17726965587952628
AdaBoost,No SMOTE,0,0,0.1744311028445886
AdaBoost,No SMOTE,0,0,0.17726965587952628
AdaBoost,No SMOTE,0,0,0.22493649393812828
AdaBoost,No SMOTE,0,0,0.1744311028445886
AdaBoost,No SMOTE,0,0,0.22493649393812828
AdaBoost,No SMOTE,0,0,0.11920292202211763
AdaBoost,No SMOTE,0,0,0.1719470769852437
AdaBoost,No SMOTE,0,0,0.13019713023369225
AdaBoost,No SMOTE,0,0,0.14895992415852724
AdaBoost,No SMOTE,0,0,0.1689822365998279
AdaBoost,No SMOTE,0,0,0.1744311028445886
AdaBoost,No SMOTE,0,0,0.1744311028445886
AdaBoost,No SMOTE,0,0,0.1744311028445886
AdaBoost,No SMOTE,1,1,0.6509229346023487
AdaBoost,No SMOTE,0,0,0.1719470769852437
AdaBoost,No SMOTE,0,0,0.1689822365998279
AdaBoost,No SMOTE,0,0,0.1431423024436669
AdaBoost,No SMOTE,0,0,0.1744311028445886
AdaBoost,No SMOTE,0,0,0.13019713023369225
AdaBoost,No SMOTE,0,0,0.13019713023369225
AdaBoost,No SMOTE,0,0,0.18800989342479768
AdaBoost,No SMOTE,0,0,0.17726965587952628
AdaBoost,No SMOTE,0,0,0.1689822365998279
AdaBoost,No SMOTE,0,0,0.23177895169308674
AdaBoost,No SMOTE,0,0,0.1744311028445886
AdaBoost,No SMOTE,0,0,0.22493649393812828
AdaBoost,No SMOTE,0,0,0.13019713023369225
AdaBoost,No SMOTE,0,0,0.20002774141121915
AdaBoost,No SMOTE,0,0,0.17726965587952628
AdaBoost,No SMOTE,0,0,0.13586401457059089
AdaBoost,No SMOTE,0,0,0.2193403423397052
AdaBoost,No SMOTE,0,0,0.16618389338377842
AdaBoost,No SMOTE,0,0,0.17726965587952628
AdaBoost,No SMOTE,0,0,0.17726965587952628
AdaBoost,No SMOTE,0,0,0.1744311028445886
AdaBoost,No SMOTE,0,0,0.17726965587952628
AdaBoost,No SMOTE,0,0,0.1744311028445886
AdaBoost,No SMOTE,0,0,0.14895992415852724
AdaBoost,No SMOTE,0,0,0.1744311028445886
AdaBoost,No SMOTE,0,0,0.16342013312650427
AdaBoost,No SMOTE,0,0,0.1689822365998279
AdaBoost,No SMOTE,0,0,0.2091061060399178
AdaBoost,No SMOTE,0,0,0.22493649393812828
AdaBoost,No SMOTE,0,0,0.1689822365998279
AdaBoost,No SMOTE,0,0,0.1689822365998279
AdaBoost,No SMOTE,0,0,0.17726965587952628
AdaBoost,No SMOTE,0,0,0.1689822365998279
AdaBoost,No SMOTE,0,0,0.1689822365998279
AdaBoost,No SMOTE,0,0,0.1744311028445886
AdaBoost,No SMOTE,0,0,0.21607329118820193
AdaBoost,No SMOTE,0,0,0.1744311028445886
AdaBoost,No SMOTE,0,0,0.22493649393812828
AdaBoost,No SMOTE,0,0,0.1431423024436669
AdaBoost,No SMOTE,0,0,0.22493649393812828
AdaBoost,No SMOTE,0,0,0.1744311028445886
AdaBoost,No SMOTE,0,0,0.1431423024436669
AdaBoost,No SMOTE,0,0,0.14895992415852724
AdaBoost,No SMOTE,0,0,0.16867357177983938
AdaBoost,No SMOTE,0,0,0.1744311028445886
AdaBoost,No SMOTE,0,0,0.14895992415852724
AdaBoost,No SMOTE,0,0,0.17643129068755622
AdaBoost,No SMOTE,0,0,0.1689822365998279
AdaBoost,No SMOTE,0,0,0.1689822365998279
AdaBoost,No SMOTE,0,0,0.18800989342479768
AdaBoost,No SMOTE,0,0,0.13586401457059089
AdaBoost,No SMOTE,0,0,0.1744311028445886
AdaBoost,No SMOTE,0,0,0.18496367037446623
AdaBoost,No SMOTE,0,0,0.22493649393812828
AdaBoost,No SMOTE,0,0,0.17726965587952628
AdaBoost,No SMOTE,0,0,0.14895992415852724
AdaBoost,No SMOTE,0,0,0.14895992415852724
AdaBoost,No SMOTE,0,0,0.263047379598154
AdaBoost,No SMOTE,0,0,0.17726965587952628
AdaBoost,No SMOTE,0,0,0.22493649393812828
AdaBoost,No SMOTE,0,0,0.16867357177983938
AdaBoost,No SMOTE,0,0,0.1689822365998279
AdaBoost,No SMOTE,0,0,0.1744311028445886
AdaBoost,No SMOTE,0,0,0.22017433581447826
AdaBoost,No SMOTE,0,0,0.14895992415852724
AdaBoost,No SMOTE,0,0,0.1719470769852437
AdaBoost,No SMOTE,0,0,0.18496367037446623
AdaBoost,No SMOTE,0,0,0.17726965587952628
AdaBoost,No SMOTE,0,0,0.22493649393812828
AdaBoost,No SMOTE,0,0,0.17133680384090874
AdaBoost,No SMOTE,0,0,0.1689822365998279
AdaBoost,No SMOTE,0,0,0.1744311028445886
AdaBoost,No SMOTE,0,0,0.17726965587952628
AdaBoost,No SMOTE,0,0,0.21928751511544514
AdaBoost,No SMOTE,0,0,0.11920292202211763
AdaBoost,No SMOTE,0,0,0.18800989342479768
AdaBoost,No SMOTE,0,0,0.1689822365998279
AdaBoost,No SMOTE,0,0,0.1744311028445886
AdaBoost,No SMOTE,0,0,0.22493649393812828
AdaBoost,No SMOTE,0,0,0.22493649393812828
AdaBoost,No SMOTE,0,0,0.14895992415852724
AdaBoost,No SMOTE,0,0,0.17726965587952628
AdaBoost,No SMOTE,0,0,0.17726965587952628
AdaBoost,No SMOTE,0,0,0.1744311028445886
AdaBoost,No SMOTE,0,0,0.1689822365998279
AdaBoost,No SMOTE,0,0,0.13586401457059089
AdaBoost,No SMOTE,0,0,0.1689822365998279
AdaBoost,No SMOTE,0,0,0.1431363477165842
AdaBoost,No SMOTE,0,0,0.1689822365998279
AdaBoost,No SMOTE,0,0,0.17726965587952628
AdaBoost,No SMOTE,0,0,0.21607329118820193
AdaBoost,No SMOTE,0,0,0.1689822365998279
AdaBoost,No SMOTE,0,0,0.16342013312650427
AdaBoost,No SMOTE,0,0,0.1689822365998279
AdaBoost,No SMOTE,0,0,0.1689822365998279
AdaBoost,No SMOTE,0,0,0.14895992415852724
AdaBoost,No SMOTE,0,0,0.1744311028445886
AdaBoost,No SMOTE,0,0,0.205659675438033
AdaBoost,No SMOTE,0,0,0.11920292202211763
AdaBoost,No SMOTE,0,0,0.18800989342479768
AdaBoost,No SMOTE,0,0,0.19090832035678107
AdaBoost,No SMOTE,0,0,0.11920292202211763
AdaBoost,No SMOTE,0,0,0.17726965587952628
AdaBoost,No SMOTE,0,0,0.1689822365998279
AdaBoost,No SMOTE,0,0,0.16342013312650427
AdaBoost,No SMOTE,0,0,0.1689822365998279
AdaBoost,No SMOTE,0,0,0.13019713023369225
AdaBoost,No SMOTE,0,0,0.1744311028445886
AdaBoost,No SMOTE,0,0,0.14895992415852724
AdaBoost,No SMOTE,0,0,0.1786840584100862
AdaBoost,No SMOTE,0,0,0.1744311028445886
AdaBoost,No SMOTE,0,0,0.22044238283982498
AdaBoost,No SMOTE,0,0,0.1744311028445886
AdaBoost,No SMOTE,0,0,0.16867357177983938
AdaBoost,No SMOTE,0,0,0.17726965587952628
AdaBoost,No SMOTE,0,0,0.14895992415852724
AdaBoost,No SMOTE,0,0,0.1689822365998279
AdaBoost,No SMOTE,0,0,0.1719470769852437
AdaBoost,No SMOTE,0,0,0.191758796857404
AdaBoost,No SMOTE,0,0,0.1689822365998279
AdaBoost,No SMOTE,0,0,0.17726965587952628
AdaBoost,No SMOTE,0,0,0.16203849466010875
AdaBoost,No SMOTE,0,0,0.1744311028445886
AdaBoost,No SMOTE,0,0,0.17726965587952628
AdaBoost,No SMOTE,0,0,0.21607329118820193
AdaBoost,No SMOTE,0,0,0.1689822365998279
AdaBoost,No SMOTE,0,0,0.18800989342479768
AdaBoost,No SMOTE,0,0,0.1744311028445886
AdaBoost,No SMOTE,0,0,0.16342013312650427
AdaBoost,No SMOTE,0,0,0.1719470769852437
AdaBoost,No SMOTE,0,0,0.22493649393812828
AdaBoost,No SMOTE,0,0,0.21607329118820193
AdaBoost,No SMOTE,0,0,0.18496367037446623
AdaBoost,No SMOTE,0,0,0.1744311028445886
AdaBoost,No SMOTE,0,0,0.14895992415852724
AdaBoost,No SMOTE,0,0,0.1744311028445886
AdaBoost,No SMOTE,0,0,0.17043552930931818
AdaBoost,No SMOTE,0,0,0.16342013312650427
AdaBoost,No SMOTE,0,0,0.21607329118820193
AdaBoost,No SMOTE,0,0,0.1689822365998279
AdaBoost,No SMOTE,0,0,0.1431423024436669
AdaBoost,No SMOTE,0,0,0.18800989342479768
AdaBoost,No SMOTE,0,0,0.17726965587952628
AdaBoost,No SMOTE,0,0,0.17726965587952628
AdaBoost,No SMOTE,0,0,0.22017433581447826
AdaBoost,No SMOTE,0,0,0.1744311028445886
AdaBoost,No SMOTE,0,0,0.16342013312650427
AdaBoost,No SMOTE,0,0,0.22493649393812828
AdaBoost,No SMOTE,0,0,0.17726965587952628
AdaBoost,No SMOTE,0,0,0.1689822365998279
AdaBoost,No SMOTE,0,0,0.1744311028445886
AdaBoost,No SMOTE,0,0,0.16203849466010875
AdaBoost,No SMOTE,0,0,0.1689822365998279
AdaBoost,No SMOTE,0,0,0.1689822365998279
AdaBoost,No SMOTE,0,0,0.14895992415852724
AdaBoost,No SMOTE,0,0,0.1689822365998279
AdaBoost,No SMOTE,0,0,0.1744311028445886
AdaBoost,No SMOTE,0,0,0.14895992415852724
AdaBoost,No SMOTE,0,0,0.13586401457059089
AdaBoost,No SMOTE,0,0,0.1689822365998279
AdaBoost,No SMOTE,0,0,0.13019713023369225
AdaBoost,No SMOTE,0,0,0.14895992415852724
AdaBoost,No SMOTE,0,0,0.1689822365998279
AdaBoost,No SMOTE,0,0,0.17726965587952628
AdaBoost,No SMOTE,0,0,0.17726965587952628
AdaBoost,No SMOTE,0,0,0.14895992415852724
AdaBoost,No SMOTE,0,0,0.18800989342479768
AdaBoost,No SMOTE,0,0,0.17726965587952628
AdaBoost,No SMOTE,0,0,0.17726965587952628
AdaBoost,No SMOTE,0,0,0.1689822365998279
AdaBoost,No SMOTE,0,0,0.25081468689261593
AdaBoost,No SMOTE,0,0,0.17726965587952628
AdaBoost,No SMOTE,0,0,0.1431423024436669
AdaBoost,No SMOTE,0,0,0.22493649393812828
AdaBoost,No SMOTE,0,0,0.17726965587952628
AdaBoost,No SMOTE,0,0,0.17726965587952628
AdaBoost,No SMOTE,0,0,0.16342013312650427
AdaBoost,No SMOTE,0,0,0.191758796857404
AdaBoost,No SMOTE,0,0,0.1744311028445886
AdaBoost,No SMOTE,0,0,0.16342013312650427
AdaBoost,No SMOTE,0,0,0.21607329118820193
AdaBoost,No SMOTE,0,0,0.21607329118820193
AdaBoost,No SMOTE,0,0,0.1431423024436669
AdaBoost,No SMOTE,0,0,0.17726965587952628
AdaBoost,No SMOTE,0,0,0.1744311028445886
AdaBoost,No SMOTE,0,0,0.1744311028445886
AdaBoost,No SMOTE,0,0,0.21607329118820193
AdaBoost,No SMOTE,0,0,0.13019713023369225
AdaBoost,No SMOTE,0,0,0.17643129068755622
AdaBoost,No SMOTE,0,0,0.17726965587952628
AdaBoost,No SMOTE,0,0,0.2193403423397052
AdaBoost,No SMOTE,0,0,0.1744311028445886
AdaBoost,No SMOTE,0,0,0.2193403423397052
AdaBoost,No SMOTE,0,0,0.11920292202211763
AdaBoost,No SMOTE,0,0,0.17726965587952628
AdaBoost,No SMOTE,0,0,0.2193403423397052
AdaBoost,No SMOTE,0,0,0.14895992415852724
AdaBoost,No SMOTE,0,0,0.1689822365998279
AdaBoost,No SMOTE,0,0,0.13586401457059089
AdaBoost,No SMOTE,0,0,0.17726965587952628
AdaBoost,No SMOTE,0,0,0.17726965587952628
AdaBoost,No SMOTE,0,0,0.1719470769852437
AdaBoost,No SMOTE,0,0,0.13586401457059089
AdaBoost,No SMOTE,0,0,0.17726965587952628
AdaBoost,No SMOTE,0,0,0.1744311028445886
AdaBoost,No SMOTE,0,0,0.17726965587952628
AdaBoost,No SMOTE,0,0,0.14895992415852724
AdaBoost,No SMOTE,0,0,0.16895403564617684
AdaBoost,No SMOTE,0,0,0.1719470769852437
AdaBoost,No SMOTE,0,0,0.17726965587952628
AdaBoost,No SMOTE,0,0,0.21607329118820193
AdaBoost,No SMOTE,0,0,0.17726965587952628
AdaBoost,No SMOTE,0,0,0.16618389338377842
AdaBoost,No SMOTE,0,0,0.18800989342479768
AdaBoost,No SMOTE,0,0,0.1689822365998279
AdaBoost,No SMOTE,0,0,0.1431363477165842
AdaBoost,No SMOTE,0,0,0.1689822365998279
AdaBoost,No SMOTE,0,0,0.14895992415852724
AdaBoost,No SMOTE,0,0,0.16203849466010875
AdaBoost,No SMOTE,0,0,0.17726965587952628
AdaBoost,No SMOTE,0,0,0.16618389338377842
AdaBoost,No SMOTE,0,0,0.14895992415852724
AdaBoost,No SMOTE,0,0,0.1689822365998279
AdaBoost,No SMOTE,0,0,0.1689822365998279
AdaBoost,No SMOTE,0,0,0.17726965587952628
AdaBoost,No SMOTE,0,0,0.1744311028445886
AdaBoost,No SMOTE,0,0,0.13019713023369225
AdaBoost,No SMOTE,0,0,0.205659675438033
AdaBoost,No SMOTE,0,0,0.1689822365998279
AdaBoost,No SMOTE,0,0,0.17726965587952628
AdaBoost,No SMOTE,0,0,0.14895992415852724
AdaBoost,No SMOTE,0,0,0.1689822365998279
AdaBoost,No SMOTE,0,0,0.22843520662470906
AdaBoost,No SMOTE,0,0,0.1744311028445886
AdaBoost,No SMOTE,0,0,0.18496367037446623
AdaBoost,No SMOTE,0,0,0.1689822365998279
AdaBoost,No SMOTE,0,0,0.13586401457059089
AdaBoost,No SMOTE,0,0,0.17726965587952628
AdaBoost,No SMOTE,0,0,0.1744311028445886
AdaBoost,No SMOTE,0,0,0.17452323501899744
AdaBoost,No SMOTE,0,0,0.1431423024436669
AdaBoost,No SMOTE,0,0,0.21607329118820193
AdaBoost,No SMOTE,0,0,0.22493649393812828
AdaBoost,No SMOTE,0,0,0.17726965587952628
AdaBoost,No SMOTE,0,0,0.16342013312650427
AdaBoost,No SMOTE,0,0,0.1744311028445886
AdaBoost,No SMOTE,0,0,0.17726965587952628
AdaBoost,No SMOTE,0,0,0.16895403564617684
AdaBoost,No SMOTE,0,0,0.16895403564617684
AdaBoost,No SMOTE,0,0,0.17726965587952628
AdaBoost,No SMOTE,0,0,0.1431423024436669
AdaBoost,No SMOTE,0,0,0.17726965587952628
AdaBoost,No SMOTE,0,0,0.22493649393812828
AdaBoost,No SMOTE,0,0,0.1689822365998279
AdaBoost,No SMOTE,0,0,0.1689822365998279
AdaBoost,No SMOTE,0,0,0.14895992415852724
AdaBoost,No SMOTE,0,0,0.21607329118820193
AdaBoost,No SMOTE,0,0,0.17726965587952628
AdaBoost,No SMOTE,0,0,0.2193403423397052
AdaBoost,No SMOTE,0,0,0.1744311028445886
AdaBoost,No SMOTE,0,0,0.13019713023369225
AdaBoost,No SMOTE,0,0,0.1689822365998279
AdaBoost,No SMOTE,0,0,0.1689822365998279
AdaBoost,No SMOTE,0,0,0.16342013312650427
AdaBoost,No SMOTE,0,0,0.20002774141121915
AdaBoost,No SMOTE,0,0,0.22493649393812828
AdaBoost,No SMOTE,0,0,0.17726965587952628
AdaBoost,No SMOTE,0,0,0.1689822365998279
AdaBoost,No SMOTE,0,0,0.16867357177983938
AdaBoost,No SMOTE,0,0,0.1689822365998279
AdaBoost,No SMOTE,0,0,0.1689822365998279
AdaBoost,No SMOTE,0,0,0.22493649393812828
AdaBoost,No SMOTE,0,0,0.17726965587952628
AdaBoost,No SMOTE,0,0,0.1744311028445886
AdaBoost,No SMOTE,0,0,0.1689822365998279
AdaBoost,No SMOTE,0,0,0.11920292202211763
AdaBoost,No SMOTE,0,0,0.19003443635734119
AdaBoost,No SMOTE,0,0,0.1744311028445886
AdaBoost,No SMOTE,0,0,0.17043552930931818
AdaBoost,No SMOTE,0,0,0.22493649393812828
AdaBoost,No SMOTE,0,0,0.17726965587952628
AdaBoost,No SMOTE,0,0,0.16342013312650427
AdaBoost,No SMOTE,0,0,0.17726965587952628
AdaBoost,No SMOTE,0,0,0.205659675438033
AdaBoost,No SMOTE,0,0,0.1689822365998279
AdaBoost,No SMOTE,0,0,0.1744311028445886
AdaBoost,No SMOTE,0,0,0.13019713023369225
AdaBoost,No SMOTE,0,0,0.1689822365998279
AdaBoost,No SMOTE,0,0,0.1744311028445886
AdaBoost,No SMOTE,0,0,0.1689822365998279
AdaBoost,No SMOTE,0,0,0.1689822365998279
AdaBoost,No SMOTE,0,0,0.17726965587952628
AdaBoost,No SMOTE,0,0,0.1689822365998279
AdaBoost,No SMOTE,0,0,0.13586401457059089
AdaBoost,No SMOTE,0,0,0.13019713023369225
AdaBoost,No SMOTE,0,0,0.17726965587952628
AdaBoost,No SMOTE,0,0,0.1744311028445886
AdaBoost,No SMOTE,0,0,0.16867357177983938
AdaBoost,No SMOTE,0,0,0.13019713023369225
AdaBoost,No SMOTE,0,0,0.17726965587952628
AdaBoost,No SMOTE,0,0,0.14895992415852724
AdaBoost,No SMOTE,0,0,0.1931443810264556
AdaBoost,No SMOTE,0,0,0.22493649393812828
AdaBoost,No SMOTE,0,0,0.13586401457059089
AdaBoost,No SMOTE,0,0,0.1786840584100862
AdaBoost,No SMOTE,0,0,0.1431423024436669
AdaBoost,No SMOTE,0,0,0.1689822365998279
AdaBoost,No SMOTE,0,0,0.17726965587952628
AdaBoost,No SMOTE,0,0,0.17182074334119965
AdaBoost,No SMOTE,0,0,0.14895992415852724
AdaBoost,No SMOTE,0,0,0.1689822365998279
AdaBoost,No SMOTE,0,0,0.1689822365998279
AdaBoost,No SMOTE,0,0,0.16342013312650427
AdaBoost,No SMOTE,0,0,0.22493649393812828
AdaBoost,No SMOTE,0,0,0.1689822365998279
AdaBoost,No SMOTE,0,0,0.1744311028445886
AdaBoost,No SMOTE,0,0,0.22493649393812828
AdaBoost,No SMOTE,0,0,0.18800989342479768
AdaBoost,No SMOTE,0,0,0.1744311028445886
AdaBoost,No SMOTE,0,0,0.1744311028445886
AdaBoost,No SMOTE,0,0,0.14895992415852724
AdaBoost,No SMOTE,0,0,0.17726965587952628
AdaBoost,No SMOTE,0,0,0.18800989342479768
AdaBoost,No SMOTE,0,0,0.17726965587952628
AdaBoost,No SMOTE,0,0,0.22044238283982498
AdaBoost,No SMOTE,0,0,0.1744311028445886
AdaBoost,No SMOTE,0,0,0.2193403423397052
AdaBoost,No SMOTE,0,0,0.22493649393812828
AdaBoost,No SMOTE,0,0,0.1689822365998279
AdaBoost,No SMOTE,0,0,0.14798688540029464
AdaBoost,No SMOTE,0,0,0.1744311028445886
AdaBoost,No SMOTE,0,0,0.22493649393812828
AdaBoost,No SMOTE,0,0,0.1689822365998279
AdaBoost,No SMOTE,0,0,0.1744311028445886
AdaBoost,No SMOTE,0,0,0.1744311028445886
AdaBoost,No SMOTE,0,0,0.15152342713209221
AdaBoost,No SMOTE,0,0,0.1689822365998279
AdaBoost,No SMOTE,0,0,0.16342013312650427
AdaBoost,No SMOTE,0,0,0.205659675438033
AdaBoost,No SMOTE,0,0,0.1689822365998279
AdaBoost,No SMOTE,0,0,0.1689822365998279
AdaBoost,No SMOTE,0,0,0.17726965587952628
AdaBoost,No SMOTE,0,0,0.17643129068755622
AdaBoost,No SMOTE,0,0,0.1744311028445886
AdaBoost,No SMOTE,0,0,0.1719470769852437
AdaBoost,No SMOTE,0,0,0.1744311028445886
AdaBoost,No SMOTE,0,0,0.1689822365998279
AdaBoost,No SMOTE,0,0,0.1744311028445886
AdaBoost,No SMOTE,0,0,0.1689822365998279
AdaBoost,No SMOTE,0,0,0.1744311028445886
AdaBoost,No SMOTE,0,0,0.17726965587952628
AdaBoost,No SMOTE,0,0,0.1689822365998279
AdaBoost,No SMOTE,0,0,0.1431423024436669
AdaBoost,No SMOTE,0,0,0.1744311028445886
AdaBoost,No SMOTE,0,0,0.1689822365998279
AdaBoost,No SMOTE,0,0,0.14895992415852724
AdaBoost,No SMOTE,0,0,0.13019713023369225
AdaBoost,No SMOTE,0,0,0.11920292202211763
AdaBoost,No SMOTE,0,0,0.1689822365998279
AdaBoost,No SMOTE,0,0,0.1744311028445886
AdaBoost,No SMOTE,0,0,0.11920292202211763
AdaBoost,No SMOTE,0,0,0.1431423024436669
AdaBoost,No SMOTE,0,0,0.16203849466010875
AdaBoost,No SMOTE,0,0,0.1744311028445886
AdaBoost,No SMOTE,0,0,0.1744311028445886
AdaBoost,No SMOTE,0,0,0.22493649393812828
AdaBoost,No SMOTE,0,0,0.1689822365998279
AdaBoost,No SMOTE,0,0,0.22493649393812828
AdaBoost,No SMOTE,0,0,0.1689822365998279
AdaBoost,No SMOTE,0,0,0.11920292202211763
AdaBoost,No SMOTE,0,0,0.14895992415852724
AdaBoost,No SMOTE,0,0,0.1689822365998279
AdaBoost,No SMOTE,0,0,0.13019713023369225
AdaBoost,No SMOTE,0,0,0.1689822365998279
AdaBoost,No SMOTE,0,0,0.17726965587952628
AdaBoost,No SMOTE,0,0,0.14895992415852724
AdaBoost,No SMOTE,0,0,0.17643129068755622
AdaBoost,No SMOTE,0,0,0.1744311028445886
AdaBoost,No SMOTE,0,0,0.1689822365998279
AdaBoost,No SMOTE,0,0,0.1689822365998279
AdaBoost,No SMOTE,0,0,0.1689822365998279
AdaBoost,No SMOTE,0,0,0.17726965587952628
AdaBoost,No SMOTE,0,0,0.21928751511544514
AdaBoost,No SMOTE,0,0,0.22493649393812828
AdaBoost,No SMOTE,0,0,0.22493649393812828
AdaBoost,No SMOTE,0,0,0.17726965587952628
AdaBoost,No SMOTE,0,0,0.17726965587952628
AdaBoost,No SMOTE,0,0,0.1689822365998279
AdaBoost,No SMOTE,0,0,0.13586401457059089
AdaBoost,No SMOTE,0,0,0.13586401457059089
AdaBoost,No SMOTE,0,0,0.1744311028445886
AdaBoost,No SMOTE,0,0,0.17726965587952628
AdaBoost,No SMOTE,0,0,0.16618389338377842
AdaBoost,No SMOTE,0,0,0.22493649393812828
AdaBoost,No SMOTE,0,0,0.14895992415852724
AdaBoost,No SMOTE,0,0,0.1689822365998279
AdaBoost,No SMOTE,0,0,0.17726965587952628
AdaBoost,No SMOTE,0,0,0.1744311028445886
AdaBoost,No SMOTE,0,0,0.17726965587952628
AdaBoost,No SMOTE,0,0,0.1744311028445886
AdaBoost,No SMOTE,0,0,0.1689822365998279
AdaBoost,No SMOTE,0,0,0.22493649393812828
AdaBoost,No SMOTE,0,0,0.17726965587952628
AdaBoost,No SMOTE,0,0,0.1744311028445886
AdaBoost,No SMOTE,0,0,0.14895992415852724
AdaBoost,No SMOTE,0,0,0.13586401457059089
AdaBoost,No SMOTE,0,0,0.22017433581447826
AdaBoost,No SMOTE,0,0,0.1744311028445886
AdaBoost,No SMOTE,0,0,0.13586401457059089
AdaBoost,No SMOTE,0,0,0.16618389338377842
AdaBoost,No SMOTE,0,0,0.1689822365998279
AdaBoost,No SMOTE,0,0,0.13019713023369225
AdaBoost,No SMOTE,0,0,0.1744311028445886
AdaBoost,No SMOTE,0,0,0.13586401457059089
AdaBoost,No SMOTE,0,0,0.1689822365998279
AdaBoost,No SMOTE,0,0,0.17726965587952628
AdaBoost,No SMOTE,0,0,0.1744311028445886
AdaBoost,No SMOTE,0,0,0.14895992415852724
AdaBoost,No SMOTE,0,0,0.18496367037446623
AdaBoost,No SMOTE,0,0,0.13586401457059089
AdaBoost,No SMOTE,0,0,0.1744311028445886
AdaBoost,No SMOTE,0,0,0.17726965587952628
AdaBoost,No SMOTE,0,0,0.17726965587952628
AdaBoost,No SMOTE,0,0,0.1689822365998279
AdaBoost,No SMOTE,0,0,0.17726965587952628
AdaBoost,No SMOTE,0,0,0.1744311028445886
AdaBoost,No SMOTE,0,0,0.1689822365998279
AdaBoost,No SMOTE,0,0,0.17726965587952628
AdaBoost,No SMOTE,0,0,0.17643129068755622
AdaBoost,No SMOTE,0,0,0.18800989342479768
AdaBoost,No SMOTE,0,0,0.1689822365998279
AdaBoost,No SMOTE,0,0,0.17726965587952628
AdaBoost,No SMOTE,0,0,0.18800989342479768
AdaBoost,No SMOTE,0,0,0.21607329118820193
AdaBoost,No SMOTE,0,0,0.1689822365998279
AdaBoost,No SMOTE,0,0,0.16342013312650427
AdaBoost,No SMOTE,0,0,0.16203849466010875
AdaBoost,No SMOTE,0,0,0.1689822365998279
AdaBoost,No SMOTE,0,0,0.1744311028445886
AdaBoost,No SMOTE,0,0,0.1689822365998279
AdaBoost,No SMOTE,0,0,0.1744311028445886
AdaBoost,No SMOTE,0,0,0.17726965587952628
AdaBoost,No SMOTE,0,0,0.13019713023369225
AdaBoost,No SMOTE,0,0,0.13019713023369225
AdaBoost,No SMOTE,0,0,0.1689822365998279
AdaBoost,No SMOTE,0,0,0.1689822365998279
AdaBoost,No SMOTE,0,0,0.1689822365998279
AdaBoost,No SMOTE,0,0,0.1689822365998279
AdaBoost,No SMOTE,0,0,0.22493649393812828
AdaBoost,No SMOTE,0,0,0.1744311028445886
AdaBoost,No SMOTE,0,0,0.1689822365998279
AdaBoost,No SMOTE,0,0,0.17726965587952628
AdaBoost,No SMOTE,0,0,0.13586401457059089
AdaBoost,No SMOTE,0,0,0.22493649393812828
AdaBoost,No SMOTE,0,0,0.1744311028445886
AdaBoost,No SMOTE,0,0,0.1689822365998279
AdaBoost,No SMOTE,0,0,0.14895992415852724
AdaBoost,No SMOTE,0,0,0.1431363477165842
AdaBoost,No SMOTE,0,0,0.1431423024436669
AdaBoost,No SMOTE,0,0,0.1744311028445886
AdaBoost,No SMOTE,0,0,0.1689822365998279
AdaBoost,No SMOTE,0,0,0.17726965587952628
AdaBoost,No SMOTE,0,0,0.17726965587952628
AdaBoost,No SMOTE,0,0,0.17726965587952628
AdaBoost,No SMOTE,0,0,0.19003443635734119
AdaBoost,No SMOTE,0,0,0.14798688540029464
AdaBoost,No SMOTE,0,0,0.1689822365998279
AdaBoost,No SMOTE,0,0,0.11920292202211763
AdaBoost,No SMOTE,0,0,0.1744311028445886
AdaBoost,No SMOTE,0,0,0.1719470769852437
AdaBoost,No SMOTE,0,0,0.1744311028445886
AdaBoost,No SMOTE,0,0,0.11920292202211763
AdaBoost,No SMOTE,0,0,0.18800989342479768
AdaBoost,No SMOTE,0,0,0.17726965587952628
AdaBoost,No SMOTE,0,0,0.2091061060399178
AdaBoost,No SMOTE,0,0,0.14895992415852724
AdaBoost,No SMOTE,0,0,0.1931443810264556
AdaBoost,No SMOTE,0,0,0.1744311028445886
AdaBoost,No SMOTE,0,0,0.22493649393812828
AdaBoost,No SMOTE,0,0,0.1689822365998279
AdaBoost,No SMOTE,0,0,0.22493649393812828
AdaBoost,No SMOTE,0,0,0.1744311028445886
AdaBoost,No SMOTE,0,0,0.1689822365998279
AdaBoost,No SMOTE,0,0,0.17726965587952628
AdaBoost,No SMOTE,0,0,0.1689822365998279
AdaBoost,No SMOTE,0,0,0.2091061060399178
AdaBoost,No SMOTE,0,0,0.16895403564617684
AdaBoost,No SMOTE,0,0,0.1431363477165842
AdaBoost,No SMOTE,0,0,0.11920292202211763
AdaBoost,No SMOTE,0,0,0.1689822365998279
AdaBoost,No SMOTE,0,0,0.2193403423397052
AdaBoost,No SMOTE,0,0,0.1744311028445886
AdaBoost,No SMOTE,0,0,0.17726965587952628
AdaBoost,No SMOTE,0,0,0.1744311028445886
AdaBoost,No SMOTE,0,0,0.1431423024436669
AdaBoost,No SMOTE,0,0,0.191758796857404
AdaBoost,No SMOTE,0,0,0.18496367037446623
AdaBoost,No SMOTE,0,0,0.1689822365998279
AdaBoost,No SMOTE,0,0,0.13019713023369225
AdaBoost,No SMOTE,0,0,0.18800989342479768
AdaBoost,No SMOTE,0,0,0.18800989342479768
AdaBoost,No SMOTE,0,0,0.1744311028445886
AdaBoost,No SMOTE,0,0,0.17726965587952628
AdaBoost,No SMOTE,0,0,0.18496367037446623
AdaBoost,No SMOTE,0,0,0.191758796857404
AdaBoost,No SMOTE,0,0,0.1744311028445886
AdaBoost,No SMOTE,0,0,0.205659675438033
AdaBoost,No SMOTE,0,0,0.1689822365998279
AdaBoost,No SMOTE,0,0,0.16895403564617684
AdaBoost,No SMOTE,0,0,0.17726965587952628
AdaBoost,No SMOTE,0,0,0.1744311028445886
AdaBoost,No SMOTE,0,0,0.1689822365998279
AdaBoost,No SMOTE,0,0,0.1689822365998279
AdaBoost,No SMOTE,0,0,0.13019713023369225
AdaBoost,No SMOTE,0,0,0.1689822365998279
AdaBoost,No SMOTE,0,0,0.14895992415852724
AdaBoost,No SMOTE,0,0,0.16203849466010875
AdaBoost,No SMOTE,0,0,0.2193403423397052
AdaBoost,No SMOTE,0,0,0.1744311028445886
AdaBoost,No SMOTE,0,0,0.1744311028445886
AdaBoost,No SMOTE,0,0,0.1689822365998279
AdaBoost,No SMOTE,0,0,0.14895992415852724
AdaBoost,No SMOTE,0,0,0.1744311028445886
AdaBoost,No SMOTE,0,0,0.1689822365998279
AdaBoost,No SMOTE,0,0,0.191758796857404
AdaBoost,No SMOTE,0,0,0.14895992415852724
AdaBoost,No SMOTE,0,0,0.14895992415852724
AdaBoost,No SMOTE,0,0,0.1744311028445886
AdaBoost,No SMOTE,0,0,0.17726965587952628
AdaBoost,No SMOTE,0,0,0.2193403423397052
AdaBoost,No SMOTE,0,0,0.1744311028445886
AdaBoost,No SMOTE,0,0,0.11920292202211763
AdaBoost,No SMOTE,0,0,0.17726965587952628
AdaBoost,No SMOTE,0,0,0.17726965587952628
AdaBoost,No SMOTE,0,0,0.2193403423397052
AdaBoost,No SMOTE,0,0,0.22493649393812828
AdaBoost,No SMOTE,0,0,0.1744311028445886
AdaBoost,No SMOTE,0,0,0.16618389338377842
AdaBoost,No SMOTE,0,0,0.1431363477165842
AdaBoost,No SMOTE,0,0,0.1689822365998279
AdaBoost,No SMOTE,0,0,0.13586401457059089
AdaBoost,No SMOTE,0,0,0.18800989342479768
AdaBoost,No SMOTE,0,0,0.1744311028445886
AdaBoost,No SMOTE,0,0,0.2193403423397052
AdaBoost,No SMOTE,0,0,0.1744311028445886
AdaBoost,No SMOTE,0,0,0.1689822365998279
AdaBoost,No SMOTE,0,0,0.17726965587952628
AdaBoost,No SMOTE,0,0,0.1689822365998279
AdaBoost,No SMOTE,0,0,0.17726965587952628
AdaBoost,No SMOTE,0,0,0.1689822365998279
AdaBoost,No SMOTE,0,0,0.14895992415852724
AdaBoost,No SMOTE,0,0,0.13019713023369225
AdaBoost,No SMOTE,0,0,0.22493649393812828
AdaBoost,No SMOTE,0,0,0.1689822365998279
AdaBoost,No SMOTE,0,0,0.18496367037446623
AdaBoost,No SMOTE,0,0,0.11920292202211763
AdaBoost,No SMOTE,0,0,0.21607329118820193
AdaBoost,No SMOTE,0,0,0.17726965587952628
AdaBoost,No SMOTE,0,0,0.1744311028445886
AdaBoost,No SMOTE,0,0,0.1689822365998279
AdaBoost,No SMOTE,0,0,0.17726965587952628
AdaBoost,No SMOTE,0,0,0.21607329118820193
AdaBoost,No SMOTE,0,0,0.21607329118820193
AdaBoost,No SMOTE,0,0,0.17726965587952628
AdaBoost,No SMOTE,0,0,0.1689822365998279
AdaBoost,No SMOTE,0,0,0.22044238283982498
AdaBoost,No SMOTE,0,0,0.1719470769852437
AdaBoost,No SMOTE,0,0,0.16618389338377842
AdaBoost,No SMOTE,0,0,0.13586401457059089
AdaBoost,No SMOTE,0,0,0.1744311028445886
AdaBoost,No SMOTE,0,0,0.21607329118820193
AdaBoost,No SMOTE,0,0,0.1689822365998279
AdaBoost,No SMOTE,0,0,0.1744311028445886
AdaBoost,No SMOTE,0,0,0.22493649393812828
AdaBoost,No SMOTE,0,0,0.1744311028445886
AdaBoost,No SMOTE,0,0,0.1744311028445886
AdaBoost,No SMOTE,0,0,0.22493649393812828
AdaBoost,No SMOTE,0,0,0.1744311028445886
AdaBoost,No SMOTE,0,0,0.2193403423397052
AdaBoost,No SMOTE,0,0,0.1689822365998279
AdaBoost,No SMOTE,0,0,0.17726965587952628
AdaBoost,No SMOTE,0,0,0.17726965587952628
AdaBoost,No SMOTE,0,0,0.1744311028445886
AdaBoost,No SMOTE,0,0,0.22493649393812828
AdaBoost,No SMOTE,0,0,0.1744311028445886
AdaBoost,No SMOTE,0,0,0.17726965587952628
AdaBoost,No SMOTE,0,0,0.1689822365998279
AdaBoost,No SMOTE,0,0,0.1689822365998279
AdaBoost,No SMOTE,0,0,0.2193403423397052
AdaBoost,No SMOTE,0,0,0.17726965587952628
AdaBoost,No SMOTE,0,0,0.1689822365998279
AdaBoost,No SMOTE,0,0,0.14895992415852724
AdaBoost,No SMOTE,0,0,0.1744311028445886
AdaBoost,No SMOTE,0,0,0.17726965587952628
AdaBoost,No SMOTE,0,0,0.18800989342479768
AdaBoost,No SMOTE,0,0,0.18496367037446623
AdaBoost,No SMOTE,0,0,0.1744311028445886
AdaBoost,No SMOTE,0,0,0.17726965587952628
AdaBoost,No SMOTE,0,0,0.17726965587952628
AdaBoost,No SMOTE,0,0,0.1744311028445886
AdaBoost,No SMOTE,0,0,0.22493649393812828
AdaBoost,No SMOTE,0,0,0.1744311028445886
AdaBoost,No SMOTE,0,0,0.18496367037446623
AdaBoost,No SMOTE,0,0,0.1744311028445886
AdaBoost,No SMOTE,0,0,0.13019713023369225
AdaBoost,No SMOTE,0,0,0.16342013312650427
AdaBoost,No SMOTE,0,0,0.1744311028445886
AdaBoost,No SMOTE,0,0,0.17726965587952628
AdaBoost,No SMOTE,0,0,0.16895403564617684
AdaBoost,No SMOTE,0,0,0.17643129068755622
AdaBoost,No SMOTE,0,0,0.21607329118820193
AdaBoost,No SMOTE,0,0,0.14895992415852724
AdaBoost,No SMOTE,0,0,0.17726965587952628
AdaBoost,No SMOTE,0,0,0.17726965587952628
AdaBoost,No SMOTE,0,0,0.1719470769852437
AdaBoost,No SMOTE,0,0,0.16342013312650427
AdaBoost,No SMOTE,0,0,0.2193403423397052
AdaBoost,No SMOTE,0,0,0.14895992415852724
AdaBoost,No SMOTE,0,0,0.1744311028445886
AdaBoost,No SMOTE,0,0,0.22493649393812828
AdaBoost,No SMOTE,0,0,0.11920292202211763
AdaBoost,No SMOTE,0,0,0.16342013312650427
AdaBoost,No SMOTE,0,0,0.1689822365998279
AdaBoost,No SMOTE,0,0,0.1689822365998279
AdaBoost,No SMOTE,0,0,0.1744311028445886
AdaBoost,No SMOTE,0,0,0.13586401457059089
AdaBoost,No SMOTE,0,0,0.1689822365998279
AdaBoost,No SMOTE,0,0,0.1744311028445886
AdaBoost,No SMOTE,0,0,0.17726965587952628
AdaBoost,No SMOTE,0,0,0.1744311028445886
AdaBoost,No SMOTE,0,0,0.14895992415852724
AdaBoost,No SMOTE,0,0,0.16203849466010875
AdaBoost,No SMOTE,0,0,0.22493649393812828
AdaBoost,No SMOTE,0,0,0.22843520662470906
AdaBoost,No SMOTE,0,0,0.1744311028445886
AdaBoost,No SMOTE,0,0,0.1431363477165842
AdaBoost,No SMOTE,0,0,0.17726965587952628
AdaBoost,No SMOTE,0,0,0.14895992415852724
AdaBoost,No SMOTE,0,0,0.1689822365998279
AdaBoost,No SMOTE,0,0,0.17726965587952628
AdaBoost,No SMOTE,0,0,0.1689822365998279
AdaBoost,No SMOTE,0,0,0.18800989342479768
AdaBoost,No SMOTE,0,0,0.205659675438033
AdaBoost,No SMOTE,0,0,0.1689822365998279
AdaBoost,No SMOTE,0,0,0.17726965587952628
AdaBoost,No SMOTE,0,0,0.16342013312650427
AdaBoost,No SMOTE,0,0,0.16342013312650427
AdaBoost,No SMOTE,0,0,0.16342013312650427
AdaBoost,No SMOTE,0,0,0.1719470769852437
AdaBoost,No SMOTE,0,0,0.17726965587952628
AdaBoost,No SMOTE,0,0,0.17726965587952628
AdaBoost,No SMOTE,0,0,0.1719470769852437
AdaBoost,No SMOTE,0,0,0.14895992415852724
AdaBoost,No SMOTE,0,0,0.17726965587952628
AdaBoost,No SMOTE,0,0,0.16342013312650427
AdaBoost,No SMOTE,0,0,0.1689822365998279
AdaBoost,No SMOTE,0,0,0.1744311028445886
AdaBoost,No SMOTE,0,0,0.13586401457059089
AdaBoost,No SMOTE,0,0,0.1689822365998279
AdaBoost,No SMOTE,0,0,0.2193403423397052
AdaBoost,No SMOTE,0,0,0.14895992415852724
AdaBoost,No SMOTE,0,0,0.14895992415852724
AdaBoost,No SMOTE,0,0,0.26348243932586984
AdaBoost,No SMOTE,0,0,0.1744311028445886
AdaBoost,No SMOTE,0,0,0.16342013312650427
AdaBoost,No SMOTE,0,0,0.22017433581447826
AdaBoost,No SMOTE,0,0,0.17726965587952628
AdaBoost,No SMOTE,0,0,0.1689822365998279
AdaBoost,No SMOTE,0,0,0.1719470769852437
AdaBoost,No SMOTE,0,0,0.1689822365998279
AdaBoost,No SMOTE,0,0,0.1744311028445886
AdaBoost,No SMOTE,0,0,0.1689822365998279
AdaBoost,No SMOTE,0,0,0.1431363477165842
AdaBoost,No SMOTE,0,0,0.1689822365998279
AdaBoost,No SMOTE,0,0,0.1689822365998279
AdaBoost,No SMOTE,0,0,0.22493649393812828
AdaBoost,No SMOTE,0,0,0.1689822365998279
AdaBoost,No SMOTE,0,0,0.14895992415852724
AdaBoost,No SMOTE,0,0,0.14895992415852724
AdaBoost,No SMOTE,0,0,0.1744311028445886
AdaBoost,No SMOTE,0,0,0.22493649393812828
AdaBoost,No SMOTE,0,0,0.2193403423397052
AdaBoost,No SMOTE,0,0,0.17726965587952628
AdaBoost,No SMOTE,0,0,0.17726965587952628
AdaBoost,No SMOTE,0,0,0.17726965587952628
AdaBoost,No SMOTE,0,0,0.18800989342479768
AdaBoost,No SMOTE,0,0,0.13019713023369225
AdaBoost,No SMOTE,0,0,0.1744311028445886
AdaBoost,No SMOTE,0,0,0.22493649393812828
AdaBoost,No SMOTE,0,0,0.16342013312650427
AdaBoost,No SMOTE,0,0,0.17726965587952628
AdaBoost,No SMOTE,0,0,0.2211488914469814
AdaBoost,No SMOTE,0,0,0.1931443810264556
AdaBoost,No SMOTE,0,0,0.1744311028445886
AdaBoost,No SMOTE,0,0,0.18496367037446623
AdaBoost,No SMOTE,0,0,0.17726965587952628
AdaBoost,No SMOTE,0,0,0.14895992415852724
AdaBoost,No SMOTE,0,0,0.16342013312650427
AdaBoost,No SMOTE,0,0,0.17726965587952628
AdaBoost,No SMOTE,0,0,0.17726965587952628
AdaBoost,No SMOTE,0,0,0.22493649393812828
AdaBoost,No SMOTE,0,0,0.17726965587952628
AdaBoost,No SMOTE,0,0,0.1744311028445886
AdaBoost,No SMOTE,0,0,0.1744311028445886
AdaBoost,No SMOTE,0,0,0.1689822365998279
AdaBoost,No SMOTE,0,0,0.1744311028445886
AdaBoost,No SMOTE,0,0,0.17726965587952628
AdaBoost,No SMOTE,0,0,0.1689822365998279
AdaBoost,No SMOTE,0,0,0.1744311028445886
AdaBoost,No SMOTE,0,0,0.1744311028445886
AdaBoost,No SMOTE,0,0,0.17726965587952628
AdaBoost,No SMOTE,0,0,0.16618389338377842
AdaBoost,No SMOTE,0,0,0.1744311028445886
AdaBoost,No SMOTE,0,0,0.21573524134425506
AdaBoost,No SMOTE,0,0,0.21607329118820193
AdaBoost,No SMOTE,0,0,0.1744311028445886
AdaBoost,No SMOTE,0,0,0.1744311028445886
AdaBoost,No SMOTE,0,0,0.11920292202211763
AdaBoost,No SMOTE,0,0,0.1689822365998279
AdaBoost,No SMOTE,0,0,0.13019713023369225
AdaBoost,No SMOTE,0,0,0.1689822365998279
AdaBoost,No SMOTE,0,0,0.17726965587952628
AdaBoost,No SMOTE,0,0,0.1689822365998279
AdaBoost,No SMOTE,0,0,0.1689822365998279
AdaBoost,No SMOTE,0,0,0.1689822365998279
AdaBoost,No SMOTE,0,0,0.17726965587952628
AdaBoost,No SMOTE,0,0,0.1689822365998279
AdaBoost,No SMOTE,0,0,0.14895992415852724
AdaBoost,No SMOTE,0,0,0.22493649393812828
AdaBoost,No SMOTE,0,0,0.21607329118820193
AdaBoost,No SMOTE,0,0,0.21607329118820193
AdaBoost,No SMOTE,0,0,0.21607329118820193
AdaBoost,No SMOTE,0,0,0.22493649393812828
AdaBoost,No SMOTE,0,0,0.21607329118820193
AdaBoost,No SMOTE,0,0,0.11920292202211763
AdaBoost,No SMOTE,0,0,0.11920292202211763
AdaBoost,No SMOTE,0,0,0.14895992415852724
AdaBoost,No SMOTE,0,0,0.1744311028445886
AdaBoost,No SMOTE,0,0,0.21607329118820193
AdaBoost,No SMOTE,0,0,0.2193403423397052
AdaBoost,No SMOTE,0,0,0.22493649393812828
AdaBoost,No SMOTE,0,0,0.18800989342479768
AdaBoost,No SMOTE,0,0,0.13019713023369225
AdaBoost,No SMOTE,0,0,0.14895992415852724
AdaBoost,No SMOTE,0,0,0.2193403423397052
AdaBoost,No SMOTE,0,0,0.1719470769852437
AdaBoost,No SMOTE,0,0,0.22493649393812828
AdaBoost,No SMOTE,0,0,0.22493649393812828
AdaBoost,No SMOTE,0,0,0.16618389338377842
AdaBoost,No SMOTE,0,0,0.17726965587952628
AdaBoost,No SMOTE,0,0,0.17643129068755622
AdaBoost,No SMOTE,0,0,0.1931443810264556
AdaBoost,No SMOTE,0,0,0.11920292202211763
AdaBoost,No SMOTE,0,0,0.18496367037446623
AdaBoost,No SMOTE,0,0,0.17726965587952628
AdaBoost,No SMOTE,0,0,0.22493649393812828
AdaBoost,No SMOTE,0,0,0.13019713023369225
AdaBoost,No SMOTE,0,0,0.22493649393812828
AdaBoost,No SMOTE,0,0,0.16342013312650427
AdaBoost,No SMOTE,0,0,0.17726965587952628
AdaBoost,No SMOTE,0,0,0.13019713023369225
AdaBoost,No SMOTE,0,0,0.1744311028445886
AdaBoost,No SMOTE,0,0,0.1689822365998279
AdaBoost,No SMOTE,0,0,0.13019713023369225
AdaBoost,No SMOTE,0,0,0.1689822365998279
AdaBoost,No SMOTE,0,0,0.17726965587952628
AdaBoost,No SMOTE,0,0,0.13586401457059089
AdaBoost,No SMOTE,0,0,0.1744311028445886
AdaBoost,No SMOTE,0,0,0.21928751511544514
AdaBoost,No SMOTE,0,0,0.21607329118820193
AdaBoost,No SMOTE,0,0,0.17452323501899744
AdaBoost,No SMOTE,0,0,0.1689822365998279
AdaBoost,No SMOTE,0,0,0.18496367037446623
AdaBoost,No SMOTE,0,0,0.20002774141121915
AdaBoost,No SMOTE,0,0,0.17726965587952628
AdaBoost,No SMOTE,0,0,0.17726965587952628
AdaBoost,No SMOTE,0,0,0.1689822365998279
AdaBoost,No SMOTE,0,0,0.17726965587952628
AdaBoost,No SMOTE,0,0,0.1744311028445886
AdaBoost,No SMOTE,0,0,0.1719470769852437
AdaBoost,No SMOTE,0,0,0.191758796857404
AdaBoost,No SMOTE,0,0,0.1689822365998279
AdaBoost,No SMOTE,0,0,0.1689822365998279
AdaBoost,No SMOTE,0,0,0.1689822365998279
AdaBoost,No SMOTE,0,0,0.1744311028445886
AdaBoost,No SMOTE,0,0,0.22493649393812828
AdaBoost,No SMOTE,0,0,0.1931443810264556
AdaBoost,No SMOTE,0,0,0.17726965587952628
AdaBoost,No SMOTE,0,0,0.18496367037446623
AdaBoost,No SMOTE,0,0,0.17726965587952628
AdaBoost,No SMOTE,0,0,0.1719470769852437
AdaBoost,No SMOTE,0,0,0.2193403423397052
AdaBoost,No SMOTE,0,0,0.1689822365998279
AdaBoost,No SMOTE,0,0,0.1744311028445886
AdaBoost,No SMOTE,0,0,0.17726965587952628
AdaBoost,No SMOTE,0,0,0.1744311028445886
AdaBoost,No SMOTE,0,0,0.1719470769852437
AdaBoost,No SMOTE,0,0,0.22493649393812828
AdaBoost,No SMOTE,0,0,0.14895992415852724
AdaBoost,No SMOTE,0,0,0.13019713023369225
AdaBoost,No SMOTE,0,0,0.1744311028445886
AdaBoost,No SMOTE,0,0,0.17726965587952628
AdaBoost,No SMOTE,0,0,0.17726965587952628
AdaBoost,No SMOTE,0,0,0.1689822365998279
AdaBoost,No SMOTE,0,0,0.14895992415852724
AdaBoost,No SMOTE,0,0,0.1689822365998279
AdaBoost,No SMOTE,0,0,0.18800989342479768
AdaBoost,No SMOTE,0,0,0.22017433581447826
AdaBoost,No SMOTE,0,0,0.18496367037446623
AdaBoost,No SMOTE,0,0,0.1689822365998279
AdaBoost,No SMOTE,0,0,0.191758796857404
AdaBoost,No SMOTE,0,0,0.13019713023369225
AdaBoost,No SMOTE,0,0,0.16203849466010875
AdaBoost,No SMOTE,0,0,0.22843520662470906
AdaBoost,No SMOTE,0,0,0.17726965587952628
AdaBoost,No SMOTE,0,0,0.205659675438033
AdaBoost,No SMOTE,0,0,0.11920292202211763
AdaBoost,No SMOTE,0,0,0.14895992415852724
AdaBoost,No SMOTE,0,0,0.18496367037446623
AdaBoost,No SMOTE,0,0,0.17726965587952628
AdaBoost,No SMOTE,0,0,0.1689822365998279
AdaBoost,No SMOTE,0,0,0.17726965587952628
AdaBoost,No SMOTE,0,0,0.18496367037446623
AdaBoost,No SMOTE,0,0,0.22493649393812828
AdaBoost,No SMOTE,0,0,0.14895992415852724
AdaBoost,No SMOTE,0,0,0.14895992415852724
AdaBoost,No SMOTE,0,0,0.2193403423397052
AdaBoost,No SMOTE,0,0,0.17726965587952628
AdaBoost,No SMOTE,0,0,0.1689822365998279
AdaBoost,No SMOTE,0,0,0.13019713023369225
AdaBoost,No SMOTE,0,0,0.17726965587952628
AdaBoost,No SMOTE,0,0,0.1689822365998279
AdaBoost,No SMOTE,0,0,0.14895992415852724
AdaBoost,No SMOTE,0,0,0.1689822365998279
AdaBoost,No SMOTE,0,0,0.1689822365998279
AdaBoost,No SMOTE,0,0,0.22493649393812828
AdaBoost,No SMOTE,0,0,0.1744311028445886
AdaBoost,No SMOTE,0,0,0.1431423024436669
AdaBoost,No SMOTE,0,0,0.13586401457059089
AdaBoost,No SMOTE,0,0,0.17726965587952628
AdaBoost,No SMOTE,0,0,0.1744311028445886
AdaBoost,No SMOTE,0,0,0.13019713023369225
AdaBoost,No SMOTE,0,0,0.22493649393812828
AdaBoost,No SMOTE,0,0,0.16342013312650427
AdaBoost,No SMOTE,0,0,0.1744311028445886
AdaBoost,No SMOTE,0,0,0.2193403423397052
AdaBoost,No SMOTE,0,0,0.1744311028445886
AdaBoost,No SMOTE,0,0,0.17726965587952628
AdaBoost,No SMOTE,0,0,0.17726965587952628
AdaBoost,No SMOTE,0,0,0.17726965587952628
AdaBoost,No SMOTE,0,0,0.1744311028445886
AdaBoost,No SMOTE,0,0,0.2193403423397052
AdaBoost,No SMOTE,0,0,0.22493649393812828
AdaBoost,No SMOTE,0,0,0.14895992415852724
AdaBoost,No SMOTE,0,0,0.13586401457059089
AdaBoost,No SMOTE,0,0,0.22493649393812828
AdaBoost,No SMOTE,0,0,0.17726965587952628
AdaBoost,No SMOTE,0,0,0.21607329118820193
AdaBoost,No SMOTE,0,0,0.13586401457059089
AdaBoost,No SMOTE,0,0,0.1689822365998279
AdaBoost,No SMOTE,0,0,0.23177895169308674
AdaBoost,No SMOTE,0,0,0.1744311028445886
AdaBoost,No SMOTE,0,0,0.14895992415852724
AdaBoost,No SMOTE,0,0,0.17726965587952628
AdaBoost,No SMOTE,0,0,0.1689822365998279
AdaBoost,No SMOTE,0,0,0.1744311028445886
AdaBoost,No SMOTE,0,0,0.1689822365998279
AdaBoost,No SMOTE,0,0,0.1689822365998279
AdaBoost,No SMOTE,0,0,0.1744311028445886
AdaBoost,No SMOTE,0,0,0.1689822365998279
AdaBoost,No SMOTE,0,0,0.1719470769852437
AdaBoost,No SMOTE,0,0,0.1689822365998279
AdaBoost,No SMOTE,0,0,0.14895992415852724
AdaBoost,No SMOTE,0,0,0.1431423024436669
AdaBoost,No SMOTE,0,0,0.21907325876335335
AdaBoost,No SMOTE,0,0,0.17726965587952628
AdaBoost,No SMOTE,0,0,0.1689822365998279
AdaBoost,No SMOTE,0,0,0.21928751511544514
AdaBoost,No SMOTE,0,0,0.13019713023369225
AdaBoost,No SMOTE,0,0,0.1744311028445886
AdaBoost,No SMOTE,0,0,0.1431423024436669
AdaBoost,No SMOTE,0,0,0.2193403423397052
AdaBoost,No SMOTE,0,0,0.14895992415852724
AdaBoost,No SMOTE,0,0,0.1744311028445886
AdaBoost,No SMOTE,0,0,0.22493649393812828
AdaBoost,No SMOTE,0,0,0.1689822365998279
AdaBoost,No SMOTE,0,0,0.1689822365998279
AdaBoost,No SMOTE,0,0,0.1744311028445886
AdaBoost,No SMOTE,0,0,0.1689822365998279
AdaBoost,No SMOTE,0,0,0.13019713023369225
AdaBoost,No SMOTE,0,0,0.1744311028445886
AdaBoost,No SMOTE,0,0,0.1689822365998279
AdaBoost,No SMOTE,0,0,0.1689822365998279
AdaBoost,No SMOTE,0,0,0.17726965587952628
AdaBoost,No SMOTE,0,0,0.1689822365998279
AdaBoost,No SMOTE,0,0,0.17726965587952628
AdaBoost,No SMOTE,0,0,0.1744311028445886
AdaBoost,No SMOTE,0,0,0.17726965587952628
AdaBoost,No SMOTE,0,0,0.1689822365998279
AdaBoost,No SMOTE,0,0,0.22493649393812828
AdaBoost,No SMOTE,0,0,0.13586401457059089
AdaBoost,No SMOTE,0,0,0.17726965587952628
AdaBoost,No SMOTE,0,0,0.14895992415852724
AdaBoost,No SMOTE,0,0,0.1689822365998279
AdaBoost,No SMOTE,0,0,0.17726965587952628
AdaBoost,No SMOTE,0,0,0.11920292202211763
AdaBoost,No SMOTE,0,0,0.14895992415852724
AdaBoost,No SMOTE,0,0,0.22017433581447826
AdaBoost,No SMOTE,0,0,0.1744311028445886
AdaBoost,No SMOTE,0,0,0.1744311028445886
AdaBoost,No SMOTE,0,0,0.22493649393812828
AdaBoost,No SMOTE,0,0,0.19003443635734119
AdaBoost,No SMOTE,0,0,0.17726965587952628
AdaBoost,No SMOTE,0,0,0.22493649393812828
AdaBoost,No SMOTE,0,0,0.11920292202211763
AdaBoost,No SMOTE,0,0,0.17726965587952628
AdaBoost,No SMOTE,0,0,0.1689822365998279
AdaBoost,No SMOTE,0,0,0.17726965587952628
AdaBoost,No SMOTE,0,0,0.2193403423397052
AdaBoost,No SMOTE,0,0,0.17726965587952628
AdaBoost,No SMOTE,0,0,0.1744311028445886
AdaBoost,No SMOTE,0,0,0.14895992415852724
AdaBoost,No SMOTE,0,0,0.14895992415852724
AdaBoost,No SMOTE,0,0,0.18496367037446623
AdaBoost,No SMOTE,0,0,0.17726965587952628
AdaBoost,No SMOTE,0,0,0.22493649393812828
AdaBoost,No SMOTE,0,0,0.1689822365998279
AdaBoost,No SMOTE,0,0,0.16895403564617684
AdaBoost,No SMOTE,0,0,0.17726965587952628
AdaBoost,No SMOTE,0,0,0.1689822365998279
AdaBoost,No SMOTE,0,0,0.1689822365998279
AdaBoost,No SMOTE,0,0,0.1744311028445886
AdaBoost,No SMOTE,0,0,0.1689822365998279
AdaBoost,No SMOTE,0,0,0.1431423024436669
AdaBoost,No SMOTE,0,0,0.13019713023369225
AdaBoost,No SMOTE,0,0,0.1689822365998279
AdaBoost,No SMOTE,0,0,0.16342013312650427
AdaBoost,No SMOTE,0,0,0.22017433581447826
AdaBoost,No SMOTE,0,0,0.14895992415852724
AdaBoost,No SMOTE,0,0,0.22017433581447826
AdaBoost,No SMOTE,0,0,0.16895403564617684
AdaBoost,No SMOTE,0,0,0.1689822365998279
AdaBoost,No SMOTE,0,0,0.17133680384090874
AdaBoost,No SMOTE,0,0,0.21607329118820193
AdaBoost,No SMOTE,0,0,0.22843520662470906
AdaBoost,No SMOTE,0,0,0.1431363477165842
AdaBoost,No SMOTE,0,0,0.1689822365998279
AdaBoost,No SMOTE,0,0,0.1689822365998279
AdaBoost,No SMOTE,0,0,0.191758796857404
AdaBoost,No SMOTE,0,0,0.1689822365998279
AdaBoost,No SMOTE,0,0,0.1744311028445886
AdaBoost,No SMOTE,0,0,0.17726965587952628
AdaBoost,No SMOTE,0,0,0.1431423024436669
AdaBoost,No SMOTE,0,0,0.1744311028445886
AdaBoost,No SMOTE,0,0,0.1744311028445886
AdaBoost,No SMOTE,0,0,0.17726965587952628
AdaBoost,No SMOTE,0,0,0.17726965587952628
AdaBoost,No SMOTE,0,0,0.1744311028445886
AdaBoost,No SMOTE,0,0,0.17643129068755622
AdaBoost,No SMOTE,0,0,0.17043552930931818
AdaBoost,No SMOTE,0,0,0.1689822365998279
AdaBoost,No SMOTE,0,0,0.1689822365998279
AdaBoost,No SMOTE,0,0,0.1744311028445886
AdaBoost,No SMOTE,0,0,0.21607329118820193
AdaBoost,No SMOTE,0,0,0.22843520662470906
AdaBoost,No SMOTE,0,0,0.17726965587952628
AdaBoost,No SMOTE,0,0,0.17726965587952628
AdaBoost,No SMOTE,0,0,0.1689822365998279
AdaBoost,No SMOTE,0,0,0.191758796857404
AdaBoost,No SMOTE,0,0,0.17726965587952628
AdaBoost,No SMOTE,0,0,0.17726965587952628
AdaBoost,No SMOTE,0,0,0.16867357177983938
AdaBoost,No SMOTE,0,0,0.14895992415852724
AdaBoost,No SMOTE,0,0,0.16867357177983938
AdaBoost,No SMOTE,0,0,0.17726965587952628
AdaBoost,No SMOTE,0,0,0.1744311028445886
AdaBoost,No SMOTE,0,0,0.1689822365998279
AdaBoost,No SMOTE,0,0,0.191758796857404
AdaBoost,No SMOTE,0,0,0.17726965587952628
AdaBoost,No SMOTE,0,0,0.1744311028445886
AdaBoost,No SMOTE,0,0,0.1689822365998279
AdaBoost,No SMOTE,0,0,0.1744311028445886
AdaBoost,No SMOTE,0,0,0.1689822365998279
AdaBoost,No SMOTE,0,0,0.2193403423397052
AdaBoost,No SMOTE,0,0,0.1689822365998279
AdaBoost,No SMOTE,0,0,0.1744311028445886
AdaBoost,No SMOTE,0,0,0.16867357177983938
AdaBoost,No SMOTE,0,0,0.17726965587952628
AdaBoost,No SMOTE,0,0,0.1689822365998279
AdaBoost,No SMOTE,0,0,0.17726965587952628
AdaBoost,No SMOTE,0,0,0.1689822365998279
AdaBoost,No SMOTE,0,0,0.16203849466010875
AdaBoost,No SMOTE,0,0,0.17182074334119965
AdaBoost,No SMOTE,0,0,0.18496367037446623
AdaBoost,No SMOTE,0,0,0.1744311028445886
AdaBoost,No SMOTE,0,0,0.1456228192075175
AdaBoost,No SMOTE,0,0,0.1689822365998279
AdaBoost,No SMOTE,0,0,0.17726965587952628
AdaBoost,No SMOTE,0,0,0.22493649393812828
AdaBoost,No SMOTE,0,0,0.17726965587952628
AdaBoost,No SMOTE,0,0,0.22493649393812828
AdaBoost,No SMOTE,0,0,0.17726965587952628
AdaBoost,No SMOTE,0,0,0.1431423024436669
AdaBoost,No SMOTE,0,0,0.1431363477165842
AdaBoost,No SMOTE,0,0,0.18800989342479768
AdaBoost,No SMOTE,0,0,0.17726965587952628
AdaBoost,No SMOTE,0,0,0.18496367037446623
AdaBoost,No SMOTE,0,0,0.18496367037446623
AdaBoost,No SMOTE,0,0,0.17726965587952628
AdaBoost,No SMOTE,0,0,0.1744311028445886
AdaBoost,No SMOTE,0,0,0.13019713023369225
AdaBoost,No SMOTE,0,0,0.1431423024436669
AdaBoost,No SMOTE,0,0,0.17726965587952628
AdaBoost,No SMOTE,0,0,0.1689822365998279
AdaBoost,No SMOTE,0,0,0.1689822365998279
AdaBoost,No SMOTE,0,0,0.22044238283982498
AdaBoost,No SMOTE,0,0,0.22176486665410824
AdaBoost,No SMOTE,0,0,0.18496367037446623
AdaBoost,No SMOTE,0,0,0.22493649393812828
AdaBoost,No SMOTE,0,0,0.22493649393812828
AdaBoost,No SMOTE,0,0,0.1689822365998279
AdaBoost,No SMOTE,0,0,0.18800989342479768
AdaBoost,No SMOTE,0,0,0.22493649393812828
AdaBoost,No SMOTE,0,0,0.14895992415852724
AdaBoost,No SMOTE,0,0,0.14895992415852724
AdaBoost,No SMOTE,0,0,0.14895992415852724
AdaBoost,No SMOTE,0,0,0.17726965587952628
AdaBoost,No SMOTE,0,0,0.1689822365998279
AdaBoost,No SMOTE,0,0,0.18496367037446623
AdaBoost,No SMOTE,0,0,0.17726965587952628
AdaBoost,No SMOTE,0,0,0.13019713023369225
AdaBoost,No SMOTE,0,0,0.1689822365998279
AdaBoost,No SMOTE,0,0,0.17726965587952628
AdaBoost,No SMOTE,0,0,0.18496367037446623
AdaBoost,No SMOTE,0,0,0.17726965587952628
AdaBoost,No SMOTE,0,0,0.16342013312650427
AdaBoost,No SMOTE,0,0,0.14895992415852724
AdaBoost,No SMOTE,0,0,0.17726965587952628
AdaBoost,No SMOTE,0,0,0.1689822365998279
AdaBoost,No SMOTE,0,0,0.14895992415852724
AdaBoost,No SMOTE,0,0,0.17726965587952628
AdaBoost,No SMOTE,0,0,0.1689822365998279
AdaBoost,No SMOTE,0,0,0.191758796857404
AdaBoost,No SMOTE,0,0,0.16618389338377842
AdaBoost,No SMOTE,0,0,0.17643129068755622
AdaBoost,No SMOTE,0,0,0.191758796857404
AdaBoost,No SMOTE,0,0,0.14895992415852724
AdaBoost,No SMOTE,0,0,0.21607329118820193
AdaBoost,No SMOTE,0,0,0.17726965587952628
AdaBoost,No SMOTE,0,0,0.1689822365998279
AdaBoost,No SMOTE,0,0,0.1719470769852437
AdaBoost,No SMOTE,0,0,0.17726965587952628
AdaBoost,No SMOTE,0,0,0.1689822365998279
AdaBoost,No SMOTE,0,0,0.17726965587952628
AdaBoost,No SMOTE,0,0,0.22044238283982498
AdaBoost,No SMOTE,0,0,0.17643129068755622
AdaBoost,No SMOTE,0,0,0.14895992415852724
AdaBoost,No SMOTE,0,0,0.17726965587952628
AdaBoost,No SMOTE,0,0,0.1744311028445886
AdaBoost,No SMOTE,0,0,0.1744311028445886
AdaBoost,No SMOTE,0,0,0.13586401457059089
AdaBoost,No SMOTE,0,0,0.17726965587952628
AdaBoost,No SMOTE,0,0,0.13019713023369225
AdaBoost,No SMOTE,0,0,0.1744311028445886
AdaBoost,No SMOTE,0,0,0.21607329118820193
AdaBoost,No SMOTE,0,0,0.14895992415852724
AdaBoost,No SMOTE,0,0,0.1689822365998279
AdaBoost,No SMOTE,0,0,0.1689822365998279
AdaBoost,No SMOTE,0,0,0.17726965587952628
AdaBoost,No SMOTE,0,0,0.1689822365998279
AdaBoost,No SMOTE,0,0,0.21607329118820193
AdaBoost,No SMOTE,0,0,0.1431423024436669
AdaBoost,No SMOTE,0,0,0.17726965587952628
AdaBoost,No SMOTE,0,0,0.1689822365998279
AdaBoost,No SMOTE,0,0,0.1744311028445886
AdaBoost,No SMOTE,0,0,0.17726965587952628
AdaBoost,No SMOTE,0,0,0.1744311028445886
AdaBoost,No SMOTE,0,0,0.1744311028445886
AdaBoost,No SMOTE,0,0,0.1689822365998279
AdaBoost,No SMOTE,0,0,0.1744311028445886
AdaBoost,No SMOTE,0,0,0.1689822365998279
AdaBoost,No SMOTE,0,0,0.13019713023369225
AdaBoost,No SMOTE,0,0,0.1744311028445886
AdaBoost,No SMOTE,0,0,0.1744311028445886
AdaBoost,No SMOTE,0,0,0.21607329118820193
AdaBoost,No SMOTE,0,0,0.22176486665410824
AdaBoost,No SMOTE,0,0,0.1689822365998279
AdaBoost,No SMOTE,0,0,0.18800989342479768
AdaBoost,No SMOTE,0,0,0.17726965587952628
AdaBoost,No SMOTE,0,0,0.17726965587952628
AdaBoost,No SMOTE,0,0,0.1456228192075175
AdaBoost,No SMOTE,0,0,0.1689822365998279
AdaBoost,No SMOTE,0,0,0.17726965587952628
AdaBoost,No SMOTE,0,0,0.16618389338377842
AdaBoost,No SMOTE,0,0,0.13586401457059089
AdaBoost,No SMOTE,0,0,0.2193403423397052
AdaBoost,No SMOTE,0,0,0.17726965587952628
AdaBoost,No SMOTE,0,0,0.17726965587952628
AdaBoost,No SMOTE,0,0,0.1744311028445886
AdaBoost,No SMOTE,0,0,0.16895403564617684
AdaBoost,No SMOTE,0,0,0.1744311028445886
AdaBoost,No SMOTE,0,0,0.22493649393812828
AdaBoost,No SMOTE,0,0,0.18800989342479768
AdaBoost,No SMOTE,0,0,0.1689822365998279
AdaBoost,No SMOTE,0,0,0.22493649393812828
AdaBoost,No SMOTE,0,0,0.1431423024436669
AdaBoost,No SMOTE,0,0,0.17726965587952628
AdaBoost,No SMOTE,0,0,0.1431423024436669
AdaBoost,No SMOTE,0,0,0.17726965587952628
AdaBoost,No SMOTE,0,0,0.22730485922067978
AdaBoost,No SMOTE,0,0,0.14895992415852724
AdaBoost,No SMOTE,0,0,0.1744311028445886
AdaBoost,No SMOTE,0,0,0.1689822365998279
AdaBoost,No SMOTE,0,0,0.17726965587952628
AdaBoost,No SMOTE,0,0,0.17726965587952628
AdaBoost,No SMOTE,0,0,0.2193403423397052
AdaBoost,No SMOTE,0,0,0.11920292202211763
AdaBoost,No SMOTE,0,0,0.1689822365998279
AdaBoost,No SMOTE,0,0,0.1744311028445886
AdaBoost,No SMOTE,0,0,0.13019713023369225
AdaBoost,No SMOTE,0,0,0.1744311028445886
AdaBoost,No SMOTE,0,0,0.1431363477165842
AdaBoost,No SMOTE,0,0,0.1744311028445886
AdaBoost,No SMOTE,0,0,0.14895992415852724
AdaBoost,No SMOTE,0,0,0.13586401457059089
AdaBoost,No SMOTE,0,0,0.25081468689261593
AdaBoost,No SMOTE,0,0,0.17726965587952628
AdaBoost,No SMOTE,0,0,0.1744311028445886
AdaBoost,No SMOTE,0,0,0.16895403564617684
AdaBoost,No SMOTE,0,0,0.17726965587952628
AdaBoost,No SMOTE,0,0,0.1689822365998279
AdaBoost,No SMOTE,0,0,0.17726965587952628
AdaBoost,No SMOTE,0,0,0.14895992415852724
AdaBoost,No SMOTE,0,0,0.22044238283982498
AdaBoost,No SMOTE,0,0,0.17726965587952628
AdaBoost,No SMOTE,0,0,0.1744311028445886
AdaBoost,No SMOTE,0,0,0.1744311028445886
AdaBoost,No SMOTE,0,0,0.17726965587952628
AdaBoost,No SMOTE,0,0,0.1744311028445886
AdaBoost,No SMOTE,0,0,0.1689822365998279
AdaBoost,No SMOTE,0,0,0.21607329118820193
AdaBoost,No SMOTE,0,0,0.1689822365998279
AdaBoost,No SMOTE,0,0,0.17726965587952628
AdaBoost,No SMOTE,0,0,0.1431423024436669
AdaBoost,No SMOTE,0,0,0.13019713023369225
AdaBoost,No SMOTE,0,0,0.1744311028445886
AdaBoost,No SMOTE,0,0,0.17726965587952628
AdaBoost,No SMOTE,0,0,0.22843520662470906
AdaBoost,No SMOTE,0,0,0.17726965587952628
AdaBoost,No SMOTE,0,0,0.1689822365998279
AdaBoost,No SMOTE,0,0,0.13019713023369225
AdaBoost,No SMOTE,0,0,0.1689822365998279
AdaBoost,No SMOTE,0,0,0.1689822365998279
AdaBoost,No SMOTE,0,0,0.17726965587952628
AdaBoost,No SMOTE,0,0,0.1689822365998279
AdaBoost,No SMOTE,0,0,0.17726965587952628
AdaBoost,No SMOTE,0,0,0.1744311028445886
AdaBoost,No SMOTE,0,0,0.1744311028445886
AdaBoost,No SMOTE,0,0,0.11920292202211763
AdaBoost,No SMOTE,0,0,0.18496367037446623
AdaBoost,No SMOTE,0,0,0.17726965587952628
AdaBoost,No SMOTE,0,0,0.17726965587952628
AdaBoost,No SMOTE,0,0,0.1689822365998279
AdaBoost,No SMOTE,0,0,0.17726965587952628
AdaBoost,No SMOTE,0,0,0.17726965587952628
AdaBoost,No SMOTE,0,0,0.13586401457059089
AdaBoost,No SMOTE,0,0,0.17726965587952628
AdaBoost,No SMOTE,0,0,0.1744311028445886
AdaBoost,No SMOTE,0,0,0.21607329118820193
AdaBoost,No SMOTE,0,0,0.17726965587952628
AdaBoost,No SMOTE,0,0,0.17726965587952628
AdaBoost,No SMOTE,0,0,0.17726965587952628
AdaBoost,No SMOTE,0,0,0.21607329118820193
AdaBoost,No SMOTE,0,0,0.13586401457059089
AdaBoost,No SMOTE,0,0,0.14895992415852724
AdaBoost,No SMOTE,0,0,0.1744311028445886
AdaBoost,No SMOTE,0,0,0.13019713023369225
AdaBoost,No SMOTE,0,0,0.2193403423397052
AdaBoost,No SMOTE,0,0,0.17726965587952628
AdaBoost,No SMOTE,0,0,0.13586401457059089
AdaBoost,No SMOTE,0,0,0.21607329118820193
AdaBoost,No SMOTE,0,0,0.17726965587952628
AdaBoost,No SMOTE,0,0,0.1744311028445886
AdaBoost,No SMOTE,0,0,0.17726965587952628
AdaBoost,No SMOTE,0,0,0.1689822365998279
AdaBoost,No SMOTE,0,0,0.22044238283982498
AdaBoost,No SMOTE,0,0,0.1689822365998279
AdaBoost,No SMOTE,0,0,0.18800989342479768
AdaBoost,No SMOTE,0,0,0.17726965587952628
AdaBoost,No SMOTE,0,0,0.1744311028445886
AdaBoost,No SMOTE,0,0,0.13586401457059089
AdaBoost,No SMOTE,0,0,0.1689822365998279
AdaBoost,No SMOTE,0,0,0.18496367037446623
AdaBoost,No SMOTE,0,0,0.1744311028445886
AdaBoost,No SMOTE,0,0,0.14895992415852724
AdaBoost,No SMOTE,0,0,0.1744311028445886
AdaBoost,No SMOTE,0,0,0.21928751511544514
AdaBoost,No SMOTE,0,0,0.13019713023369225
AdaBoost,No SMOTE,0,0,0.22493649393812828
AdaBoost,No SMOTE,0,0,0.22843520662470906
AdaBoost,No SMOTE,0,0,0.1744311028445886
AdaBoost,No SMOTE,0,0,0.1689822365998279
AdaBoost,No SMOTE,0,0,0.13586401457059089
AdaBoost,No SMOTE,0,0,0.13019713023369225
AdaBoost,No SMOTE,0,0,0.1689822365998279
AdaBoost,No SMOTE,0,0,0.1744311028445886
AdaBoost,No SMOTE,0,0,0.16895403564617684
AdaBoost,No SMOTE,0,0,0.18800989342479768
AdaBoost,No SMOTE,0,0,0.1689822365998279
AdaBoost,No SMOTE,0,0,0.17726965587952628
AdaBoost,No SMOTE,0,0,0.14895992415852724
AdaBoost,No SMOTE,0,0,0.22493649393812828
AdaBoost,No SMOTE,0,0,0.1744311028445886
AdaBoost,No SMOTE,0,0,0.14798688540029464
AdaBoost,No SMOTE,0,0,0.14895992415852724
AdaBoost,No SMOTE,0,0,0.17726965587952628
AdaBoost,No SMOTE,0,0,0.1744311028445886
AdaBoost,No SMOTE,0,0,0.17726965587952628
AdaBoost,No SMOTE,0,0,0.1689822365998279
AdaBoost,No SMOTE,0,0,0.2193403423397052
AdaBoost,No SMOTE,0,0,0.22493649393812828
AdaBoost,No SMOTE,0,0,0.1744311028445886
AdaBoost,No SMOTE,0,0,0.2193403423397052
AdaBoost,No SMOTE,0,0,0.1689822365998279
AdaBoost,No SMOTE,0,0,0.13019713023369225
AdaBoost,No SMOTE,0,0,0.16867357177983938
AdaBoost,No SMOTE,0,0,0.1744311028445886
AdaBoost,No SMOTE,0,0,0.17726965587952628
AdaBoost,No SMOTE,0,0,0.17726965587952628
AdaBoost,No SMOTE,0,0,0.13586401457059089
AdaBoost,No SMOTE,0,0,0.1744311028445886
AdaBoost,No SMOTE,0,0,0.18800989342479768
AdaBoost,No SMOTE,0,0,0.17726965587952628
AdaBoost,No SMOTE,1,1,0.550242037946081
AdaBoost,No SMOTE,0,0,0.1689822365998279
AdaBoost,No SMOTE,0,0,0.17726965587952628
AdaBoost,No SMOTE,0,0,0.21607329118820193
AdaBoost,No SMOTE,0,0,0.16618389338377842
AdaBoost,No SMOTE,0,0,0.17726965587952628
AdaBoost,No SMOTE,0,0,0.17726965587952628
AdaBoost,No SMOTE,1,1,0.7154742606771974
AdaBoost,No SMOTE,0,0,0.16895403564617684
AdaBoost,No SMOTE,0,0,0.13586401457059089
AdaBoost,No SMOTE,0,0,0.13586401457059089
AdaBoost,No SMOTE,0,0,0.13586401457059089
AdaBoost,No SMOTE,0,0,0.13019713023369225
AdaBoost,No SMOTE,0,0,0.22493649393812828
AdaBoost,No SMOTE,0,0,0.1689822365998279
AdaBoost,No SMOTE,0,0,0.1689822365998279
AdaBoost,No SMOTE,0,0,0.22493649393812828
AdaBoost,No SMOTE,0,0,0.18496367037446623
AdaBoost,No SMOTE,0,0,0.13586401457059089
AdaBoost,No SMOTE,0,0,0.17726965587952628
AdaBoost,No SMOTE,0,0,0.22493649393812828
AdaBoost,No SMOTE,0,0,0.13248800541598296
AdaBoost,No SMOTE,0,0,0.13019713023369225
AdaBoost,No SMOTE,0,0,0.14895992415852724
AdaBoost,No SMOTE,0,0,0.17726965587952628
AdaBoost,No SMOTE,0,0,0.1689822365998279
AdaBoost,No SMOTE,0,0,0.17726965587952628
AdaBoost,No SMOTE,0,0,0.22493649393812828
AdaBoost,No SMOTE,0,0,0.17726965587952628
AdaBoost,No SMOTE,0,0,0.13586401457059089
AdaBoost,No SMOTE,0,0,0.1744311028445886
AdaBoost,No SMOTE,0,0,0.11920292202211763
AdaBoost,No SMOTE,0,0,0.1744311028445886
AdaBoost,No SMOTE,0,0,0.21573524134425506
AdaBoost,No SMOTE,0,0,0.1689822365998279
AdaBoost,No SMOTE,0,0,0.1744311028445886
AdaBoost,No SMOTE,0,0,0.1744311028445886
AdaBoost,No SMOTE,0,0,0.1744311028445886
AdaBoost,No SMOTE,0,0,0.1689822365998279
AdaBoost,No SMOTE,0,0,0.17726965587952628
AdaBoost,No SMOTE,0,0,0.13019713023369225
AdaBoost,No SMOTE,0,0,0.18800989342479768
AdaBoost,No SMOTE,0,0,0.1744311028445886
AdaBoost,No SMOTE,0,0,0.1689822365998279
AdaBoost,No SMOTE,0,0,0.22493649393812828
AdaBoost,No SMOTE,0,0,0.1689822365998279
AdaBoost,No SMOTE,0,0,0.17726965587952628
AdaBoost,No SMOTE,0,0,0.1689822365998279
AdaBoost,No SMOTE,0,0,0.17726965587952628
AdaBoost,No SMOTE,0,0,0.22493649393812828
AdaBoost,No SMOTE,0,0,0.1689822365998279
AdaBoost,No SMOTE,0,0,0.1431423024436669
AdaBoost,No SMOTE,0,0,0.16203849466010875
AdaBoost,No SMOTE,0,0,0.13019713023369225
AdaBoost,No SMOTE,0,0,0.17726965587952628
AdaBoost,No SMOTE,0,0,0.16895403564617684
AdaBoost,No SMOTE,0,0,0.22493649393812828
AdaBoost,No SMOTE,0,0,0.14895992415852724
AdaBoost,No SMOTE,0,0,0.17726965587952628
AdaBoost,No SMOTE,0,0,0.13586401457059089
AdaBoost,No SMOTE,0,0,0.13019713023369225
AdaBoost,No SMOTE,0,0,0.17726965587952628
AdaBoost,No SMOTE,0,0,0.1689822365998279
AdaBoost,No SMOTE,0,0,0.17182074334119965
AdaBoost,No SMOTE,0,0,0.22493649393812828
AdaBoost,No SMOTE,0,0,0.14895992415852724
AdaBoost,No SMOTE,0,0,0.1689822365998279
AdaBoost,No SMOTE,0,0,0.1744311028445886
AdaBoost,No SMOTE,0,0,0.22493649393812828
AdaBoost,No SMOTE,0,0,0.22295168509089985
AdaBoost,No SMOTE,0,0,0.1689822365998279
AdaBoost,No SMOTE,0,0,0.1744311028445886
AdaBoost,No SMOTE,0,0,0.17726965587952628
AdaBoost,No SMOTE,0,0,0.1744311028445886
AdaBoost,No SMOTE,0,0,0.17726965587952628
AdaBoost,No SMOTE,0,0,0.13019713023369225
AdaBoost,No SMOTE,0,0,0.17726965587952628
AdaBoost,No SMOTE,0,0,0.1689822365998279
AdaBoost,No SMOTE,0,0,0.16342013312650427
AdaBoost,No SMOTE,0,0,0.1744311028445886
AdaBoost,No SMOTE,0,0,0.17726965587952628
AdaBoost,No SMOTE,0,0,0.21607329118820193
AdaBoost,No SMOTE,0,0,0.13019713023369225
AdaBoost,No SMOTE,0,0,0.21607329118820193
AdaBoost,No SMOTE,0,0,0.14895992415852724
AdaBoost,No SMOTE,0,0,0.18800989342479768
AdaBoost,No SMOTE,0,0,0.1744311028445886
AdaBoost,No SMOTE,0,0,0.1744311028445886
AdaBoost,No SMOTE,0,0,0.1431423024436669
AdaBoost,No SMOTE,0,0,0.22493649393812828
AdaBoost,No SMOTE,0,0,0.2193403423397052
AdaBoost,No SMOTE,0,0,0.17726965587952628
AdaBoost,No SMOTE,0,0,0.1744311028445886
AdaBoost,No SMOTE,0,0,0.1744311028445886
AdaBoost,No SMOTE,0,0,0.22044238283982498
AdaBoost,No SMOTE,0,0,0.1689822365998279
AdaBoost,No SMOTE,0,0,0.18800989342479768
AdaBoost,No SMOTE,0,0,0.1689822365998279
AdaBoost,No SMOTE,0,0,0.1689822365998279
AdaBoost,No SMOTE,0,0,0.1689822365998279
AdaBoost,No SMOTE,0,0,0.21607329118820193
AdaBoost,No SMOTE,0,0,0.22493649393812828
AdaBoost,No SMOTE,0,0,0.22017433581447826
AdaBoost,No SMOTE,0,0,0.22493649393812828
AdaBoost,No SMOTE,0,0,0.18800989342479768
AdaBoost,No SMOTE,0,0,0.1744311028445886
AdaBoost,No SMOTE,0,0,0.1744311028445886
AdaBoost,No SMOTE,0,0,0.16342013312650427
AdaBoost,No SMOTE,0,0,0.1744311028445886
AdaBoost,No SMOTE,0,0,0.1689822365998279
AdaBoost,No SMOTE,0,0,0.17726965587952628
AdaBoost,No SMOTE,0,0,0.21607329118820193
AdaBoost,No SMOTE,0,0,0.1689822365998279
AdaBoost,No SMOTE,0,0,0.2193403423397052
AdaBoost,No SMOTE,0,0,0.14895992415852724
AdaBoost,No SMOTE,0,0,0.19090832035678107
AdaBoost,No SMOTE,0,0,0.1744311028445886
AdaBoost,No SMOTE,0,0,0.21928751511544514
AdaBoost,No SMOTE,0,0,0.13248800541598296
AdaBoost,No SMOTE,0,0,0.17043552930931818
AdaBoost,No SMOTE,0,0,0.22493649393812828
AdaBoost,No SMOTE,0,0,0.1744311028445886
AdaBoost,No SMOTE,0,0,0.22843520662470906
AdaBoost,No SMOTE,0,0,0.14895992415852724
AdaBoost,No SMOTE,0,0,0.21607329118820193
AdaBoost,No SMOTE,0,0,0.2193403423397052
AdaBoost,No SMOTE,0,0,0.11920292202211763
AdaBoost,No SMOTE,0,0,0.18800989342479768
AdaBoost,No SMOTE,0,0,0.22493649393812828
AdaBoost,No SMOTE,0,0,0.1689822365998279
AdaBoost,No SMOTE,0,0,0.1744311028445886
AdaBoost,No SMOTE,0,0,0.11920292202211763
AdaBoost,No SMOTE,0,0,0.17726965587952628
AdaBoost,No SMOTE,0,0,0.22493649393812828
AdaBoost,No SMOTE,0,0,0.17726965587952628
AdaBoost,No SMOTE,0,0,0.1431423024436669
AdaBoost,No SMOTE,0,0,0.13019713023369225
AdaBoost,No SMOTE,0,0,0.22493649393812828
AdaBoost,No SMOTE,0,0,0.1689822365998279
AdaBoost,No SMOTE,0,0,0.17726965587952628
AdaBoost,No SMOTE,0,0,0.1689822365998279
AdaBoost,No SMOTE,0,0,0.21607329118820193
AdaBoost,No SMOTE,0,0,0.1689822365998279
AdaBoost,No SMOTE,0,0,0.1744311028445886
AdaBoost,No SMOTE,0,0,0.22493649393812828
AdaBoost,No SMOTE,0,0,0.1744311028445886
AdaBoost,No SMOTE,0,0,0.1744311028445886
AdaBoost,No SMOTE,0,0,0.1689822365998279
AdaBoost,No SMOTE,0,0,0.17726965587952628
AdaBoost,No SMOTE,0,0,0.21607329118820193
AdaBoost,No SMOTE,0,0,0.16203849466010875
AdaBoost,No SMOTE,0,0,0.2193403423397052
AdaBoost,No SMOTE,0,0,0.1689822365998279
AdaBoost,No SMOTE,0,0,0.14895992415852724
AdaBoost,No SMOTE,0,0,0.1719470769852437
AdaBoost,No SMOTE,0,0,0.16867357177983938
AdaBoost,No SMOTE,0,0,0.1744311028445886
AdaBoost,No SMOTE,0,0,0.1744311028445886
AdaBoost,No SMOTE,0,0,0.1744311028445886
AdaBoost,No SMOTE,0,0,0.1689822365998279
AdaBoost,No SMOTE,0,0,0.1689822365998279
AdaBoost,No SMOTE,0,0,0.17726965587952628
AdaBoost,No SMOTE,0,0,0.2193403423397052
AdaBoost,No SMOTE,0,0,0.22493649393812828
AdaBoost,No SMOTE,0,0,0.17726965587952628
AdaBoost,No SMOTE,0,0,0.1689822365998279
AdaBoost,No SMOTE,0,0,0.17726965587952628
AdaBoost,No SMOTE,0,0,0.17726965587952628
AdaBoost,No SMOTE,0,0,0.1689822365998279
AdaBoost,No SMOTE,0,0,0.21607329118820193
AdaBoost,No SMOTE,0,0,0.1689822365998279
AdaBoost,No SMOTE,0,0,0.1744311028445886
AdaBoost,No SMOTE,0,0,0.2228277728066096
AdaBoost,No SMOTE,0,0,0.1744311028445886
AdaBoost,No SMOTE,0,0,0.16203849466010875
AdaBoost,No SMOTE,0,0,0.14895992415852724
AdaBoost,No SMOTE,0,0,0.17726965587952628
AdaBoost,No SMOTE,0,0,0.14895992415852724
AdaBoost,No SMOTE,0,0,0.191758796857404
AdaBoost,No SMOTE,0,0,0.1689822365998279
AdaBoost,No SMOTE,0,0,0.22044238283982498
AdaBoost,No SMOTE,0,0,0.17726965587952628
AdaBoost,No SMOTE,0,0,0.2850837726175028
AdaBoost,No SMOTE,0,0,0.1689822365998279
AdaBoost,No SMOTE,0,0,0.1689822365998279
AdaBoost,No SMOTE,0,0,0.14895992415852724
AdaBoost,No SMOTE,0,0,0.22017433581447826
AdaBoost,No SMOTE,0,0,0.1689822365998279
AdaBoost,No SMOTE,0,0,0.14895992415852724
AdaBoost,No SMOTE,0,0,0.1431423024436669
AdaBoost,No SMOTE,0,0,0.13586401457059089
AdaBoost,No SMOTE,0,0,0.2193403423397052
AdaBoost,No SMOTE,0,0,0.16618389338377842
AdaBoost,No SMOTE,0,0,0.22493649393812828
AdaBoost,No SMOTE,0,0,0.1689822365998279
AdaBoost,No SMOTE,0,0,0.1689822365998279
AdaBoost,No SMOTE,0,0,0.22493649393812828
AdaBoost,No SMOTE,0,0,0.18800989342479768
AdaBoost,No SMOTE,0,0,0.17726965587952628
AdaBoost,No SMOTE,0,0,0.17726965587952628
AdaBoost,No SMOTE,0,0,0.22493649393812828
AdaBoost,No SMOTE,0,0,0.21928751511544514
AdaBoost,No SMOTE,0,0,0.1689822365998279
AdaBoost,No SMOTE,0,0,0.16342013312650427
AdaBoost,No SMOTE,0,0,0.191758796857404
AdaBoost,No SMOTE,0,0,0.21607329118820193
AdaBoost,No SMOTE,0,0,0.22493649393812828
AdaBoost,No SMOTE,0,0,0.16895403564617684
AdaBoost,No SMOTE,0,0,0.22176486665410824
AdaBoost,No SMOTE,0,0,0.1744311028445886
AdaBoost,No SMOTE,0,0,0.13019713023369225
AdaBoost,No SMOTE,0,0,0.2193403423397052
AdaBoost,No SMOTE,0,0,0.1689822365998279
AdaBoost,No SMOTE,0,0,0.1744311028445886
AdaBoost,No SMOTE,0,0,0.17726965587952628
AdaBoost,No SMOTE,0,0,0.22017433581447826
AdaBoost,No SMOTE,0,0,0.17726965587952628
AdaBoost,No SMOTE,0,0,0.1744311028445886
AdaBoost,No SMOTE,0,0,0.1689822365998279
AdaBoost,No SMOTE,0,0,0.1689822365998279
AdaBoost,No SMOTE,0,0,0.1689822365998279
AdaBoost,No SMOTE,0,0,0.1744311028445886
AdaBoost,No SMOTE,0,0,0.1786840584100862
AdaBoost,No SMOTE,0,0,0.1744311028445886
AdaBoost,No SMOTE,0,0,0.1744311028445886
AdaBoost,No SMOTE,0,0,0.16867357177983938
AdaBoost,No SMOTE,0,0,0.1689822365998279
AdaBoost,No SMOTE,0,0,0.17726965587952628
AdaBoost,No SMOTE,0,0,0.1744311028445886
AdaBoost,No SMOTE,0,0,0.16618389338377842
AdaBoost,No SMOTE,0,0,0.22493649393812828
AdaBoost,No SMOTE,0,0,0.1689822365998279
AdaBoost,No SMOTE,0,0,0.1689822365998279
AdaBoost,No SMOTE,0,0,0.1689822365998279
AdaBoost,No SMOTE,0,0,0.17726965587952628
AdaBoost,No SMOTE,0,0,0.17726965587952628
AdaBoost,No SMOTE,0,0,0.1689822365998279
AdaBoost,No SMOTE,0,0,0.13019713023369225
AdaBoost,No SMOTE,0,0,0.13586401457059089
AdaBoost,No SMOTE,0,0,0.17726965587952628
AdaBoost,No SMOTE,0,0,0.1744311028445886
AdaBoost,No SMOTE,0,0,0.1744311028445886
AdaBoost,No SMOTE,0,0,0.16618389338377842
AdaBoost,No SMOTE,0,0,0.17726965587952628
AdaBoost,No SMOTE,0,0,0.1431423024436669
AdaBoost,No SMOTE,0,0,0.17133680384090874
AdaBoost,No SMOTE,0,0,0.17726965587952628
AdaBoost,No SMOTE,0,0,0.16895403564617684
AdaBoost,No SMOTE,0,0,0.1689822365998279
AdaBoost,No SMOTE,0,0,0.13019713023369225
AdaBoost,No SMOTE,0,0,0.1689822365998279
AdaBoost,No SMOTE,0,0,0.21573524134425506
AdaBoost,No SMOTE,0,0,0.17726965587952628
AdaBoost,No SMOTE,0,0,0.17726965587952628
AdaBoost,No SMOTE,0,0,0.1689822365998279
AdaBoost,No SMOTE,0,0,0.21607329118820193
AdaBoost,No SMOTE,0,0,0.1689822365998279
AdaBoost,No SMOTE,0,0,0.1689822365998279
AdaBoost,No SMOTE,0,0,0.1689822365998279
AdaBoost,No SMOTE,0,0,0.1744311028445886
AdaBoost,No SMOTE,0,0,0.1744311028445886
AdaBoost,No SMOTE,0,0,0.1719470769852437
AdaBoost,No SMOTE,0,0,0.1744311028445886
AdaBoost,No SMOTE,0,0,0.11920292202211763
AdaBoost,No SMOTE,0,0,0.13019713023369225
AdaBoost,No SMOTE,0,0,0.1689822365998279
AdaBoost,No SMOTE,0,0,0.17043552930931818
AdaBoost,No SMOTE,0,0,0.17726965587952628
AdaBoost,No SMOTE,0,0,0.205659675438033
AdaBoost,No SMOTE,0,0,0.1744311028445886
AdaBoost,No SMOTE,0,0,0.2217171988769872
AdaBoost,No SMOTE,0,0,0.14895992415852724
AdaBoost,No SMOTE,0,0,0.1744311028445886
AdaBoost,No SMOTE,0,0,0.17726965587952628
AdaBoost,No SMOTE,0,0,0.2193403423397052
AdaBoost,No SMOTE,0,0,0.21607329118820193
AdaBoost,No SMOTE,0,0,0.2193403423397052
AdaBoost,No SMOTE,0,0,0.17726965587952628
AdaBoost,No SMOTE,0,0,0.1744311028445886
AdaBoost,No SMOTE,0,0,0.1431423024436669
AdaBoost,No SMOTE,0,0,0.1689822365998279
AdaBoost,No SMOTE,0,0,0.14895992415852724
AdaBoost,No SMOTE,0,0,0.1744311028445886
AdaBoost,No SMOTE,0,0,0.16203849466010875
AdaBoost,No SMOTE,0,0,0.14895992415852724
AdaBoost,No SMOTE,0,0,0.17452323501899744
AdaBoost,No SMOTE,0,0,0.1689822365998279
AdaBoost,No SMOTE,0,0,0.1431363477165842
AdaBoost,No SMOTE,0,0,0.21907325876335335
AdaBoost,No SMOTE,0,0,0.1689822365998279
AdaBoost,No SMOTE,0,0,0.14895992415852724
AdaBoost,No SMOTE,0,0,0.13586401457059089
AdaBoost,No SMOTE,0,0,0.1689822365998279
AdaBoost,No SMOTE,0,0,0.17726965587952628
AdaBoost,No SMOTE,0,0,0.21607329118820193
AdaBoost,No SMOTE,0,0,0.1719470769852437
AdaBoost,No SMOTE,0,0,0.16618389338377842
AdaBoost,No SMOTE,0,0,0.1689822365998279
AdaBoost,No SMOTE,0,0,0.1719470769852437
AdaBoost,No SMOTE,0,0,0.2211488914469814
AdaBoost,No SMOTE,0,0,0.16342013312650427
AdaBoost,No SMOTE,0,0,0.1689822365998279
AdaBoost,No SMOTE,0,0,0.17726965587952628
AdaBoost,No SMOTE,0,0,0.191758796857404
AdaBoost,No SMOTE,0,0,0.18496367037446623
AdaBoost,No SMOTE,0,0,0.1744311028445886
AdaBoost,No SMOTE,0,0,0.16203849466010875
AdaBoost,No SMOTE,0,0,0.1689822365998279
AdaBoost,No SMOTE,0,0,0.13586401457059089
AdaBoost,No SMOTE,0,0,0.1689822365998279
AdaBoost,No SMOTE,0,0,0.1689822365998279
AdaBoost,No SMOTE,0,0,0.1744311028445886
AdaBoost,No SMOTE,0,0,0.16203849466010875
AdaBoost,No SMOTE,0,0,0.1689822365998279
AdaBoost,No SMOTE,0,0,0.14895992415852724
AdaBoost,No SMOTE,0,0,0.1744311028445886
AdaBoost,No SMOTE,0,0,0.1431423024436669
AdaBoost,No SMOTE,0,0,0.17726965587952628
AdaBoost,No SMOTE,0,0,0.1689822365998279
AdaBoost,No SMOTE,0,0,0.13586401457059089
AdaBoost,No SMOTE,0,0,0.17726965587952628
AdaBoost,No SMOTE,0,0,0.13019713023369225
AdaBoost,No SMOTE,0,0,0.2193403423397052
AdaBoost,No SMOTE,0,0,0.1431423024436669
AdaBoost,No SMOTE,0,0,0.14895992415852724
AdaBoost,No SMOTE,0,0,0.191758796857404
AdaBoost,No SMOTE,0,0,0.22493649393812828
AdaBoost,No SMOTE,0,0,0.17726965587952628
AdaBoost,No SMOTE,0,0,0.1689822365998279
AdaBoost,No SMOTE,0,0,0.17726965587952628
AdaBoost,No SMOTE,0,0,0.1689822365998279
AdaBoost,No SMOTE,0,0,0.14798688540029464
AdaBoost,No SMOTE,0,0,0.13586401457059089
AdaBoost,No SMOTE,0,0,0.16342013312650427
AdaBoost,No SMOTE,0,0,0.11920292202211763
AdaBoost,No SMOTE,0,0,0.1689822365998279
AdaBoost,No SMOTE,0,0,0.17726965587952628
AdaBoost,No SMOTE,0,0,0.17726965587952628
AdaBoost,No SMOTE,0,0,0.1744311028445886
AdaBoost,No SMOTE,0,0,0.13019713023369225
AdaBoost,No SMOTE,0,0,0.1744311028445886
AdaBoost,No SMOTE,0,0,0.14895992415852724
AdaBoost,No SMOTE,0,0,0.1689822365998279
AdaBoost,No SMOTE,0,0,0.1689822365998279
AdaBoost,No SMOTE,0,0,0.2193403423397052
AdaBoost,No SMOTE,0,0,0.1719470769852437
AdaBoost,No SMOTE,0,0,0.17726965587952628
AdaBoost,No SMOTE,0,0,0.1689822365998279
AdaBoost,No SMOTE,0,0,0.13586401457059089
AdaBoost,No SMOTE,0,0,0.13586401457059089
AdaBoost,No SMOTE,0,0,0.16867357177983938
AdaBoost,No SMOTE,0,0,0.1744311028445886
AdaBoost,No SMOTE,0,0,0.16618389338377842
AdaBoost,No SMOTE,0,0,0.1744311028445886
AdaBoost,No SMOTE,0,0,0.16895403564617684
AdaBoost,No SMOTE,0,0,0.17726965587952628
AdaBoost,No SMOTE,0,0,0.17726965587952628
AdaBoost,No SMOTE,0,0,0.1744311028445886
AdaBoost,No SMOTE,0,0,0.17726965587952628
AdaBoost,No SMOTE,0,0,0.13586401457059089
AdaBoost,No SMOTE,0,0,0.17726965587952628
AdaBoost,No SMOTE,0,0,0.17726965587952628
AdaBoost,No SMOTE,0,0,0.14895992415852724
AdaBoost,No SMOTE,0,0,0.1689822365998279
AdaBoost,No SMOTE,0,0,0.1689822365998279
AdaBoost,No SMOTE,0,0,0.1689822365998279
AdaBoost,No SMOTE,0,0,0.14895992415852724
AdaBoost,No SMOTE,0,0,0.1689822365998279
AdaBoost,No SMOTE,0,0,0.1719470769852437
AdaBoost,No SMOTE,0,0,0.21607329118820193
AdaBoost,No SMOTE,0,0,0.1431423024436669
AdaBoost,No SMOTE,0,0,0.17726965587952628
AdaBoost,No SMOTE,0,0,0.11920292202211763
AdaBoost,No SMOTE,0,0,0.17726965587952628
AdaBoost,No SMOTE,0,0,0.1689822365998279
AdaBoost,No SMOTE,0,0,0.1744311028445886
AdaBoost,No SMOTE,0,0,0.20002774141121915
AdaBoost,No SMOTE,0,0,0.22017433581447826
AdaBoost,No SMOTE,0,0,0.1744311028445886
AdaBoost,No SMOTE,0,0,0.22493649393812828
AdaBoost,No SMOTE,0,0,0.1719470769852437
AdaBoost,No SMOTE,0,0,0.1744311028445886
AdaBoost,No SMOTE,0,0,0.18496367037446623
AdaBoost,No SMOTE,0,0,0.16618389338377842
AdaBoost,No SMOTE,0,0,0.22493649393812828
AdaBoost,No SMOTE,0,0,0.1689822365998279
AdaBoost,No SMOTE,0,0,0.1689822365998279
AdaBoost,No SMOTE,0,0,0.1431423024436669
AdaBoost,No SMOTE,0,0,0.13586401457059089
AdaBoost,No SMOTE,0,0,0.11920292202211763
AdaBoost,No SMOTE,0,0,0.1689822365998279
AdaBoost,No SMOTE,0,0,0.22493649393812828
AdaBoost,No SMOTE,0,0,0.16618389338377842
AdaBoost,No SMOTE,0,0,0.1689822365998279
AdaBoost,No SMOTE,0,0,0.17726965587952628
AdaBoost,No SMOTE,0,0,0.17726965587952628
AdaBoost,No SMOTE,0,0,0.18496367037446623
AdaBoost,No SMOTE,0,0,0.17043552930931818
AdaBoost,No SMOTE,0,0,0.17726965587952628
AdaBoost,No SMOTE,0,0,0.22493649393812828
AdaBoost,No SMOTE,0,0,0.191758796857404
AdaBoost,No SMOTE,0,0,0.17726965587952628
AdaBoost,No SMOTE,0,0,0.1689822365998279
AdaBoost,No SMOTE,0,0,0.16867357177983938
AdaBoost,No SMOTE,0,0,0.14895992415852724
AdaBoost,No SMOTE,0,0,0.1689822365998279
AdaBoost,No SMOTE,0,0,0.1689822365998279
AdaBoost,No SMOTE,0,0,0.1689822365998279
AdaBoost,No SMOTE,0,0,0.13586401457059089
AdaBoost,No SMOTE,0,0,0.1744311028445886
AdaBoost,No SMOTE,0,0,0.17726965587952628
AdaBoost,No SMOTE,0,0,0.21928751511544514
AdaBoost,No SMOTE,0,0,0.22493649393812828
AdaBoost,No SMOTE,0,0,0.13586401457059089
AdaBoost,No SMOTE,0,0,0.16895403564617684
AdaBoost,No SMOTE,0,0,0.17726965587952628
AdaBoost,No SMOTE,0,0,0.1689822365998279
AdaBoost,No SMOTE,0,0,0.11920292202211763
AdaBoost,No SMOTE,0,0,0.22493649393812828
AdaBoost,No SMOTE,0,0,0.1689822365998279
AdaBoost,No SMOTE,0,0,0.17726965587952628
AdaBoost,No SMOTE,0,0,0.17726965587952628
AdaBoost,No SMOTE,0,0,0.21607329118820193
AdaBoost,No SMOTE,0,0,0.1744311028445886
AdaBoost,No SMOTE,0,0,0.14895992415852724
AdaBoost,No SMOTE,0,0,0.17726965587952628
AdaBoost,No SMOTE,0,0,0.22044238283982498
AdaBoost,No SMOTE,0,0,0.2193403423397052
AdaBoost,No SMOTE,0,0,0.14895992415852724
AdaBoost,No SMOTE,0,0,0.22843520662470906
AdaBoost,No SMOTE,0,0,0.14895992415852724
AdaBoost,No SMOTE,0,0,0.22176486665410824
AdaBoost,No SMOTE,0,0,0.1744311028445886
AdaBoost,No SMOTE,0,0,0.16618389338377842
AdaBoost,No SMOTE,0,0,0.17726965587952628
AdaBoost,No SMOTE,0,0,0.1689822365998279
AdaBoost,No SMOTE,0,0,0.22493649393812828
AdaBoost,No SMOTE,0,0,0.1689822365998279
AdaBoost,No SMOTE,0,0,0.21607329118820193
AdaBoost,No SMOTE,0,0,0.13019713023369225
AdaBoost,No SMOTE,0,0,0.14895992415852724
AdaBoost,No SMOTE,0,0,0.22493649393812828
AdaBoost,No SMOTE,0,0,0.1744311028445886
AdaBoost,No SMOTE,0,0,0.17726965587952628
AdaBoost,No SMOTE,0,0,0.14895992415852724
AdaBoost,No SMOTE,0,0,0.25081468689261593
AdaBoost,No SMOTE,0,0,0.1689822365998279
AdaBoost,No SMOTE,0,0,0.17726965587952628
AdaBoost,No SMOTE,0,0,0.17726965587952628
AdaBoost,No SMOTE,0,0,0.1744311028445886
AdaBoost,No SMOTE,0,0,0.15152342713209221
AdaBoost,No SMOTE,0,0,0.1744311028445886
AdaBoost,No SMOTE,0,0,0.18800989342479768
AdaBoost,No SMOTE,0,0,0.17726965587952628
AdaBoost,No SMOTE,0,0,0.1744311028445886
AdaBoost,No SMOTE,0,0,0.1744311028445886
AdaBoost,No SMOTE,0,0,0.1719470769852437
AdaBoost,No SMOTE,0,0,0.1689822365998279
AdaBoost,No SMOTE,0,0,0.1744311028445886
AdaBoost,No SMOTE,0,0,0.13019713023369225
AdaBoost,No SMOTE,0,0,0.1689822365998279
AdaBoost,No SMOTE,0,0,0.1689822365998279
AdaBoost,No SMOTE,0,0,0.16342013312650427
AdaBoost,No SMOTE,0,0,0.1689822365998279
AdaBoost,No SMOTE,0,0,0.17726965587952628
AdaBoost,No SMOTE,0,0,0.21607329118820193
AdaBoost,No SMOTE,0,0,0.17726965587952628
AdaBoost,No SMOTE,0,0,0.1744311028445886
AdaBoost,No SMOTE,0,0,0.1744311028445886
AdaBoost,No SMOTE,0,0,0.1719470769852437
AdaBoost,No SMOTE,0,0,0.1744311028445886
AdaBoost,No SMOTE,0,0,0.1689822365998279
AdaBoost,No SMOTE,0,0,0.1689822365998279
AdaBoost,No SMOTE,0,0,0.11920292202211763
AdaBoost,No SMOTE,0,0,0.13019713023369225
AdaBoost,No SMOTE,0,0,0.1719470769852437
AdaBoost,No SMOTE,0,0,0.1744311028445886
AdaBoost,No SMOTE,0,0,0.1689822365998279
AdaBoost,No SMOTE,0,0,0.14895992415852724
AdaBoost,No SMOTE,0,0,0.17726965587952628
AdaBoost,No SMOTE,0,0,0.1689822365998279
AdaBoost,No SMOTE,0,0,0.14895992415852724
AdaBoost,No SMOTE,0,0,0.1689822365998279
AdaBoost,No SMOTE,0,0,0.1744311028445886
AdaBoost,No SMOTE,0,0,0.17726965587952628
AdaBoost,No SMOTE,0,0,0.17726965587952628
AdaBoost,No SMOTE,0,0,0.21607329118820193
AdaBoost,No SMOTE,0,0,0.22295168509089985
AdaBoost,No SMOTE,0,0,0.205659675438033
AdaBoost,No SMOTE,0,0,0.1689822365998279
AdaBoost,No SMOTE,0,0,0.16895403564617684
AdaBoost,No SMOTE,0,0,0.17726965587952628
AdaBoost,No SMOTE,0,0,0.20002774141121915
AdaBoost,No SMOTE,0,0,0.14895992415852724
AdaBoost,No SMOTE,0,0,0.13586401457059089
AdaBoost,No SMOTE,0,0,0.17726965587952628
AdaBoost,No SMOTE,0,0,0.14895992415852724
AdaBoost,No SMOTE,0,0,0.18496367037446623
AdaBoost,No SMOTE,0,0,0.1689822365998279
AdaBoost,No SMOTE,0,0,0.22493649393812828
AdaBoost,No SMOTE,0,0,0.14895992415852724
AdaBoost,No SMOTE,0,0,0.1744311028445886
AdaBoost,No SMOTE,0,0,0.1744311028445886
AdaBoost,No SMOTE,0,0,0.13019713023369225
AdaBoost,No SMOTE,0,0,0.16342013312650427
AdaBoost,No SMOTE,0,0,0.1744311028445886
AdaBoost,No SMOTE,0,0,0.1689822365998279
AdaBoost,No SMOTE,0,0,0.1689822365998279
AdaBoost,No SMOTE,0,0,0.13019713023369225
AdaBoost,No SMOTE,0,0,0.1744311028445886
AdaBoost,No SMOTE,0,0,0.17452323501899744
AdaBoost,No SMOTE,0,0,0.16342013312650427
AdaBoost,No SMOTE,0,0,0.21607329118820193
AdaBoost,No SMOTE,0,0,0.16342013312650427
AdaBoost,No SMOTE,0,0,0.17133680384090874
AdaBoost,No SMOTE,0,0,0.22493649393812828
AdaBoost,No SMOTE,0,0,0.205659675438033
AdaBoost,No SMOTE,0,0,0.14895992415852724
AdaBoost,No SMOTE,0,0,0.13586401457059089
AdaBoost,No SMOTE,0,0,0.1689822365998279
AdaBoost,No SMOTE,0,0,0.13019713023369225
AdaBoost,No SMOTE,0,0,0.18800989342479768
AdaBoost,No SMOTE,0,0,0.16895403564617684
AdaBoost,No SMOTE,0,0,0.22176486665410824
AdaBoost,No SMOTE,0,0,0.17726965587952628
AdaBoost,No SMOTE,0,0,0.1744311028445886
AdaBoost,No SMOTE,0,0,0.22493649393812828
AdaBoost,No SMOTE,0,0,0.18800989342479768
AdaBoost,No SMOTE,0,0,0.191758796857404
AdaBoost,No SMOTE,0,0,0.22044238283982498
AdaBoost,No SMOTE,0,0,0.14895992415852724
AdaBoost,No SMOTE,0,0,0.1744311028445886
AdaBoost,No SMOTE,0,0,0.18800989342479768
AdaBoost,No SMOTE,0,0,0.14895992415852724
AdaBoost,No SMOTE,0,0,0.1744311028445886
AdaBoost,No SMOTE,0,0,0.1689822365998279
AdaBoost,No SMOTE,0,0,0.22493649393812828
AdaBoost,No SMOTE,0,0,0.14895992415852724
AdaBoost,No SMOTE,0,0,0.17726965587952628
AdaBoost,No SMOTE,0,0,0.1744311028445886
AdaBoost,No SMOTE,0,0,0.2091061060399178
AdaBoost,No SMOTE,0,0,0.22493649393812828
AdaBoost,No SMOTE,0,0,0.18800989342479768
AdaBoost,No SMOTE,0,0,0.11920292202211763
AdaBoost,No SMOTE,0,0,0.20002774141121915
AdaBoost,No SMOTE,0,0,0.17726965587952628
AdaBoost,No SMOTE,0,0,0.21573524134425506
AdaBoost,No SMOTE,0,0,0.1689822365998279
AdaBoost,No SMOTE,0,0,0.1689822365998279
AdaBoost,No SMOTE,0,0,0.191758796857404
AdaBoost,No SMOTE,0,0,0.1744311028445886
AdaBoost,No SMOTE,0,0,0.16342013312650427
AdaBoost,No SMOTE,0,0,0.1689822365998279
AdaBoost,No SMOTE,0,0,0.18800989342479768
AdaBoost,No SMOTE,0,0,0.1744311028445886
AdaBoost,No SMOTE,0,0,0.1431423024436669
AdaBoost,No SMOTE,0,0,0.14895992415852724
AdaBoost,No SMOTE,0,0,0.16342013312650427
AdaBoost,No SMOTE,0,0,0.18800989342479768
AdaBoost,No SMOTE,0,0,0.1744311028445886
AdaBoost,No SMOTE,0,0,0.1744311028445886
AdaBoost,No SMOTE,0,0,0.1689822365998279
AdaBoost,No SMOTE,0,0,0.11920292202211763
AdaBoost,No SMOTE,0,0,0.1689822365998279
AdaBoost,No SMOTE,0,0,0.16895403564617684
AdaBoost,No SMOTE,0,0,0.17726965587952628
AdaBoost,No SMOTE,0,0,0.1689822365998279
AdaBoost,No SMOTE,0,0,0.1689822365998279
AdaBoost,No SMOTE,0,0,0.17726965587952628
AdaBoost,No SMOTE,0,0,0.16618389338377842
AdaBoost,No SMOTE,0,0,0.13019713023369225
AdaBoost,No SMOTE,0,0,0.1689822365998279
AdaBoost,No SMOTE,0,0,0.1689822365998279
AdaBoost,No SMOTE,0,0,0.21607329118820193
AdaBoost,No SMOTE,0,0,0.17726965587952628
AdaBoost,No SMOTE,0,0,0.191758796857404
AdaBoost,No SMOTE,0,0,0.1744311028445886
AdaBoost,No SMOTE,0,0,0.17726965587952628
AdaBoost,No SMOTE,0,0,0.1689822365998279
AdaBoost,No SMOTE,0,0,0.14895992415852724
AdaBoost,No SMOTE,0,0,0.16203849466010875
AdaBoost,No SMOTE,0,0,0.18800989342479768
AdaBoost,No SMOTE,0,0,0.14895992415852724
AdaBoost,No SMOTE,0,0,0.13019713023369225
AdaBoost,No SMOTE,0,0,0.17726965587952628
AdaBoost,No SMOTE,0,0,0.17726965587952628
AdaBoost,No SMOTE,0,0,0.1689822365998279
AdaBoost,No SMOTE,0,0,0.1744311028445886
AdaBoost,No SMOTE,0,0,0.1744311028445886
AdaBoost,No SMOTE,0,0,0.17726965587952628
AdaBoost,No SMOTE,0,0,0.11920292202211763
AdaBoost,No SMOTE,0,0,0.1744311028445886
AdaBoost,No SMOTE,0,0,0.22295168509089985
AdaBoost,No SMOTE,0,0,0.1744311028445886
AdaBoost,No SMOTE,0,0,0.21607329118820193
AdaBoost,No SMOTE,0,0,0.1689822365998279
AdaBoost,No SMOTE,0,0,0.1689822365998279
AdaBoost,No SMOTE,0,0,0.17726965587952628
AdaBoost,No SMOTE,0,0,0.17726965587952628
AdaBoost,No SMOTE,0,0,0.1744311028445886
AdaBoost,No SMOTE,0,0,0.18800989342479768
AdaBoost,No SMOTE,0,0,0.14895992415852724
AdaBoost,No SMOTE,0,0,0.1744311028445886
AdaBoost,No SMOTE,0,0,0.16342013312650427
AdaBoost,No SMOTE,0,0,0.17726965587952628
AdaBoost,No SMOTE,0,0,0.18800989342479768
AdaBoost,No SMOTE,0,0,0.17726965587952628
AdaBoost,No SMOTE,0,0,0.13586401457059089
AdaBoost,No SMOTE,0,0,0.1689822365998279
AdaBoost,No SMOTE,0,0,0.14895992415852724
AdaBoost,No SMOTE,0,0,0.14895992415852724
AdaBoost,No SMOTE,0,0,0.1719470769852437
AdaBoost,No SMOTE,0,0,0.18496367037446623
AdaBoost,No SMOTE,0,0,0.18800989342479768
AdaBoost,No SMOTE,0,0,0.22493649393812828
AdaBoost,No SMOTE,0,0,0.22044238283982498
AdaBoost,No SMOTE,0,0,0.1744311028445886
AdaBoost,No SMOTE,0,0,0.2193403423397052
AdaBoost,No SMOTE,0,0,0.22493649393812828
AdaBoost,No SMOTE,0,0,0.14895992415852724
AdaBoost,No SMOTE,0,0,0.191758796857404
AdaBoost,No SMOTE,0,0,0.1689822365998279
AdaBoost,No SMOTE,0,0,0.13586401457059089
AdaBoost,No SMOTE,0,0,0.16342013312650427
AdaBoost,No SMOTE,0,0,0.14895992415852724
AdaBoost,No SMOTE,0,0,0.17726965587952628
AdaBoost,No SMOTE,0,0,0.11920292202211763
AdaBoost,No SMOTE,0,0,0.17726965587952628
AdaBoost,No SMOTE,0,0,0.1689822365998279
AdaBoost,No SMOTE,0,0,0.1744311028445886
AdaBoost,No SMOTE,0,0,0.22843520662470906
AdaBoost,No SMOTE,0,0,0.2308814706686039
AdaBoost,No SMOTE,0,0,0.1752408367047788
AdaBoost,No SMOTE,0,0,0.18800989342479768
AdaBoost,No SMOTE,0,0,0.16203849466010875
AdaBoost,No SMOTE,0,0,0.1689822365998279
AdaBoost,No SMOTE,0,0,0.18800989342479768
AdaBoost,No SMOTE,0,0,0.1689822365998279
AdaBoost,No SMOTE,0,0,0.14895992415852724
AdaBoost,No SMOTE,0,0,0.23595205353816107
AdaBoost,No SMOTE,0,0,0.1744311028445886
AdaBoost,No SMOTE,0,0,0.17726965587952628
AdaBoost,No SMOTE,0,0,0.17726965587952628
AdaBoost,No SMOTE,0,0,0.1689822365998279
AdaBoost,No SMOTE,0,0,0.1744311028445886
AdaBoost,No SMOTE,0,0,0.17726965587952628
AdaBoost,No SMOTE,0,0,0.17726965587952628
AdaBoost,No SMOTE,0,0,0.1431423024436669
AdaBoost,No SMOTE,0,0,0.2211488914469814
AdaBoost,No SMOTE,0,0,0.1689822365998279
AdaBoost,No SMOTE,0,0,0.1744311028445886
AdaBoost,No SMOTE,0,0,0.22493649393812828
AdaBoost,No SMOTE,0,0,0.21607329118820193
AdaBoost,No SMOTE,0,0,0.1719470769852437
AdaBoost,No SMOTE,0,0,0.1689822365998279
AdaBoost,No SMOTE,0,0,0.17726965587952628
AdaBoost,No SMOTE,0,0,0.1689822365998279
AdaBoost,No SMOTE,0,0,0.1689822365998279
AdaBoost,No SMOTE,0,0,0.17726965587952628
AdaBoost,No SMOTE,0,0,0.17726965587952628
AdaBoost,No SMOTE,0,0,0.17726965587952628
AdaBoost,No SMOTE,0,0,0.11920292202211763
AdaBoost,No SMOTE,0,0,0.14895992415852724
AdaBoost,No SMOTE,0,0,0.1744311028445886
AdaBoost,No SMOTE,0,0,0.18800989342479768
AdaBoost,No SMOTE,0,0,0.1689822365998279
AdaBoost,No SMOTE,0,0,0.1689822365998279
AdaBoost,No SMOTE,0,0,0.16203849466010875
AdaBoost,No SMOTE,0,0,0.22017433581447826
AdaBoost,No SMOTE,0,0,0.20002774141121915
AdaBoost,No SMOTE,0,0,0.13019713023369225
AdaBoost,No SMOTE,0,0,0.1744311028445886
AdaBoost,No SMOTE,0,0,0.14895992415852724
AdaBoost,No SMOTE,0,0,0.13586401457059089
AdaBoost,No SMOTE,0,0,0.14895992415852724
AdaBoost,No SMOTE,0,0,0.1689822365998279
AdaBoost,No SMOTE,0,0,0.11920292202211763
AdaBoost,No SMOTE,0,0,0.1689822365998279
AdaBoost,No SMOTE,0,0,0.13019713023369225
AdaBoost,No SMOTE,0,0,0.17726965587952628
AdaBoost,No SMOTE,0,0,0.17726965587952628
AdaBoost,No SMOTE,0,0,0.16342013312650427
AdaBoost,No SMOTE,0,0,0.17726965587952628
AdaBoost,No SMOTE,0,0,0.11920292202211763
AdaBoost,No SMOTE,0,0,0.14895992415852724
AdaBoost,No SMOTE,0,0,0.17726965587952628
AdaBoost,No SMOTE,0,0,0.1744311028445886
AdaBoost,No SMOTE,0,0,0.18800989342479768
AdaBoost,No SMOTE,0,0,0.1744311028445886
AdaBoost,No SMOTE,0,0,0.1689822365998279
AdaBoost,No SMOTE,0,0,0.1744311028445886
AdaBoost,No SMOTE,0,0,0.18496367037446623
AdaBoost,No SMOTE,0,0,0.17726965587952628
AdaBoost,No SMOTE,0,0,0.1744311028445886
AdaBoost,No SMOTE,0,0,0.1744311028445886
AdaBoost,No SMOTE,0,0,0.1719470769852437
AdaBoost,No SMOTE,0,0,0.13019713023369225
AdaBoost,No SMOTE,0,0,0.17726965587952628
AdaBoost,No SMOTE,0,0,0.22017433581447826
AdaBoost,No SMOTE,0,0,0.1744311028445886
AdaBoost,No SMOTE,0,0,0.1431423024436669
AdaBoost,No SMOTE,0,0,0.1719470769852437
AdaBoost,No SMOTE,0,0,0.1689822365998279
AdaBoost,No SMOTE,0,0,0.13586401457059089
AdaBoost,No SMOTE,0,0,0.18496367037446623
AdaBoost,No SMOTE,0,0,0.13019713023369225
AdaBoost,No SMOTE,0,0,0.14895992415852724
AdaBoost,No SMOTE,0,0,0.1744311028445886
AdaBoost,No SMOTE,0,0,0.13019713023369225
AdaBoost,No SMOTE,0,0,0.1689822365998279
AdaBoost,No SMOTE,0,0,0.1744311028445886
AdaBoost,No SMOTE,0,0,0.22493649393812828
AdaBoost,No SMOTE,0,0,0.1744311028445886
AdaBoost,No SMOTE,0,0,0.11920292202211763
AdaBoost,No SMOTE,0,0,0.17726965587952628
AdaBoost,No SMOTE,0,0,0.17726965587952628
AdaBoost,No SMOTE,0,0,0.11920292202211763
AdaBoost,No SMOTE,0,0,0.1689822365998279
AdaBoost,No SMOTE,0,0,0.14895992415852724
AdaBoost,No SMOTE,0,0,0.22843520662470906
AdaBoost,No SMOTE,0,0,0.1689822365998279
AdaBoost,No SMOTE,0,0,0.17726965587952628
AdaBoost,No SMOTE,0,0,0.22493649393812828
AdaBoost,No SMOTE,0,0,0.11920292202211763
AdaBoost,No SMOTE,0,0,0.16342013312650427
AdaBoost,No SMOTE,0,0,0.1689822365998279
AdaBoost,No SMOTE,0,0,0.17726965587952628
AdaBoost,No SMOTE,0,0,0.1689822365998279
AdaBoost,No SMOTE,0,0,0.1689822365998279
AdaBoost,No SMOTE,0,0,0.1744311028445886
AdaBoost,No SMOTE,0,0,0.1431423024436669
AdaBoost,No SMOTE,0,0,0.17726965587952628
AdaBoost,No SMOTE,0,0,0.22493649393812828
AdaBoost,No SMOTE,0,0,0.22017433581447826
AdaBoost,No SMOTE,0,0,0.1744311028445886
AdaBoost,No SMOTE,0,0,0.17726965587952628
AdaBoost,No SMOTE,0,0,0.17726965587952628
AdaBoost,No SMOTE,0,0,0.1689822365998279
AdaBoost,No SMOTE,0,0,0.17726965587952628
AdaBoost,No SMOTE,0,0,0.1744311028445886
AdaBoost,No SMOTE,0,0,0.17726965587952628
AdaBoost,No SMOTE,0,0,0.18800989342479768
AdaBoost,No SMOTE,0,0,0.17643129068755622
AdaBoost,No SMOTE,0,0,0.17182074334119965
AdaBoost,No SMOTE,0,0,0.2211488914469814
AdaBoost,No SMOTE,0,0,0.13019713023369225
AdaBoost,No SMOTE,0,0,0.1744311028445886
AdaBoost,No SMOTE,0,0,0.25081468689261593
AdaBoost,No SMOTE,0,0,0.16895403564617684
AdaBoost,No SMOTE,0,0,0.13019713023369225
AdaBoost,No SMOTE,0,0,0.22493649393812828
AdaBoost,No SMOTE,0,0,0.1744311028445886
AdaBoost,No SMOTE,0,0,0.1719470769852437
AdaBoost,No SMOTE,0,0,0.22843520662470906
AdaBoost,No SMOTE,0,0,0.17726965587952628
AdaBoost,No SMOTE,0,0,0.1689822365998279
AdaBoost,No SMOTE,0,0,0.1744311028445886
AdaBoost,No SMOTE,0,0,0.17726965587952628
AdaBoost,No SMOTE,0,0,0.22493649393812828
AdaBoost,No SMOTE,0,0,0.22493649393812828
AdaBoost,No SMOTE,0,0,0.17726965587952628
AdaBoost,No SMOTE,0,0,0.17726965587952628
AdaBoost,No SMOTE,0,0,0.1689822365998279
AdaBoost,No SMOTE,0,0,0.13019713023369225
AdaBoost,No SMOTE,0,0,0.22493649393812828
AdaBoost,No SMOTE,0,0,0.22843520662470906
AdaBoost,No SMOTE,0,0,0.1689822365998279
AdaBoost,No SMOTE,0,0,0.1689822365998279
AdaBoost,No SMOTE,0,0,0.17726965587952628
AdaBoost,No SMOTE,0,0,0.17726965587952628
AdaBoost,No SMOTE,0,0,0.205659675438033
AdaBoost,No SMOTE,0,0,0.1744311028445886
AdaBoost,No SMOTE,0,0,0.1744311028445886
AdaBoost,No SMOTE,0,0,0.17726965587952628
AdaBoost,No SMOTE,0,0,0.17726965587952628
AdaBoost,No SMOTE,0,0,0.1744311028445886
AdaBoost,No SMOTE,0,0,0.14895992415852724
AdaBoost,No SMOTE,0,0,0.22017433581447826
AdaBoost,No SMOTE,0,0,0.1689822365998279
AdaBoost,No SMOTE,0,0,0.1719470769852437
AdaBoost,No SMOTE,0,0,0.17726965587952628
AdaBoost,No SMOTE,0,0,0.14895992415852724
AdaBoost,No SMOTE,0,0,0.13586401457059089
AdaBoost,No SMOTE,0,0,0.13586401457059089
AdaBoost,No SMOTE,0,0,0.1744311028445886
AdaBoost,No SMOTE,0,0,0.16618389338377842
AdaBoost,No SMOTE,0,0,0.1719470769852437
AdaBoost,No SMOTE,0,0,0.1786840584100862
AdaBoost,No SMOTE,0,0,0.21607329118820193
AdaBoost,No SMOTE,0,0,0.1689822365998279
AdaBoost,No SMOTE,0,0,0.1744311028445886
AdaBoost,No SMOTE,0,0,0.20002774141121915
AdaBoost,No SMOTE,0,0,0.1744311028445886
AdaBoost,No SMOTE,0,0,0.17726965587952628
AdaBoost,No SMOTE,0,0,0.1689822365998279
AdaBoost,No SMOTE,0,0,0.17726965587952628
AdaBoost,No SMOTE,0,0,0.17726965587952628
AdaBoost,No SMOTE,0,0,0.17726965587952628
AdaBoost,No SMOTE,0,0,0.18800989342479768
AdaBoost,No SMOTE,0,0,0.14895992415852724
AdaBoost,No SMOTE,0,0,0.21607329118820193
AdaBoost,No SMOTE,0,0,0.22493649393812828
AdaBoost,No SMOTE,0,0,0.1689822365998279
AdaBoost,No SMOTE,0,0,0.1431363477165842
AdaBoost,No SMOTE,0,0,0.18800989342479768
AdaBoost,No SMOTE,0,0,0.16618389338377842
AdaBoost,No SMOTE,0,0,0.1744311028445886
AdaBoost,No SMOTE,0,0,0.16342013312650427
AdaBoost,No SMOTE,0,0,0.1744311028445886
AdaBoost,No SMOTE,0,0,0.17726965587952628
AdaBoost,No SMOTE,0,0,0.18496367037446623
AdaBoost,No SMOTE,0,0,0.11920292202211763
AdaBoost,No SMOTE,0,0,0.17726965587952628
AdaBoost,No SMOTE,0,0,0.1689822365998279
AdaBoost,No SMOTE,0,0,0.1689822365998279
AdaBoost,No SMOTE,0,0,0.1431363477165842
AdaBoost,No SMOTE,0,0,0.17726965587952628
AdaBoost,No SMOTE,0,0,0.22493649393812828
AdaBoost,No SMOTE,0,0,0.1744311028445886
AdaBoost,No SMOTE,0,0,0.16342013312650427
AdaBoost,No SMOTE,0,0,0.17726965587952628
AdaBoost,No SMOTE,0,0,0.14895992415852724
AdaBoost,No SMOTE,0,0,0.22044238283982498
AdaBoost,No SMOTE,0,0,0.22493649393812828
AdaBoost,No SMOTE,0,0,0.1689822365998279
AdaBoost,No SMOTE,0,0,0.11920292202211763
AdaBoost,No SMOTE,0,0,0.2193403423397052
AdaBoost,No SMOTE,0,0,0.20002774141121915
AdaBoost,No SMOTE,0,0,0.21607329118820193
AdaBoost,No SMOTE,0,0,0.16618389338377842
AdaBoost,No SMOTE,0,0,0.18496367037446623
AdaBoost,No SMOTE,0,0,0.14895992415852724
AdaBoost,No SMOTE,0,0,0.1689822365998279
AdaBoost,No SMOTE,0,0,0.1689822365998279
AdaBoost,No SMOTE,0,0,0.13019713023369225
AdaBoost,No SMOTE,0,0,0.17726965587952628
AdaBoost,No SMOTE,0,0,0.1431423024436669
AdaBoost,No SMOTE,0,0,0.1689822365998279
AdaBoost,No SMOTE,0,0,0.17726965587952628
AdaBoost,No SMOTE,0,0,0.22493649393812828
AdaBoost,No SMOTE,0,0,0.17726965587952628
AdaBoost,No SMOTE,0,0,0.18496367037446623
AdaBoost,No SMOTE,0,0,0.1689822365998279
AdaBoost,No SMOTE,0,0,0.17726965587952628
AdaBoost,No SMOTE,0,0,0.1719470769852437
AdaBoost,No SMOTE,0,0,0.16203849466010875
AdaBoost,No SMOTE,0,0,0.16342013312650427
AdaBoost,No SMOTE,0,0,0.1744311028445886
AdaBoost,No SMOTE,0,0,0.17726965587952628
AdaBoost,No SMOTE,0,0,0.14895992415852724
AdaBoost,No SMOTE,0,0,0.22493649393812828
AdaBoost,No SMOTE,0,0,0.1689822365998279
AdaBoost,No SMOTE,0,0,0.17726965587952628
AdaBoost,No SMOTE,0,0,0.13586401457059089
AdaBoost,No SMOTE,0,0,0.17726965587952628
AdaBoost,No SMOTE,0,0,0.1689822365998279
AdaBoost,No SMOTE,0,0,0.14895992415852724
AdaBoost,No SMOTE,0,0,0.27527438042003993
AdaBoost,No SMOTE,0,0,0.1431423024436669
AdaBoost,No SMOTE,0,0,0.17726965587952628
AdaBoost,No SMOTE,0,0,0.16342013312650427
AdaBoost,No SMOTE,0,0,0.22493649393812828
AdaBoost,No SMOTE,0,0,0.11920292202211763
AdaBoost,No SMOTE,0,0,0.14798688540029464
AdaBoost,No SMOTE,0,0,0.16342013312650427
AdaBoost,No SMOTE,0,0,0.1689822365998279
AdaBoost,No SMOTE,0,0,0.205659675438033
AdaBoost,No SMOTE,0,0,0.1431363477165842
AdaBoost,No SMOTE,0,0,0.1744311028445886
AdaBoost,No SMOTE,0,0,0.13019713023369225
AdaBoost,No SMOTE,0,0,0.16867357177983938
AdaBoost,No SMOTE,0,0,0.191758796857404
AdaBoost,No SMOTE,0,0,0.1744311028445886
AdaBoost,No SMOTE,0,0,0.1689822365998279
AdaBoost,No SMOTE,0,0,0.1786840584100862
AdaBoost,No SMOTE,0,0,0.1689822365998279
AdaBoost,No SMOTE,0,0,0.21573524134425506
AdaBoost,No SMOTE,0,0,0.1689822365998279
AdaBoost,No SMOTE,0,0,0.1744311028445886
AdaBoost,No SMOTE,0,0,0.1744311028445886
AdaBoost,No SMOTE,0,0,0.21607329118820193
AdaBoost,No SMOTE,0,0,0.18800989342479768
AdaBoost,No SMOTE,0,0,0.1689822365998279
AdaBoost,No SMOTE,0,0,0.17726965587952628
AdaBoost,No SMOTE,0,0,0.16203849466010875
AdaBoost,No SMOTE,0,0,0.1744311028445886
AdaBoost,No SMOTE,0,0,0.1744311028445886
AdaBoost,No SMOTE,0,0,0.17726965587952628
AdaBoost,No SMOTE,0,0,0.14895992415852724
AdaBoost,No SMOTE,0,0,0.21607329118820193
AdaBoost,No SMOTE,0,0,0.1689822365998279
AdaBoost,No SMOTE,0,0,0.21607329118820193
AdaBoost,No SMOTE,0,0,0.22493649393812828
AdaBoost,No SMOTE,0,0,0.17726965587952628
AdaBoost,No SMOTE,0,0,0.1689822365998279
AdaBoost,No SMOTE,0,0,0.1744311028445886
AdaBoost,No SMOTE,0,0,0.1744311028445886
AdaBoost,No SMOTE,0,0,0.16895403564617684
AdaBoost,No SMOTE,0,0,0.1744311028445886
AdaBoost,No SMOTE,0,0,0.13019713023369225
AdaBoost,No SMOTE,0,0,0.17726965587952628
AdaBoost,No SMOTE,0,0,0.1744311028445886
AdaBoost,No SMOTE,0,0,0.1744311028445886
AdaBoost,No SMOTE,0,0,0.191758796857404
AdaBoost,No SMOTE,0,0,0.11920292202211763
AdaBoost,No SMOTE,0,0,0.1744311028445886
AdaBoost,No SMOTE,0,0,0.1689822365998279
AdaBoost,No SMOTE,0,0,0.1744311028445886
AdaBoost,No SMOTE,0,0,0.1431363477165842
AdaBoost,No SMOTE,0,0,0.1744311028445886
AdaBoost,No SMOTE,0,0,0.13019713023369225
AdaBoost,No SMOTE,0,0,0.1744311028445886
AdaBoost,No SMOTE,0,0,0.1689822365998279
AdaBoost,No SMOTE,0,0,0.13586401457059089
AdaBoost,No SMOTE,0,0,0.1689822365998279
AdaBoost,No SMOTE,0,0,0.21607329118820193
AdaBoost,No SMOTE,0,0,0.1744311028445886
AdaBoost,No SMOTE,0,0,0.1689822365998279
AdaBoost,No SMOTE,0,0,0.1744311028445886
AdaBoost,No SMOTE,0,0,0.1689822365998279
AdaBoost,No SMOTE,0,0,0.14895992415852724
AdaBoost,No SMOTE,0,0,0.16203849466010875
AdaBoost,No SMOTE,0,0,0.11920292202211763
AdaBoost,No SMOTE,0,0,0.1689822365998279
AdaBoost,No SMOTE,0,0,0.1744311028445886
AdaBoost,No SMOTE,0,0,0.1744311028445886
AdaBoost,No SMOTE,0,0,0.13019713023369225
AdaBoost,No SMOTE,0,0,0.1744311028445886
AdaBoost,No SMOTE,0,0,0.1744311028445886
AdaBoost,No SMOTE,0,0,0.18496367037446623
AdaBoost,No SMOTE,0,0,0.17726965587952628
AdaBoost,No SMOTE,0,0,0.1431423024436669
AdaBoost,No SMOTE,0,0,0.16203849466010875
AdaBoost,No SMOTE,0,0,0.1719470769852437
AdaBoost,No SMOTE,0,0,0.16618389338377842
AdaBoost,No SMOTE,0,0,0.19090832035678107
AdaBoost,No SMOTE,0,0,0.16618389338377842
AdaBoost,No SMOTE,0,0,0.2193403423397052
AdaBoost,No SMOTE,0,0,0.1744311028445886
AdaBoost,No SMOTE,0,0,0.1744311028445886
AdaBoost,No SMOTE,0,0,0.21928751511544514
AdaBoost,No SMOTE,0,0,0.17726965587952628
AdaBoost,No SMOTE,0,0,0.21607329118820193
AdaBoost,No SMOTE,0,0,0.13019713023369225
AdaBoost,No SMOTE,0,0,0.1744311028445886
AdaBoost,No SMOTE,0,0,0.1689822365998279
AdaBoost,No SMOTE,0,0,0.16342013312650427
AdaBoost,No SMOTE,0,0,0.16342013312650427
AdaBoost,No SMOTE,0,0,0.1689822365998279
AdaBoost,No SMOTE,0,0,0.1689822365998279
AdaBoost,No SMOTE,0,0,0.23435506113090693
AdaBoost,No SMOTE,0,0,0.1719470769852437
AdaBoost,No SMOTE,0,0,0.1744311028445886
AdaBoost,No SMOTE,0,0,0.22255765333999847
AdaBoost,No SMOTE,0,0,0.16203849466010875
AdaBoost,No SMOTE,0,0,0.18496367037446623
AdaBoost,No SMOTE,0,0,0.1689822365998279
AdaBoost,No SMOTE,0,0,0.17726965587952628
AdaBoost,No SMOTE,0,0,0.17726965587952628
AdaBoost,No SMOTE,0,0,0.1744311028445886
AdaBoost,No SMOTE,0,0,0.1744311028445886
AdaBoost,No SMOTE,0,0,0.18496367037446623
AdaBoost,No SMOTE,0,0,0.17726965587952628
AdaBoost,No SMOTE,0,0,0.1744311028445886
AdaBoost,No SMOTE,0,0,0.32357071357218137
AdaBoost,No SMOTE,0,0,0.1689822365998279
AdaBoost,No SMOTE,0,0,0.1744311028445886
AdaBoost,No SMOTE,0,0,0.16342013312650427
AdaBoost,No SMOTE,0,0,0.14895992415852724
AdaBoost,No SMOTE,0,0,0.1689822365998279
AdaBoost,No SMOTE,0,0,0.22493649393812828
AdaBoost,No SMOTE,0,0,0.16342013312650427
AdaBoost,No SMOTE,0,0,0.17726965587952628
AdaBoost,No SMOTE,0,0,0.17726965587952628
AdaBoost,No SMOTE,0,0,0.17726965587952628
AdaBoost,No SMOTE,0,0,0.1689822365998279
AdaBoost,No SMOTE,0,0,0.16342013312650427
AdaBoost,No SMOTE,0,0,0.21607329118820193
AdaBoost,No SMOTE,0,0,0.13019713023369225
AdaBoost,No SMOTE,0,0,0.1744311028445886
AdaBoost,No SMOTE,0,0,0.1744311028445886
AdaBoost,No SMOTE,0,0,0.17726965587952628
AdaBoost,No SMOTE,0,0,0.14895992415852724
AdaBoost,No SMOTE,0,0,0.13019713023369225
AdaBoost,No SMOTE,0,0,0.1689822365998279
AdaBoost,No SMOTE,0,0,0.22843520662470906
AdaBoost,No SMOTE,0,0,0.1744311028445886
AdaBoost,No SMOTE,0,0,0.1431423024436669
AdaBoost,No SMOTE,0,0,0.22843520662470906
AdaBoost,No SMOTE,0,0,0.1689822365998279
AdaBoost,No SMOTE,0,0,0.1689822365998279
AdaBoost,No SMOTE,0,0,0.13019713023369225
AdaBoost,No SMOTE,0,0,0.21573524134425506
AdaBoost,No SMOTE,0,0,0.1689822365998279
AdaBoost,No SMOTE,0,0,0.1719470769852437
AdaBoost,No SMOTE,0,0,0.1689822365998279
AdaBoost,No SMOTE,0,0,0.1431363477165842
AdaBoost,No SMOTE,0,0,0.17726965587952628
AdaBoost,No SMOTE,0,0,0.20002774141121915
AdaBoost,No SMOTE,0,0,0.1431423024436669
AdaBoost,No SMOTE,0,0,0.18496367037446623
AdaBoost,No SMOTE,0,0,0.17726965587952628
AdaBoost,No SMOTE,0,0,0.1719470769852437
AdaBoost,No SMOTE,0,0,0.225942801680166
AdaBoost,No SMOTE,0,0,0.1689822365998279
AdaBoost,No SMOTE,0,0,0.14895992415852724
AdaBoost,No SMOTE,0,0,0.22493649393812828
AdaBoost,No SMOTE,0,0,0.17726965587952628
AdaBoost,No SMOTE,0,0,0.21607329118820193
AdaBoost,No SMOTE,0,0,0.1431423024436669
AdaBoost,No SMOTE,0,0,0.17726965587952628
AdaBoost,No SMOTE,0,0,0.22843520662470906
AdaBoost,No SMOTE,0,0,0.1744311028445886
AdaBoost,No SMOTE,0,0,0.18496367037446623
AdaBoost,No SMOTE,0,0,0.1744311028445886
AdaBoost,No SMOTE,0,0,0.1744311028445886
AdaBoost,No SMOTE,0,0,0.1744311028445886
AdaBoost,No SMOTE,0,0,0.16203849466010875
AdaBoost,No SMOTE,0,0,0.22843520662470906
AdaBoost,No SMOTE,0,0,0.13586401457059089
AdaBoost,No SMOTE,0,0,0.1689822365998279
AdaBoost,No SMOTE,0,0,0.14895992415852724
AdaBoost,No SMOTE,0,0,0.18496367037446623
AdaBoost,No SMOTE,0,0,0.13586401457059089
AdaBoost,No SMOTE,0,0,0.17726965587952628
AdaBoost,No SMOTE,0,0,0.22493649393812828
AdaBoost,No SMOTE,0,0,0.16895403564617684
AdaBoost,No SMOTE,0,0,0.13019713023369225
AdaBoost,No SMOTE,0,0,0.14895992415852724
AdaBoost,No SMOTE,0,0,0.1689822365998279
AdaBoost,No SMOTE,0,0,0.21607329118820193
AdaBoost,No SMOTE,0,0,0.16618389338377842
AdaBoost,No SMOTE,0,0,0.1744311028445886
AdaBoost,No SMOTE,0,0,0.17726965587952628
AdaBoost,No SMOTE,0,0,0.1431363477165842
AdaBoost,No SMOTE,0,0,0.17726965587952628
AdaBoost,No SMOTE,0,0,0.1689822365998279
AdaBoost,No SMOTE,0,0,0.1744311028445886
AdaBoost,No SMOTE,0,0,0.19805707668831612
AdaBoost,No SMOTE,0,0,0.1689822365998279
AdaBoost,No SMOTE,0,0,0.1744311028445886
AdaBoost,No SMOTE,0,0,0.22493649393812828
AdaBoost,No SMOTE,0,0,0.1744311028445886
AdaBoost,No SMOTE,0,0,0.1689822365998279
AdaBoost,No SMOTE,0,0,0.13019713023369225
AdaBoost,No SMOTE,0,0,0.1744311028445886
AdaBoost,No SMOTE,0,0,0.14895992415852724
AdaBoost,No SMOTE,0,0,0.17726965587952628
AdaBoost,No SMOTE,0,0,0.16203849466010875
AdaBoost,No SMOTE,0,0,0.1689822365998279
AdaBoost,No SMOTE,0,0,0.1689822365998279
AdaBoost,No SMOTE,0,0,0.22493649393812828
AdaBoost,No SMOTE,0,0,0.14895992415852724
AdaBoost,No SMOTE,0,0,0.14798688540029464
AdaBoost,No SMOTE,0,0,0.16342013312650427
AdaBoost,No SMOTE,0,0,0.17726965587952628
AdaBoost,No SMOTE,0,0,0.21928751511544514
AdaBoost,No SMOTE,0,0,0.17726965587952628
AdaBoost,No SMOTE,0,0,0.17726965587952628
AdaBoost,No SMOTE,0,0,0.17726965587952628
AdaBoost,No SMOTE,0,0,0.17726965587952628
AdaBoost,No SMOTE,0,0,0.16895403564617684
AdaBoost,No SMOTE,0,0,0.17726965587952628
AdaBoost,No SMOTE,0,0,0.17726965587952628
AdaBoost,No SMOTE,0,0,0.1689822365998279
AdaBoost,No SMOTE,0,0,0.1744311028445886
AdaBoost,No SMOTE,0,0,0.1689822365998279
AdaBoost,No SMOTE,0,0,0.17726965587952628
AdaBoost,No SMOTE,0,0,0.1689822365998279
AdaBoost,No SMOTE,0,0,0.191758796857404
AdaBoost,No SMOTE,0,0,0.1744311028445886
AdaBoost,No SMOTE,0,0,0.14895992415852724
AdaBoost,No SMOTE,0,0,0.2850837726175028
AdaBoost,No SMOTE,0,0,0.16342013312650427
AdaBoost,No SMOTE,0,0,0.21607329118820193
AdaBoost,No SMOTE,0,0,0.1689822365998279
AdaBoost,No SMOTE,0,0,0.17643129068755622
AdaBoost,No SMOTE,0,0,0.2193403423397052
AdaBoost,No SMOTE,0,0,0.1689822365998279
AdaBoost,No SMOTE,0,0,0.1744311028445886
AdaBoost,No SMOTE,0,0,0.16342013312650427
AdaBoost,No SMOTE,0,0,0.22843520662470906
AdaBoost,No SMOTE,0,0,0.1689822365998279
AdaBoost,No SMOTE,0,0,0.1744311028445886
AdaBoost,No SMOTE,0,0,0.1744311028445886
AdaBoost,No SMOTE,0,0,0.14895992415852724
AdaBoost,No SMOTE,0,0,0.11920292202211763
AdaBoost,No SMOTE,0,0,0.1744311028445886
AdaBoost,No SMOTE,0,0,0.22493649393812828
AdaBoost,No SMOTE,0,0,0.1744311028445886
AdaBoost,No SMOTE,0,0,0.1719470769852437
AdaBoost,No SMOTE,0,0,0.17043552930931818
AdaBoost,No SMOTE,0,0,0.1744311028445886
AdaBoost,No SMOTE,0,0,0.22493649393812828
AdaBoost,No SMOTE,0,0,0.16895403564617684
AdaBoost,No SMOTE,0,0,0.21607329118820193
AdaBoost,No SMOTE,0,0,0.1744311028445886
AdaBoost,No SMOTE,0,0,0.1744311028445886
AdaBoost,No SMOTE,0,0,0.16203849466010875
AdaBoost,No SMOTE,0,0,0.1689822365998279
AdaBoost,No SMOTE,0,0,0.19003443635734119
AdaBoost,No SMOTE,0,0,0.14895992415852724
AdaBoost,No SMOTE,0,0,0.1744311028445886
AdaBoost,No SMOTE,0,0,0.2091061060399178
AdaBoost,No SMOTE,0,0,0.17726965587952628
AdaBoost,No SMOTE,0,0,0.13019713023369225
AdaBoost,No SMOTE,0,0,0.205659675438033
AdaBoost,No SMOTE,0,0,0.14895992415852724
AdaBoost,No SMOTE,0,0,0.18311285361171212
AdaBoost,No SMOTE,0,0,0.17726965587952628
AdaBoost,No SMOTE,0,0,0.22493649393812828
AdaBoost,No SMOTE,0,0,0.1689822365998279
AdaBoost,No SMOTE,0,0,0.1744311028445886
AdaBoost,No SMOTE,0,0,0.17726965587952628
AdaBoost,No SMOTE,0,0,0.1744311028445886
AdaBoost,No SMOTE,0,0,0.1689822365998279
AdaBoost,No SMOTE,0,0,0.11920292202211763
AdaBoost,No SMOTE,0,0,0.1744311028445886
AdaBoost,No SMOTE,0,0,0.13586401457059089
AdaBoost,No SMOTE,0,0,0.17726965587952628
AdaBoost,No SMOTE,0,0,0.16618389338377842
AdaBoost,No SMOTE,0,0,0.17726965587952628
AdaBoost,No SMOTE,0,0,0.17726965587952628
AdaBoost,No SMOTE,0,0,0.16618389338377842
AdaBoost,No SMOTE,0,0,0.20002774141121915
AdaBoost,No SMOTE,0,0,0.17726965587952628
AdaBoost,No SMOTE,0,0,0.18496367037446623
AdaBoost,No SMOTE,0,0,0.13019713023369225
AdaBoost,No SMOTE,0,0,0.1689822365998279
AdaBoost,No SMOTE,0,0,0.22493649393812828
AdaBoost,No SMOTE,0,0,0.205659675438033
AdaBoost,No SMOTE,0,0,0.1744311028445886
AdaBoost,No SMOTE,0,0,0.1744311028445886
AdaBoost,No SMOTE,0,0,0.18496367037446623
AdaBoost,No SMOTE,0,0,0.13019713023369225
AdaBoost,No SMOTE,0,0,0.21607329118820193
AdaBoost,No SMOTE,0,0,0.1744311028445886
AdaBoost,No SMOTE,0,0,0.14895992415852724
AdaBoost,No SMOTE,0,0,0.1744311028445886
AdaBoost,No SMOTE,0,0,0.17726965587952628
AdaBoost,No SMOTE,0,0,0.22493649393812828
AdaBoost,No SMOTE,0,0,0.14895992415852724
AdaBoost,No SMOTE,0,0,0.1744311028445886
AdaBoost,No SMOTE,0,0,0.22493649393812828
AdaBoost,No SMOTE,0,0,0.17726965587952628
AdaBoost,No SMOTE,0,0,0.1744311028445886
AdaBoost,No SMOTE,0,0,0.14895992415852724
AdaBoost,No SMOTE,0,0,0.11920292202211763
AdaBoost,No SMOTE,0,0,0.19003443635734119
AdaBoost,No SMOTE,0,0,0.1719470769852437
AdaBoost,No SMOTE,0,0,0.13019713023369225
AdaBoost,No SMOTE,0,0,0.13019713023369225
AdaBoost,No SMOTE,0,0,0.1744311028445886
AdaBoost,No SMOTE,0,0,0.17726965587952628
AdaBoost,No SMOTE,0,0,0.17726965587952628
AdaBoost,No SMOTE,0,0,0.16342013312650427
AdaBoost,No SMOTE,0,0,0.13586401457059089
AdaBoost,No SMOTE,0,0,0.13019713023369225
AdaBoost,No SMOTE,0,0,0.17726965587952628
AdaBoost,No SMOTE,0,0,0.22017433581447826
AdaBoost,No SMOTE,0,0,0.1689822365998279
AdaBoost,No SMOTE,0,0,0.14895992415852724
AdaBoost,No SMOTE,0,0,0.17726965587952628
AdaBoost,No SMOTE,0,0,0.1689822365998279
AdaBoost,No SMOTE,0,0,0.16867357177983938
AdaBoost,No SMOTE,0,0,0.14895992415852724
AdaBoost,No SMOTE,0,0,0.1744311028445886
AdaBoost,No SMOTE,0,0,0.2193403423397052
AdaBoost,No SMOTE,0,0,0.1689822365998279
AdaBoost,No SMOTE,0,0,0.17726965587952628
AdaBoost,No SMOTE,0,0,0.22493649393812828
AdaBoost,No SMOTE,0,0,0.191758796857404
AdaBoost,No SMOTE,0,0,0.2091061060399178
AdaBoost,No SMOTE,0,0,0.1719470769852437
AdaBoost,No SMOTE,0,0,0.1744311028445886
AdaBoost,No SMOTE,0,0,0.17726965587952628
AdaBoost,No SMOTE,0,0,0.1744311028445886
AdaBoost,No SMOTE,0,0,0.1689822365998279
AdaBoost,No SMOTE,0,0,0.14895992415852724
AdaBoost,No SMOTE,0,0,0.1689822365998279
AdaBoost,No SMOTE,0,0,0.16203849466010875
AdaBoost,No SMOTE,0,0,0.1744311028445886
AdaBoost,No SMOTE,0,0,0.11920292202211763
AdaBoost,No SMOTE,0,0,0.1689822365998279
AdaBoost,No SMOTE,0,0,0.21573524134425506
AdaBoost,No SMOTE,0,0,0.11920292202211763
AdaBoost,No SMOTE,0,0,0.1689822365998279
AdaBoost,No SMOTE,0,0,0.1719470769852437
AdaBoost,No SMOTE,0,0,0.22493649393812828
AdaBoost,No SMOTE,0,0,0.1744311028445886
AdaBoost,No SMOTE,0,0,0.13586401457059089
AdaBoost,No SMOTE,0,0,0.14895992415852724
AdaBoost,No SMOTE,0,0,0.22493649393812828
AdaBoost,No SMOTE,0,0,0.22017433581447826
AdaBoost,No SMOTE,0,0,0.1431423024436669
AdaBoost,No SMOTE,0,0,0.17726965587952628
AdaBoost,No SMOTE,0,0,0.14895992415852724
AdaBoost,No SMOTE,0,0,0.22493649393812828
AdaBoost,No SMOTE,0,0,0.11920292202211763
AdaBoost,No SMOTE,0,0,0.14895992415852724
AdaBoost,No SMOTE,0,0,0.16203849466010875
AdaBoost,No SMOTE,0,0,0.13019713023369225
AdaBoost,No SMOTE,0,0,0.17726965587952628
AdaBoost,No SMOTE,0,0,0.2193403423397052
AdaBoost,No SMOTE,0,0,0.1744311028445886
AdaBoost,No SMOTE,0,0,0.1689822365998279
AdaBoost,No SMOTE,0,0,0.1744311028445886
AdaBoost,No SMOTE,0,0,0.17726965587952628
AdaBoost,No SMOTE,0,0,0.1744311028445886
AdaBoost,No SMOTE,0,0,0.2193403423397052
AdaBoost,No SMOTE,0,0,0.1689822365998279
AdaBoost,No SMOTE,0,0,0.16867357177983938
AdaBoost,No SMOTE,0,0,0.17726965587952628
AdaBoost,No SMOTE,0,0,0.16342013312650427
AdaBoost,No SMOTE,0,0,0.21607329118820193
AdaBoost,No SMOTE,0,0,0.1744311028445886
AdaBoost,No SMOTE,0,0,0.11920292202211763
AdaBoost,No SMOTE,0,0,0.22493649393812828
AdaBoost,No SMOTE,0,0,0.1689822365998279
AdaBoost,No SMOTE,0,0,0.18496367037446623
AdaBoost,No SMOTE,0,0,0.17182074334119965
AdaBoost,No SMOTE,0,0,0.1744311028445886
AdaBoost,No SMOTE,0,0,0.1689822365998279
AdaBoost,No SMOTE,0,0,0.22493649393812828
AdaBoost,No SMOTE,0,0,0.17726965587952628
AdaBoost,No SMOTE,0,0,0.1689822365998279
AdaBoost,No SMOTE,0,0,0.17726965587952628
AdaBoost,No SMOTE,0,0,0.17726965587952628
AdaBoost,No SMOTE,0,0,0.21907325876335335
AdaBoost,No SMOTE,0,0,0.17726965587952628
AdaBoost,No SMOTE,0,0,0.17726965587952628
AdaBoost,No SMOTE,0,0,0.13019713023369225
AdaBoost,No SMOTE,0,0,0.1431363477165842
AdaBoost,No SMOTE,0,0,0.1744311028445886
AdaBoost,No SMOTE,0,0,0.205659675438033
AdaBoost,No SMOTE,0,0,0.14798688540029464
AdaBoost,No SMOTE,0,0,0.14895992415852724
AdaBoost,No SMOTE,0,0,0.22493649393812828
AdaBoost,No SMOTE,0,0,0.1744311028445886
AdaBoost,No SMOTE,0,0,0.11920292202211763
AdaBoost,No SMOTE,0,0,0.1817818847462829
AdaBoost,No SMOTE,0,0,0.1689822365998279
AdaBoost,No SMOTE,0,0,0.13586401457059089
AdaBoost,No SMOTE,0,0,0.1719470769852437
AdaBoost,No SMOTE,0,0,0.1689822365998279
AdaBoost,No SMOTE,0,0,0.17726965587952628
AdaBoost,No SMOTE,0,0,0.1689822365998279
AdaBoost,No SMOTE,0,0,0.22493649393812828
AdaBoost,No SMOTE,0,0,0.18800989342479768
AdaBoost,No SMOTE,0,0,0.11920292202211763
AdaBoost,No SMOTE,0,0,0.1689822365998279
AdaBoost,No SMOTE,0,0,0.1744311028445886
AdaBoost,No SMOTE,0,0,0.1689822365998279
AdaBoost,No SMOTE,0,0,0.17726965587952628
AdaBoost,No SMOTE,0,0,0.1744311028445886
AdaBoost,No SMOTE,0,0,0.13019713023369225
AdaBoost,No SMOTE,0,0,0.17726965587952628
AdaBoost,No SMOTE,0,0,0.17726965587952628
AdaBoost,No SMOTE,0,0,0.1689822365998279
AdaBoost,No SMOTE,0,0,0.17726965587952628
AdaBoost,No SMOTE,0,0,0.1689822365998279
AdaBoost,No SMOTE,0,0,0.17726965587952628
AdaBoost,No SMOTE,0,0,0.1744311028445886
AdaBoost,No SMOTE,0,0,0.17643129068755622
AdaBoost,No SMOTE,0,0,0.17726965587952628
AdaBoost,No SMOTE,0,0,0.21607329118820193
AdaBoost,No SMOTE,0,0,0.16895403564617684
AdaBoost,No SMOTE,0,0,0.17726965587952628
AdaBoost,No SMOTE,0,0,0.1689822365998279
AdaBoost,No SMOTE,0,0,0.1689822365998279
AdaBoost,No SMOTE,0,0,0.16342013312650427
AdaBoost,No SMOTE,0,0,0.22493649393812828
AdaBoost,No SMOTE,0,0,0.17726965587952628
AdaBoost,No SMOTE,0,0,0.14895992415852724
AdaBoost,No SMOTE,0,0,0.1744311028445886
AdaBoost,No SMOTE,0,0,0.17726965587952628
AdaBoost,No SMOTE,0,0,0.17726965587952628
AdaBoost,No SMOTE,0,0,0.14895992415852724
AdaBoost,No SMOTE,0,0,0.1689822365998279
AdaBoost,No SMOTE,0,0,0.205659675438033
AdaBoost,No SMOTE,0,0,0.14895992415852724
AdaBoost,No SMOTE,0,0,0.16342013312650427
AdaBoost,No SMOTE,0,0,0.13019713023369225
AdaBoost,No SMOTE,0,0,0.17726965587952628
AdaBoost,No SMOTE,0,0,0.22493649393812828
AdaBoost,No SMOTE,0,0,0.11920292202211763
AdaBoost,No SMOTE,0,0,0.14895992415852724
AdaBoost,No SMOTE,0,0,0.17726965587952628
AdaBoost,No SMOTE,0,0,0.16895403564617684
AdaBoost,No SMOTE,0,0,0.1689822365998279
AdaBoost,No SMOTE,0,0,0.13586401457059089
AdaBoost,No SMOTE,0,0,0.14895992415852724
AdaBoost,No SMOTE,0,0,0.21607329118820193
AdaBoost,No SMOTE,0,0,0.17726965587952628
AdaBoost,No SMOTE,0,0,0.21607329118820193
AdaBoost,No SMOTE,0,0,0.1744311028445886
AdaBoost,No SMOTE,0,0,0.1744311028445886
AdaBoost,No SMOTE,0,0,0.1689822365998279
AdaBoost,No SMOTE,0,0,0.11920292202211763
AdaBoost,No SMOTE,0,0,0.1719470769852437
AdaBoost,No SMOTE,0,0,0.13019713023369225
AdaBoost,No SMOTE,0,0,0.1719470769852437
AdaBoost,No SMOTE,0,0,0.13019713023369225
AdaBoost,No SMOTE,0,0,0.13019713023369225
AdaBoost,No SMOTE,0,0,0.22044238283982498
AdaBoost,No SMOTE,1,1,0.685471751651986
AdaBoost,No SMOTE,0,0,0.2193403423397052
AdaBoost,No SMOTE,0,0,0.13586401457059089
AdaBoost,No SMOTE,0,0,0.18800989342479768
AdaBoost,No SMOTE,0,0,0.13019713023369225
AdaBoost,No SMOTE,0,0,0.17726965587952628
AdaBoost,No SMOTE,0,0,0.17726965587952628
AdaBoost,No SMOTE,0,0,0.16618389338377842
AdaBoost,No SMOTE,0,0,0.17726965587952628
AdaBoost,No SMOTE,0,0,0.22493649393812828
AdaBoost,No SMOTE,0,0,0.17726965587952628
AdaBoost,No SMOTE,0,0,0.17726965587952628
AdaBoost,No SMOTE,0,0,0.1744311028445886
AdaBoost,No SMOTE,0,0,0.16342013312650427
AdaBoost,No SMOTE,0,0,0.1689822365998279
AdaBoost,No SMOTE,0,0,0.1744311028445886
AdaBoost,No SMOTE,0,0,0.16342013312650427
AdaBoost,No SMOTE,0,0,0.1689822365998279
AdaBoost,No SMOTE,0,0,0.1744311028445886
AdaBoost,No SMOTE,0,0,0.17726965587952628
AdaBoost,No SMOTE,0,0,0.1744311028445886
AdaBoost,No SMOTE,0,0,0.22493649393812828
AdaBoost,No SMOTE,0,0,0.18800989342479768
AdaBoost,No SMOTE,0,0,0.1431363477165842
AdaBoost,No SMOTE,0,0,0.13019713023369225
AdaBoost,No SMOTE,0,0,0.1689822365998279
AdaBoost,No SMOTE,0,0,0.17726965587952628
AdaBoost,No SMOTE,0,0,0.13586401457059089
AdaBoost,No SMOTE,0,0,0.1689822365998279
AdaBoost,No SMOTE,0,0,0.1744311028445886
AdaBoost,No SMOTE,0,0,0.17726965587952628
AdaBoost,No SMOTE,0,0,0.13019713023369225
AdaBoost,No SMOTE,0,0,0.1744311028445886
AdaBoost,No SMOTE,0,0,0.21573524134425506
AdaBoost,No SMOTE,0,0,0.13586401457059089
AdaBoost,No SMOTE,0,0,0.21607329118820193
AdaBoost,No SMOTE,0,0,0.1689822365998279
AdaBoost,No SMOTE,0,0,0.17726965587952628
AdaBoost,No SMOTE,0,0,0.17726965587952628
AdaBoost,No SMOTE,0,0,0.22493649393812828
AdaBoost,No SMOTE,0,0,0.1689822365998279
AdaBoost,No SMOTE,0,0,0.1689822365998279
AdaBoost,No SMOTE,0,0,0.14895992415852724
AdaBoost,No SMOTE,0,0,0.17726965587952628
AdaBoost,No SMOTE,0,0,0.1744311028445886
AdaBoost,No SMOTE,0,0,0.22493649393812828
AdaBoost,No SMOTE,0,0,0.13019713023369225
AdaBoost,No SMOTE,0,0,0.1689822365998279
AdaBoost,No SMOTE,0,0,0.13586401457059089
AdaBoost,No SMOTE,0,0,0.11920292202211763
AdaBoost,No SMOTE,0,0,0.17726965587952628
AdaBoost,No SMOTE,0,0,0.21607329118820193
AdaBoost,No SMOTE,0,0,0.16895403564617684
AdaBoost,No SMOTE,0,0,0.16203849466010875
AdaBoost,No SMOTE,0,0,0.1744311028445886
AdaBoost,No SMOTE,0,0,0.1689822365998279
AdaBoost,No SMOTE,0,0,0.1931443810264556
AdaBoost,No SMOTE,0,0,0.1431423024436669
AdaBoost,No SMOTE,0,0,0.16342013312650427
AdaBoost,No SMOTE,0,0,0.1431423024436669
AdaBoost,No SMOTE,0,0,0.1689822365998279
AdaBoost,No SMOTE,0,0,0.17726965587952628
AdaBoost,No SMOTE,0,0,0.22493649393812828
AdaBoost,No SMOTE,0,0,0.16342013312650427
AdaBoost,No SMOTE,0,0,0.191758796857404
AdaBoost,No SMOTE,0,0,0.16342013312650427
AdaBoost,No SMOTE,0,0,0.22295168509089985
AdaBoost,No SMOTE,0,0,0.17726965587952628
AdaBoost,No SMOTE,0,0,0.1744311028445886
AdaBoost,No SMOTE,0,0,0.16342013312650427
AdaBoost,No SMOTE,0,0,0.2193403423397052
AdaBoost,No SMOTE,0,0,0.1689822365998279
AdaBoost,No SMOTE,0,0,0.205659675438033
AdaBoost,No SMOTE,0,0,0.16342013312650427
AdaBoost,No SMOTE,0,0,0.16342013312650427
AdaBoost,No SMOTE,0,0,0.17726965587952628
AdaBoost,No SMOTE,0,0,0.1998789329879396
AdaBoost,No SMOTE,0,0,0.18496367037446623
AdaBoost,No SMOTE,0,0,0.1689822365998279
AdaBoost,No SMOTE,0,0,0.2193403423397052
AdaBoost,No SMOTE,0,0,0.14895992415852724
AdaBoost,No SMOTE,0,0,0.1689822365998279
AdaBoost,No SMOTE,0,0,0.14895992415852724
AdaBoost,No SMOTE,0,0,0.21928751511544514
AdaBoost,No SMOTE,0,0,0.1744311028445886
AdaBoost,No SMOTE,0,0,0.13019713023369225
AdaBoost,No SMOTE,0,0,0.21607329118820193
AdaBoost,No SMOTE,0,0,0.1689822365998279
AdaBoost,No SMOTE,0,0,0.21607329118820193
AdaBoost,No SMOTE,0,0,0.17726965587952628
AdaBoost,No SMOTE,0,0,0.17726965587952628
AdaBoost,No SMOTE,0,0,0.1689822365998279
AdaBoost,No SMOTE,0,0,0.1689822365998279
AdaBoost,No SMOTE,0,0,0.1689822365998279
AdaBoost,No SMOTE,0,0,0.1689822365998279
AdaBoost,No SMOTE,0,0,0.1744311028445886
AdaBoost,No SMOTE,0,0,0.17726965587952628
AdaBoost,No SMOTE,0,0,0.17726965587952628
AdaBoost,No SMOTE,0,0,0.2193403423397052
AdaBoost,No SMOTE,0,0,0.1744311028445886
AdaBoost,No SMOTE,0,0,0.1744311028445886
AdaBoost,No SMOTE,0,0,0.1744311028445886
AdaBoost,No SMOTE,0,0,0.2193403423397052
AdaBoost,No SMOTE,0,0,0.18800989342479768
AdaBoost,No SMOTE,0,0,0.14895992415852724
AdaBoost,No SMOTE,0,0,0.1689822365998279
AdaBoost,No SMOTE,0,0,0.18496367037446623
AdaBoost,No SMOTE,0,0,0.17726965587952628
AdaBoost,No SMOTE,0,0,0.1689822365998279
AdaBoost,No SMOTE,0,0,0.18800989342479768
AdaBoost,No SMOTE,0,0,0.1689822365998279
AdaBoost,No SMOTE,0,0,0.18800989342479768
AdaBoost,No SMOTE,0,0,0.21928751511544514
AdaBoost,No SMOTE,0,0,0.1744311028445886
AdaBoost,No SMOTE,0,0,0.17726965587952628
AdaBoost,No SMOTE,0,0,0.16342013312650427
AdaBoost,No SMOTE,0,0,0.191758796857404
AdaBoost,No SMOTE,0,0,0.22493649393812828
AdaBoost,No SMOTE,0,0,0.16342013312650427
AdaBoost,No SMOTE,0,0,0.1689822365998279
AdaBoost,No SMOTE,0,0,0.1689822365998279
AdaBoost,No SMOTE,0,0,0.18800989342479768
AdaBoost,No SMOTE,0,0,0.1744311028445886
AdaBoost,No SMOTE,0,0,0.13586401457059089
AdaBoost,No SMOTE,0,0,0.1744311028445886
AdaBoost,No SMOTE,0,0,0.1744311028445886
AdaBoost,No SMOTE,0,0,0.1689822365998279
AdaBoost,No SMOTE,0,0,0.16895403564617684
AdaBoost,No SMOTE,0,0,0.1689822365998279
AdaBoost,No SMOTE,0,0,0.1744311028445886
AdaBoost,No SMOTE,0,0,0.14895992415852724
AdaBoost,No SMOTE,0,0,0.22493649393812828
AdaBoost,No SMOTE,0,0,0.17726965587952628
AdaBoost,No SMOTE,0,0,0.1744311028445886
AdaBoost,No SMOTE,0,0,0.22493649393812828
AdaBoost,No SMOTE,0,0,0.1744311028445886
AdaBoost,No SMOTE,0,0,0.21607329118820193
AdaBoost,No SMOTE,0,0,0.1689822365998279
AdaBoost,No SMOTE,0,0,0.17726965587952628
AdaBoost,No SMOTE,0,0,0.1431423024436669
AdaBoost,No SMOTE,0,0,0.17726965587952628
AdaBoost,No SMOTE,0,0,0.13019713023369225
AdaBoost,No SMOTE,0,0,0.2193403423397052
AdaBoost,No SMOTE,0,0,0.1744311028445886
AdaBoost,No SMOTE,0,0,0.1689822365998279
AdaBoost,No SMOTE,0,0,0.1744311028445886
AdaBoost,No SMOTE,0,0,0.1689822365998279
AdaBoost,No SMOTE,0,0,0.11920292202211763
AdaBoost,No SMOTE,0,0,0.13019713023369225
AdaBoost,No SMOTE,0,0,0.16618389338377842
AdaBoost,No SMOTE,0,0,0.1744311028445886
AdaBoost,No SMOTE,0,0,0.17726965587952628
AdaBoost,No SMOTE,0,0,0.1689822365998279
AdaBoost,No SMOTE,0,0,0.16618389338377842
AdaBoost,No SMOTE,0,0,0.18800989342479768
AdaBoost,No SMOTE,0,0,0.22493649393812828
AdaBoost,No SMOTE,0,0,0.18800989342479768
AdaBoost,No SMOTE,0,0,0.1689822365998279
AdaBoost,No SMOTE,0,0,0.1689822365998279
AdaBoost,No SMOTE,0,0,0.1744311028445886
AdaBoost,No SMOTE,0,0,0.13019713023369225
AdaBoost,No SMOTE,0,0,0.1689822365998279
AdaBoost,No SMOTE,0,0,0.17726965587952628
AdaBoost,No SMOTE,0,0,0.17726965587952628
AdaBoost,No SMOTE,0,0,0.1689822365998279
AdaBoost,No SMOTE,0,0,0.1744311028445886
AdaBoost,No SMOTE,0,0,0.13586401457059089
AdaBoost,No SMOTE,0,0,0.17726965587952628
AdaBoost,No SMOTE,0,0,0.21607329118820193
AdaBoost,No SMOTE,0,0,0.16867357177983938
AdaBoost,No SMOTE,0,0,0.13019713023369225
AdaBoost,No SMOTE,0,0,0.1744311028445886
AdaBoost,No SMOTE,0,0,0.1689822365998279
AdaBoost,No SMOTE,0,0,0.18800989342479768
AdaBoost,No SMOTE,0,0,0.1689822365998279
AdaBoost,No SMOTE,0,0,0.1689822365998279
AdaBoost,No SMOTE,0,0,0.17726965587952628
AdaBoost,No SMOTE,0,0,0.17726965587952628
AdaBoost,No SMOTE,0,0,0.1744311028445886
AdaBoost,No SMOTE,0,0,0.14895992415852724
AdaBoost,No SMOTE,0,0,0.22017433581447826
AdaBoost,No SMOTE,0,0,0.17643129068755622
AdaBoost,No SMOTE,0,0,0.1719470769852437
AdaBoost,No SMOTE,0,0,0.16895403564617684
AdaBoost,No SMOTE,0,0,0.17726965587952628
AdaBoost,No SMOTE,0,0,0.17726965587952628
AdaBoost,No SMOTE,0,0,0.1744311028445886
AdaBoost,No SMOTE,0,0,0.22044238283982498
AdaBoost,No SMOTE,0,0,0.18800989342479768
AdaBoost,No SMOTE,0,0,0.1431363477165842
AdaBoost,No SMOTE,0,0,0.21607329118820193
AdaBoost,No SMOTE,0,0,0.17726965587952628
AdaBoost,No SMOTE,0,0,0.2193403423397052
AdaBoost,No SMOTE,0,0,0.1744311028445886
AdaBoost,No SMOTE,0,0,0.13019713023369225
AdaBoost,No SMOTE,0,0,0.14895992415852724
AdaBoost,No SMOTE,0,0,0.1456228192075175
AdaBoost,No SMOTE,0,0,0.16895403564617684
AdaBoost,No SMOTE,0,0,0.17133680384090874
AdaBoost,No SMOTE,0,0,0.17726965587952628
AdaBoost,No SMOTE,0,0,0.13586401457059089
AdaBoost,No SMOTE,0,0,0.1689822365998279
AdaBoost,No SMOTE,0,0,0.1744311028445886
AdaBoost,No SMOTE,0,0,0.16342013312650427
AdaBoost,No SMOTE,0,0,0.1689822365998279
AdaBoost,No SMOTE,0,0,0.22493649393812828
AdaBoost,No SMOTE,0,0,0.13019713023369225
AdaBoost,No SMOTE,0,0,0.2193403423397052
AdaBoost,No SMOTE,0,0,0.1744311028445886
AdaBoost,No SMOTE,0,0,0.1689822365998279
AdaBoost,No SMOTE,0,0,0.17726965587952628
AdaBoost,No SMOTE,0,0,0.1744311028445886
AdaBoost,No SMOTE,0,0,0.13019713023369225
AdaBoost,No SMOTE,0,0,0.1719470769852437
AdaBoost,No SMOTE,0,0,0.17726965587952628
AdaBoost,No SMOTE,0,0,0.17726965587952628
AdaBoost,No SMOTE,0,0,0.1689822365998279
AdaBoost,No SMOTE,0,0,0.2193403423397052
AdaBoost,No SMOTE,0,0,0.17726965587952628
AdaBoost,No SMOTE,0,0,0.1744311028445886
AdaBoost,No SMOTE,0,0,0.16867357177983938
AdaBoost,No SMOTE,0,0,0.1431363477165842
AdaBoost,No SMOTE,0,0,0.191758796857404
AdaBoost,No SMOTE,0,0,0.1744311028445886
AdaBoost,No SMOTE,0,0,0.17726965587952628
AdaBoost,No SMOTE,0,0,0.1786840584100862
AdaBoost,No SMOTE,0,0,0.14895992415852724
AdaBoost,No SMOTE,0,0,0.1744311028445886
AdaBoost,No SMOTE,0,0,0.17726965587952628
AdaBoost,No SMOTE,0,0,0.14895992415852724
AdaBoost,No SMOTE,0,0,0.14895992415852724
AdaBoost,No SMOTE,0,0,0.1689822365998279
AdaBoost,No SMOTE,0,0,0.2193403423397052
AdaBoost,No SMOTE,0,0,0.1744311028445886
AdaBoost,No SMOTE,0,0,0.17726965587952628
AdaBoost,No SMOTE,0,0,0.16895403564617684
AdaBoost,No SMOTE,0,0,0.17726965587952628
AdaBoost,No SMOTE,0,0,0.17726965587952628
AdaBoost,No SMOTE,0,0,0.2193403423397052
AdaBoost,No SMOTE,0,0,0.17726965587952628
AdaBoost,No SMOTE,0,0,0.1689822365998279
AdaBoost,No SMOTE,0,0,0.11920292202211763
AdaBoost,No SMOTE,0,0,0.21607329118820193
AdaBoost,No SMOTE,0,0,0.17726965587952628
AdaBoost,No SMOTE,0,0,0.25081468689261593
AdaBoost,No SMOTE,0,0,0.1689822365998279
AdaBoost,No SMOTE,0,0,0.22017433581447826
AdaBoost,No SMOTE,0,0,0.16867357177983938
AdaBoost,No SMOTE,0,0,0.17726965587952628
AdaBoost,No SMOTE,0,0,0.1689822365998279
AdaBoost,No SMOTE,0,0,0.17726965587952628
AdaBoost,No SMOTE,0,0,0.17643129068755622
AdaBoost,No SMOTE,0,0,0.11920292202211763
AdaBoost,No SMOTE,0,0,0.1744311028445886
AdaBoost,No SMOTE,0,0,0.17726965587952628
AdaBoost,No SMOTE,0,0,0.1689822365998279
AdaBoost,No SMOTE,0,0,0.14895992415852724
AdaBoost,No SMOTE,0,0,0.22493649393812828
AdaBoost,No SMOTE,0,0,0.11920292202211763
AdaBoost,No SMOTE,0,0,0.22176486665410824
AdaBoost,No SMOTE,0,0,0.1689822365998279
AdaBoost,No SMOTE,0,0,0.1744311028445886
AdaBoost,No SMOTE,0,0,0.1689822365998279
AdaBoost,No SMOTE,0,0,0.1689822365998279
AdaBoost,No SMOTE,0,0,0.1431423024436669
AdaBoost,No SMOTE,0,0,0.1431363477165842
AdaBoost,No SMOTE,0,0,0.191758796857404
AdaBoost,No SMOTE,0,0,0.16895403564617684
AdaBoost,No SMOTE,0,0,0.16203849466010875
AdaBoost,No SMOTE,0,0,0.17726965587952628
AdaBoost,No SMOTE,0,0,0.13586401457059089
AdaBoost,No SMOTE,0,0,0.17726965587952628
AdaBoost,No SMOTE,0,0,0.13019713023369225
AdaBoost,No SMOTE,0,0,0.21607329118820193
AdaBoost,No SMOTE,0,0,0.17726965587952628
AdaBoost,No SMOTE,0,0,0.22493649393812828
AdaBoost,No SMOTE,0,0,0.1689822365998279
AdaBoost,No SMOTE,0,0,0.1719470769852437
AdaBoost,No SMOTE,0,0,0.17726965587952628
AdaBoost,No SMOTE,0,0,0.2091061060399178
AdaBoost,No SMOTE,0,0,0.16342013312650427
AdaBoost,No SMOTE,0,0,0.16867357177983938
AdaBoost,No SMOTE,0,0,0.18800989342479768
AdaBoost,No SMOTE,0,0,0.17726965587952628
AdaBoost,No SMOTE,0,0,0.1744311028445886
AdaBoost,No SMOTE,0,0,0.17726965587952628
AdaBoost,No SMOTE,0,0,0.1689822365998279
AdaBoost,No SMOTE,0,0,0.17726965587952628
AdaBoost,No SMOTE,0,0,0.18800989342479768
AdaBoost,No SMOTE,0,0,0.13019713023369225
AdaBoost,No SMOTE,0,0,0.1689822365998279
AdaBoost,No SMOTE,0,0,0.1689822365998279
AdaBoost,No SMOTE,0,0,0.1689822365998279
AdaBoost,No SMOTE,0,0,0.14895992415852724
AdaBoost,No SMOTE,0,0,0.1744311028445886
AdaBoost,No SMOTE,0,0,0.17726965587952628
AdaBoost,No SMOTE,0,0,0.17643129068755622
AdaBoost,No SMOTE,0,0,0.17726965587952628
AdaBoost,No SMOTE,0,0,0.13586401457059089
AdaBoost,No SMOTE,0,0,0.1689822365998279
AdaBoost,No SMOTE,0,0,0.21607329118820193
AdaBoost,No SMOTE,0,0,0.22044238283982498
AdaBoost,No SMOTE,0,0,0.1689822365998279
AdaBoost,No SMOTE,0,0,0.17643129068755622
AdaBoost,No SMOTE,0,0,0.16203849466010875
AdaBoost,No SMOTE,0,0,0.17726965587952628
AdaBoost,No SMOTE,0,0,0.1744311028445886
AdaBoost,No SMOTE,0,0,0.16618389338377842
AdaBoost,No SMOTE,0,0,0.22493649393812828
AdaBoost,No SMOTE,0,0,0.22493649393812828
AdaBoost,No SMOTE,0,0,0.13019713023369225
AdaBoost,No SMOTE,0,0,0.17726965587952628
AdaBoost,No SMOTE,0,0,0.11920292202211763
AdaBoost,No SMOTE,0,0,0.20002774141121915
AdaBoost,No SMOTE,0,0,0.17726965587952628
AdaBoost,No SMOTE,0,0,0.1744311028445886
AdaBoost,No SMOTE,0,0,0.17726965587952628
AdaBoost,No SMOTE,0,0,0.11920292202211763
AdaBoost,No SMOTE,0,0,0.16342013312650427
AdaBoost,No SMOTE,0,0,0.18496367037446623
AdaBoost,No SMOTE,0,0,0.1689822365998279
AdaBoost,No SMOTE,0,0,0.16342013312650427
AdaBoost,No SMOTE,0,0,0.1689822365998279
AdaBoost,No SMOTE,0,0,0.1689822365998279
AdaBoost,No SMOTE,0,0,0.1744311028445886
AdaBoost,No SMOTE,0,0,0.1744311028445886
AdaBoost,No SMOTE,0,0,0.1689822365998279
AdaBoost,No SMOTE,0,0,0.1456228192075175
AdaBoost,No SMOTE,0,0,0.17726965587952628
AdaBoost,No SMOTE,0,0,0.13019713023369225
AdaBoost,No SMOTE,0,0,0.17726965587952628
AdaBoost,No SMOTE,0,0,0.1689822365998279
AdaBoost,No SMOTE,0,0,0.14895992415852724
AdaBoost,No SMOTE,0,0,0.1719470769852437
AdaBoost,No SMOTE,0,0,0.16867357177983938
AdaBoost,No SMOTE,0,0,0.16342013312650427
AdaBoost,No SMOTE,0,0,0.1786840584100862
AdaBoost,No SMOTE,0,0,0.1744311028445886
AdaBoost,No SMOTE,0,0,0.16342013312650427
AdaBoost,No SMOTE,0,0,0.191758796857404
AdaBoost,No SMOTE,0,0,0.22493649393812828
AdaBoost,No SMOTE,0,0,0.13019713023369225
AdaBoost,No SMOTE,0,0,0.13586401457059089
AdaBoost,No SMOTE,0,0,0.17726965587952628
AdaBoost,No SMOTE,0,0,0.13019713023369225
AdaBoost,No SMOTE,0,0,0.1689822365998279
AdaBoost,No SMOTE,0,0,0.1744311028445886
AdaBoost,No SMOTE,0,0,0.22493649393812828
AdaBoost,No SMOTE,0,0,0.1689822365998279
AdaBoost,No SMOTE,0,0,0.13019713023369225
AdaBoost,No SMOTE,0,0,0.1689822365998279
AdaBoost,No SMOTE,0,0,0.2193403423397052
AdaBoost,No SMOTE,0,0,0.17726965587952628
AdaBoost,No SMOTE,0,0,0.17726965587952628
AdaBoost,No SMOTE,0,0,0.1456228192075175
AdaBoost,No SMOTE,0,0,0.1689822365998279
AdaBoost,No SMOTE,0,0,0.1431423024436669
AdaBoost,No SMOTE,0,0,0.1689822365998279
AdaBoost,No SMOTE,0,0,0.1719470769852437
AdaBoost,No SMOTE,0,0,0.1744311028445886
AdaBoost,No SMOTE,0,0,0.22493649393812828
AdaBoost,No SMOTE,0,0,0.11920292202211763
AdaBoost,No SMOTE,0,0,0.17726965587952628
AdaBoost,No SMOTE,0,0,0.17726965587952628
AdaBoost,No SMOTE,0,0,0.1744311028445886
AdaBoost,No SMOTE,0,0,0.17726965587952628
AdaBoost,No SMOTE,0,0,0.1689822365998279
AdaBoost,No SMOTE,0,0,0.1431423024436669
AdaBoost,No SMOTE,0,0,0.18800989342479768
AdaBoost,No SMOTE,0,0,0.1744311028445886
AdaBoost,No SMOTE,0,0,0.22493649393812828
AdaBoost,No SMOTE,0,0,0.191758796857404
AdaBoost,No SMOTE,0,0,0.14895992415852724
AdaBoost,No SMOTE,0,0,0.18800989342479768
AdaBoost,No SMOTE,0,0,0.11920292202211763
AdaBoost,No SMOTE,0,0,0.13586401457059089
AdaBoost,No SMOTE,0,0,0.13586401457059089
AdaBoost,No SMOTE,0,0,0.1744311028445886
AdaBoost,No SMOTE,0,0,0.17133680384090874
AdaBoost,No SMOTE,0,0,0.1689822365998279
AdaBoost,No SMOTE,0,0,0.1744311028445886
AdaBoost,No SMOTE,0,0,0.1689822365998279
AdaBoost,No SMOTE,0,0,0.1744311028445886
AdaBoost,No SMOTE,0,0,0.1744311028445886
AdaBoost,No SMOTE,0,0,0.22493649393812828
AdaBoost,No SMOTE,0,0,0.22493649393812828
AdaBoost,No SMOTE,0,0,0.22493649393812828
AdaBoost,No SMOTE,0,0,0.22493649393812828
AdaBoost,No SMOTE,0,0,0.13019713023369225
AdaBoost,No SMOTE,0,0,0.191758796857404
AdaBoost,No SMOTE,0,0,0.1744311028445886
AdaBoost,No SMOTE,0,0,0.1689822365998279
AdaBoost,No SMOTE,0,0,0.11920292202211763
AdaBoost,No SMOTE,0,0,0.22493649393812828
AdaBoost,No SMOTE,0,0,0.1689822365998279
AdaBoost,No SMOTE,0,0,0.13019713023369225
AdaBoost,No SMOTE,0,0,0.1689822365998279
AdaBoost,No SMOTE,0,0,0.1689822365998279
AdaBoost,No SMOTE,0,0,0.21607329118820193
AdaBoost,No SMOTE,0,0,0.14798688540029464
AdaBoost,No SMOTE,0,0,0.22493649393812828
AdaBoost,No SMOTE,0,0,0.17726965587952628
AdaBoost,No SMOTE,0,0,0.1744311028445886
AdaBoost,No SMOTE,0,0,0.14895992415852724
AdaBoost,No SMOTE,0,0,0.17726965587952628
AdaBoost,No SMOTE,0,0,0.1744311028445886
AdaBoost,No SMOTE,0,0,0.1689822365998279
AdaBoost,No SMOTE,0,0,0.1689822365998279
AdaBoost,No SMOTE,0,0,0.1689822365998279
AdaBoost,No SMOTE,0,0,0.17726965587952628
AdaBoost,No SMOTE,0,0,0.1744311028445886
AdaBoost,No SMOTE,0,0,0.14895992415852724
AdaBoost,No SMOTE,0,0,0.11920292202211763
AdaBoost,No SMOTE,0,0,0.1689822365998279
AdaBoost,No SMOTE,0,0,0.1689822365998279
AdaBoost,No SMOTE,0,0,0.1431423024436669
AdaBoost,No SMOTE,0,0,0.17726965587952628
AdaBoost,No SMOTE,0,0,0.1744311028445886
AdaBoost,No SMOTE,0,0,0.22017433581447826
AdaBoost,No SMOTE,0,0,0.1744311028445886
AdaBoost,No SMOTE,0,0,0.1744311028445886
AdaBoost,No SMOTE,0,0,0.20002774141121915
AdaBoost,No SMOTE,0,0,0.1689822365998279
AdaBoost,No SMOTE,0,0,0.25081468689261593
AdaBoost,No SMOTE,0,0,0.1689822365998279
AdaBoost,No SMOTE,0,0,0.22843520662470906
AdaBoost,No SMOTE,0,0,0.21607329118820193
AdaBoost,No SMOTE,0,0,0.17043552930931818
AdaBoost,No SMOTE,0,0,0.1786840584100862
AdaBoost,No SMOTE,0,0,0.1744311028445886
AdaBoost,No SMOTE,0,0,0.1744311028445886
AdaBoost,No SMOTE,0,0,0.1744311028445886
AdaBoost,No SMOTE,0,0,0.22044238283982498
AdaBoost,No SMOTE,0,0,0.17726965587952628
AdaBoost,No SMOTE,0,0,0.17133680384090874
AdaBoost,No SMOTE,0,0,0.18800989342479768
AdaBoost,No SMOTE,0,0,0.1689822365998279
AdaBoost,No SMOTE,0,0,0.21607329118820193
AdaBoost,No SMOTE,0,0,0.1744311028445886
AdaBoost,No SMOTE,0,0,0.16618389338377842
AdaBoost,No SMOTE,0,0,0.1689822365998279
AdaBoost,No SMOTE,0,0,0.18496367037446623
AdaBoost,No SMOTE,0,0,0.1744311028445886
AdaBoost,No SMOTE,0,0,0.1689822365998279
AdaBoost,No SMOTE,0,0,0.16342013312650427
AdaBoost,No SMOTE,0,0,0.17726965587952628
AdaBoost,No SMOTE,0,0,0.1744311028445886
AdaBoost,No SMOTE,0,0,0.14895992415852724
AdaBoost,No SMOTE,0,0,0.1689822365998279
AdaBoost,No SMOTE,0,0,0.22493649393812828
AdaBoost,No SMOTE,0,0,0.17726965587952628
AdaBoost,No SMOTE,0,0,0.14895992415852724
AdaBoost,No SMOTE,0,0,0.1689822365998279
AdaBoost,No SMOTE,0,0,0.1744311028445886
AdaBoost,No SMOTE,0,0,0.1689822365998279
AdaBoost,No SMOTE,0,0,0.16867357177983938
AdaBoost,No SMOTE,0,0,0.18496367037446623
AdaBoost,No SMOTE,0,0,0.21607329118820193
AdaBoost,No SMOTE,0,0,0.17726965587952628
AdaBoost,No SMOTE,0,0,0.16618389338377842
AdaBoost,No SMOTE,0,0,0.11920292202211763
AdaBoost,No SMOTE,0,0,0.1689822365998279
AdaBoost,No SMOTE,0,0,0.1744311028445886
AdaBoost,No SMOTE,0,0,0.1689822365998279
AdaBoost,No SMOTE,0,0,0.1744311028445886
AdaBoost,No SMOTE,0,0,0.18311285361171212
AdaBoost,No SMOTE,0,0,0.17726965587952628
AdaBoost,No SMOTE,0,0,0.1689822365998279
AdaBoost,No SMOTE,0,0,0.1689822365998279
AdaBoost,No SMOTE,0,0,0.21607329118820193
AdaBoost,No SMOTE,0,0,0.1744311028445886
AdaBoost,No SMOTE,0,0,0.1744311028445886
AdaBoost,No SMOTE,0,0,0.22044238283982498
AdaBoost,No SMOTE,0,0,0.1689822365998279
AdaBoost,No SMOTE,0,0,0.1431423024436669
AdaBoost,No SMOTE,0,0,0.16342013312650427
AdaBoost,No SMOTE,0,0,0.11920292202211763
AdaBoost,No SMOTE,0,0,0.13019713023369225
AdaBoost,No SMOTE,0,0,0.16867357177983938
AdaBoost,No SMOTE,0,0,0.1744311028445886
AdaBoost,No SMOTE,0,0,0.17726965587952628
AdaBoost,No SMOTE,0,0,0.13019713023369225
AdaBoost,No SMOTE,0,0,0.18800989342479768
AdaBoost,No SMOTE,0,0,0.2193403423397052
AdaBoost,No SMOTE,0,0,0.13586401457059089
AdaBoost,No SMOTE,0,0,0.14895992415852724
AdaBoost,No SMOTE,0,0,0.1689822365998279
AdaBoost,No SMOTE,0,0,0.17726965587952628
AdaBoost,No SMOTE,0,0,0.1689822365998279
AdaBoost,No SMOTE,0,0,0.13586401457059089
AdaBoost,No SMOTE,0,0,0.11920292202211763
AdaBoost,No SMOTE,0,0,0.11920292202211763
AdaBoost,No SMOTE,0,0,0.13019713023369225
AdaBoost,No SMOTE,0,0,0.1689822365998279
AdaBoost,No SMOTE,0,0,0.13019713023369225
AdaBoost,No SMOTE,0,0,0.1689822365998279
AdaBoost,No SMOTE,0,0,0.21607329118820193
AdaBoost,No SMOTE,0,0,0.1689822365998279
AdaBoost,No SMOTE,0,0,0.22493649393812828
AdaBoost,No SMOTE,0,0,0.13019713023369225
AdaBoost,No SMOTE,0,0,0.1719470769852437
AdaBoost,No SMOTE,0,0,0.1689822365998279
AdaBoost,No SMOTE,0,0,0.1744311028445886
AdaBoost,No SMOTE,0,0,0.11920292202211763
AdaBoost,No SMOTE,0,0,0.17726965587952628
AdaBoost,No SMOTE,0,0,0.1689822365998279
AdaBoost,No SMOTE,0,0,0.1744311028445886
AdaBoost,No SMOTE,0,0,0.1689822365998279
AdaBoost,No SMOTE,0,0,0.1744311028445886
AdaBoost,No SMOTE,0,0,0.1744311028445886
AdaBoost,No SMOTE,0,0,0.18800989342479768
AdaBoost,No SMOTE,0,0,0.1689822365998279
AdaBoost,No SMOTE,0,0,0.17726965587952628
AdaBoost,No SMOTE,0,0,0.13019713023369225
AdaBoost,No SMOTE,0,0,0.17726965587952628
AdaBoost,No SMOTE,0,0,0.17726965587952628
AdaBoost,No SMOTE,0,0,0.18800989342479768
AdaBoost,No SMOTE,0,0,0.16618389338377842
AdaBoost,No SMOTE,0,0,0.17726965587952628
AdaBoost,No SMOTE,0,0,0.22493649393812828
AdaBoost,No SMOTE,0,0,0.13586401457059089
AdaBoost,No SMOTE,0,0,0.16867357177983938
AdaBoost,No SMOTE,0,0,0.13019713023369225
AdaBoost,No SMOTE,0,0,0.17726965587952628
AdaBoost,No SMOTE,0,0,0.13586401457059089
AdaBoost,No SMOTE,0,0,0.1744311028445886
AdaBoost,No SMOTE,0,0,0.1431423024436669
AdaBoost,No SMOTE,0,0,0.17726965587952628
AdaBoost,No SMOTE,0,0,0.17726965587952628
AdaBoost,No SMOTE,0,0,0.11920292202211763
AdaBoost,No SMOTE,0,0,0.17726965587952628
AdaBoost,No SMOTE,0,0,0.16895403564617684
AdaBoost,No SMOTE,0,0,0.2193403423397052
AdaBoost,No SMOTE,0,0,0.14798688540029464
AdaBoost,No SMOTE,0,0,0.17726965587952628
AdaBoost,No SMOTE,0,0,0.1431423024436669
AdaBoost,No SMOTE,0,0,0.1689822365998279
AdaBoost,No SMOTE,0,0,0.17726965587952628
AdaBoost,No SMOTE,0,0,0.14895992415852724
AdaBoost,No SMOTE,0,0,0.11920292202211763
AdaBoost,No SMOTE,0,0,0.22493649393812828
AdaBoost,No SMOTE,0,0,0.13019713023369225
AdaBoost,No SMOTE,0,0,0.16618389338377842
AdaBoost,No SMOTE,0,0,0.17133680384090874
AdaBoost,No SMOTE,0,0,0.1744311028445886
AdaBoost,No SMOTE,0,0,0.17726965587952628
AdaBoost,No SMOTE,0,0,0.1744311028445886
AdaBoost,No SMOTE,0,0,0.17726965587952628
AdaBoost,No SMOTE,0,0,0.13019713023369225
AdaBoost,No SMOTE,0,0,0.1744311028445886
AdaBoost,No SMOTE,0,0,0.1744311028445886
AdaBoost,No SMOTE,0,0,0.1931443810264556
AdaBoost,No SMOTE,0,0,0.17726965587952628
AdaBoost,No SMOTE,0,0,0.1689822365998279
AdaBoost,No SMOTE,0,0,0.1689822365998279
AdaBoost,No SMOTE,0,0,0.1744311028445886
AdaBoost,No SMOTE,0,0,0.1744311028445886
AdaBoost,No SMOTE,0,0,0.1431423024436669
AdaBoost,No SMOTE,0,0,0.22493649393812828
AdaBoost,No SMOTE,0,0,0.13586401457059089
AdaBoost,No SMOTE,0,0,0.17726965587952628
AdaBoost,No SMOTE,0,0,0.1744311028445886
AdaBoost,No SMOTE,0,0,0.13586401457059089
AdaBoost,No SMOTE,0,0,0.11920292202211763
AdaBoost,No SMOTE,0,0,0.17726965587952628
AdaBoost,No SMOTE,0,0,0.1689822365998279
AdaBoost,No SMOTE,0,0,0.14895992415852724
AdaBoost,No SMOTE,0,0,0.1744311028445886
AdaBoost,No SMOTE,0,0,0.16867357177983938
AdaBoost,No SMOTE,0,0,0.22493649393812828
AdaBoost,No SMOTE,0,0,0.17726965587952628
AdaBoost,No SMOTE,0,0,0.13019713023369225
AdaBoost,No SMOTE,0,0,0.17726965587952628
AdaBoost,No SMOTE,0,0,0.1744311028445886
AdaBoost,No SMOTE,0,0,0.1689822365998279
AdaBoost,No SMOTE,0,0,0.17643129068755622
AdaBoost,No SMOTE,0,0,0.17726965587952628
AdaBoost,No SMOTE,0,0,0.1744311028445886
AdaBoost,No SMOTE,0,0,0.24200560631949994
AdaBoost,No SMOTE,0,0,0.18800989342479768
AdaBoost,No SMOTE,0,0,0.1689822365998279
AdaBoost,No SMOTE,0,0,0.22017433581447826
AdaBoost,No SMOTE,0,0,0.14895992415852724
AdaBoost,No SMOTE,0,0,0.17726965587952628
AdaBoost,No SMOTE,0,0,0.1689822365998279
AdaBoost,No SMOTE,0,0,0.17726965587952628
AdaBoost,No SMOTE,0,0,0.1744311028445886
AdaBoost,No SMOTE,0,0,0.1689822365998279
AdaBoost,No SMOTE,0,0,0.13019713023369225
AdaBoost,No SMOTE,0,0,0.205659675438033
AdaBoost,No SMOTE,0,0,0.13586401457059089
AdaBoost,No SMOTE,0,0,0.17726965587952628
AdaBoost,No SMOTE,0,0,0.22493649393812828
AdaBoost,No SMOTE,0,0,0.22017433581447826
AdaBoost,No SMOTE,0,0,0.21607329118820193
AdaBoost,No SMOTE,0,0,0.17726965587952628
AdaBoost,No SMOTE,0,0,0.1744311028445886
AdaBoost,No SMOTE,0,0,0.19003443635734119
AdaBoost,No SMOTE,0,0,0.1744311028445886
AdaBoost,No SMOTE,0,0,0.17726965587952628
AdaBoost,No SMOTE,0,0,0.16867357177983938
AdaBoost,No SMOTE,0,0,0.1431423024436669
AdaBoost,No SMOTE,0,0,0.22493649393812828
AdaBoost,No SMOTE,0,0,0.17726965587952628
AdaBoost,No SMOTE,0,0,0.1689822365998279
AdaBoost,No SMOTE,0,0,0.1719470769852437
AdaBoost,No SMOTE,0,0,0.22493649393812828
AdaBoost,No SMOTE,0,0,0.17726965587952628
AdaBoost,No SMOTE,0,0,0.1689822365998279
AdaBoost,No SMOTE,0,0,0.22493649393812828
AdaBoost,No SMOTE,0,0,0.1689822365998279
AdaBoost,No SMOTE,0,0,0.1744311028445886
AdaBoost,No SMOTE,0,0,0.1744311028445886
AdaBoost,No SMOTE,0,0,0.2193403423397052
AdaBoost,No SMOTE,0,0,0.1689822365998279
AdaBoost,No SMOTE,0,0,0.1744311028445886
AdaBoost,No SMOTE,0,0,0.13019713023369225
AdaBoost,No SMOTE,0,0,0.1744311028445886
AdaBoost,No SMOTE,0,0,0.17726965587952628
AdaBoost,No SMOTE,0,0,0.18800989342479768
AdaBoost,No SMOTE,0,0,0.22493649393812828
AdaBoost,No SMOTE,0,0,0.13019713023369225
AdaBoost,No SMOTE,0,0,0.1689822365998279
AdaBoost,No SMOTE,0,0,0.17643129068755622
AdaBoost,No SMOTE,0,0,0.1744311028445886
AdaBoost,No SMOTE,0,0,0.17043552930931818
AdaBoost,No SMOTE,0,0,0.14895992415852724
AdaBoost,No SMOTE,0,0,0.17726965587952628
AdaBoost,No SMOTE,0,0,0.13019713023369225
AdaBoost,No SMOTE,0,0,0.1431363477165842
AdaBoost,No SMOTE,0,0,0.1689822365998279
AdaBoost,No SMOTE,0,0,0.13019713023369225
AdaBoost,No SMOTE,0,0,0.14895992415852724
AdaBoost,No SMOTE,0,0,0.16867357177983938
AdaBoost,No SMOTE,0,0,0.22017433581447826
AdaBoost,No SMOTE,0,0,0.22493649393812828
AdaBoost,No SMOTE,0,0,0.1744311028445886
AdaBoost,No SMOTE,0,0,0.17726965587952628
AdaBoost,No SMOTE,0,0,0.1689822365998279
AdaBoost,No SMOTE,0,0,0.13586401457059089
AdaBoost,No SMOTE,0,0,0.1689822365998279
AdaBoost,No SMOTE,0,0,0.1689822365998279
AdaBoost,No SMOTE,0,0,0.17726965587952628
AdaBoost,No SMOTE,0,0,0.22493649393812828
AdaBoost,No SMOTE,0,0,0.2193403423397052
AdaBoost,No SMOTE,0,0,0.1689822365998279
AdaBoost,No SMOTE,0,0,0.1689822365998279
AdaBoost,No SMOTE,0,0,0.13019713023369225
AdaBoost,No SMOTE,0,0,0.1689822365998279
AdaBoost,No SMOTE,0,0,0.1744311028445886
AdaBoost,No SMOTE,0,0,0.17726965587952628
AdaBoost,No SMOTE,0,0,0.1744311028445886
AdaBoost,No SMOTE,0,0,0.1744311028445886
AdaBoost,No SMOTE,0,0,0.1689822365998279
AdaBoost,No SMOTE,0,0,0.17726965587952628
AdaBoost,No SMOTE,0,0,0.1744311028445886
AdaBoost,No SMOTE,0,0,0.17726965587952628
AdaBoost,No SMOTE,0,0,0.1689822365998279
AdaBoost,No SMOTE,0,0,0.1744311028445886
AdaBoost,No SMOTE,0,0,0.22017433581447826
AdaBoost,No SMOTE,0,0,0.1689822365998279
AdaBoost,No SMOTE,0,0,0.17726965587952628
AdaBoost,No SMOTE,0,0,0.1786840584100862
AdaBoost,No SMOTE,0,0,0.1689822365998279
AdaBoost,No SMOTE,0,0,0.1431423024436669
AdaBoost,No SMOTE,0,0,0.21607329118820193
AdaBoost,No SMOTE,0,0,0.17726965587952628
AdaBoost,No SMOTE,0,0,0.14895992415852724
AdaBoost,No SMOTE,0,0,0.17726965587952628
AdaBoost,No SMOTE,0,0,0.1744311028445886
AdaBoost,No SMOTE,0,0,0.22493649393812828
AdaBoost,No SMOTE,0,0,0.17726965587952628
AdaBoost,No SMOTE,0,0,0.1744311028445886
AdaBoost,No SMOTE,0,0,0.1689822365998279
AdaBoost,No SMOTE,0,0,0.22493649393812828
AdaBoost,No SMOTE,0,0,0.21928751511544514
AdaBoost,No SMOTE,0,0,0.1744311028445886
AdaBoost,No SMOTE,0,0,0.22493649393812828
AdaBoost,No SMOTE,0,0,0.11920292202211763
AdaBoost,No SMOTE,0,0,0.17726965587952628
AdaBoost,No SMOTE,0,0,0.1689822365998279
AdaBoost,No SMOTE,0,0,0.16618389338377842
AdaBoost,No SMOTE,0,0,0.1689822365998279
AdaBoost,No SMOTE,0,0,0.18496367037446623
AdaBoost,No SMOTE,0,0,0.13019713023369225
AdaBoost,No SMOTE,0,0,0.17726965587952628
AdaBoost,No SMOTE,0,0,0.17726965587952628
AdaBoost,No SMOTE,0,0,0.191758796857404
AdaBoost,No SMOTE,0,0,0.16867357177983938
AdaBoost,No SMOTE,0,0,0.17643129068755622
AdaBoost,No SMOTE,0,0,0.1744311028445886
AdaBoost,No SMOTE,0,0,0.14895992415852724
AdaBoost,No SMOTE,0,0,0.17726965587952628
AdaBoost,No SMOTE,0,0,0.22493649393812828
AdaBoost,No SMOTE,0,0,0.1744311028445886
AdaBoost,No SMOTE,0,0,0.17726965587952628
AdaBoost,No SMOTE,0,0,0.14895992415852724
AdaBoost,No SMOTE,0,0,0.14895992415852724
AdaBoost,No SMOTE,0,0,0.17726965587952628
AdaBoost,No SMOTE,0,0,0.1744311028445886
AdaBoost,No SMOTE,0,0,0.14895992415852724
AdaBoost,No SMOTE,0,0,0.17726965587952628
AdaBoost,No SMOTE,0,0,0.1744311028445886
AdaBoost,No SMOTE,0,0,0.16203849466010875
AdaBoost,No SMOTE,0,0,0.16867357177983938
AdaBoost,No SMOTE,0,0,0.16342013312650427
AdaBoost,No SMOTE,0,0,0.1689822365998279
AdaBoost,No SMOTE,0,0,0.1689822365998279
AdaBoost,No SMOTE,0,0,0.22493649393812828
AdaBoost,No SMOTE,0,0,0.1689822365998279
AdaBoost,No SMOTE,0,0,0.18800989342479768
AdaBoost,No SMOTE,0,0,0.16342013312650427
AdaBoost,No SMOTE,0,0,0.1744311028445886
AdaBoost,No SMOTE,0,0,0.1744311028445886
AdaBoost,No SMOTE,0,0,0.1744311028445886
AdaBoost,No SMOTE,0,0,0.1744311028445886
AdaBoost,No SMOTE,0,0,0.14895992415852724
AdaBoost,No SMOTE,0,0,0.1689822365998279
AdaBoost,No SMOTE,0,0,0.13019713023369225
AdaBoost,No SMOTE,0,0,0.17726965587952628
AdaBoost,No SMOTE,0,0,0.13019713023369225
AdaBoost,No SMOTE,0,0,0.1744311028445886
AdaBoost,No SMOTE,0,0,0.1689822365998279
AdaBoost,No SMOTE,0,0,0.1744311028445886
AdaBoost,No SMOTE,0,0,0.17726965587952628
AdaBoost,No SMOTE,0,0,0.17726965587952628
AdaBoost,No SMOTE,0,0,0.18800989342479768
AdaBoost,No SMOTE,0,0,0.1744311028445886
AdaBoost,No SMOTE,0,0,0.1744311028445886
AdaBoost,No SMOTE,0,0,0.1689822365998279
AdaBoost,No SMOTE,0,0,0.22493649393812828
AdaBoost,No SMOTE,0,0,0.17726965587952628
AdaBoost,No SMOTE,0,0,0.14895992415852724
AdaBoost,No SMOTE,0,0,0.11920292202211763
AdaBoost,No SMOTE,0,0,0.11920292202211763
AdaBoost,No SMOTE,0,0,0.1689822365998279
AdaBoost,No SMOTE,0,0,0.14895992415852724
AdaBoost,No SMOTE,0,0,0.1744311028445886
AdaBoost,No SMOTE,0,0,0.21607329118820193
AdaBoost,No SMOTE,0,0,0.22017433581447826
AdaBoost,No SMOTE,0,0,0.1744311028445886
AdaBoost,No SMOTE,0,0,0.17726965587952628
AdaBoost,No SMOTE,0,0,0.16618389338377842
AdaBoost,No SMOTE,0,0,0.17726965587952628
AdaBoost,No SMOTE,0,0,0.17726965587952628
AdaBoost,No SMOTE,0,0,0.1744311028445886
AdaBoost,No SMOTE,0,0,0.2193403423397052
AdaBoost,No SMOTE,0,0,0.2193403423397052
AdaBoost,No SMOTE,0,0,0.11920292202211763
AdaBoost,No SMOTE,0,0,0.22493649393812828
AdaBoost,No SMOTE,0,0,0.17726965587952628
AdaBoost,No SMOTE,0,0,0.20002774141121915
AdaBoost,No SMOTE,0,0,0.18800989342479768
AdaBoost,No SMOTE,0,0,0.17726965587952628
AdaBoost,No SMOTE,0,0,0.1689822365998279
AdaBoost,No SMOTE,0,0,0.1431363477165842
AdaBoost,No SMOTE,0,0,0.1689822365998279
AdaBoost,No SMOTE,0,0,0.18800989342479768
AdaBoost,No SMOTE,0,0,0.1689822365998279
AdaBoost,No SMOTE,0,0,0.1719470769852437
AdaBoost,No SMOTE,0,0,0.18496367037446623
AdaBoost,No SMOTE,0,0,0.2193403423397052
AdaBoost,No SMOTE,0,0,0.14895992415852724
AdaBoost,No SMOTE,0,0,0.1744311028445886
AdaBoost,No SMOTE,0,0,0.16342013312650427
AdaBoost,No SMOTE,0,0,0.1744311028445886
AdaBoost,No SMOTE,0,0,0.14895992415852724
AdaBoost,No SMOTE,0,0,0.1744311028445886
AdaBoost,No SMOTE,0,0,0.18496367037446623
AdaBoost,No SMOTE,0,0,0.1744311028445886
AdaBoost,No SMOTE,0,0,0.17726965587952628
AdaBoost,No SMOTE,0,0,0.1689822365998279
AdaBoost,No SMOTE,0,0,0.13586401457059089
AdaBoost,No SMOTE,0,0,0.13586401457059089
AdaBoost,No SMOTE,0,0,0.1689822365998279
AdaBoost,No SMOTE,0,0,0.1456228192075175
AdaBoost,No SMOTE,0,0,0.18496367037446623
AdaBoost,No SMOTE,0,0,0.1744311028445886
AdaBoost,No SMOTE,0,0,0.17726965587952628
AdaBoost,No SMOTE,0,0,0.17643129068755622
AdaBoost,No SMOTE,0,0,0.17643129068755622
AdaBoost,No SMOTE,0,0,0.2675714581001686
AdaBoost,No SMOTE,0,0,0.191758796857404
AdaBoost,No SMOTE,0,0,0.17726965587952628
AdaBoost,No SMOTE,0,0,0.1689822365998279
AdaBoost,No SMOTE,0,0,0.22843520662470906
AdaBoost,No SMOTE,0,0,0.17726965587952628
AdaBoost,No SMOTE,0,0,0.1689822365998279
AdaBoost,No SMOTE,0,0,0.1744311028445886
AdaBoost,No SMOTE,0,0,0.17726965587952628
AdaBoost,No SMOTE,0,0,0.1689822365998279
AdaBoost,No SMOTE,0,0,0.1744311028445886
AdaBoost,No SMOTE,0,0,0.1689822365998279
AdaBoost,No SMOTE,0,0,0.13586401457059089
AdaBoost,No SMOTE,0,0,0.1689822365998279
AdaBoost,No SMOTE,0,0,0.22295168509089985
AdaBoost,No SMOTE,0,0,0.13586401457059089
AdaBoost,No SMOTE,0,0,0.191758796857404
AdaBoost,No SMOTE,0,0,0.22493649393812828
AdaBoost,No SMOTE,0,0,0.1689822365998279
AdaBoost,No SMOTE,0,0,0.22493649393812828
AdaBoost,No SMOTE,0,0,0.1744311028445886
AdaBoost,No SMOTE,0,0,0.191758796857404
AdaBoost,No SMOTE,0,0,0.1744311028445886
AdaBoost,No SMOTE,0,0,0.17726965587952628
AdaBoost,No SMOTE,0,0,0.18800989342479768
AdaBoost,No SMOTE,0,0,0.11920292202211763
AdaBoost,No SMOTE,0,0,0.22255765333999847
AdaBoost,No SMOTE,0,0,0.17643129068755622
AdaBoost,No SMOTE,0,0,0.17643129068755622
AdaBoost,No SMOTE,0,0,0.22843520662470906
AdaBoost,No SMOTE,0,0,0.22044238283982498
AdaBoost,No SMOTE,0,0,0.16342013312650427
AdaBoost,No SMOTE,0,0,0.1744311028445886
AdaBoost,No SMOTE,0,0,0.1744311028445886
AdaBoost,No SMOTE,0,0,0.1744311028445886
AdaBoost,No SMOTE,0,0,0.14895992415852724
AdaBoost,No SMOTE,0,0,0.1689822365998279
AdaBoost,No SMOTE,0,0,0.13586401457059089
AdaBoost,No SMOTE,0,0,0.191758796857404
AdaBoost,No SMOTE,0,0,0.25081468689261593
AdaBoost,No SMOTE,0,0,0.13586401457059089
AdaBoost,No SMOTE,0,0,0.1744311028445886
AdaBoost,No SMOTE,0,0,0.17726965587952628
AdaBoost,No SMOTE,0,0,0.16203849466010875
AdaBoost,No SMOTE,0,0,0.1689822365998279
AdaBoost,No SMOTE,0,0,0.1689822365998279
AdaBoost,No SMOTE,0,0,0.1744311028445886
AdaBoost,No SMOTE,0,0,0.11920292202211763
AdaBoost,No SMOTE,0,0,0.13019713023369225
AdaBoost,No SMOTE,0,0,0.18800989342479768
AdaBoost,No SMOTE,0,0,0.1431363477165842
AdaBoost,No SMOTE,0,0,0.1689822365998279
AdaBoost,No SMOTE,0,0,0.1689822365998279
AdaBoost,No SMOTE,0,0,0.22493649393812828
AdaBoost,No SMOTE,0,0,0.1744311028445886
AdaBoost,No SMOTE,0,0,0.17726965587952628
AdaBoost,No SMOTE,0,0,0.17726965587952628
AdaBoost,No SMOTE,0,0,0.13586401457059089
AdaBoost,No SMOTE,0,0,0.1744311028445886
AdaBoost,No SMOTE,0,0,0.14895992415852724
AdaBoost,No SMOTE,0,0,0.17726965587952628
AdaBoost,No SMOTE,0,0,0.16342013312650427
AdaBoost,No SMOTE,0,0,0.191758796857404
AdaBoost,No SMOTE,0,0,0.17726965587952628
AdaBoost,No SMOTE,0,0,0.16895403564617684
AdaBoost,No SMOTE,0,0,0.1744311028445886
AdaBoost,No SMOTE,0,0,0.17726965587952628
AdaBoost,No SMOTE,0,0,0.21607329118820193
AdaBoost,No SMOTE,0,0,0.21607329118820193
AdaBoost,No SMOTE,0,0,0.18800989342479768
AdaBoost,No SMOTE,0,0,0.205659675438033
AdaBoost,No SMOTE,0,0,0.1689822365998279
AdaBoost,No SMOTE,0,0,0.1689822365998279
AdaBoost,No SMOTE,0,0,0.1744311028445886
AdaBoost,No SMOTE,0,0,0.21928751511544514
AdaBoost,No SMOTE,0,0,0.1744311028445886
AdaBoost,No SMOTE,0,0,0.17726965587952628
AdaBoost,No SMOTE,0,0,0.17643129068755622
AdaBoost,No SMOTE,0,0,0.21607329118820193
AdaBoost,No SMOTE,0,0,0.17726965587952628
AdaBoost,No SMOTE,0,0,0.16867357177983938
AdaBoost,No SMOTE,0,0,0.1744311028445886
AdaBoost,No SMOTE,0,0,0.1744311028445886
AdaBoost,No SMOTE,0,0,0.1689822365998279
AdaBoost,No SMOTE,0,0,0.1689822365998279
AdaBoost,No SMOTE,0,0,0.22493649393812828
AdaBoost,No SMOTE,0,0,0.17726965587952628
AdaBoost,No SMOTE,0,0,0.1689822365998279
AdaBoost,No SMOTE,0,0,0.1689822365998279
AdaBoost,No SMOTE,0,0,0.1689822365998279
AdaBoost,No SMOTE,0,0,0.16342013312650427
AdaBoost,No SMOTE,0,0,0.17726965587952628
AdaBoost,No SMOTE,0,0,0.1744311028445886
AdaBoost,No SMOTE,0,0,0.17726965587952628
AdaBoost,No SMOTE,0,0,0.1744311028445886
AdaBoost,No SMOTE,0,0,0.17726965587952628
AdaBoost,No SMOTE,0,0,0.18800989342479768
AdaBoost,No SMOTE,0,0,0.17726965587952628
AdaBoost,No SMOTE,0,0,0.13586401457059089
AdaBoost,No SMOTE,0,0,0.17726965587952628
AdaBoost,No SMOTE,0,0,0.11920292202211763
AdaBoost,No SMOTE,0,0,0.16342013312650427
AdaBoost,No SMOTE,0,0,0.17726965587952628
AdaBoost,No SMOTE,0,0,0.17726965587952628
AdaBoost,No SMOTE,0,0,0.17726965587952628
AdaBoost,No SMOTE,0,0,0.17643129068755622
AdaBoost,No SMOTE,0,0,0.13586401457059089
AdaBoost,No SMOTE,0,0,0.1689822365998279
AdaBoost,No SMOTE,0,0,0.17726965587952628
AdaBoost,No SMOTE,0,0,0.17133680384090874
AdaBoost,No SMOTE,0,0,0.16618389338377842
AdaBoost,No SMOTE,0,0,0.22493649393812828
AdaBoost,No SMOTE,0,0,0.1689822365998279
AdaBoost,No SMOTE,0,0,0.17726965587952628
AdaBoost,No SMOTE,0,0,0.1744311028445886
AdaBoost,No SMOTE,0,0,0.13019713023369225
AdaBoost,No SMOTE,0,0,0.1744311028445886
AdaBoost,No SMOTE,0,0,0.1689822365998279
AdaBoost,No SMOTE,0,0,0.18800989342479768
AdaBoost,No SMOTE,0,0,0.16867357177983938
AdaBoost,No SMOTE,0,0,0.13586401457059089
AdaBoost,No SMOTE,0,0,0.1744311028445886
AdaBoost,No SMOTE,0,0,0.17726965587952628
AdaBoost,No SMOTE,0,0,0.16342013312650427
AdaBoost,No SMOTE,0,0,0.17726965587952628
AdaBoost,No SMOTE,0,0,0.17726965587952628
AdaBoost,No SMOTE,0,0,0.1431423024436669
AdaBoost,No SMOTE,0,0,0.191758796857404
AdaBoost,No SMOTE,0,0,0.1689822365998279
AdaBoost,No SMOTE,0,0,0.1719470769852437
AdaBoost,No SMOTE,0,0,0.14895992415852724
AdaBoost,No SMOTE,0,0,0.1431363477165842
AdaBoost,No SMOTE,0,0,0.1689822365998279
AdaBoost,No SMOTE,0,0,0.1744311028445886
AdaBoost,No SMOTE,0,0,0.17726965587952628
AdaBoost,No SMOTE,0,0,0.17643129068755622
AdaBoost,No SMOTE,0,0,0.14895992415852724
AdaBoost,No SMOTE,0,0,0.22493649393812828
AdaBoost,No SMOTE,0,0,0.191758796857404
AdaBoost,No SMOTE,0,0,0.17726965587952628
AdaBoost,No SMOTE,0,0,0.21607329118820193
AdaBoost,No SMOTE,0,0,0.22493649393812828
AdaBoost,No SMOTE,0,0,0.1719470769852437
AdaBoost,No SMOTE,0,0,0.1744311028445886
AdaBoost,No SMOTE,0,0,0.1689822365998279
AdaBoost,No SMOTE,0,0,0.1689822365998279
AdaBoost,No SMOTE,0,0,0.16867357177983938
AdaBoost,No SMOTE,0,0,0.1744311028445886
AdaBoost,No SMOTE,0,0,0.1744311028445886
AdaBoost,No SMOTE,0,0,0.13586401457059089
AdaBoost,No SMOTE,0,0,0.1689822365998279
AdaBoost,No SMOTE,0,0,0.1744311028445886
AdaBoost,No SMOTE,0,0,0.17043552930931818
AdaBoost,No SMOTE,0,0,0.18800989342479768
AdaBoost,No SMOTE,0,0,0.14895992415852724
AdaBoost,No SMOTE,0,0,0.1689822365998279
AdaBoost,No SMOTE,0,0,0.17182074334119965
AdaBoost,No SMOTE,0,0,0.14895992415852724
AdaBoost,No SMOTE,0,0,0.17726965587952628
AdaBoost,No SMOTE,0,0,0.16618389338377842
AdaBoost,No SMOTE,0,0,0.18496367037446623
AdaBoost,No SMOTE,0,0,0.13019713023369225
AdaBoost,No SMOTE,0,0,0.21573524134425506
AdaBoost,No SMOTE,0,0,0.1689822365998279
AdaBoost,No SMOTE,0,0,0.17726965587952628
AdaBoost,No SMOTE,0,0,0.22493649393812828
AdaBoost,No SMOTE,0,0,0.21607329118820193
AdaBoost,No SMOTE,0,0,0.17643129068755622
AdaBoost,No SMOTE,0,0,0.18800989342479768
AdaBoost,No SMOTE,0,0,0.1744311028445886
AdaBoost,No SMOTE,0,0,0.22493649393812828
AdaBoost,No SMOTE,0,0,0.1719470769852437
AdaBoost,No SMOTE,0,0,0.14895992415852724
AdaBoost,No SMOTE,0,0,0.1689822365998279
AdaBoost,No SMOTE,0,0,0.1719470769852437
AdaBoost,No SMOTE,0,0,0.1689822365998279
AdaBoost,No SMOTE,0,0,0.13586401457059089
AdaBoost,No SMOTE,0,0,0.1689822365998279
AdaBoost,No SMOTE,0,0,0.17726965587952628
AdaBoost,No SMOTE,0,0,0.1689822365998279
AdaBoost,No SMOTE,0,0,0.1744311028445886
AdaBoost,No SMOTE,0,0,0.1689822365998279
AdaBoost,No SMOTE,0,0,0.16895403564617684
AdaBoost,No SMOTE,0,0,0.1689822365998279
AdaBoost,No SMOTE,0,0,0.1744311028445886
AdaBoost,No SMOTE,0,0,0.16342013312650427
AdaBoost,No SMOTE,0,0,0.14895992415852724
AdaBoost,No SMOTE,0,0,0.1744311028445886
AdaBoost,No SMOTE,0,0,0.17726965587952628
AdaBoost,No SMOTE,0,0,0.1744311028445886
AdaBoost,No SMOTE,0,0,0.11920292202211763
AdaBoost,No SMOTE,0,0,0.16203849466010875
AdaBoost,No SMOTE,0,0,0.1744311028445886
AdaBoost,No SMOTE,0,0,0.1689822365998279
AdaBoost,No SMOTE,0,0,0.22493649393812828
AdaBoost,No SMOTE,0,0,0.205659675438033
AdaBoost,No SMOTE,0,0,0.1744311028445886
AdaBoost,No SMOTE,0,0,0.13586401457059089
AdaBoost,No SMOTE,0,0,0.1689822365998279
AdaBoost,No SMOTE,0,0,0.1689822365998279
AdaBoost,No SMOTE,0,0,0.2228277728066096
AdaBoost,No SMOTE,0,0,0.22843520662470906
AdaBoost,No SMOTE,0,0,0.17726965587952628
AdaBoost,No SMOTE,0,0,0.1744311028445886
AdaBoost,No SMOTE,0,0,0.1719470769852437
AdaBoost,No SMOTE,0,0,0.17726965587952628
AdaBoost,No SMOTE,0,0,0.16895403564617684
AdaBoost,No SMOTE,0,0,0.17726965587952628
AdaBoost,No SMOTE,0,0,0.1744311028445886
AdaBoost,No SMOTE,0,0,0.13586401457059089
AdaBoost,No SMOTE,0,0,0.1689822365998279
AdaBoost,No SMOTE,0,0,0.1744311028445886
AdaBoost,No SMOTE,0,0,0.1689822365998279
AdaBoost,No SMOTE,0,0,0.18496367037446623
AdaBoost,No SMOTE,0,0,0.1744311028445886
AdaBoost,No SMOTE,0,0,0.1744311028445886
AdaBoost,No SMOTE,0,0,0.1744311028445886
AdaBoost,No SMOTE,0,0,0.17726965587952628
AdaBoost,No SMOTE,0,0,0.1689822365998279
AdaBoost,No SMOTE,0,0,0.1744311028445886
AdaBoost,No SMOTE,0,0,0.1744311028445886
AdaBoost,No SMOTE,0,0,0.17726965587952628
AdaBoost,No SMOTE,0,0,0.1744311028445886
AdaBoost,No SMOTE,0,0,0.18800989342479768
AdaBoost,No SMOTE,0,0,0.1744311028445886
AdaBoost,No SMOTE,0,0,0.13019713023369225
AdaBoost,No SMOTE,0,0,0.18496367037446623
AdaBoost,No SMOTE,0,0,0.2193403423397052
AdaBoost,No SMOTE,0,0,0.1931443810264556
AdaBoost,No SMOTE,0,0,0.1689822365998279
AdaBoost,No SMOTE,0,0,0.1689822365998279
AdaBoost,No SMOTE,0,0,0.17726965587952628
AdaBoost,No SMOTE,0,0,0.1744311028445886
AdaBoost,No SMOTE,0,0,0.1689822365998279
AdaBoost,No SMOTE,0,0,0.1689822365998279
AdaBoost,No SMOTE,0,0,0.1719470769852437
AdaBoost,No SMOTE,0,0,0.17726965587952628
AdaBoost,No SMOTE,0,0,0.17726965587952628
AdaBoost,No SMOTE,0,0,0.1689822365998279
AdaBoost,No SMOTE,0,0,0.1744311028445886
AdaBoost,No SMOTE,0,0,0.17726965587952628
AdaBoost,No SMOTE,0,0,0.1689822365998279
AdaBoost,No SMOTE,0,0,0.22843520662470906
AdaBoost,No SMOTE,0,0,0.17726965587952628
AdaBoost,No SMOTE,0,0,0.1744311028445886
AdaBoost,No SMOTE,0,0,0.14895992415852724
AdaBoost,No SMOTE,0,0,0.14895992415852724
AdaBoost,No SMOTE,0,0,0.22493649393812828
AdaBoost,No SMOTE,0,0,0.1744311028445886
AdaBoost,No SMOTE,0,0,0.1689822365998279
AdaBoost,No SMOTE,0,0,0.1689822365998279
AdaBoost,No SMOTE,0,0,0.14895992415852724
AdaBoost,No SMOTE,0,0,0.1744311028445886
AdaBoost,No SMOTE,0,0,0.22493649393812828
AdaBoost,No SMOTE,0,0,0.1744311028445886
AdaBoost,No SMOTE,0,0,0.1744311028445886
AdaBoost,No SMOTE,0,0,0.13019713023369225
AdaBoost,No SMOTE,0,0,0.1744311028445886
AdaBoost,No SMOTE,0,0,0.1744311028445886
AdaBoost,No SMOTE,0,0,0.1689822365998279
AdaBoost,No SMOTE,0,0,0.1744311028445886
AdaBoost,No SMOTE,0,0,0.18800989342479768
AdaBoost,No SMOTE,0,0,0.1744311028445886
AdaBoost,No SMOTE,0,0,0.22493649393812828
AdaBoost,No SMOTE,0,0,0.1744311028445886
AdaBoost,No SMOTE,0,0,0.17726965587952628
AdaBoost,No SMOTE,0,0,0.1744311028445886
AdaBoost,No SMOTE,0,0,0.1689822365998279
AdaBoost,No SMOTE,0,0,0.1744311028445886
AdaBoost,No SMOTE,0,0,0.1689822365998279
AdaBoost,No SMOTE,0,0,0.18800989342479768
AdaBoost,No SMOTE,0,0,0.1744311028445886
AdaBoost,No SMOTE,0,0,0.1744311028445886
AdaBoost,No SMOTE,0,0,0.22493649393812828
AdaBoost,No SMOTE,0,0,0.13019713023369225
AdaBoost,No SMOTE,0,0,0.17726965587952628
AdaBoost,No SMOTE,0,0,0.1689822365998279
AdaBoost,No SMOTE,0,0,0.17726965587952628
AdaBoost,No SMOTE,0,0,0.11920292202211763
AdaBoost,No SMOTE,0,0,0.17643129068755622
AdaBoost,No SMOTE,0,0,0.17726965587952628
AdaBoost,No SMOTE,0,0,0.18496367037446623
AdaBoost,No SMOTE,0,0,0.17643129068755622
AdaBoost,No SMOTE,0,0,0.17726965587952628
AdaBoost,No SMOTE,0,0,0.17726965587952628
AdaBoost,No SMOTE,0,0,0.22493649393812828
AdaBoost,No SMOTE,0,0,0.16895403564617684
AdaBoost,No SMOTE,0,0,0.1689822365998279
AdaBoost,No SMOTE,0,0,0.1744311028445886
AdaBoost,No SMOTE,0,0,0.17726965587952628
AdaBoost,No SMOTE,0,0,0.16895403564617684
AdaBoost,No SMOTE,0,0,0.191758796857404
AdaBoost,No SMOTE,0,0,0.14895992415852724
AdaBoost,No SMOTE,0,0,0.1744311028445886
AdaBoost,No SMOTE,0,0,0.1744311028445886
AdaBoost,No SMOTE,0,0,0.17182074334119965
AdaBoost,No SMOTE,0,0,0.17726965587952628
AdaBoost,No SMOTE,0,0,0.16342013312650427
AdaBoost,No SMOTE,0,0,0.16895403564617684
AdaBoost,No SMOTE,0,0,0.2193403423397052
AdaBoost,No SMOTE,0,0,0.1689822365998279
AdaBoost,No SMOTE,0,0,0.21607329118820193
AdaBoost,No SMOTE,0,0,0.1744311028445886
AdaBoost,No SMOTE,0,0,0.22493649393812828
AdaBoost,No SMOTE,0,0,0.22176486665410824
AdaBoost,No SMOTE,0,0,0.13019713023369225
AdaBoost,No SMOTE,0,0,0.1744311028445886
AdaBoost,No SMOTE,0,0,0.17726965587952628
AdaBoost,No SMOTE,0,0,0.18800989342479768
AdaBoost,No SMOTE,0,0,0.2193403423397052
AdaBoost,No SMOTE,0,0,0.1689822365998279
AdaBoost,No SMOTE,0,0,0.1456228192075175
AdaBoost,No SMOTE,0,0,0.22017433581447826
AdaBoost,No SMOTE,0,0,0.17726965587952628
AdaBoost,No SMOTE,0,0,0.13019713023369225
AdaBoost,No SMOTE,0,0,0.11920292202211763
AdaBoost,No SMOTE,0,0,0.2193403423397052
AdaBoost,No SMOTE,0,0,0.17726965587952628
AdaBoost,No SMOTE,0,0,0.14895992415852724
AdaBoost,No SMOTE,0,0,0.1689822365998279
AdaBoost,No SMOTE,0,0,0.17726965587952628
AdaBoost,No SMOTE,0,0,0.1744311028445886
AdaBoost,No SMOTE,0,0,0.1689822365998279
AdaBoost,No SMOTE,0,0,0.22493649393812828
AdaBoost,No SMOTE,0,0,0.17726965587952628
AdaBoost,No SMOTE,0,0,0.18496367037446623
AdaBoost,No SMOTE,0,0,0.17726965587952628
AdaBoost,No SMOTE,0,0,0.13019713023369225
AdaBoost,No SMOTE,0,0,0.1931443810264556
AdaBoost,No SMOTE,0,0,0.1689822365998279
AdaBoost,No SMOTE,0,0,0.17726965587952628
AdaBoost,No SMOTE,0,0,0.21607329118820193
AdaBoost,No SMOTE,0,0,0.1689822365998279
AdaBoost,No SMOTE,0,0,0.11920292202211763
AdaBoost,No SMOTE,0,0,0.16203849466010875
AdaBoost,No SMOTE,0,0,0.1744311028445886
AdaBoost,No SMOTE,0,0,0.1744311028445886
AdaBoost,No SMOTE,0,0,0.13019713023369225
AdaBoost,No SMOTE,0,0,0.1744311028445886
AdaBoost,No SMOTE,0,0,0.17726965587952628
AdaBoost,No SMOTE,0,0,0.1744311028445886
AdaBoost,No SMOTE,0,0,0.1744311028445886
AdaBoost,No SMOTE,0,0,0.1689822365998279
AdaBoost,No SMOTE,0,0,0.13586401457059089
AdaBoost,No SMOTE,0,0,0.17726965587952628
AdaBoost,No SMOTE,0,0,0.14895992415852724
AdaBoost,No SMOTE,0,0,0.13586401457059089
AdaBoost,No SMOTE,0,0,0.1744311028445886
AdaBoost,No SMOTE,0,0,0.18496367037446623
AdaBoost,No SMOTE,0,0,0.1689822365998279
AdaBoost,No SMOTE,0,0,0.191758796857404
AdaBoost,No SMOTE,0,0,0.16342013312650427
AdaBoost,No SMOTE,0,0,0.18800989342479768
AdaBoost,No SMOTE,0,0,0.1689822365998279
AdaBoost,No SMOTE,0,0,0.13586401457059089
AdaBoost,No SMOTE,0,0,0.14895992415852724
AdaBoost,No SMOTE,0,0,0.16867357177983938
AdaBoost,No SMOTE,0,0,0.16618389338377842
AdaBoost,No SMOTE,0,0,0.17726965587952628
AdaBoost,No SMOTE,0,0,0.1744311028445886
AdaBoost,No SMOTE,0,0,0.22493649393812828
AdaBoost,No SMOTE,0,0,0.17726965587952628
AdaBoost,No SMOTE,0,0,0.16342013312650427
AdaBoost,No SMOTE,0,0,0.17643129068755622
AdaBoost,No SMOTE,0,0,0.11920292202211763
AdaBoost,No SMOTE,0,0,0.18800989342479768
AdaBoost,No SMOTE,0,0,0.17726965587952628
AdaBoost,No SMOTE,0,0,0.1689822365998279
AdaBoost,No SMOTE,0,0,0.1744311028445886
AdaBoost,No SMOTE,0,0,0.17726965587952628
AdaBoost,No SMOTE,0,0,0.16342013312650427
AdaBoost,No SMOTE,0,0,0.21607329118820193
AdaBoost,No SMOTE,0,0,0.17726965587952628
AdaBoost,No SMOTE,0,0,0.1744311028445886
AdaBoost,No SMOTE,0,0,0.14895992415852724
AdaBoost,No SMOTE,0,0,0.16895403564617684
AdaBoost,No SMOTE,0,0,0.191758796857404
AdaBoost,No SMOTE,0,0,0.17726965587952628
AdaBoost,No SMOTE,0,0,0.17726965587952628
AdaBoost,No SMOTE,0,0,0.17726965587952628
AdaBoost,No SMOTE,0,0,0.1931443810264556
AdaBoost,No SMOTE,0,0,0.17726965587952628
AdaBoost,No SMOTE,0,0,0.17726965587952628
AdaBoost,No SMOTE,0,0,0.22017433581447826
AdaBoost,No SMOTE,0,0,0.16203849466010875
AdaBoost,No SMOTE,0,0,0.18800989342479768
AdaBoost,No SMOTE,0,0,0.17726965587952628
AdaBoost,No SMOTE,0,0,0.17726965587952628
AdaBoost,No SMOTE,0,0,0.1744311028445886
AdaBoost,No SMOTE,0,0,0.1931443810264556
AdaBoost,No SMOTE,0,0,0.17726965587952628
AdaBoost,No SMOTE,0,0,0.17726965587952628
AdaBoost,No SMOTE,0,0,0.16618389338377842
AdaBoost,No SMOTE,0,0,0.1744311028445886
AdaBoost,No SMOTE,0,0,0.22493649393812828
AdaBoost,No SMOTE,0,0,0.17726965587952628
AdaBoost,No SMOTE,0,0,0.18800989342479768
AdaBoost,No SMOTE,0,0,0.1689822365998279
AdaBoost,No SMOTE,0,0,0.1744311028445886
AdaBoost,No SMOTE,0,0,0.17726965587952628
AdaBoost,No SMOTE,0,0,0.1689822365998279
AdaBoost,No SMOTE,0,0,0.17726965587952628
AdaBoost,No SMOTE,0,0,0.1689822365998279
AdaBoost,No SMOTE,0,0,0.1431423024436669
AdaBoost,No SMOTE,0,0,0.1744311028445886
AdaBoost,No SMOTE,0,0,0.1719470769852437
AdaBoost,No SMOTE,0,0,0.14895992415852724
AdaBoost,No SMOTE,0,0,0.1689822365998279
AdaBoost,No SMOTE,0,0,0.17726965587952628
AdaBoost,No SMOTE,0,0,0.17726965587952628
AdaBoost,No SMOTE,0,0,0.21607329118820193
AdaBoost,No SMOTE,0,0,0.22493649393812828
AdaBoost,No SMOTE,0,0,0.18800989342479768
AdaBoost,No SMOTE,0,0,0.16342013312650427
AdaBoost,No SMOTE,0,0,0.1744311028445886
AdaBoost,No SMOTE,0,0,0.17726965587952628
AdaBoost,No SMOTE,0,0,0.1744311028445886
AdaBoost,No SMOTE,0,0,0.1431423024436669
AdaBoost,No SMOTE,0,0,0.16342013312650427
AdaBoost,No SMOTE,0,0,0.1431423024436669
AdaBoost,No SMOTE,0,0,0.1744311028445886
AdaBoost,No SMOTE,0,0,0.1744311028445886
AdaBoost,No SMOTE,0,0,0.17726965587952628
AdaBoost,No SMOTE,0,0,0.21607329118820193
AdaBoost,No SMOTE,0,0,0.17726965587952628
AdaBoost,No SMOTE,0,0,0.205659675438033
AdaBoost,No SMOTE,0,0,0.22493649393812828
AdaBoost,No SMOTE,0,0,0.22493649393812828
AdaBoost,No SMOTE,0,0,0.21607329118820193
AdaBoost,No SMOTE,0,0,0.16342013312650427
AdaBoost,No SMOTE,0,0,0.2675714581001686
AdaBoost,No SMOTE,0,0,0.1786840584100862
AdaBoost,No SMOTE,0,0,0.21607329118820193
AdaBoost,No SMOTE,0,0,0.17726965587952628
AdaBoost,No SMOTE,0,0,0.16342013312650427
AdaBoost,No SMOTE,0,0,0.14895992415852724
AdaBoost,No SMOTE,0,0,0.14895992415852724
AdaBoost,No SMOTE,0,0,0.13019713023369225
AdaBoost,No SMOTE,0,0,0.18800989342479768
AdaBoost,No SMOTE,0,0,0.14895992415852724
AdaBoost,No SMOTE,0,0,0.1689822365998279
AdaBoost,No SMOTE,0,0,0.17133680384090874
AdaBoost,No SMOTE,0,0,0.1744311028445886
AdaBoost,No SMOTE,0,0,0.2193403423397052
AdaBoost,No SMOTE,0,0,0.1431423024436669
AdaBoost,No SMOTE,0,0,0.1689822365998279
AdaBoost,No SMOTE,0,0,0.1689822365998279
AdaBoost,No SMOTE,0,0,0.17726965587952628
AdaBoost,No SMOTE,0,0,0.18800989342479768
AdaBoost,No SMOTE,0,0,0.14895992415852724
AdaBoost,No SMOTE,0,0,0.13586401457059089
AdaBoost,No SMOTE,0,0,0.13586401457059089
AdaBoost,No SMOTE,0,0,0.17726965587952628
AdaBoost,No SMOTE,0,0,0.1689822365998279
AdaBoost,No SMOTE,0,0,0.17726965587952628
AdaBoost,No SMOTE,0,0,0.14895992415852724
AdaBoost,No SMOTE,0,0,0.14895992415852724
AdaBoost,No SMOTE,0,0,0.1719470769852437
AdaBoost,No SMOTE,0,0,0.21607329118820193
AdaBoost,No SMOTE,0,0,0.17726965587952628
AdaBoost,No SMOTE,0,0,0.1719470769852437
AdaBoost,No SMOTE,0,0,0.18800989342479768
AdaBoost,No SMOTE,0,0,0.1689822365998279
AdaBoost,No SMOTE,0,0,0.17726965587952628
AdaBoost,No SMOTE,0,0,0.17726965587952628
AdaBoost,No SMOTE,0,0,0.1689822365998279
AdaBoost,No SMOTE,0,0,0.2193403423397052
AdaBoost,No SMOTE,0,0,0.18496367037446623
AdaBoost,No SMOTE,0,0,0.1689822365998279
AdaBoost,No SMOTE,0,0,0.14895992415852724
AdaBoost,No SMOTE,0,0,0.18496367037446623
AdaBoost,No SMOTE,0,0,0.17726965587952628
AdaBoost,No SMOTE,0,0,0.11920292202211763
AdaBoost,No SMOTE,0,0,0.14895992415852724
AdaBoost,No SMOTE,0,0,0.13019713023369225
AdaBoost,No SMOTE,0,0,0.1744311028445886
AdaBoost,No SMOTE,0,0,0.13586401457059089
AdaBoost,No SMOTE,0,0,0.1744311028445886
AdaBoost,No SMOTE,0,0,0.2193403423397052
AdaBoost,No SMOTE,0,0,0.1719470769852437
AdaBoost,No SMOTE,0,0,0.17726965587952628
AdaBoost,No SMOTE,0,0,0.11920292202211763
AdaBoost,No SMOTE,0,0,0.22493649393812828
AdaBoost,No SMOTE,0,0,0.14895992415852724
AdaBoost,No SMOTE,0,0,0.1689822365998279
AdaBoost,No SMOTE,0,0,0.2850837726175028
AdaBoost,No SMOTE,0,0,0.1689822365998279
AdaBoost,No SMOTE,0,0,0.1431423024436669
AdaBoost,No SMOTE,0,0,0.17726965587952628
AdaBoost,No SMOTE,0,0,0.14895992415852724
AdaBoost,No SMOTE,0,0,0.14798688540029464
AdaBoost,No SMOTE,0,0,0.22493649393812828
AdaBoost,No SMOTE,0,0,0.22044238283982498
AdaBoost,No SMOTE,0,0,0.1431423024436669
AdaBoost,No SMOTE,0,0,0.17726965587952628
AdaBoost,No SMOTE,0,0,0.1689822365998279
AdaBoost,No SMOTE,0,0,0.1689822365998279
AdaBoost,No SMOTE,0,0,0.14895992415852724
AdaBoost,No SMOTE,0,0,0.13586401457059089
AdaBoost,No SMOTE,0,0,0.17726965587952628
AdaBoost,No SMOTE,0,0,0.1689822365998279
AdaBoost,No SMOTE,0,0,0.22503945156210842
AdaBoost,No SMOTE,0,0,0.13586401457059089
AdaBoost,No SMOTE,0,0,0.22493649393812828
AdaBoost,No SMOTE,0,0,0.17726965587952628
AdaBoost,No SMOTE,0,0,0.1689822365998279
AdaBoost,No SMOTE,0,0,0.1719470769852437
AdaBoost,No SMOTE,0,0,0.13586401457059089
AdaBoost,No SMOTE,0,0,0.1744311028445886
AdaBoost,No SMOTE,0,0,0.25081468689261593
AdaBoost,No SMOTE,0,0,0.16342013312650427
AdaBoost,No SMOTE,0,0,0.1719470769852437
AdaBoost,No SMOTE,0,0,0.17726965587952628
AdaBoost,No SMOTE,0,0,0.17182074334119965
AdaBoost,No SMOTE,0,0,0.1431363477165842
AdaBoost,No SMOTE,0,0,0.1744311028445886
AdaBoost,No SMOTE,0,0,0.1689822365998279
AdaBoost,No SMOTE,0,0,0.21607329118820193
AdaBoost,No SMOTE,0,0,0.17726965587952628
AdaBoost,No SMOTE,0,0,0.16203849466010875
AdaBoost,No SMOTE,0,0,0.22493649393812828
AdaBoost,No SMOTE,0,0,0.1689822365998279
AdaBoost,No SMOTE,0,0,0.1689822365998279
AdaBoost,No SMOTE,0,0,0.2193403423397052
AdaBoost,No SMOTE,0,0,0.1689822365998279
AdaBoost,No SMOTE,0,0,0.13586401457059089
AdaBoost,No SMOTE,0,0,0.17726965587952628
AdaBoost,No SMOTE,0,0,0.1689822365998279
AdaBoost,No SMOTE,0,0,0.1689822365998279
AdaBoost,No SMOTE,0,0,0.16342013312650427
AdaBoost,No SMOTE,0,0,0.1689822365998279
AdaBoost,No SMOTE,0,0,0.14798688540029464
AdaBoost,No SMOTE,0,0,0.17133680384090874
AdaBoost,No SMOTE,0,0,0.2193403423397052
AdaBoost,No SMOTE,0,0,0.1744311028445886
AdaBoost,No SMOTE,0,0,0.1744311028445886
AdaBoost,No SMOTE,0,0,0.1689822365998279
AdaBoost,No SMOTE,0,0,0.1744311028445886
AdaBoost,No SMOTE,0,0,0.17726965587952628
AdaBoost,No SMOTE,0,0,0.18800989342479768
AdaBoost,No SMOTE,0,0,0.14895992415852724
AdaBoost,No SMOTE,0,0,0.1689822365998279
AdaBoost,No SMOTE,0,0,0.1744311028445886
AdaBoost,No SMOTE,0,0,0.22493649393812828
AdaBoost,No SMOTE,0,0,0.1744311028445886
AdaBoost,No SMOTE,0,0,0.1744311028445886
AdaBoost,No SMOTE,0,0,0.17726965587952628
AdaBoost,No SMOTE,0,0,0.1689822365998279
AdaBoost,No SMOTE,0,0,0.1689822365998279
AdaBoost,No SMOTE,0,0,0.2193403423397052
AdaBoost,No SMOTE,0,0,0.1931443810264556
AdaBoost,No SMOTE,0,0,0.1744311028445886
AdaBoost,No SMOTE,0,0,0.13019713023369225
AdaBoost,No SMOTE,0,0,0.16895403564617684
AdaBoost,No SMOTE,0,0,0.1689822365998279
AdaBoost,No SMOTE,0,0,0.1744311028445886
AdaBoost,No SMOTE,0,0,0.18496367037446623
AdaBoost,No SMOTE,0,0,0.22493649393812828
AdaBoost,No SMOTE,0,0,0.17726965587952628
AdaBoost,No SMOTE,0,0,0.17726965587952628
AdaBoost,No SMOTE,0,0,0.16867357177983938
AdaBoost,No SMOTE,0,0,0.17726965587952628
AdaBoost,No SMOTE,0,0,0.1744311028445886
AdaBoost,No SMOTE,0,0,0.1431423024436669
AdaBoost,No SMOTE,0,0,0.1744311028445886
AdaBoost,No SMOTE,0,0,0.17726965587952628
AdaBoost,No SMOTE,0,0,0.16342013312650427
AdaBoost,No SMOTE,0,0,0.17726965587952628
AdaBoost,No SMOTE,0,0,0.22493649393812828
AdaBoost,No SMOTE,0,0,0.1689822365998279
AdaBoost,No SMOTE,0,0,0.1744311028445886
AdaBoost,No SMOTE,0,0,0.1744311028445886
AdaBoost,No SMOTE,0,0,0.1689822365998279
AdaBoost,No SMOTE,0,0,0.1744311028445886
AdaBoost,No SMOTE,0,0,0.17726965587952628
AdaBoost,No SMOTE,0,0,0.17726965587952628
AdaBoost,No SMOTE,0,0,0.22493649393812828
AdaBoost,No SMOTE,0,0,0.1744311028445886
AdaBoost,No SMOTE,0,0,0.19003443635734119
AdaBoost,No SMOTE,0,0,0.11920292202211763
AdaBoost,No SMOTE,0,0,0.1689822365998279
AdaBoost,No SMOTE,0,0,0.1744311028445886
AdaBoost,No SMOTE,0,0,0.1689822365998279
AdaBoost,No SMOTE,0,0,0.21607329118820193
AdaBoost,No SMOTE,0,0,0.18496367037446623
AdaBoost,No SMOTE,0,0,0.13586401457059089
AdaBoost,No SMOTE,0,0,0.18496367037446623
AdaBoost,No SMOTE,0,0,0.1744311028445886
AdaBoost,No SMOTE,0,0,0.1689822365998279
AdaBoost,No SMOTE,0,0,0.14895992415852724
AdaBoost,No SMOTE,0,0,0.1431423024436669
AdaBoost,No SMOTE,0,0,0.18800989342479768
AdaBoost,No SMOTE,0,0,0.1744311028445886
AdaBoost,No SMOTE,0,0,0.17643129068755622
AdaBoost,No SMOTE,0,0,0.191758796857404
AdaBoost,No SMOTE,0,0,0.1744311028445886
AdaBoost,No SMOTE,0,0,0.1689822365998279
AdaBoost,No SMOTE,0,0,0.1689822365998279
AdaBoost,No SMOTE,0,0,0.13019713023369225
AdaBoost,No SMOTE,0,0,0.18800989342479768
AdaBoost,No SMOTE,0,0,0.22493649393812828
AdaBoost,No SMOTE,0,0,0.14895992415852724
AdaBoost,No SMOTE,0,0,0.2893763125734371
AdaBoost,No SMOTE,0,0,0.21607329118820193
AdaBoost,No SMOTE,0,0,0.17726965587952628
AdaBoost,No SMOTE,0,0,0.1689822365998279
AdaBoost,No SMOTE,0,0,0.1689822365998279
AdaBoost,No SMOTE,0,0,0.1744311028445886
AdaBoost,No SMOTE,0,0,0.22044238283982498
AdaBoost,No SMOTE,0,0,0.1689822365998279
AdaBoost,No SMOTE,0,0,0.17726965587952628
AdaBoost,No SMOTE,0,0,0.1719470769852437
AdaBoost,No SMOTE,0,0,0.1689822365998279
AdaBoost,No SMOTE,0,0,0.1689822365998279
AdaBoost,No SMOTE,0,0,0.14895992415852724
AdaBoost,No SMOTE,0,0,0.22493649393812828
AdaBoost,No SMOTE,0,0,0.14895992415852724
AdaBoost,No SMOTE,0,0,0.1689822365998279
AdaBoost,No SMOTE,0,0,0.17726965587952628
AdaBoost,No SMOTE,0,0,0.17726965587952628
AdaBoost,No SMOTE,0,0,0.22493649393812828
AdaBoost,No SMOTE,0,0,0.1744311028445886
AdaBoost,No SMOTE,0,0,0.1689822365998279
AdaBoost,No SMOTE,0,0,0.16342013312650427
AdaBoost,No SMOTE,0,0,0.17726965587952628
AdaBoost,No SMOTE,0,0,0.1689822365998279
AdaBoost,No SMOTE,0,0,0.1689822365998279
AdaBoost,No SMOTE,0,0,0.1744311028445886
AdaBoost,No SMOTE,0,0,0.14895992415852724
AdaBoost,No SMOTE,0,0,0.191758796857404
AdaBoost,No SMOTE,0,0,0.1744311028445886
AdaBoost,No SMOTE,0,0,0.14895992415852724
AdaBoost,No SMOTE,0,0,0.1719470769852437
AdaBoost,No SMOTE,0,0,0.16342013312650427
AdaBoost,No SMOTE,0,0,0.17726965587952628
AdaBoost,No SMOTE,0,0,0.1689822365998279
AdaBoost,No SMOTE,0,0,0.13019713023369225
AdaBoost,No SMOTE,0,0,0.16342013312650427
AdaBoost,No SMOTE,0,0,0.22493649393812828
AdaBoost,No SMOTE,0,0,0.1689822365998279
AdaBoost,No SMOTE,0,0,0.20002774141121915
AdaBoost,No SMOTE,0,0,0.1689822365998279
AdaBoost,No SMOTE,0,0,0.1689822365998279
AdaBoost,No SMOTE,0,0,0.17182074334119965
AdaBoost,No SMOTE,0,0,0.17726965587952628
AdaBoost,No SMOTE,0,0,0.1744311028445886
AdaBoost,No SMOTE,0,0,0.1744311028445886
AdaBoost,No SMOTE,0,0,0.16342013312650427
AdaBoost,No SMOTE,0,0,0.22017433581447826
AdaBoost,No SMOTE,0,0,0.1689822365998279
AdaBoost,No SMOTE,0,0,0.18800989342479768
AdaBoost,No SMOTE,0,0,0.16895403564617684
AdaBoost,No SMOTE,0,0,0.17726965587952628
AdaBoost,No SMOTE,0,0,0.1719470769852437
AdaBoost,No SMOTE,0,0,0.17726965587952628
AdaBoost,No SMOTE,0,0,0.17726965587952628
AdaBoost,No SMOTE,0,0,0.14895992415852724
AdaBoost,No SMOTE,0,0,0.1744311028445886
AdaBoost,No SMOTE,0,0,0.1689822365998279
AdaBoost,No SMOTE,0,0,0.1744311028445886
AdaBoost,No SMOTE,0,0,0.17726965587952628
AdaBoost,No SMOTE,0,0,0.1689822365998279
AdaBoost,No SMOTE,0,0,0.1744311028445886
AdaBoost,No SMOTE,0,0,0.1689822365998279
AdaBoost,No SMOTE,0,0,0.16342013312650427
AdaBoost,No SMOTE,0,0,0.1689822365998279
AdaBoost,No SMOTE,0,0,0.11920292202211763
AdaBoost,No SMOTE,0,0,0.16342013312650427
AdaBoost,No SMOTE,0,0,0.17643129068755622
AdaBoost,No SMOTE,0,0,0.1744311028445886
AdaBoost,No SMOTE,0,0,0.17726965587952628
AdaBoost,No SMOTE,0,0,0.14895992415852724
AdaBoost,No SMOTE,0,0,0.1689822365998279
AdaBoost,No SMOTE,0,0,0.1689822365998279
AdaBoost,No SMOTE,0,0,0.14895992415852724
AdaBoost,No SMOTE,0,0,0.1744311028445886
AdaBoost,No SMOTE,0,0,0.1431423024436669
AdaBoost,No SMOTE,0,0,0.17726965587952628
AdaBoost,No SMOTE,0,0,0.1744311028445886
AdaBoost,No SMOTE,0,0,0.1431423024436669
AdaBoost,No SMOTE,0,0,0.13019713023369225
AdaBoost,No SMOTE,0,0,0.1689822365998279
AdaBoost,No SMOTE,0,0,0.18800989342479768
AdaBoost,No SMOTE,0,0,0.22493649393812828
AdaBoost,No SMOTE,0,0,0.1689822365998279
AdaBoost,No SMOTE,0,0,0.1689822365998279
AdaBoost,No SMOTE,0,0,0.1689822365998279
AdaBoost,No SMOTE,0,0,0.17726965587952628
AdaBoost,No SMOTE,0,0,0.191758796857404
AdaBoost,No SMOTE,0,0,0.1719470769852437
AdaBoost,No SMOTE,0,0,0.18496367037446623
AdaBoost,No SMOTE,0,0,0.1689822365998279
AdaBoost,No SMOTE,0,0,0.13586401457059089
AdaBoost,No SMOTE,0,0,0.17726965587952628
AdaBoost,No SMOTE,0,0,0.1744311028445886
AdaBoost,No SMOTE,0,0,0.2193403423397052
AdaBoost,No SMOTE,0,0,0.1689822365998279
AdaBoost,No SMOTE,0,0,0.18800989342479768
AdaBoost,No SMOTE,0,0,0.18496367037446623
AdaBoost,No SMOTE,0,0,0.1431423024436669
AdaBoost,No SMOTE,0,0,0.1744311028445886
AdaBoost,No SMOTE,0,0,0.13019713023369225
AdaBoost,No SMOTE,0,0,0.1744311028445886
AdaBoost,No SMOTE,0,0,0.13019713023369225
AdaBoost,No SMOTE,0,0,0.1689822365998279
AdaBoost,No SMOTE,0,0,0.22493649393812828
AdaBoost,No SMOTE,0,0,0.1689822365998279
AdaBoost,No SMOTE,0,0,0.18800989342479768
AdaBoost,No SMOTE,0,0,0.14895992415852724
AdaBoost,No SMOTE,0,0,0.14895992415852724
AdaBoost,No SMOTE,0,0,0.22493649393812828
AdaBoost,No SMOTE,0,0,0.17726965587952628
AdaBoost,No SMOTE,0,0,0.1689822365998279
AdaBoost,No SMOTE,0,0,0.13586401457059089
AdaBoost,No SMOTE,0,0,0.16618389338377842
AdaBoost,No SMOTE,0,0,0.1431363477165842
AdaBoost,No SMOTE,0,0,0.1689822365998279
AdaBoost,No SMOTE,0,0,0.22017433581447826
AdaBoost,No SMOTE,0,0,0.17726965587952628
AdaBoost,No SMOTE,0,0,0.1744311028445886
AdaBoost,No SMOTE,0,0,0.18496367037446623
AdaBoost,No SMOTE,0,0,0.14895992415852724
AdaBoost,No SMOTE,0,0,0.22017433581447826
AdaBoost,No SMOTE,0,0,0.17726965587952628
AdaBoost,No SMOTE,0,0,0.1744311028445886
AdaBoost,No SMOTE,0,0,0.1744311028445886
AdaBoost,No SMOTE,0,0,0.17726965587952628
AdaBoost,No SMOTE,0,0,0.1431423024436669
AdaBoost,No SMOTE,0,0,0.1431423024436669
AdaBoost,No SMOTE,0,0,0.17726965587952628
AdaBoost,No SMOTE,0,0,0.1744311028445886
AdaBoost,No SMOTE,0,0,0.17726965587952628
AdaBoost,No SMOTE,0,0,0.18496367037446623
AdaBoost,No SMOTE,0,0,0.1689822365998279
AdaBoost,No SMOTE,0,0,0.1689822365998279
AdaBoost,No SMOTE,0,0,0.1689822365998279
AdaBoost,No SMOTE,1,1,0.7010938637455265
AdaBoost,No SMOTE,0,0,0.191758796857404
AdaBoost,No SMOTE,0,0,0.1689822365998279
AdaBoost,No SMOTE,0,0,0.17726965587952628
AdaBoost,No SMOTE,0,0,0.1744311028445886
AdaBoost,No SMOTE,0,0,0.17726965587952628
AdaBoost,No SMOTE,0,0,0.1744311028445886
AdaBoost,No SMOTE,0,0,0.22493649393812828
AdaBoost,No SMOTE,0,0,0.1744311028445886
AdaBoost,No SMOTE,0,0,0.17726965587952628
AdaBoost,No SMOTE,0,0,0.1744311028445886
AdaBoost,No SMOTE,0,0,0.18800989342479768
AdaBoost,No SMOTE,0,0,0.1744311028445886
AdaBoost,No SMOTE,0,0,0.17726965587952628
AdaBoost,No SMOTE,0,0,0.1689822365998279
AdaBoost,No SMOTE,0,0,0.1689822365998279
AdaBoost,No SMOTE,0,0,0.1744311028445886
AdaBoost,No SMOTE,0,0,0.1431423024436669
AdaBoost,No SMOTE,0,0,0.16342013312650427
AdaBoost,No SMOTE,0,0,0.17726965587952628
AdaBoost,No SMOTE,0,0,0.18800989342479768
AdaBoost,No SMOTE,0,0,0.16867357177983938
AdaBoost,No SMOTE,0,0,0.17726965587952628
AdaBoost,No SMOTE,0,0,0.1689822365998279
AdaBoost,No SMOTE,0,0,0.20002774141121915
AdaBoost,No SMOTE,1,1,0.6928671399897686
AdaBoost,No SMOTE,0,0,0.1689822365998279
AdaBoost,No SMOTE,0,0,0.1744311028445886
AdaBoost,No SMOTE,0,0,0.17726965587952628
AdaBoost,No SMOTE,0,0,0.1744311028445886
AdaBoost,No SMOTE,0,0,0.22493649393812828
AdaBoost,No SMOTE,0,0,0.17726965587952628
AdaBoost,No SMOTE,0,0,0.1744311028445886
AdaBoost,No SMOTE,0,0,0.22493649393812828
AdaBoost,No SMOTE,0,0,0.21607329118820193
AdaBoost,No SMOTE,0,0,0.1744311028445886
AdaBoost,No SMOTE,0,0,0.11920292202211763
AdaBoost,No SMOTE,0,0,0.1689822365998279
AdaBoost,No SMOTE,0,0,0.1689822365998279
AdaBoost,No SMOTE,0,0,0.22493649393812828
AdaBoost,No SMOTE,0,0,0.1689822365998279
AdaBoost,No SMOTE,0,0,0.1689822365998279
AdaBoost,No SMOTE,0,0,0.1431423024436669
AdaBoost,No SMOTE,0,0,0.2193403423397052
AdaBoost,No SMOTE,0,0,0.17726965587952628
AdaBoost,No SMOTE,0,0,0.1744311028445886
AdaBoost,No SMOTE,0,0,0.21607329118820193
AdaBoost,No SMOTE,0,0,0.1689822365998279
AdaBoost,No SMOTE,0,0,0.1689822365998279
AdaBoost,No SMOTE,0,0,0.22493649393812828
AdaBoost,No SMOTE,0,0,0.1689822365998279
AdaBoost,No SMOTE,0,0,0.1689822365998279
AdaBoost,No SMOTE,0,0,0.21607329118820193
AdaBoost,No SMOTE,0,0,0.1431363477165842
AdaBoost,No SMOTE,0,0,0.25081468689261593
AdaBoost,No SMOTE,0,0,0.13586401457059089
AdaBoost,No SMOTE,0,0,0.11920292202211763
AdaBoost,No SMOTE,0,0,0.17726965587952628
AdaBoost,No SMOTE,0,0,0.14895992415852724
AdaBoost,No SMOTE,0,0,0.1744311028445886
AdaBoost,No SMOTE,0,0,0.13019713023369225
AdaBoost,No SMOTE,0,0,0.1689822365998279
AdaBoost,No SMOTE,0,0,0.13019713023369225
AdaBoost,No SMOTE,0,0,0.22493649393812828
AdaBoost,No SMOTE,0,0,0.11920292202211763
AdaBoost,No SMOTE,0,0,0.1689822365998279
AdaBoost,No SMOTE,0,0,0.16342013312650427
AdaBoost,No SMOTE,0,0,0.1744311028445886
AdaBoost,No SMOTE,0,0,0.17726965587952628
AdaBoost,No SMOTE,0,0,0.1431423024436669
AdaBoost,No SMOTE,0,0,0.17726965587952628
AdaBoost,No SMOTE,0,0,0.17726965587952628
AdaBoost,No SMOTE,0,0,0.1689822365998279
AdaBoost,No SMOTE,0,0,0.17726965587952628
AdaBoost,No SMOTE,0,0,0.1431423024436669
AdaBoost,No SMOTE,0,0,0.17726965587952628
AdaBoost,No SMOTE,0,0,0.17133680384090874
AdaBoost,No SMOTE,0,0,0.22493649393812828
AdaBoost,No SMOTE,0,0,0.191758796857404
AdaBoost,No SMOTE,0,0,0.16895403564617684
AdaBoost,No SMOTE,0,0,0.22493649393812828
AdaBoost,No SMOTE,0,0,0.22493649393812828
AdaBoost,No SMOTE,0,0,0.191758796857404
AdaBoost,No SMOTE,0,0,0.1689822365998279
AdaBoost,No SMOTE,0,0,0.1744311028445886
AdaBoost,No SMOTE,0,0,0.17726965587952628
AdaBoost,No SMOTE,0,0,0.13586401457059089
AdaBoost,No SMOTE,0,0,0.1744311028445886
AdaBoost,No SMOTE,0,0,0.1689822365998279
AdaBoost,No SMOTE,0,0,0.13019713023369225
AdaBoost,No SMOTE,0,0,0.17726965587952628
AdaBoost,No SMOTE,0,0,0.21928751511544514
AdaBoost,No SMOTE,0,0,0.1431423024436669
AdaBoost,No SMOTE,0,0,0.13586401457059089
AdaBoost,No SMOTE,0,0,0.13586401457059089
AdaBoost,No SMOTE,0,0,0.1744311028445886
AdaBoost,No SMOTE,0,0,0.1744311028445886
AdaBoost,No SMOTE,0,0,0.21607329118820193
AdaBoost,No SMOTE,0,0,0.1689822365998279
AdaBoost,No SMOTE,0,0,0.13019713023369225
AdaBoost,No SMOTE,0,0,0.13019713023369225
AdaBoost,No SMOTE,0,0,0.2193403423397052
AdaBoost,No SMOTE,0,0,0.18800989342479768
AdaBoost,No SMOTE,0,0,0.14895992415852724
AdaBoost,No SMOTE,0,0,0.17726965587952628
AdaBoost,No SMOTE,0,0,0.1689822365998279
AdaBoost,No SMOTE,0,0,0.16618389338377842
AdaBoost,No SMOTE,0,0,0.1689822365998279
AdaBoost,No SMOTE,0,0,0.11920292202211763
AdaBoost,No SMOTE,0,0,0.16342013312650427
AdaBoost,No SMOTE,0,0,0.16618389338377842
AdaBoost,No SMOTE,0,0,0.16342013312650427
AdaBoost,No SMOTE,0,0,0.1744311028445886
AdaBoost,No SMOTE,0,0,0.17726965587952628
AdaBoost,No SMOTE,0,0,0.17726965587952628
AdaBoost,No SMOTE,0,0,0.1744311028445886
AdaBoost,No SMOTE,0,0,0.1689822365998279
AdaBoost,No SMOTE,0,0,0.1431423024436669
AdaBoost,No SMOTE,0,0,0.191758796857404
AdaBoost,No SMOTE,0,0,0.17726965587952628
AdaBoost,No SMOTE,0,0,0.1689822365998279
AdaBoost,No SMOTE,0,0,0.1689822365998279
AdaBoost,No SMOTE,0,0,0.1689822365998279
AdaBoost,No SMOTE,0,0,0.17726965587952628
AdaBoost,No SMOTE,0,0,0.13019713023369225
AdaBoost,No SMOTE,0,0,0.14895992415852724
AdaBoost,No SMOTE,0,0,0.22493649393812828
AdaBoost,No SMOTE,0,0,0.22493649393812828
AdaBoost,No SMOTE,0,0,0.16203849466010875
AdaBoost,No SMOTE,0,0,0.1689822365998279
AdaBoost,No SMOTE,0,0,0.18496367037446623
AdaBoost,No SMOTE,0,0,0.1689822365998279
AdaBoost,No SMOTE,0,0,0.22493649393812828
AdaBoost,No SMOTE,0,0,0.1744311028445886
AdaBoost,No SMOTE,0,0,0.1456228192075175
AdaBoost,No SMOTE,0,0,0.16895403564617684
AdaBoost,No SMOTE,0,0,0.18800989342479768
AdaBoost,No SMOTE,0,0,0.13019713023369225
AdaBoost,No SMOTE,0,0,0.1689822365998279
AdaBoost,No SMOTE,0,0,0.1689822365998279
AdaBoost,No SMOTE,0,0,0.1744311028445886
AdaBoost,No SMOTE,0,0,0.225942801680166
AdaBoost,No SMOTE,0,0,0.1689822365998279
AdaBoost,No SMOTE,0,0,0.14895992415852724
AdaBoost,No SMOTE,0,0,0.18496367037446623
AdaBoost,No SMOTE,0,0,0.17726965587952628
AdaBoost,No SMOTE,0,0,0.1744311028445886
AdaBoost,No SMOTE,0,0,0.17726965587952628
AdaBoost,No SMOTE,0,0,0.1744311028445886
AdaBoost,No SMOTE,0,0,0.17726965587952628
AdaBoost,No SMOTE,0,0,0.1689822365998279
AdaBoost,No SMOTE,0,0,0.30796018348835746
AdaBoost,No SMOTE,0,0,0.17726965587952628
AdaBoost,No SMOTE,0,0,0.18496367037446623
AdaBoost,No SMOTE,0,0,0.1744311028445886
AdaBoost,No SMOTE,0,0,0.1719470769852437
AdaBoost,No SMOTE,0,0,0.14895992415852724
AdaBoost,No SMOTE,0,0,0.14895992415852724
AdaBoost,No SMOTE,0,0,0.1431423024436669
AdaBoost,No SMOTE,0,0,0.1431423024436669
AdaBoost,No SMOTE,0,0,0.17726965587952628
AdaBoost,No SMOTE,0,0,0.1689822365998279
AdaBoost,No SMOTE,0,0,0.21573524134425506
AdaBoost,No SMOTE,0,0,0.14895992415852724
AdaBoost,No SMOTE,0,0,0.13019713023369225
AdaBoost,No SMOTE,0,0,0.1689822365998279
AdaBoost,No SMOTE,0,0,0.1689822365998279
AdaBoost,No SMOTE,0,0,0.21607329118820193
AdaBoost,No SMOTE,0,0,0.1689822365998279
AdaBoost,No SMOTE,0,0,0.17643129068755622
AdaBoost,No SMOTE,0,0,0.1744311028445886
AdaBoost,No SMOTE,0,0,0.21607329118820193
AdaBoost,No SMOTE,0,0,0.2193403423397052
AdaBoost,No SMOTE,0,0,0.16618389338377842
AdaBoost,No SMOTE,0,0,0.2193403423397052
AdaBoost,No SMOTE,0,0,0.21607329118820193
AdaBoost,No SMOTE,0,0,0.1719470769852437
AdaBoost,No SMOTE,0,0,0.21607329118820193
AdaBoost,No SMOTE,0,0,0.17726965587952628
AdaBoost,No SMOTE,0,0,0.1431363477165842
AdaBoost,No SMOTE,0,0,0.20002774141121915
AdaBoost,No SMOTE,0,0,0.1689822365998279
AdaBoost,No SMOTE,0,0,0.16342013312650427
AdaBoost,No SMOTE,0,0,0.17726965587952628
AdaBoost,No SMOTE,0,0,0.17726965587952628
AdaBoost,No SMOTE,0,0,0.22493649393812828
AdaBoost,No SMOTE,0,0,0.1456228192075175
AdaBoost,No SMOTE,0,0,0.16895403564617684
AdaBoost,No SMOTE,0,0,0.1744311028445886
AdaBoost,No SMOTE,0,0,0.1744311028445886
AdaBoost,No SMOTE,0,0,0.191758796857404
AdaBoost,No SMOTE,0,0,0.1744311028445886
AdaBoost,No SMOTE,0,0,0.1689822365998279
AdaBoost,No SMOTE,0,0,0.1689822365998279
AdaBoost,No SMOTE,0,0,0.1689822365998279
AdaBoost,No SMOTE,0,0,0.1689822365998279
AdaBoost,No SMOTE,0,0,0.17726965587952628
AdaBoost,No SMOTE,0,0,0.1744311028445886
AdaBoost,No SMOTE,0,0,0.1689822365998279
AdaBoost,No SMOTE,0,0,0.14895992415852724
AdaBoost,No SMOTE,0,0,0.17726965587952628
AdaBoost,No SMOTE,0,0,0.13586401457059089
AdaBoost,No SMOTE,0,0,0.2193403423397052
AdaBoost,No SMOTE,0,0,0.13019713023369225
AdaBoost,No SMOTE,0,0,0.21607329118820193
AdaBoost,No SMOTE,0,0,0.1744311028445886
AdaBoost,No SMOTE,0,0,0.22017433581447826
AdaBoost,No SMOTE,0,0,0.13586401457059089
AdaBoost,No SMOTE,0,0,0.13019713023369225
AdaBoost,No SMOTE,0,0,0.17726965587952628
AdaBoost,No SMOTE,0,0,0.1431423024436669
AdaBoost,No SMOTE,0,0,0.16342013312650427
AdaBoost,No SMOTE,0,0,0.1689822365998279
AdaBoost,No SMOTE,0,0,0.1998789329879396
AdaBoost,No SMOTE,0,0,0.16342013312650427
AdaBoost,No SMOTE,0,0,0.14895992415852724
AdaBoost,No SMOTE,0,0,0.22493649393812828
AdaBoost,No SMOTE,0,0,0.17726965587952628
AdaBoost,No SMOTE,0,0,0.17726965587952628
AdaBoost,No SMOTE,0,0,0.18800989342479768
AdaBoost,No SMOTE,0,0,0.19805707668831612
AdaBoost,No SMOTE,0,0,0.14895992415852724
AdaBoost,No SMOTE,0,0,0.1744311028445886
AdaBoost,No SMOTE,0,0,0.1744311028445886
AdaBoost,No SMOTE,0,0,0.17726965587952628
AdaBoost,No SMOTE,0,0,0.17726965587952628
AdaBoost,No SMOTE,0,0,0.1689822365998279
AdaBoost,No SMOTE,0,0,0.16342013312650427
AdaBoost,No SMOTE,0,0,0.1744311028445886
AdaBoost,No SMOTE,0,0,0.18800989342479768
AdaBoost,No SMOTE,0,0,0.1744311028445886
AdaBoost,No SMOTE,0,0,0.18800989342479768
AdaBoost,No SMOTE,0,0,0.1689822365998279
AdaBoost,No SMOTE,0,0,0.1689822365998279
AdaBoost,No SMOTE,0,0,0.11920292202211763
AdaBoost,No SMOTE,0,0,0.17726965587952628
AdaBoost,No SMOTE,0,0,0.1744311028445886
AdaBoost,No SMOTE,0,0,0.1689822365998279
AdaBoost,No SMOTE,0,0,0.17726965587952628
AdaBoost,No SMOTE,0,0,0.1744311028445886
AdaBoost,No SMOTE,0,0,0.11920292202211763
AdaBoost,No SMOTE,0,0,0.17726965587952628
AdaBoost,No SMOTE,0,0,0.22493649393812828
AdaBoost,No SMOTE,0,0,0.18800989342479768
AdaBoost,No SMOTE,0,0,0.22493649393812828
AdaBoost,No SMOTE,0,0,0.14895992415852724
AdaBoost,No SMOTE,0,0,0.11920292202211763
AdaBoost,No SMOTE,0,0,0.1689822365998279
AdaBoost,No SMOTE,0,0,0.17726965587952628
AdaBoost,No SMOTE,0,0,0.22044238283982498
AdaBoost,No SMOTE,0,0,0.1689822365998279
AdaBoost,No SMOTE,0,0,0.1689822365998279
AdaBoost,No SMOTE,0,0,0.1689822365998279
AdaBoost,No SMOTE,0,0,0.1744311028445886
AdaBoost,No SMOTE,0,0,0.1431423024436669
AdaBoost,No SMOTE,0,0,0.17726965587952628
AdaBoost,No SMOTE,0,0,0.14895992415852724
AdaBoost,No SMOTE,0,0,0.13019713023369225
AdaBoost,No SMOTE,0,0,0.1456228192075175
AdaBoost,No SMOTE,0,0,0.14895992415852724
AdaBoost,No SMOTE,0,0,0.18800989342479768
AdaBoost,No SMOTE,0,0,0.17726965587952628
AdaBoost,No SMOTE,0,0,0.1689822365998279
AdaBoost,No SMOTE,0,0,0.1744311028445886
AdaBoost,No SMOTE,0,0,0.17726965587952628
AdaBoost,No SMOTE,0,0,0.13019713023369225
AdaBoost,No SMOTE,0,0,0.18800989342479768
AdaBoost,No SMOTE,0,0,0.17726965587952628
AdaBoost,No SMOTE,0,0,0.16203849466010875
AdaBoost,No SMOTE,0,0,0.1689822365998279
AdaBoost,No SMOTE,0,0,0.16342013312650427
AdaBoost,No SMOTE,0,0,0.22843520662470906
AdaBoost,No SMOTE,0,0,0.22176486665410824
AdaBoost,No SMOTE,0,0,0.13019713023369225
AdaBoost,No SMOTE,0,0,0.17726965587952628
AdaBoost,No SMOTE,0,0,0.13019713023369225
AdaBoost,No SMOTE,0,0,0.16867357177983938
AdaBoost,No SMOTE,0,0,0.13019713023369225
AdaBoost,No SMOTE,0,0,0.13019713023369225
AdaBoost,No SMOTE,0,0,0.1998789329879396
AdaBoost,No SMOTE,0,0,0.1744311028445886
AdaBoost,No SMOTE,0,0,0.1689822365998279
AdaBoost,No SMOTE,0,0,0.17726965587952628
AdaBoost,No SMOTE,0,0,0.16618389338377842
AdaBoost,No SMOTE,0,0,0.1689822365998279
AdaBoost,No SMOTE,0,0,0.22493649393812828
AdaBoost,No SMOTE,0,0,0.1744311028445886
AdaBoost,No SMOTE,0,0,0.1744311028445886
AdaBoost,No SMOTE,0,0,0.17726965587952628
AdaBoost,No SMOTE,0,0,0.1744311028445886
AdaBoost,No SMOTE,0,0,0.17726965587952628
AdaBoost,No SMOTE,0,0,0.1744311028445886
AdaBoost,No SMOTE,0,0,0.17726965587952628
AdaBoost,No SMOTE,0,0,0.1744311028445886
AdaBoost,No SMOTE,0,0,0.16618389338377842
AdaBoost,No SMOTE,0,0,0.13586401457059089
AdaBoost,No SMOTE,0,0,0.1689822365998279
AdaBoost,No SMOTE,0,0,0.1744311028445886
AdaBoost,No SMOTE,0,0,0.13019713023369225
AdaBoost,No SMOTE,0,0,0.1744311028445886
AdaBoost,No SMOTE,0,0,0.1689822365998279
AdaBoost,No SMOTE,0,0,0.1719470769852437
AdaBoost,No SMOTE,0,0,0.1689822365998279
AdaBoost,No SMOTE,0,0,0.1689822365998279
AdaBoost,No SMOTE,0,0,0.1689822365998279
AdaBoost,No SMOTE,0,0,0.1689822365998279
AdaBoost,No SMOTE,0,0,0.18800989342479768
AdaBoost,No SMOTE,0,0,0.16867357177983938
AdaBoost,No SMOTE,0,0,0.16618389338377842
AdaBoost,No SMOTE,0,0,0.1689822365998279
AdaBoost,No SMOTE,0,0,0.16895403564617684
AdaBoost,No SMOTE,0,0,0.14895992415852724
AdaBoost,No SMOTE,0,0,0.11920292202211763
AdaBoost,No SMOTE,0,0,0.1744311028445886
AdaBoost,No SMOTE,0,0,0.22493649393812828
AdaBoost,No SMOTE,0,0,0.1431423024436669
AdaBoost,No SMOTE,0,0,0.1689822365998279
AdaBoost,No SMOTE,0,0,0.1744311028445886
AdaBoost,No SMOTE,0,0,0.16895403564617684
AdaBoost,No SMOTE,0,0,0.22493649393812828
AdaBoost,No SMOTE,0,0,0.1689822365998279
AdaBoost,No SMOTE,0,0,0.1744311028445886
AdaBoost,No SMOTE,0,0,0.21928751511544514
AdaBoost,No SMOTE,0,0,0.13019713023369225
AdaBoost,No SMOTE,0,0,0.16342013312650427
AdaBoost,No SMOTE,0,0,0.18496367037446623
AdaBoost,No SMOTE,0,0,0.14895992415852724
AdaBoost,No SMOTE,0,0,0.11920292202211763
AdaBoost,No SMOTE,0,0,0.1744311028445886
AdaBoost,No SMOTE,0,0,0.1744311028445886
AdaBoost,No SMOTE,0,0,0.1431423024436669
AdaBoost,No SMOTE,0,0,0.16867357177983938
AdaBoost,No SMOTE,0,0,0.1744311028445886
AdaBoost,No SMOTE,0,0,0.13019713023369225
AdaBoost,No SMOTE,0,0,0.1689822365998279
AdaBoost,No SMOTE,0,0,0.1689822365998279
AdaBoost,No SMOTE,0,0,0.191758796857404
AdaBoost,No SMOTE,0,0,0.21607329118820193
AdaBoost,No SMOTE,0,0,0.16618389338377842
AdaBoost,No SMOTE,0,0,0.1689822365998279
AdaBoost,No SMOTE,0,0,0.17726965587952628
AdaBoost,No SMOTE,0,0,0.22493649393812828
AdaBoost,No SMOTE,0,0,0.16203849466010875
AdaBoost,No SMOTE,0,0,0.17726965587952628
AdaBoost,No SMOTE,0,0,0.18800989342479768
AdaBoost,No SMOTE,0,0,0.11920292202211763
AdaBoost,No SMOTE,0,0,0.16342013312650427
AdaBoost,No SMOTE,0,0,0.17726965587952628
AdaBoost,No SMOTE,0,0,0.22017433581447826
AdaBoost,No SMOTE,0,0,0.16203849466010875
AdaBoost,No SMOTE,0,0,0.205659675438033
AdaBoost,No SMOTE,0,0,0.14895992415852724
AdaBoost,No SMOTE,0,0,0.14895992415852724
AdaBoost,No SMOTE,0,0,0.1456228192075175
AdaBoost,No SMOTE,0,0,0.17726965587952628
AdaBoost,No SMOTE,0,0,0.1689822365998279
AdaBoost,No SMOTE,0,0,0.19090832035678107
AdaBoost,No SMOTE,0,0,0.14895992415852724
AdaBoost,No SMOTE,0,0,0.17726965587952628
AdaBoost,No SMOTE,0,0,0.1744311028445886
AdaBoost,No SMOTE,0,0,0.1744311028445886
AdaBoost,No SMOTE,0,0,0.13019713023369225
AdaBoost,No SMOTE,0,0,0.1456228192075175
AdaBoost,No SMOTE,0,0,0.1744311028445886
AdaBoost,No SMOTE,0,0,0.22493649393812828
AdaBoost,No SMOTE,0,0,0.17726965587952628
AdaBoost,No SMOTE,0,0,0.17726965587952628
AdaBoost,No SMOTE,0,0,0.1744311028445886
AdaBoost,No SMOTE,0,0,0.17726965587952628
AdaBoost,No SMOTE,0,0,0.1456228192075175
AdaBoost,No SMOTE,0,0,0.1689822365998279
AdaBoost,No SMOTE,0,0,0.1431423024436669
AdaBoost,No SMOTE,0,0,0.11920292202211763
AdaBoost,No SMOTE,0,0,0.2193403423397052
AdaBoost,No SMOTE,0,0,0.17726965587952628
AdaBoost,No SMOTE,0,0,0.17726965587952628
AdaBoost,No SMOTE,0,0,0.1744311028445886
AdaBoost,No SMOTE,0,0,0.1689822365998279
AdaBoost,No SMOTE,0,0,0.17726965587952628
AdaBoost,No SMOTE,0,0,0.18800989342479768
AdaBoost,No SMOTE,0,0,0.1689822365998279
AdaBoost,No SMOTE,0,0,0.17726965587952628
AdaBoost,No SMOTE,0,0,0.17726965587952628
AdaBoost,No SMOTE,0,0,0.1689822365998279
AdaBoost,No SMOTE,0,0,0.1744311028445886
AdaBoost,No SMOTE,0,0,0.1689822365998279
AdaBoost,No SMOTE,0,0,0.1786840584100862
AdaBoost,No SMOTE,0,0,0.1689822365998279
AdaBoost,No SMOTE,0,0,0.205659675438033
AdaBoost,No SMOTE,0,0,0.14895992415852724
AdaBoost,No SMOTE,0,0,0.191758796857404
AdaBoost,No SMOTE,0,0,0.22493649393812828
AdaBoost,No SMOTE,0,0,0.16342013312650427
AdaBoost,No SMOTE,0,0,0.17726965587952628
AdaBoost,No SMOTE,0,0,0.1689822365998279
AdaBoost,No SMOTE,0,0,0.16342013312650427
AdaBoost,No SMOTE,0,0,0.1689822365998279
AdaBoost,No SMOTE,0,0,0.17726965587952628
AdaBoost,No SMOTE,0,0,0.17726965587952628
AdaBoost,No SMOTE,0,0,0.17726965587952628
AdaBoost,No SMOTE,0,0,0.17726965587952628
AdaBoost,No SMOTE,0,0,0.1744311028445886
AdaBoost,No SMOTE,0,0,0.1689822365998279
AdaBoost,No SMOTE,0,0,0.1689822365998279
AdaBoost,No SMOTE,0,0,0.1744311028445886
AdaBoost,No SMOTE,0,0,0.1744311028445886
AdaBoost,No SMOTE,0,0,0.18800989342479768
AdaBoost,No SMOTE,0,0,0.13586401457059089
AdaBoost,No SMOTE,0,0,0.14895992415852724
AdaBoost,No SMOTE,0,0,0.1689822365998279
AdaBoost,No SMOTE,0,0,0.16203849466010875
AdaBoost,No SMOTE,0,0,0.1744311028445886
AdaBoost,No SMOTE,0,0,0.1456228192075175
AdaBoost,No SMOTE,0,0,0.17043552930931818
AdaBoost,No SMOTE,0,0,0.191758796857404
AdaBoost,No SMOTE,0,0,0.1689822365998279
AdaBoost,No SMOTE,0,0,0.1744311028445886
AdaBoost,No SMOTE,0,0,0.17726965587952628
AdaBoost,No SMOTE,0,0,0.1689822365998279
AdaBoost,No SMOTE,0,0,0.22493649393812828
AdaBoost,No SMOTE,0,0,0.1744311028445886
AdaBoost,No SMOTE,0,0,0.18496367037446623
AdaBoost,No SMOTE,0,0,0.16203849466010875
AdaBoost,No SMOTE,0,0,0.22493649393812828
AdaBoost,No SMOTE,0,0,0.1744311028445886
AdaBoost,No SMOTE,0,0,0.1744311028445886
AdaBoost,No SMOTE,0,0,0.1689822365998279
AdaBoost,No SMOTE,0,0,0.16342013312650427
AdaBoost,No SMOTE,0,0,0.1689822365998279
AdaBoost,No SMOTE,0,0,0.2211488914469814
AdaBoost,No SMOTE,0,0,0.17726965587952628
AdaBoost,No SMOTE,0,0,0.1931443810264556
AdaBoost,No SMOTE,0,0,0.1744311028445886
AdaBoost,No SMOTE,0,0,0.205659675438033
AdaBoost,No SMOTE,0,0,0.1689822365998279
AdaBoost,No SMOTE,0,0,0.1744311028445886
AdaBoost,No SMOTE,0,0,0.14895992415852724
AdaBoost,No SMOTE,0,0,0.13586401457059089
AdaBoost,No SMOTE,0,0,0.1689822365998279
AdaBoost,No SMOTE,0,0,0.1744311028445886
AdaBoost,No SMOTE,0,0,0.2193403423397052
AdaBoost,No SMOTE,0,0,0.1689822365998279
AdaBoost,No SMOTE,0,0,0.17133680384090874
AdaBoost,No SMOTE,0,0,0.17726965587952628
AdaBoost,No SMOTE,0,0,0.17726965587952628
AdaBoost,No SMOTE,0,0,0.16342013312650427
AdaBoost,No SMOTE,0,0,0.13019713023369225
AdaBoost,No SMOTE,0,0,0.13586401457059089
AdaBoost,No SMOTE,0,0,0.1689822365998279
AdaBoost,No SMOTE,0,0,0.1689822365998279
AdaBoost,No SMOTE,0,0,0.1689822365998279
AdaBoost,No SMOTE,0,0,0.1689822365998279
AdaBoost,No SMOTE,0,0,0.1744311028445886
AdaBoost,No SMOTE,0,0,0.25081468689261593
AdaBoost,No SMOTE,0,0,0.16342013312650427
AdaBoost,No SMOTE,0,0,0.1689822365998279
AdaBoost,No SMOTE,0,0,0.17726965587952628
AdaBoost,No SMOTE,0,0,0.21607329118820193
AdaBoost,No SMOTE,0,0,0.14895992415852724
AdaBoost,No SMOTE,0,0,0.14895992415852724
AdaBoost,No SMOTE,0,0,0.1719470769852437
AdaBoost,No SMOTE,0,0,0.17726965587952628
AdaBoost,No SMOTE,0,0,0.13586401457059089
AdaBoost,No SMOTE,0,0,0.17726965587952628
AdaBoost,No SMOTE,0,0,0.22017433581447826
AdaBoost,No SMOTE,0,0,0.13586401457059089
AdaBoost,No SMOTE,0,0,0.17726965587952628
AdaBoost,No SMOTE,0,0,0.1744311028445886
AdaBoost,No SMOTE,0,0,0.14895992415852724
AdaBoost,No SMOTE,0,0,0.1744311028445886
AdaBoost,No SMOTE,0,0,0.2193403423397052
AdaBoost,No SMOTE,0,0,0.13586401457059089
AdaBoost,No SMOTE,0,0,0.2193403423397052
AdaBoost,No SMOTE,0,0,0.17726965587952628
AdaBoost,No SMOTE,0,0,0.13586401457059089
AdaBoost,No SMOTE,0,0,0.1719470769852437
AdaBoost,No SMOTE,0,0,0.1744311028445886
AdaBoost,No SMOTE,0,0,0.22493649393812828
AdaBoost,No SMOTE,0,0,0.1689822365998279
AdaBoost,No SMOTE,0,0,0.16342013312650427
AdaBoost,No SMOTE,0,0,0.23435506113090693
AdaBoost,No SMOTE,0,0,0.1689822365998279
AdaBoost,No SMOTE,0,0,0.12571318351519803
AdaBoost,No SMOTE,0,0,0.1689822365998279
AdaBoost,No SMOTE,0,0,0.16342013312650427
AdaBoost,No SMOTE,0,0,0.17726965587952628
AdaBoost,No SMOTE,0,0,0.1689822365998279
AdaBoost,No SMOTE,0,0,0.14895992415852724
AdaBoost,No SMOTE,0,0,0.13019713023369225
AdaBoost,No SMOTE,0,0,0.18800989342479768
AdaBoost,No SMOTE,0,0,0.21607329118820193
AdaBoost,No SMOTE,0,0,0.13586401457059089
AdaBoost,No SMOTE,0,0,0.17726965587952628
AdaBoost,No SMOTE,0,0,0.16342013312650427
AdaBoost,No SMOTE,0,0,0.18800989342479768
AdaBoost,No SMOTE,0,0,0.1744311028445886
AdaBoost,No SMOTE,0,0,0.1931443810264556
AdaBoost,No SMOTE,0,0,0.1689822365998279
AdaBoost,No SMOTE,0,0,0.14895992415852724
AdaBoost,No SMOTE,0,0,0.1689822365998279
AdaBoost,No SMOTE,0,0,0.17726965587952628
AdaBoost,No SMOTE,0,0,0.17726965587952628
AdaBoost,No SMOTE,0,0,0.14895992415852724
AdaBoost,No SMOTE,0,0,0.191758796857404
AdaBoost,No SMOTE,0,0,0.20002774141121915
AdaBoost,No SMOTE,0,0,0.1689822365998279
AdaBoost,No SMOTE,0,0,0.1744311028445886
AdaBoost,No SMOTE,0,0,0.1689822365998279
AdaBoost,No SMOTE,0,0,0.1689822365998279
AdaBoost,No SMOTE,0,0,0.1689822365998279
AdaBoost,No SMOTE,0,0,0.14895992415852724
AdaBoost,No SMOTE,0,0,0.1431363477165842
AdaBoost,No SMOTE,0,0,0.2193403423397052
AdaBoost,No SMOTE,0,0,0.14895992415852724
AdaBoost,No SMOTE,0,0,0.13586401457059089
AdaBoost,No SMOTE,0,0,0.2193403423397052
AdaBoost,No SMOTE,0,0,0.17726965587952628
AdaBoost,No SMOTE,0,0,0.1689822365998279
AdaBoost,No SMOTE,0,0,0.2193403423397052
AdaBoost,No SMOTE,0,0,0.16342013312650427
AdaBoost,No SMOTE,0,0,0.17726965587952628
AdaBoost,No SMOTE,0,0,0.1689822365998279
AdaBoost,No SMOTE,0,0,0.1689822365998279
AdaBoost,No SMOTE,0,0,0.21907325876335335
AdaBoost,No SMOTE,0,0,0.16895403564617684
AdaBoost,No SMOTE,0,0,0.17726965587952628
AdaBoost,No SMOTE,0,0,0.1744311028445886
AdaBoost,No SMOTE,0,0,0.1689822365998279
AdaBoost,No SMOTE,0,0,0.1431423024436669
AdaBoost,No SMOTE,0,0,0.13019713023369225
AdaBoost,No SMOTE,0,0,0.17726965587952628
AdaBoost,No SMOTE,0,0,0.14895992415852724
AdaBoost,No SMOTE,0,0,0.2193403423397052
AdaBoost,No SMOTE,0,0,0.14895992415852724
AdaBoost,No SMOTE,0,0,0.14895992415852724
AdaBoost,No SMOTE,0,0,0.1689822365998279
AdaBoost,No SMOTE,0,0,0.1689822365998279
AdaBoost,No SMOTE,0,0,0.20002774141121915
AdaBoost,No SMOTE,0,0,0.18800989342479768
AdaBoost,No SMOTE,0,0,0.191758796857404
AdaBoost,No SMOTE,0,0,0.1744311028445886
AdaBoost,No SMOTE,0,0,0.14895992415852724
AdaBoost,No SMOTE,0,0,0.13019713023369225
AdaBoost,No SMOTE,0,0,0.17726965587952628
AdaBoost,No SMOTE,0,0,0.1689822365998279
AdaBoost,No SMOTE,0,0,0.17726965587952628
AdaBoost,No SMOTE,0,0,0.14895992415852724
AdaBoost,No SMOTE,0,0,0.17726965587952628
AdaBoost,No SMOTE,0,0,0.17726965587952628
AdaBoost,No SMOTE,0,0,0.16203849466010875
AdaBoost,No SMOTE,0,0,0.1744311028445886
AdaBoost,No SMOTE,0,0,0.2193403423397052
AdaBoost,No SMOTE,0,0,0.22493649393812828
AdaBoost,No SMOTE,0,0,0.16203849466010875
AdaBoost,No SMOTE,0,0,0.1689822365998279
AdaBoost,No SMOTE,0,0,0.22493649393812828
AdaBoost,No SMOTE,0,0,0.16618389338377842
AdaBoost,No SMOTE,0,0,0.21607329118820193
AdaBoost,No SMOTE,0,0,0.1744311028445886
AdaBoost,No SMOTE,0,0,0.22493649393812828
AdaBoost,No SMOTE,0,0,0.1744311028445886
AdaBoost,No SMOTE,0,0,0.1689822365998279
AdaBoost,No SMOTE,0,0,0.17726965587952628
AdaBoost,No SMOTE,0,0,0.16342013312650427
AdaBoost,No SMOTE,0,0,0.17726965587952628
AdaBoost,No SMOTE,0,0,0.13019713023369225
AdaBoost,No SMOTE,0,0,0.17726965587952628
AdaBoost,No SMOTE,0,0,0.1719470769852437
AdaBoost,No SMOTE,0,0,0.2193403423397052
AdaBoost,No SMOTE,0,0,0.1744311028445886
AdaBoost,No SMOTE,0,0,0.13586401457059089
AdaBoost,No SMOTE,0,0,0.21607329118820193
AdaBoost,No SMOTE,0,0,0.22493649393812828
AdaBoost,No SMOTE,0,0,0.16342013312650427
AdaBoost,No SMOTE,0,0,0.18800989342479768
AdaBoost,No SMOTE,0,0,0.1689822365998279
AdaBoost,No SMOTE,0,0,0.1431423024436669
AdaBoost,No SMOTE,0,0,0.2193403423397052
AdaBoost,No SMOTE,0,0,0.1689822365998279
AdaBoost,No SMOTE,0,0,0.14895992415852724
AdaBoost,No SMOTE,0,0,0.22493649393812828
AdaBoost,No SMOTE,0,0,0.17726965587952628
AdaBoost,No SMOTE,0,0,0.18800989342479768
AdaBoost,No SMOTE,0,0,0.1689822365998279
AdaBoost,No SMOTE,0,0,0.1689822365998279
AdaBoost,No SMOTE,0,0,0.1744311028445886
AdaBoost,No SMOTE,0,0,0.1744311028445886
AdaBoost,No SMOTE,0,0,0.22493649393812828
AdaBoost,No SMOTE,0,0,0.2193403423397052
AdaBoost,No SMOTE,0,0,0.17726965587952628
AdaBoost,No SMOTE,0,0,0.1431363477165842
AdaBoost,No SMOTE,0,0,0.1689822365998279
AdaBoost,No SMOTE,0,0,0.22017433581447826
AdaBoost,No SMOTE,0,0,0.17726965587952628
AdaBoost,No SMOTE,0,0,0.1689822365998279
AdaBoost,No SMOTE,0,0,0.2193403423397052
AdaBoost,No SMOTE,0,0,0.1431423024436669
AdaBoost,No SMOTE,0,0,0.2193403423397052
AdaBoost,No SMOTE,0,0,0.1431423024436669
AdaBoost,No SMOTE,0,0,0.1744311028445886
AdaBoost,No SMOTE,0,0,0.17726965587952628
AdaBoost,No SMOTE,0,0,0.13019713023369225
AdaBoost,No SMOTE,0,0,0.17726965587952628
AdaBoost,No SMOTE,0,0,0.17726965587952628
AdaBoost,No SMOTE,0,0,0.17726965587952628
AdaBoost,No SMOTE,0,0,0.14895992415852724
AdaBoost,No SMOTE,0,0,0.1689822365998279
AdaBoost,No SMOTE,0,0,0.2193403423397052
AdaBoost,No SMOTE,0,0,0.17726965587952628
AdaBoost,No SMOTE,0,0,0.17726965587952628
AdaBoost,No SMOTE,0,0,0.21928751511544514
AdaBoost,No SMOTE,0,0,0.14895992415852724
AdaBoost,No SMOTE,0,0,0.1689822365998279
AdaBoost,No SMOTE,0,0,0.17726965587952628
AdaBoost,No SMOTE,0,0,0.1689822365998279
AdaBoost,No SMOTE,0,0,0.21607329118820193
AdaBoost,No SMOTE,0,0,0.1744311028445886
AdaBoost,No SMOTE,0,0,0.1431423024436669
AdaBoost,No SMOTE,0,0,0.18800989342479768
AdaBoost,No SMOTE,0,0,0.22493649393812828
AdaBoost,No SMOTE,0,0,0.16342013312650427
AdaBoost,No SMOTE,0,0,0.1689822365998279
AdaBoost,No SMOTE,0,0,0.18496367037446623
AdaBoost,No SMOTE,0,0,0.17726965587952628
AdaBoost,No SMOTE,0,0,0.17726965587952628
AdaBoost,No SMOTE,0,0,0.16895403564617684
AdaBoost,No SMOTE,0,0,0.1689822365998279
AdaBoost,No SMOTE,0,0,0.17726965587952628
AdaBoost,No SMOTE,0,0,0.1719470769852437
AdaBoost,No SMOTE,0,0,0.191758796857404
AdaBoost,No SMOTE,0,0,0.17726965587952628
AdaBoost,No SMOTE,0,0,0.1744311028445886
AdaBoost,No SMOTE,0,0,0.22493649393812828
AdaBoost,No SMOTE,0,0,0.1744311028445886
AdaBoost,No SMOTE,0,0,0.17726965587952628
AdaBoost,No SMOTE,0,0,0.17726965587952628
AdaBoost,No SMOTE,0,0,0.17726965587952628
AdaBoost,No SMOTE,0,0,0.17726965587952628
AdaBoost,No SMOTE,0,0,0.16342013312650427
AdaBoost,No SMOTE,0,0,0.1744311028445886
AdaBoost,No SMOTE,0,0,0.1689822365998279
AdaBoost,No SMOTE,0,0,0.1744311028445886
AdaBoost,No SMOTE,0,0,0.1689822365998279
AdaBoost,No SMOTE,0,0,0.1744311028445886
AdaBoost,No SMOTE,0,0,0.1744311028445886
AdaBoost,No SMOTE,0,0,0.1689822365998279
AdaBoost,No SMOTE,0,0,0.13586401457059089
AdaBoost,No SMOTE,0,0,0.17726965587952628
AdaBoost,No SMOTE,0,0,0.17726965587952628
AdaBoost,No SMOTE,0,0,0.1744311028445886
AdaBoost,No SMOTE,0,0,0.17043552930931818
AdaBoost,No SMOTE,0,0,0.18496367037446623
AdaBoost,No SMOTE,0,0,0.1689822365998279
AdaBoost,No SMOTE,0,0,0.1744311028445886
AdaBoost,No SMOTE,0,0,0.18800989342479768
AdaBoost,No SMOTE,0,0,0.23435506113090693
AdaBoost,No SMOTE,0,0,0.13019713023369225
AdaBoost,No SMOTE,0,0,0.1431423024436669
AdaBoost,No SMOTE,0,0,0.1744311028445886
AdaBoost,No SMOTE,0,0,0.21928751511544514
AdaBoost,No SMOTE,0,0,0.22493649393812828
AdaBoost,No SMOTE,0,0,0.13019713023369225
AdaBoost,No SMOTE,0,0,0.1744311028445886
AdaBoost,No SMOTE,0,0,0.17726965587952628
AdaBoost,No SMOTE,0,0,0.17726965587952628
AdaBoost,No SMOTE,0,0,0.1431363477165842
AdaBoost,No SMOTE,0,0,0.1689822365998279
AdaBoost,No SMOTE,0,0,0.1744311028445886
AdaBoost,No SMOTE,0,0,0.1689822365998279
AdaBoost,No SMOTE,0,0,0.191758796857404
AdaBoost,No SMOTE,0,0,0.11920292202211763
AdaBoost,No SMOTE,0,0,0.1689822365998279
AdaBoost,No SMOTE,0,0,0.17726965587952628
AdaBoost,No SMOTE,0,0,0.14895992415852724
AdaBoost,No SMOTE,0,0,0.1744311028445886
AdaBoost,No SMOTE,0,0,0.205659675438033
AdaBoost,No SMOTE,0,0,0.18800989342479768
AdaBoost,No SMOTE,0,0,0.1689822365998279
AdaBoost,No SMOTE,0,0,0.17726965587952628
AdaBoost,No SMOTE,0,0,0.22493649393812828
AdaBoost,No SMOTE,0,0,0.2193403423397052
AdaBoost,No SMOTE,0,0,0.22493649393812828
AdaBoost,No SMOTE,0,0,0.22535637857903199
AdaBoost,No SMOTE,0,0,0.17726965587952628
AdaBoost,No SMOTE,0,0,0.13019713023369225
AdaBoost,No SMOTE,0,0,0.1689822365998279
AdaBoost,No SMOTE,0,0,0.1744311028445886
AdaBoost,No SMOTE,0,0,0.1744311028445886
AdaBoost,No SMOTE,0,0,0.1689822365998279
AdaBoost,No SMOTE,0,0,0.18496367037446623
AdaBoost,No SMOTE,0,0,0.1431423024436669
AdaBoost,No SMOTE,0,0,0.17726965587952628
AdaBoost,No SMOTE,0,0,0.1744311028445886
AdaBoost,No SMOTE,0,0,0.17452323501899744
AdaBoost,No SMOTE,0,0,0.1689822365998279
AdaBoost,No SMOTE,0,0,0.1689822365998279
AdaBoost,No SMOTE,0,0,0.14895992415852724
AdaBoost,No SMOTE,0,0,0.22493649393812828
AdaBoost,No SMOTE,0,0,0.17726965587952628
AdaBoost,No SMOTE,0,0,0.1689822365998279
AdaBoost,No SMOTE,0,0,0.17133680384090874
AdaBoost,No SMOTE,0,0,0.1689822365998279
AdaBoost,No SMOTE,0,0,0.1689822365998279
AdaBoost,No SMOTE,0,0,0.17726965587952628
AdaBoost,No SMOTE,0,0,0.17726965587952628
AdaBoost,No SMOTE,0,0,0.21607329118820193
AdaBoost,No SMOTE,0,0,0.1744311028445886
AdaBoost,No SMOTE,0,0,0.1689822365998279
AdaBoost,No SMOTE,0,0,0.1689822365998279
AdaBoost,No SMOTE,0,0,0.14895992415852724
AdaBoost,No SMOTE,0,0,0.17726965587952628
AdaBoost,No SMOTE,0,0,0.1689822365998279
AdaBoost,No SMOTE,0,0,0.14895992415852724
AdaBoost,No SMOTE,0,0,0.1431423024436669
AdaBoost,No SMOTE,0,0,0.22493649393812828
AdaBoost,No SMOTE,0,0,0.22295168509089985
AdaBoost,No SMOTE,0,0,0.1744311028445886
AdaBoost,No SMOTE,0,0,0.17726965587952628
AdaBoost,No SMOTE,0,0,0.18800989342479768
AdaBoost,No SMOTE,0,0,0.1744311028445886
AdaBoost,No SMOTE,1,1,0.6367310040441965
AdaBoost,No SMOTE,0,0,0.1744311028445886
AdaBoost,No SMOTE,0,0,0.17726965587952628
AdaBoost,No SMOTE,0,0,0.1744311028445886
AdaBoost,No SMOTE,0,0,0.21607329118820193
AdaBoost,No SMOTE,0,0,0.2193403423397052
AdaBoost,No SMOTE,0,0,0.21607329118820193
AdaBoost,No SMOTE,0,0,0.14798688540029464
AdaBoost,No SMOTE,0,0,0.1689822365998279
AdaBoost,No SMOTE,0,0,0.1744311028445886
AdaBoost,No SMOTE,0,0,0.21607329118820193
AdaBoost,No SMOTE,0,0,0.17726965587952628
AdaBoost,No SMOTE,0,0,0.1689822365998279
AdaBoost,No SMOTE,0,0,0.16618389338377842
AdaBoost,No SMOTE,0,0,0.17726965587952628
AdaBoost,No SMOTE,0,0,0.1689822365998279
AdaBoost,No SMOTE,0,0,0.1744311028445886
AdaBoost,No SMOTE,0,0,0.14895992415852724
AdaBoost,No SMOTE,0,0,0.1689822365998279
AdaBoost,No SMOTE,0,0,0.1689822365998279
AdaBoost,No SMOTE,0,0,0.17726965587952628
AdaBoost,No SMOTE,0,0,0.1744311028445886
AdaBoost,No SMOTE,0,0,0.21928751511544514
AdaBoost,No SMOTE,0,0,0.1744311028445886
AdaBoost,No SMOTE,0,0,0.1689822365998279
AdaBoost,No SMOTE,0,0,0.1689822365998279
AdaBoost,No SMOTE,0,0,0.1431363477165842
AdaBoost,No SMOTE,0,0,0.16342013312650427
AdaBoost,No SMOTE,0,0,0.1689822365998279
AdaBoost,No SMOTE,0,0,0.13586401457059089
AdaBoost,No SMOTE,0,0,0.1744311028445886
AdaBoost,No SMOTE,0,0,0.1744311028445886
AdaBoost,No SMOTE,0,0,0.1744311028445886
AdaBoost,No SMOTE,0,0,0.18496367037446623
AdaBoost,No SMOTE,0,0,0.1744311028445886
AdaBoost,No SMOTE,0,0,0.22017433581447826
AdaBoost,No SMOTE,0,0,0.1744311028445886
AdaBoost,No SMOTE,0,0,0.14895992415852724
AdaBoost,No SMOTE,0,0,0.1744311028445886
AdaBoost,No SMOTE,0,0,0.17726965587952628
AdaBoost,No SMOTE,0,0,0.21607329118820193
AdaBoost,No SMOTE,0,0,0.15152342713209221
AdaBoost,No SMOTE,0,0,0.1744311028445886
AdaBoost,No SMOTE,0,0,0.14895992415852724
AdaBoost,No SMOTE,0,0,0.13019713023369225
AdaBoost,No SMOTE,0,0,0.13586401457059089
AdaBoost,No SMOTE,0,0,0.22017433581447826
AdaBoost,No SMOTE,0,0,0.1431423024436669
AdaBoost,No SMOTE,0,0,0.18496367037446623
AdaBoost,No SMOTE,0,0,0.14895992415852724
AdaBoost,No SMOTE,0,0,0.13019713023369225
AdaBoost,No SMOTE,0,0,0.1689822365998279
AdaBoost,No SMOTE,0,0,0.16342013312650427
AdaBoost,No SMOTE,0,0,0.22493649393812828
AdaBoost,No SMOTE,0,0,0.17643129068755622
AdaBoost,No SMOTE,0,0,0.1689822365998279
AdaBoost,No SMOTE,0,0,0.1689822365998279
AdaBoost,No SMOTE,0,0,0.1744311028445886
AdaBoost,No SMOTE,0,0,0.1689822365998279
AdaBoost,No SMOTE,0,0,0.13019713023369225
AdaBoost,No SMOTE,0,0,0.16342013312650427
AdaBoost,No SMOTE,0,0,0.16342013312650427
AdaBoost,No SMOTE,0,0,0.1744311028445886
AdaBoost,No SMOTE,0,0,0.22493649393812828
AdaBoost,No SMOTE,0,0,0.1431363477165842
AdaBoost,No SMOTE,0,0,0.11920292202211763
AdaBoost,No SMOTE,0,0,0.16342013312650427
AdaBoost,No SMOTE,0,0,0.1744311028445886
AdaBoost,No SMOTE,0,0,0.14895992415852724
AdaBoost,No SMOTE,0,0,0.18496367037446623
AdaBoost,No SMOTE,0,0,0.18496367037446623
AdaBoost,No SMOTE,0,0,0.17726965587952628
AdaBoost,No SMOTE,0,0,0.17726965587952628
AdaBoost,No SMOTE,0,0,0.1744311028445886
AdaBoost,No SMOTE,0,0,0.1744311028445886
AdaBoost,No SMOTE,0,0,0.13019713023369225
AdaBoost,No SMOTE,0,0,0.17726965587952628
AdaBoost,No SMOTE,0,0,0.1689822365998279
AdaBoost,No SMOTE,0,0,0.22493649393812828
AdaBoost,No SMOTE,0,0,0.14895992415852724
AdaBoost,No SMOTE,0,0,0.16342013312650427
AdaBoost,No SMOTE,0,0,0.18496367037446623
AdaBoost,No SMOTE,0,0,0.1744311028445886
AdaBoost,No SMOTE,0,0,0.1689822365998279
AdaBoost,No SMOTE,0,0,0.17726965587952628
AdaBoost,No SMOTE,0,0,0.13586401457059089
AdaBoost,No SMOTE,0,0,0.1744311028445886
AdaBoost,No SMOTE,0,0,0.1689822365998279
AdaBoost,No SMOTE,0,0,0.17726965587952628
AdaBoost,No SMOTE,0,0,0.21607329118820193
AdaBoost,No SMOTE,0,0,0.1744311028445886
AdaBoost,No SMOTE,0,0,0.21607329118820193
AdaBoost,No SMOTE,0,0,0.1744311028445886
AdaBoost,No SMOTE,0,0,0.1744311028445886
AdaBoost,No SMOTE,0,0,0.1689822365998279
AdaBoost,No SMOTE,0,0,0.22493649393812828
AdaBoost,No SMOTE,0,0,0.1689822365998279
AdaBoost,No SMOTE,0,0,0.14895992415852724
AdaBoost,No SMOTE,0,0,0.2547751181527878
AdaBoost,No SMOTE,0,0,0.17726965587952628
AdaBoost,No SMOTE,0,0,0.13019713023369225
AdaBoost,No SMOTE,0,0,0.1689822365998279
AdaBoost,No SMOTE,0,0,0.18496367037446623
AdaBoost,No SMOTE,0,0,0.1689822365998279
AdaBoost,No SMOTE,0,0,0.1689822365998279
AdaBoost,No SMOTE,0,0,0.17726965587952628
AdaBoost,No SMOTE,0,0,0.16618389338377842
AdaBoost,No SMOTE,0,0,0.1689822365998279
AdaBoost,No SMOTE,0,0,0.1689822365998279
AdaBoost,No SMOTE,0,0,0.1719470769852437
AdaBoost,No SMOTE,0,0,0.17726965587952628
AdaBoost,No SMOTE,0,0,0.13019713023369225
AdaBoost,No SMOTE,0,0,0.17726965587952628
AdaBoost,No SMOTE,0,0,0.2193403423397052
AdaBoost,No SMOTE,0,0,0.17726965587952628
AdaBoost,No SMOTE,0,0,0.1689822365998279
AdaBoost,No SMOTE,0,0,0.1744311028445886
AdaBoost,No SMOTE,0,0,0.18496367037446623
AdaBoost,No SMOTE,0,0,0.21607329118820193
AdaBoost,No SMOTE,0,0,0.1689822365998279
AdaBoost,No SMOTE,0,0,0.16342013312650427
AdaBoost,No SMOTE,0,0,0.13019713023369225
AdaBoost,No SMOTE,0,0,0.22493649393812828
AdaBoost,No SMOTE,0,0,0.1689822365998279
AdaBoost,No SMOTE,0,0,0.1689822365998279
AdaBoost,No SMOTE,0,0,0.13019713023369225
AdaBoost,No SMOTE,0,0,0.16342013312650427
AdaBoost,No SMOTE,0,0,0.13586401457059089
AdaBoost,No SMOTE,0,0,0.17726965587952628
AdaBoost,No SMOTE,0,0,0.25081468689261593
AdaBoost,No SMOTE,0,0,0.22493649393812828
AdaBoost,No SMOTE,0,0,0.1744311028445886
AdaBoost,No SMOTE,0,0,0.14895992415852724
AdaBoost,No SMOTE,0,0,0.17726965587952628
AdaBoost,No SMOTE,0,0,0.22493649393812828
AdaBoost,No SMOTE,0,0,0.1689822365998279
AdaBoost,No SMOTE,0,0,0.17726965587952628
AdaBoost,No SMOTE,0,0,0.1689822365998279
AdaBoost,No SMOTE,0,0,0.17726965587952628
AdaBoost,No SMOTE,0,0,0.13586401457059089
AdaBoost,No SMOTE,0,0,0.13019713023369225
AdaBoost,No SMOTE,0,0,0.1744311028445886
AdaBoost,No SMOTE,0,0,0.1931443810264556
AdaBoost,No SMOTE,0,0,0.1689822365998279
AdaBoost,No SMOTE,0,0,0.1689822365998279
AdaBoost,No SMOTE,0,0,0.1719470769852437
AdaBoost,No SMOTE,0,0,0.1719470769852437
AdaBoost,No SMOTE,0,0,0.1689822365998279
AdaBoost,No SMOTE,0,0,0.18800989342479768
AdaBoost,No SMOTE,0,0,0.1744311028445886
AdaBoost,No SMOTE,0,0,0.21928751511544514
AdaBoost,No SMOTE,0,0,0.1744311028445886
AdaBoost,No SMOTE,0,0,0.17726965587952628
AdaBoost,No SMOTE,0,0,0.1689822365998279
AdaBoost,No SMOTE,0,0,0.17726965587952628
AdaBoost,No SMOTE,0,0,0.21928751511544514
AdaBoost,No SMOTE,0,0,0.20002774141121915
AdaBoost,No SMOTE,0,0,0.21607329118820193
AdaBoost,No SMOTE,0,0,0.1744311028445886
AdaBoost,No SMOTE,0,0,0.21607329118820193
AdaBoost,No SMOTE,0,0,0.22493649393812828
AdaBoost,No SMOTE,0,0,0.17726965587952628
AdaBoost,No SMOTE,0,0,0.17726965587952628
AdaBoost,No SMOTE,0,0,0.1689822365998279
AdaBoost,No SMOTE,0,0,0.1431423024436669
AdaBoost,No SMOTE,0,0,0.17726965587952628
AdaBoost,No SMOTE,0,0,0.1689822365998279
AdaBoost,No SMOTE,0,0,0.22493649393812828
AdaBoost,No SMOTE,0,0,0.1689822365998279
AdaBoost,No SMOTE,0,0,0.2193403423397052
AdaBoost,No SMOTE,0,0,0.21607329118820193
AdaBoost,No SMOTE,0,0,0.22493649393812828
AdaBoost,No SMOTE,0,0,0.1744311028445886
AdaBoost,No SMOTE,0,0,0.18800989342479768
AdaBoost,No SMOTE,0,0,0.11920292202211763
AdaBoost,No SMOTE,0,0,0.191758796857404
AdaBoost,No SMOTE,0,0,0.1689822365998279
AdaBoost,No SMOTE,0,0,0.1431423024436669
AdaBoost,No SMOTE,0,0,0.21607329118820193
AdaBoost,No SMOTE,0,0,0.17726965587952628
AdaBoost,No SMOTE,0,0,0.1744311028445886
AdaBoost,No SMOTE,0,0,0.22493649393812828
AdaBoost,No SMOTE,0,0,0.1689822365998279
AdaBoost,No SMOTE,0,0,0.1744311028445886
AdaBoost,No SMOTE,0,0,0.191758796857404
AdaBoost,No SMOTE,0,0,0.1689822365998279
AdaBoost,No SMOTE,0,0,0.1744311028445886
AdaBoost,No SMOTE,0,0,0.1744311028445886
AdaBoost,No SMOTE,0,0,0.1689822365998279
AdaBoost,No SMOTE,0,0,0.1744311028445886
AdaBoost,No SMOTE,0,0,0.17726965587952628
AdaBoost,No SMOTE,0,0,0.18496367037446623
AdaBoost,No SMOTE,0,0,0.14895992415852724
AdaBoost,No SMOTE,0,0,0.17043552930931818
AdaBoost,No SMOTE,0,0,0.22493649393812828
AdaBoost,No SMOTE,0,0,0.17726965587952628
AdaBoost,No SMOTE,0,0,0.22493649393812828
AdaBoost,No SMOTE,0,0,0.17726965587952628
AdaBoost,No SMOTE,0,0,0.1744311028445886
AdaBoost,No SMOTE,0,0,0.17482490896676628
AdaBoost,No SMOTE,0,0,0.21928751511544514
AdaBoost,No SMOTE,0,0,0.1719470769852437
AdaBoost,No SMOTE,0,0,0.1719470769852437
AdaBoost,No SMOTE,0,0,0.13019713023369225
AdaBoost,No SMOTE,0,0,0.1431423024436669
AdaBoost,No SMOTE,0,0,0.16618389338377842
AdaBoost,No SMOTE,0,0,0.1689822365998279
AdaBoost,No SMOTE,0,0,0.13019713023369225
AdaBoost,No SMOTE,0,0,0.17726965587952628
AdaBoost,No SMOTE,0,0,0.22843520662470906
AdaBoost,No SMOTE,0,0,0.1431423024436669
AdaBoost,No SMOTE,0,0,0.22176486665410824
AdaBoost,No SMOTE,0,0,0.1689822365998279
AdaBoost,No SMOTE,0,0,0.22493649393812828
AdaBoost,No SMOTE,0,0,0.17726965587952628
AdaBoost,No SMOTE,0,0,0.1431423024436669
AdaBoost,No SMOTE,0,0,0.16895403564617684
AdaBoost,No SMOTE,0,0,0.13019713023369225
AdaBoost,No SMOTE,0,0,0.13019713023369225
AdaBoost,No SMOTE,0,0,0.17726965587952628
AdaBoost,No SMOTE,0,0,0.13019713023369225
AdaBoost,No SMOTE,0,0,0.17726965587952628
AdaBoost,No SMOTE,0,0,0.13586401457059089
AdaBoost,No SMOTE,0,0,0.22493649393812828
AdaBoost,No SMOTE,0,0,0.14895992415852724
AdaBoost,No SMOTE,0,0,0.1744311028445886
AdaBoost,No SMOTE,0,0,0.1744311028445886
AdaBoost,No SMOTE,0,0,0.17726965587952628
AdaBoost,No SMOTE,0,0,0.11920292202211763
AdaBoost,No SMOTE,0,0,0.1744311028445886
AdaBoost,No SMOTE,0,0,0.1431363477165842
AdaBoost,No SMOTE,0,0,0.1719470769852437
AdaBoost,No SMOTE,0,0,0.1689822365998279
AdaBoost,No SMOTE,0,0,0.1689822365998279
AdaBoost,No SMOTE,0,0,0.2193403423397052
AdaBoost,No SMOTE,0,0,0.17182074334119965
AdaBoost,No SMOTE,0,0,0.13019713023369225
AdaBoost,No SMOTE,0,0,0.1689822365998279
AdaBoost,No SMOTE,0,0,0.1719470769852437
AdaBoost,No SMOTE,0,0,0.1431423024436669
AdaBoost,No SMOTE,0,0,0.1744311028445886
AdaBoost,No SMOTE,0,0,0.22493649393812828
AdaBoost,No SMOTE,0,0,0.17726965587952628
AdaBoost,No SMOTE,0,0,0.22493649393812828
AdaBoost,No SMOTE,0,0,0.1689822365998279
AdaBoost,No SMOTE,0,0,0.22493649393812828
AdaBoost,No SMOTE,0,0,0.16867357177983938
AdaBoost,No SMOTE,0,0,0.17726965587952628
AdaBoost,No SMOTE,0,0,0.22493649393812828
AdaBoost,No SMOTE,0,0,0.20002774141121915
AdaBoost,No SMOTE,0,0,0.1689822365998279
AdaBoost,No SMOTE,0,0,0.14895992415852724
AdaBoost,No SMOTE,0,0,0.1744311028445886
AdaBoost,No SMOTE,0,0,0.1744311028445886
AdaBoost,No SMOTE,0,0,0.1689822365998279
AdaBoost,No SMOTE,0,0,0.22493649393812828
AdaBoost,No SMOTE,0,0,0.1744311028445886
AdaBoost,No SMOTE,0,0,0.21607329118820193
AdaBoost,No SMOTE,0,0,0.1744311028445886
AdaBoost,No SMOTE,0,0,0.17726965587952628
AdaBoost,No SMOTE,0,0,0.1744311028445886
AdaBoost,No SMOTE,0,0,0.17726965587952628
AdaBoost,No SMOTE,0,0,0.1689822365998279
AdaBoost,No SMOTE,0,0,0.16867357177983938
AdaBoost,No SMOTE,0,0,0.1689822365998279
AdaBoost,No SMOTE,0,0,0.1689822365998279
AdaBoost,No SMOTE,0,0,0.21607329118820193
AdaBoost,No SMOTE,0,0,0.1744311028445886
AdaBoost,No SMOTE,0,0,0.17726965587952628
AdaBoost,No SMOTE,0,0,0.14895992415852724
AdaBoost,No SMOTE,0,0,0.13586401457059089
AdaBoost,No SMOTE,0,0,0.14895992415852724
AdaBoost,No SMOTE,0,0,0.2193403423397052
AdaBoost,No SMOTE,0,0,0.1744311028445886
AdaBoost,No SMOTE,0,0,0.1719470769852437
AdaBoost,No SMOTE,0,0,0.17726965587952628
AdaBoost,No SMOTE,0,0,0.205659675438033
AdaBoost,No SMOTE,0,0,0.18800989342479768
AdaBoost,No SMOTE,0,0,0.17726965587952628
AdaBoost,No SMOTE,0,0,0.1689822365998279
AdaBoost,No SMOTE,0,0,0.13586401457059089
AdaBoost,No SMOTE,0,0,0.17726965587952628
AdaBoost,No SMOTE,0,0,0.1689822365998279
AdaBoost,No SMOTE,0,0,0.1744311028445886
AdaBoost,No SMOTE,0,0,0.21928751511544514
AdaBoost,No SMOTE,0,0,0.1689822365998279
AdaBoost,No SMOTE,0,0,0.22843520662470906
AdaBoost,No SMOTE,0,0,0.1689822365998279
AdaBoost,No SMOTE,0,0,0.2193403423397052
AdaBoost,No SMOTE,0,0,0.17726965587952628
AdaBoost,No SMOTE,0,0,0.11920292202211763
AdaBoost,No SMOTE,0,0,0.1744311028445886
AdaBoost,No SMOTE,0,0,0.14895992415852724
AdaBoost,No SMOTE,0,0,0.1689822365998279
AdaBoost,No SMOTE,0,0,0.1689822365998279
AdaBoost,No SMOTE,0,0,0.16618389338377842
AdaBoost,No SMOTE,0,0,0.17726965587952628
AdaBoost,No SMOTE,0,0,0.1744311028445886
AdaBoost,No SMOTE,0,0,0.21607329118820193
AdaBoost,No SMOTE,0,0,0.22843520662470906
AdaBoost,No SMOTE,0,0,0.1689822365998279
AdaBoost,No SMOTE,0,0,0.1744311028445886
AdaBoost,No SMOTE,0,0,0.16342013312650427
AdaBoost,No SMOTE,0,0,0.1744311028445886
AdaBoost,No SMOTE,0,0,0.2193403423397052
AdaBoost,No SMOTE,0,0,0.21607329118820193
AdaBoost,No SMOTE,0,0,0.1689822365998279
AdaBoost,No SMOTE,0,0,0.1689822365998279
AdaBoost,No SMOTE,0,0,0.14895992415852724
AdaBoost,No SMOTE,0,0,0.1689822365998279
AdaBoost,No SMOTE,0,0,0.1689822365998279
AdaBoost,No SMOTE,0,0,0.1431423024436669
AdaBoost,No SMOTE,0,0,0.11920292202211763
AdaBoost,No SMOTE,0,0,0.17726965587952628
AdaBoost,No SMOTE,0,0,0.1744311028445886
AdaBoost,No SMOTE,0,0,0.14895992415852724
AdaBoost,No SMOTE,0,0,0.17043552930931818
AdaBoost,No SMOTE,0,0,0.18800989342479768
AdaBoost,No SMOTE,0,0,0.17726965587952628
AdaBoost,No SMOTE,0,0,0.20002774141121915
AdaBoost,No SMOTE,0,0,0.1689822365998279
AdaBoost,No SMOTE,0,0,0.1689822365998279
AdaBoost,No SMOTE,0,0,0.17726965587952628
AdaBoost,No SMOTE,0,0,0.1689822365998279
AdaBoost,No SMOTE,0,0,0.22843520662470906
AdaBoost,No SMOTE,0,0,0.17726965587952628
AdaBoost,No SMOTE,0,0,0.17726965587952628
AdaBoost,No SMOTE,0,0,0.11920292202211763
AdaBoost,No SMOTE,0,0,0.1744311028445886
AdaBoost,No SMOTE,0,0,0.13586401457059089
AdaBoost,No SMOTE,0,0,0.1744311028445886
AdaBoost,No SMOTE,0,0,0.17726965587952628
AdaBoost,No SMOTE,0,0,0.17726965587952628
AdaBoost,No SMOTE,0,0,0.1744311028445886
AdaBoost,No SMOTE,0,0,0.1744311028445886
AdaBoost,No SMOTE,0,0,0.1689822365998279
AdaBoost,No SMOTE,0,0,0.17726965587952628
AdaBoost,No SMOTE,0,0,0.17726965587952628
AdaBoost,No SMOTE,0,0,0.18800989342479768
AdaBoost,No SMOTE,0,0,0.17643129068755622
AdaBoost,No SMOTE,0,0,0.1931443810264556
AdaBoost,No SMOTE,0,0,0.1744311028445886
AdaBoost,No SMOTE,0,0,0.1689822365998279
AdaBoost,No SMOTE,0,0,0.13019713023369225
AdaBoost,No SMOTE,0,0,0.17726965587952628
AdaBoost,No SMOTE,0,0,0.13019713023369225
AdaBoost,No SMOTE,0,0,0.13019713023369225
AdaBoost,No SMOTE,0,0,0.1689822365998279
AdaBoost,No SMOTE,0,0,0.17726965587952628
AdaBoost,No SMOTE,0,0,0.17726965587952628
AdaBoost,No SMOTE,0,0,0.14895992415852724
AdaBoost,No SMOTE,0,0,0.17726965587952628
AdaBoost,No SMOTE,0,0,0.1689822365998279
AdaBoost,No SMOTE,0,0,0.13586401457059089
AdaBoost,No SMOTE,0,0,0.17726965587952628
AdaBoost,No SMOTE,0,0,0.1719470769852437
AdaBoost,No SMOTE,0,0,0.16618389338377842
AdaBoost,No SMOTE,0,0,0.1744311028445886
AdaBoost,No SMOTE,0,0,0.1744311028445886
AdaBoost,No SMOTE,0,0,0.13019713023369225
AdaBoost,No SMOTE,0,0,0.1431363477165842
AdaBoost,No SMOTE,0,0,0.16895403564617684
AdaBoost,No SMOTE,0,0,0.22843520662470906
AdaBoost,No SMOTE,0,0,0.1744311028445886
AdaBoost,No SMOTE,0,0,0.1744311028445886
AdaBoost,No SMOTE,0,0,0.21607329118820193
AdaBoost,No SMOTE,0,0,0.13248800541598296
AdaBoost,No SMOTE,0,0,0.1689822365998279
AdaBoost,No SMOTE,0,0,0.17726965587952628
AdaBoost,No SMOTE,0,0,0.1744311028445886
AdaBoost,No SMOTE,0,0,0.1744311028445886
AdaBoost,No SMOTE,0,0,0.2193403423397052
AdaBoost,No SMOTE,0,0,0.1744311028445886
AdaBoost,No SMOTE,0,0,0.1689822365998279
AdaBoost,No SMOTE,0,0,0.13019713023369225
AdaBoost,No SMOTE,0,0,0.1689822365998279
AdaBoost,No SMOTE,0,0,0.1431363477165842
AdaBoost,No SMOTE,0,0,0.19090832035678107
AdaBoost,No SMOTE,0,0,0.1431423024436669
AdaBoost,No SMOTE,0,0,0.16342013312650427
AdaBoost,No SMOTE,0,0,0.13586401457059089
AdaBoost,No SMOTE,0,0,0.1689822365998279
AdaBoost,No SMOTE,0,0,0.18800989342479768
AdaBoost,No SMOTE,0,0,0.1744311028445886
AdaBoost,No SMOTE,0,0,0.14895992415852724
AdaBoost,No SMOTE,0,0,0.2193403423397052
AdaBoost,No SMOTE,0,0,0.18800989342479768
AdaBoost,No SMOTE,0,0,0.191758796857404
AdaBoost,No SMOTE,0,0,0.16342013312650427
AdaBoost,No SMOTE,0,0,0.1689822365998279
AdaBoost,No SMOTE,0,0,0.13019713023369225
AdaBoost,No SMOTE,0,0,0.1689822365998279
AdaBoost,No SMOTE,0,0,0.1744311028445886
AdaBoost,No SMOTE,0,0,0.1689822365998279
AdaBoost,No SMOTE,0,0,0.14895992415852724
AdaBoost,No SMOTE,0,0,0.1744311028445886
AdaBoost,No SMOTE,0,0,0.1744311028445886
AdaBoost,No SMOTE,0,0,0.1744311028445886
AdaBoost,No SMOTE,0,0,0.1744311028445886
AdaBoost,No SMOTE,0,0,0.17726965587952628
AdaBoost,No SMOTE,0,0,0.1744311028445886
AdaBoost,No SMOTE,0,0,0.17726965587952628
AdaBoost,No SMOTE,0,0,0.18800989342479768
AdaBoost,No SMOTE,0,0,0.1744311028445886
AdaBoost,No SMOTE,0,0,0.18800989342479768
AdaBoost,No SMOTE,0,0,0.1744311028445886
AdaBoost,No SMOTE,0,0,0.17726965587952628
AdaBoost,No SMOTE,0,0,0.1689822365998279
AdaBoost,No SMOTE,0,0,0.16203849466010875
AdaBoost,No SMOTE,0,0,0.22843520662470906
AdaBoost,No SMOTE,0,0,0.205659675438033
AdaBoost,No SMOTE,0,0,0.1689822365998279
AdaBoost,No SMOTE,0,0,0.17726965587952628
AdaBoost,No SMOTE,0,0,0.1689822365998279
AdaBoost,No SMOTE,0,0,0.18496367037446623
AdaBoost,No SMOTE,0,0,0.1744311028445886
AdaBoost,No SMOTE,0,0,0.17726965587952628
AdaBoost,No SMOTE,0,0,0.13586401457059089
AdaBoost,No SMOTE,0,0,0.17726965587952628
AdaBoost,No SMOTE,0,0,0.1786840584100862
AdaBoost,No SMOTE,0,0,0.18496367037446623
AdaBoost,No SMOTE,0,0,0.1744311028445886
AdaBoost,No SMOTE,0,0,0.1744311028445886
AdaBoost,No SMOTE,0,0,0.13586401457059089
AdaBoost,No SMOTE,0,0,0.21607329118820193
AdaBoost,No SMOTE,0,0,0.1744311028445886
AdaBoost,No SMOTE,0,0,0.22493649393812828
AdaBoost,No SMOTE,0,0,0.1689822365998279
AdaBoost,No SMOTE,0,0,0.1431423024436669
AdaBoost,No SMOTE,0,0,0.17726965587952628
AdaBoost,No SMOTE,0,0,0.11920292202211763
AdaBoost,No SMOTE,0,0,0.14895992415852724
AdaBoost,No SMOTE,0,0,0.1689822365998279
AdaBoost,No SMOTE,0,0,0.2193403423397052
AdaBoost,No SMOTE,0,0,0.13019713023369225
AdaBoost,No SMOTE,0,0,0.1689822365998279
AdaBoost,No SMOTE,0,0,0.13019713023369225
AdaBoost,No SMOTE,0,0,0.1744311028445886
AdaBoost,No SMOTE,0,0,0.17043552930931818
AdaBoost,No SMOTE,0,0,0.1744311028445886
AdaBoost,No SMOTE,0,0,0.17643129068755622
AdaBoost,No SMOTE,0,0,0.16342013312650427
AdaBoost,No SMOTE,0,0,0.22017433581447826
AdaBoost,No SMOTE,0,0,0.16895403564617684
AdaBoost,No SMOTE,0,0,0.17726965587952628
AdaBoost,No SMOTE,0,0,0.22493649393812828
AdaBoost,No SMOTE,0,0,0.17726965587952628
AdaBoost,No SMOTE,0,0,0.14895992415852724
AdaBoost,No SMOTE,0,0,0.18800989342479768
AdaBoost,No SMOTE,0,0,0.1689822365998279
AdaBoost,No SMOTE,0,0,0.1431363477165842
AdaBoost,No SMOTE,0,0,0.17726965587952628
AdaBoost,No SMOTE,0,0,0.1689822365998279
AdaBoost,No SMOTE,0,0,0.1744311028445886
AdaBoost,No SMOTE,0,0,0.1689822365998279
AdaBoost,No SMOTE,0,0,0.1744311028445886
AdaBoost,No SMOTE,0,0,0.16342013312650427
AdaBoost,No SMOTE,0,0,0.11920292202211763
AdaBoost,No SMOTE,0,0,0.22493649393812828
AdaBoost,No SMOTE,0,0,0.1689822365998279
AdaBoost,No SMOTE,0,0,0.17726965587952628
AdaBoost,No SMOTE,0,0,0.13019713023369225
AdaBoost,No SMOTE,0,0,0.16618389338377842
AdaBoost,No SMOTE,0,0,0.17726965587952628
AdaBoost,No SMOTE,0,0,0.1689822365998279
AdaBoost,No SMOTE,0,0,0.1689822365998279
AdaBoost,No SMOTE,0,0,0.13019713023369225
AdaBoost,No SMOTE,0,0,0.1689822365998279
AdaBoost,No SMOTE,0,0,0.17726965587952628
AdaBoost,No SMOTE,0,0,0.16342013312650427
AdaBoost,No SMOTE,0,0,0.1689822365998279
AdaBoost,No SMOTE,0,0,0.205659675438033
AdaBoost,No SMOTE,0,0,0.16342013312650427
AdaBoost,No SMOTE,0,0,0.17726965587952628
AdaBoost,No SMOTE,0,0,0.1689822365998279
AdaBoost,No SMOTE,0,0,0.1689822365998279
AdaBoost,No SMOTE,0,0,0.1689822365998279
AdaBoost,No SMOTE,0,0,0.1689822365998279
AdaBoost,No SMOTE,0,0,0.17726965587952628
AdaBoost,No SMOTE,0,0,0.17726965587952628
AdaBoost,No SMOTE,0,0,0.1744311028445886
AdaBoost,No SMOTE,0,0,0.17452323501899744
AdaBoost,No SMOTE,0,0,0.16618389338377842
AdaBoost,No SMOTE,0,0,0.1431423024436669
AdaBoost,No SMOTE,0,0,0.1744311028445886
AdaBoost,No SMOTE,0,0,0.21607329118820193
AdaBoost,No SMOTE,0,0,0.1744311028445886
AdaBoost,No SMOTE,0,0,0.17726965587952628
AdaBoost,No SMOTE,0,0,0.1689822365998279
AdaBoost,No SMOTE,0,0,0.13586401457059089
AdaBoost,No SMOTE,0,0,0.13586401457059089
AdaBoost,No SMOTE,0,0,0.1744311028445886
AdaBoost,No SMOTE,0,0,0.17726965587952628
AdaBoost,No SMOTE,0,0,0.1931443810264556
AdaBoost,No SMOTE,0,0,0.1689822365998279
AdaBoost,No SMOTE,0,0,0.17726965587952628
AdaBoost,No SMOTE,0,0,0.1744311028445886
AdaBoost,No SMOTE,0,0,0.1744311028445886
AdaBoost,No SMOTE,0,0,0.1744311028445886
AdaBoost,No SMOTE,0,0,0.14895992415852724
AdaBoost,No SMOTE,0,0,0.13019713023369225
AdaBoost,No SMOTE,0,0,0.17726965587952628
AdaBoost,No SMOTE,0,0,0.16895403564617684
AdaBoost,No SMOTE,0,0,0.18496367037446623
AdaBoost,No SMOTE,0,0,0.22493649393812828
AdaBoost,No SMOTE,0,0,0.22843520662470906
AdaBoost,No SMOTE,0,0,0.1744311028445886
AdaBoost,No SMOTE,0,0,0.1689822365998279
AdaBoost,No SMOTE,0,0,0.14895992415852724
AdaBoost,No SMOTE,0,0,0.17726965587952628
AdaBoost,No SMOTE,0,0,0.1689822365998279
AdaBoost,No SMOTE,0,0,0.17726965587952628
AdaBoost,No SMOTE,0,0,0.21607329118820193
AdaBoost,No SMOTE,0,0,0.1431423024436669
AdaBoost,No SMOTE,0,0,0.2262158342304544
AdaBoost,No SMOTE,0,0,0.2193403423397052
AdaBoost,No SMOTE,0,0,0.1719470769852437
AdaBoost,No SMOTE,0,0,0.1744311028445886
AdaBoost,No SMOTE,0,0,0.1689822365998279
AdaBoost,No SMOTE,0,0,0.1689822365998279
AdaBoost,No SMOTE,0,0,0.17726965587952628
AdaBoost,No SMOTE,0,0,0.1744311028445886
AdaBoost,No SMOTE,0,0,0.1431423024436669
AdaBoost,No SMOTE,0,0,0.14895992415852724
AdaBoost,No SMOTE,0,0,0.225942801680166
AdaBoost,No SMOTE,0,0,0.1744311028445886
AdaBoost,No SMOTE,0,0,0.13019713023369225
AdaBoost,No SMOTE,0,0,0.1689822365998279
AdaBoost,No SMOTE,0,0,0.13586401457059089
AdaBoost,No SMOTE,0,0,0.16342013312650427
AdaBoost,No SMOTE,0,0,0.13019713023369225
AdaBoost,No SMOTE,0,0,0.22493649393812828
AdaBoost,No SMOTE,0,0,0.13019713023369225
AdaBoost,No SMOTE,0,0,0.16342013312650427
AdaBoost,No SMOTE,0,0,0.1744311028445886
AdaBoost,No SMOTE,0,0,0.22493649393812828
AdaBoost,No SMOTE,0,0,0.17726965587952628
AdaBoost,No SMOTE,0,0,0.18496367037446623
AdaBoost,No SMOTE,0,0,0.21607329118820193
AdaBoost,No SMOTE,0,0,0.1744311028445886
AdaBoost,No SMOTE,0,0,0.17726965587952628
AdaBoost,No SMOTE,0,0,0.1689822365998279
AdaBoost,No SMOTE,0,0,0.11920292202211763
AdaBoost,No SMOTE,0,0,0.1744311028445886
AdaBoost,No SMOTE,0,0,0.17726965587952628
AdaBoost,No SMOTE,0,0,0.1456228192075175
AdaBoost,No SMOTE,0,0,0.1689822365998279
AdaBoost,No SMOTE,0,0,0.1744311028445886
AdaBoost,No SMOTE,0,0,0.17726965587952628
AdaBoost,No SMOTE,0,0,0.21607329118820193
AdaBoost,No SMOTE,0,0,0.1689822365998279
AdaBoost,No SMOTE,0,0,0.1689822365998279
AdaBoost,No SMOTE,0,0,0.1744311028445886
AdaBoost,No SMOTE,0,0,0.1744311028445886
AdaBoost,No SMOTE,0,0,0.1431423024436669
AdaBoost,No SMOTE,0,0,0.16342013312650427
AdaBoost,No SMOTE,0,0,0.1744311028445886
AdaBoost,No SMOTE,0,0,0.17726965587952628
AdaBoost,No SMOTE,0,0,0.22493649393812828
AdaBoost,No SMOTE,0,0,0.1744311028445886
AdaBoost,No SMOTE,0,0,0.11920292202211763
AdaBoost,No SMOTE,0,0,0.11920292202211763
AdaBoost,No SMOTE,0,0,0.1689822365998279
AdaBoost,No SMOTE,0,0,0.22295168509089985
AdaBoost,No SMOTE,0,0,0.1689822365998279
AdaBoost,No SMOTE,0,0,0.13586401457059089
AdaBoost,No SMOTE,0,0,0.1689822365998279
AdaBoost,No SMOTE,0,0,0.2193403423397052
AdaBoost,No SMOTE,0,0,0.18496367037446623
AdaBoost,No SMOTE,0,0,0.1744311028445886
AdaBoost,No SMOTE,0,0,0.1689822365998279
AdaBoost,No SMOTE,0,0,0.1689822365998279
AdaBoost,No SMOTE,0,0,0.1719470769852437
AdaBoost,No SMOTE,0,0,0.1744311028445886
AdaBoost,No SMOTE,0,0,0.17726965587952628
AdaBoost,No SMOTE,0,0,0.1744311028445886
AdaBoost,No SMOTE,0,0,0.1744311028445886
AdaBoost,No SMOTE,0,0,0.14895992415852724
AdaBoost,No SMOTE,0,0,0.14895992415852724
AdaBoost,No SMOTE,0,0,0.1689822365998279
AdaBoost,No SMOTE,0,0,0.22017433581447826
AdaBoost,No SMOTE,0,0,0.11920292202211763
AdaBoost,No SMOTE,0,0,0.17726965587952628
AdaBoost,No SMOTE,0,0,0.21607329118820193
AdaBoost,No SMOTE,0,0,0.1689822365998279
AdaBoost,No SMOTE,0,0,0.2193403423397052
AdaBoost,No SMOTE,0,0,0.1744311028445886
AdaBoost,No SMOTE,0,0,0.17726965587952628
AdaBoost,No SMOTE,0,0,0.17726965587952628
AdaBoost,No SMOTE,0,0,0.191758796857404
AdaBoost,No SMOTE,0,0,0.13586401457059089
AdaBoost,No SMOTE,0,0,0.18496367037446623
AdaBoost,No SMOTE,0,0,0.1744311028445886
AdaBoost,No SMOTE,0,0,0.17726965587952628
AdaBoost,No SMOTE,0,0,0.1786840584100862
AdaBoost,No SMOTE,0,0,0.18800989342479768
AdaBoost,No SMOTE,0,0,0.17726965587952628
AdaBoost,No SMOTE,0,0,0.22843520662470906
AdaBoost,No SMOTE,0,0,0.17726965587952628
AdaBoost,No SMOTE,0,0,0.21607329118820193
AdaBoost,No SMOTE,0,0,0.22730485922067978
AdaBoost,No SMOTE,0,0,0.17726965587952628
AdaBoost,No SMOTE,0,0,0.17726965587952628
AdaBoost,No SMOTE,0,0,0.13586401457059089
AdaBoost,No SMOTE,0,0,0.16867357177983938
AdaBoost,No SMOTE,0,0,0.1689822365998279
AdaBoost,No SMOTE,0,0,0.14798688540029464
AdaBoost,No SMOTE,0,0,0.13586401457059089
AdaBoost,No SMOTE,0,0,0.17726965587952628
AdaBoost,No SMOTE,0,0,0.16895403564617684
AdaBoost,No SMOTE,0,0,0.21607329118820193
AdaBoost,No SMOTE,0,0,0.17726965587952628
AdaBoost,No SMOTE,0,0,0.22017433581447826
AdaBoost,No SMOTE,0,0,0.1689822365998279
AdaBoost,No SMOTE,0,0,0.17726965587952628
AdaBoost,No SMOTE,0,0,0.17726965587952628
AdaBoost,No SMOTE,0,0,0.1689822365998279
AdaBoost,No SMOTE,0,0,0.13586401457059089
AdaBoost,No SMOTE,0,0,0.17726965587952628
AdaBoost,No SMOTE,0,0,0.2193403423397052
AdaBoost,No SMOTE,0,0,0.1431423024436669
AdaBoost,No SMOTE,0,0,0.17726965587952628
AdaBoost,No SMOTE,0,0,0.17726965587952628
AdaBoost,No SMOTE,0,0,0.1744311028445886
AdaBoost,No SMOTE,0,0,0.2193403423397052
AdaBoost,No SMOTE,0,0,0.1689822365998279
AdaBoost,No SMOTE,0,0,0.2193403423397052
AdaBoost,No SMOTE,0,0,0.13586401457059089
AdaBoost,No SMOTE,0,0,0.22843520662470906
AdaBoost,No SMOTE,0,0,0.1431423024436669
AdaBoost,No SMOTE,0,0,0.17726965587952628
AdaBoost,No SMOTE,0,0,0.1431363477165842
AdaBoost,No SMOTE,0,0,0.1744311028445886
AdaBoost,No SMOTE,0,0,0.13586401457059089
AdaBoost,No SMOTE,0,0,0.1744311028445886
AdaBoost,No SMOTE,0,0,0.17726965587952628
AdaBoost,No SMOTE,0,0,0.17726965587952628
AdaBoost,No SMOTE,0,0,0.17726965587952628
AdaBoost,No SMOTE,0,0,0.1689822365998279
AdaBoost,No SMOTE,0,0,0.22843520662470906
AdaBoost,No SMOTE,0,0,0.1689822365998279
AdaBoost,No SMOTE,0,0,0.1689822365998279
AdaBoost,No SMOTE,0,0,0.22493649393812828
AdaBoost,No SMOTE,0,0,0.17726965587952628
AdaBoost,No SMOTE,0,0,0.17726965587952628
AdaBoost,No SMOTE,0,0,0.2193403423397052
AdaBoost,No SMOTE,0,0,0.1744311028445886
AdaBoost,No SMOTE,0,0,0.1431423024436669
AdaBoost,No SMOTE,0,0,0.16618389338377842
AdaBoost,No SMOTE,0,0,0.1744311028445886
AdaBoost,No SMOTE,0,0,0.13019713023369225
AdaBoost,No SMOTE,0,0,0.14895992415852724
AdaBoost,No SMOTE,0,0,0.191758796857404
AdaBoost,No SMOTE,0,0,0.17726965587952628
AdaBoost,No SMOTE,0,0,0.1744311028445886
AdaBoost,No SMOTE,0,0,0.1689822365998279
AdaBoost,No SMOTE,0,0,0.14895992415852724
AdaBoost,No SMOTE,0,0,0.17726965587952628
AdaBoost,No SMOTE,0,0,0.25081468689261593
AdaBoost,No SMOTE,0,0,0.11920292202211763
AdaBoost,No SMOTE,0,0,0.17726965587952628
AdaBoost,No SMOTE,0,0,0.11920292202211763
AdaBoost,No SMOTE,0,0,0.2193403423397052
AdaBoost,No SMOTE,0,0,0.17726965587952628
AdaBoost,No SMOTE,0,0,0.13586401457059089
AdaBoost,No SMOTE,0,0,0.1689822365998279
AdaBoost,No SMOTE,0,0,0.18800989342479768
AdaBoost,No SMOTE,0,0,0.1744311028445886
AdaBoost,No SMOTE,0,0,0.17726965587952628
AdaBoost,No SMOTE,0,0,0.191758796857404
AdaBoost,No SMOTE,0,0,0.1689822365998279
AdaBoost,No SMOTE,0,0,0.18496367037446623
AdaBoost,No SMOTE,0,0,0.17726965587952628
AdaBoost,No SMOTE,0,0,0.191758796857404
AdaBoost,No SMOTE,0,0,0.22843520662470906
AdaBoost,No SMOTE,0,0,0.1744311028445886
AdaBoost,No SMOTE,0,0,0.22493649393812828
AdaBoost,No SMOTE,0,0,0.21607329118820193
AdaBoost,No SMOTE,0,0,0.17726965587952628
AdaBoost,No SMOTE,0,0,0.17726965587952628
AdaBoost,No SMOTE,0,0,0.17726965587952628
AdaBoost,No SMOTE,0,0,0.17726965587952628
AdaBoost,No SMOTE,0,0,0.16867357177983938
AdaBoost,No SMOTE,0,0,0.1719470769852437
AdaBoost,No SMOTE,0,0,0.17726965587952628
AdaBoost,No SMOTE,0,0,0.14895992415852724
AdaBoost,No SMOTE,0,0,0.22493649393812828
AdaBoost,No SMOTE,0,0,0.2193403423397052
AdaBoost,No SMOTE,0,0,0.22493649393812828
AdaBoost,No SMOTE,0,0,0.13019713023369225
AdaBoost,No SMOTE,0,0,0.22493649393812828
AdaBoost,No SMOTE,0,0,0.1689822365998279
AdaBoost,No SMOTE,0,0,0.17043552930931818
AdaBoost,No SMOTE,0,0,0.17726965587952628
AdaBoost,No SMOTE,0,0,0.1689822365998279
AdaBoost,No SMOTE,0,0,0.1744311028445886
AdaBoost,No SMOTE,0,0,0.17726965587952628
AdaBoost,No SMOTE,0,0,0.22493649393812828
AdaBoost,No SMOTE,0,0,0.1689822365998279
AdaBoost,No SMOTE,0,0,0.13586401457059089
AdaBoost,No SMOTE,0,0,0.1689822365998279
AdaBoost,No SMOTE,0,0,0.1689822365998279
AdaBoost,No SMOTE,0,0,0.18800989342479768
AdaBoost,No SMOTE,0,0,0.1689822365998279
AdaBoost,No SMOTE,0,0,0.1689822365998279
AdaBoost,No SMOTE,0,0,0.13019713023369225
AdaBoost,No SMOTE,0,0,0.1744311028445886
AdaBoost,No SMOTE,0,0,0.17726965587952628
AdaBoost,No SMOTE,0,0,0.22493649393812828
AdaBoost,No SMOTE,0,0,0.14895992415852724
AdaBoost,No SMOTE,0,0,0.1689822365998279
AdaBoost,No SMOTE,0,0,0.18496367037446623
AdaBoost,No SMOTE,0,0,0.1744311028445886
AdaBoost,No SMOTE,0,0,0.1689822365998279
AdaBoost,No SMOTE,0,0,0.17726965587952628
AdaBoost,No SMOTE,0,0,0.21573524134425506
AdaBoost,No SMOTE,0,0,0.17182074334119965
AdaBoost,No SMOTE,0,0,0.18800989342479768
AdaBoost,No SMOTE,0,0,0.18800989342479768
AdaBoost,No SMOTE,0,0,0.16203849466010875
AdaBoost,No SMOTE,0,0,0.1744311028445886
AdaBoost,No SMOTE,0,0,0.1689822365998279
AdaBoost,No SMOTE,0,0,0.17726965587952628
AdaBoost,No SMOTE,0,0,0.14895992415852724
AdaBoost,No SMOTE,0,0,0.17726965587952628
AdaBoost,No SMOTE,0,0,0.1744311028445886
AdaBoost,No SMOTE,0,0,0.191758796857404
AdaBoost,No SMOTE,0,0,0.21607329118820193
AdaBoost,No SMOTE,0,0,0.17726965587952628
AdaBoost,No SMOTE,0,0,0.1744311028445886
AdaBoost,No SMOTE,0,0,0.22176486665410824
AdaBoost,No SMOTE,0,0,0.1744311028445886
AdaBoost,No SMOTE,0,0,0.21607329118820193
AdaBoost,No SMOTE,0,0,0.17726965587952628
AdaBoost,No SMOTE,0,0,0.18496367037446623
AdaBoost,No SMOTE,0,0,0.17726965587952628
AdaBoost,No SMOTE,0,0,0.1744311028445886
AdaBoost,No SMOTE,0,0,0.2193403423397052
AdaBoost,No SMOTE,0,0,0.1689822365998279
AdaBoost,No SMOTE,0,0,0.1744311028445886
AdaBoost,No SMOTE,0,0,0.1431423024436669
AdaBoost,No SMOTE,0,0,0.1689822365998279
AdaBoost,No SMOTE,0,0,0.16342013312650427
AdaBoost,No SMOTE,0,0,0.13019713023369225
AdaBoost,No SMOTE,0,0,0.17726965587952628
AdaBoost,No SMOTE,0,0,0.21607329118820193
AdaBoost,No SMOTE,0,0,0.14895992415852724
AdaBoost,No SMOTE,0,0,0.1689822365998279
AdaBoost,No SMOTE,0,0,0.1744311028445886
AdaBoost,No SMOTE,0,0,0.14895992415852724
AdaBoost,No SMOTE,0,0,0.22493649393812828
AdaBoost,No SMOTE,0,0,0.2193403423397052
AdaBoost,No SMOTE,0,0,0.1431423024436669
AdaBoost,No SMOTE,0,0,0.18496367037446623
AdaBoost,No SMOTE,0,0,0.1744311028445886
AdaBoost,No SMOTE,0,0,0.20002774141121915
AdaBoost,No SMOTE,0,0,0.17726965587952628
AdaBoost,No SMOTE,0,0,0.14895992415852724
AdaBoost,No SMOTE,0,0,0.16618389338377842
AdaBoost,No SMOTE,0,0,0.13586401457059089
AdaBoost,No SMOTE,0,0,0.17726965587952628
AdaBoost,No SMOTE,0,0,0.14895992415852724
AdaBoost,No SMOTE,0,0,0.17452323501899744
AdaBoost,No SMOTE,0,0,0.13019713023369225
AdaBoost,No SMOTE,0,0,0.1689822365998279
AdaBoost,No SMOTE,0,0,0.1689822365998279
AdaBoost,No SMOTE,0,0,0.1689822365998279
AdaBoost,No SMOTE,0,0,0.17726965587952628
AdaBoost,No SMOTE,0,0,0.19090832035678107
AdaBoost,No SMOTE,0,0,0.22493649393812828
AdaBoost,No SMOTE,0,0,0.14895992415852724
AdaBoost,No SMOTE,0,0,0.17726965587952628
AdaBoost,No SMOTE,0,0,0.21607329118820193
AdaBoost,No SMOTE,0,0,0.11920292202211763
AdaBoost,No SMOTE,0,0,0.16342013312650427
AdaBoost,No SMOTE,0,0,0.1744311028445886
AdaBoost,No SMOTE,0,0,0.16895403564617684
AdaBoost,No SMOTE,0,0,0.22843520662470906
AdaBoost,No SMOTE,0,0,0.13586401457059089
AdaBoost,No SMOTE,0,0,0.1689822365998279
AdaBoost,No SMOTE,0,0,0.1431423024436669
AdaBoost,No SMOTE,0,0,0.1744311028445886
AdaBoost,No SMOTE,0,0,0.1744311028445886
AdaBoost,No SMOTE,0,0,0.191758796857404
AdaBoost,No SMOTE,0,0,0.14895992415852724
AdaBoost,No SMOTE,0,0,0.14895992415852724
AdaBoost,No SMOTE,0,0,0.1689822365998279
AdaBoost,No SMOTE,0,0,0.20002774141121915
AdaBoost,No SMOTE,0,0,0.17726965587952628
AdaBoost,No SMOTE,0,0,0.17726965587952628
AdaBoost,No SMOTE,0,0,0.1689822365998279
AdaBoost,No SMOTE,0,0,0.22493649393812828
AdaBoost,No SMOTE,0,0,0.22493649393812828
AdaBoost,No SMOTE,0,0,0.21607329118820193
AdaBoost,No SMOTE,0,0,0.2193403423397052
AdaBoost,No SMOTE,0,0,0.13019713023369225
AdaBoost,No SMOTE,0,0,0.1431423024436669
AdaBoost,No SMOTE,0,0,0.14895992415852724
AdaBoost,No SMOTE,0,0,0.1689822365998279
AdaBoost,No SMOTE,0,0,0.16203849466010875
AdaBoost,No SMOTE,0,0,0.22493649393812828
AdaBoost,No SMOTE,0,0,0.17726965587952628
AdaBoost,No SMOTE,0,0,0.1689822365998279
AdaBoost,No SMOTE,0,0,0.22493649393812828
AdaBoost,No SMOTE,0,0,0.13019713023369225
AdaBoost,No SMOTE,0,0,0.1744311028445886
AdaBoost,No SMOTE,0,0,0.17726965587952628
AdaBoost,No SMOTE,0,0,0.16342013312650427
AdaBoost,No SMOTE,0,0,0.1689822365998279
AdaBoost,No SMOTE,0,0,0.1689822365998279
AdaBoost,No SMOTE,0,0,0.1744311028445886
AdaBoost,No SMOTE,0,0,0.1744311028445886
AdaBoost,No SMOTE,0,0,0.1719470769852437
AdaBoost,No SMOTE,0,0,0.1431423024436669
AdaBoost,No SMOTE,0,0,0.16895403564617684
AdaBoost,No SMOTE,0,0,0.1744311028445886
AdaBoost,No SMOTE,0,0,0.205659675438033
AdaBoost,No SMOTE,0,0,0.1744311028445886
AdaBoost,No SMOTE,0,0,0.21607329118820193
AdaBoost,No SMOTE,0,0,0.1744311028445886
AdaBoost,No SMOTE,0,0,0.17726965587952628
AdaBoost,No SMOTE,0,0,0.191758796857404
AdaBoost,No SMOTE,0,0,0.17726965587952628
AdaBoost,No SMOTE,0,0,0.22493649393812828
AdaBoost,No SMOTE,0,0,0.16618389338377842
AdaBoost,No SMOTE,0,0,0.1431423024436669
AdaBoost,No SMOTE,0,0,0.1719470769852437
AdaBoost,No SMOTE,0,0,0.14895992415852724
AdaBoost,No SMOTE,0,0,0.1744311028445886
AdaBoost,No SMOTE,0,0,0.18496367037446623
AdaBoost,No SMOTE,0,0,0.2193403423397052
AdaBoost,No SMOTE,0,0,0.1689822365998279
AdaBoost,No SMOTE,0,0,0.1744311028445886
AdaBoost,No SMOTE,0,0,0.1689822365998279
AdaBoost,No SMOTE,0,0,0.1689822365998279
AdaBoost,No SMOTE,0,0,0.13019713023369225
AdaBoost,No SMOTE,0,0,0.13019713023369225
AdaBoost,No SMOTE,0,0,0.22493649393812828
AdaBoost,No SMOTE,0,0,0.1689822365998279
AdaBoost,No SMOTE,0,0,0.17726965587952628
AdaBoost,No SMOTE,0,0,0.19090832035678107
AdaBoost,No SMOTE,0,0,0.17726965587952628
AdaBoost,No SMOTE,0,0,0.22493649393812828
AdaBoost,No SMOTE,0,0,0.14895992415852724
AdaBoost,No SMOTE,0,0,0.22493649393812828
AdaBoost,No SMOTE,0,0,0.17643129068755622
AdaBoost,No SMOTE,0,0,0.13586401457059089
AdaBoost,No SMOTE,0,0,0.14895992415852724
AdaBoost,No SMOTE,0,0,0.1431423024436669
AdaBoost,No SMOTE,0,0,0.16342013312650427
AdaBoost,No SMOTE,0,0,0.17182074334119965
AdaBoost,No SMOTE,0,0,0.14895992415852724
AdaBoost,No SMOTE,0,0,0.22493649393812828
AdaBoost,No SMOTE,0,0,0.1689822365998279
AdaBoost,No SMOTE,0,0,0.17726965587952628
AdaBoost,No SMOTE,0,0,0.18800989342479768
AdaBoost,No SMOTE,0,0,0.17726965587952628
AdaBoost,No SMOTE,0,0,0.21607329118820193
AdaBoost,No SMOTE,0,0,0.21607329118820193
AdaBoost,No SMOTE,0,0,0.13019713023369225
AdaBoost,No SMOTE,0,0,0.13586401457059089
AdaBoost,No SMOTE,0,0,0.22493649393812828
AdaBoost,No SMOTE,0,0,0.17726965587952628
AdaBoost,No SMOTE,0,0,0.1689822365998279
AdaBoost,No SMOTE,0,0,0.1931443810264556
AdaBoost,No SMOTE,0,0,0.22493649393812828
AdaBoost,No SMOTE,0,0,0.17726965587952628
AdaBoost,No SMOTE,0,0,0.17726965587952628
AdaBoost,No SMOTE,0,0,0.1689822365998279
AdaBoost,No SMOTE,0,0,0.1744311028445886
AdaBoost,No SMOTE,0,0,0.191758796857404
AdaBoost,No SMOTE,0,0,0.1689822365998279
AdaBoost,No SMOTE,0,0,0.16895403564617684
AdaBoost,No SMOTE,0,0,0.17726965587952628
AdaBoost,No SMOTE,0,0,0.17756452100554534
AdaBoost,No SMOTE,0,0,0.13019713023369225
AdaBoost,No SMOTE,0,0,0.191758796857404
AdaBoost,No SMOTE,0,0,0.21607329118820193
AdaBoost,No SMOTE,0,0,0.2193403423397052
AdaBoost,No SMOTE,0,0,0.1689822365998279
AdaBoost,No SMOTE,0,0,0.1744311028445886
AdaBoost,No SMOTE,0,0,0.1689822365998279
AdaBoost,No SMOTE,0,0,0.1744311028445886
AdaBoost,No SMOTE,0,0,0.21573524134425506
AdaBoost,No SMOTE,0,0,0.17726965587952628
AdaBoost,No SMOTE,0,0,0.22493649393812828
AdaBoost,No SMOTE,0,0,0.16203849466010875
AdaBoost,No SMOTE,0,0,0.17726965587952628
AdaBoost,No SMOTE,0,0,0.16342013312650427
AdaBoost,No SMOTE,0,0,0.2193403423397052
AdaBoost,No SMOTE,0,0,0.1689822365998279
AdaBoost,No SMOTE,0,0,0.22493649393812828
AdaBoost,No SMOTE,0,0,0.1689822365998279
AdaBoost,No SMOTE,0,0,0.1744311028445886
AdaBoost,No SMOTE,0,0,0.16203849466010875
AdaBoost,No SMOTE,0,0,0.1744311028445886
AdaBoost,No SMOTE,0,0,0.22295168509089985
AdaBoost,No SMOTE,0,0,0.1689822365998279
AdaBoost,No SMOTE,0,0,0.16203849466010875
AdaBoost,No SMOTE,0,0,0.1744311028445886
AdaBoost,No SMOTE,0,0,0.2193403423397052
AdaBoost,No SMOTE,0,0,0.1431423024436669
AdaBoost,No SMOTE,0,0,0.1744311028445886
AdaBoost,No SMOTE,0,0,0.1689822365998279
AdaBoost,No SMOTE,0,0,0.2193403423397052
AdaBoost,No SMOTE,0,0,0.1744311028445886
AdaBoost,No SMOTE,0,0,0.191758796857404
AdaBoost,No SMOTE,0,0,0.1689822365998279
AdaBoost,No SMOTE,0,0,0.17726965587952628
AdaBoost,No SMOTE,0,0,0.2193403423397052
AdaBoost,No SMOTE,0,0,0.18800989342479768
AdaBoost,No SMOTE,0,0,0.17726965587952628
AdaBoost,No SMOTE,0,0,0.1689822365998279
AdaBoost,No SMOTE,0,0,0.14895992415852724
AdaBoost,No SMOTE,0,0,0.2193403423397052
AdaBoost,No SMOTE,0,0,0.16342013312650427
AdaBoost,No SMOTE,0,0,0.13019713023369225
AdaBoost,No SMOTE,0,0,0.13019713023369225
AdaBoost,No SMOTE,0,0,0.17726965587952628
AdaBoost,No SMOTE,0,0,0.16342013312650427
AdaBoost,No SMOTE,0,0,0.17726965587952628
AdaBoost,No SMOTE,0,0,0.22017433581447826
AdaBoost,No SMOTE,0,0,0.17726965587952628
AdaBoost,No SMOTE,0,0,0.1744311028445886
AdaBoost,No SMOTE,0,0,0.11920292202211763
AdaBoost,No SMOTE,0,0,0.1744311028445886
AdaBoost,No SMOTE,0,0,0.16618389338377842
AdaBoost,No SMOTE,0,0,0.21607329118820193
AdaBoost,No SMOTE,0,0,0.2193403423397052
AdaBoost,No SMOTE,0,0,0.14895992415852724
AdaBoost,No SMOTE,0,0,0.13019713023369225
AdaBoost,No SMOTE,0,0,0.17726965587952628
AdaBoost,No SMOTE,0,0,0.1431423024436669
AdaBoost,No SMOTE,0,0,0.1744311028445886
AdaBoost,No SMOTE,0,0,0.1744311028445886
AdaBoost,No SMOTE,0,0,0.21607329118820193
AdaBoost,No SMOTE,0,0,0.1744311028445886
AdaBoost,No SMOTE,0,0,0.14895992415852724
AdaBoost,No SMOTE,0,0,0.1689822365998279
AdaBoost,No SMOTE,0,0,0.16342013312650427
AdaBoost,No SMOTE,0,0,0.14895992415852724
AdaBoost,No SMOTE,0,0,0.18800989342479768
AdaBoost,No SMOTE,0,0,0.1744311028445886
AdaBoost,No SMOTE,0,0,0.2193403423397052
AdaBoost,No SMOTE,0,0,0.14895992415852724
AdaBoost,No SMOTE,0,0,0.1689822365998279
AdaBoost,No SMOTE,0,0,0.22493649393812828
AdaBoost,No SMOTE,0,0,0.13019713023369225
AdaBoost,No SMOTE,0,0,0.1431423024436669
AdaBoost,No SMOTE,0,0,0.13019713023369225
AdaBoost,No SMOTE,0,0,0.16895403564617684
AdaBoost,No SMOTE,0,0,0.11920292202211763
AdaBoost,No SMOTE,0,0,0.1689822365998279
AdaBoost,No SMOTE,0,0,0.2193403423397052
AdaBoost,No SMOTE,0,0,0.1689822365998279
AdaBoost,No SMOTE,0,0,0.1719470769852437
AdaBoost,No SMOTE,0,0,0.13586401457059089
AdaBoost,No SMOTE,0,0,0.20002774141121915
AdaBoost,No SMOTE,0,0,0.1744311028445886
AdaBoost,No SMOTE,0,0,0.22493649393812828
AdaBoost,No SMOTE,0,0,0.14895992415852724
AdaBoost,No SMOTE,0,0,0.2217171988769872
AdaBoost,No SMOTE,0,0,0.18800989342479768
AdaBoost,No SMOTE,0,0,0.17726965587952628
AdaBoost,No SMOTE,0,0,0.17726965587952628
AdaBoost,No SMOTE,0,0,0.22843520662470906
AdaBoost,No SMOTE,0,0,0.17726965587952628
AdaBoost,No SMOTE,0,0,0.1744311028445886
AdaBoost,No SMOTE,0,0,0.1689822365998279
AdaBoost,No SMOTE,0,0,0.14895992415852724
AdaBoost,No SMOTE,0,0,0.2193403423397052
AdaBoost,No SMOTE,0,0,0.17726965587952628
AdaBoost,No SMOTE,0,0,0.1744311028445886
AdaBoost,No SMOTE,0,0,0.1689822365998279
AdaBoost,No SMOTE,0,0,0.191758796857404
AdaBoost,No SMOTE,0,0,0.11920292202211763
AdaBoost,No SMOTE,0,0,0.13019713023369225
AdaBoost,No SMOTE,0,0,0.16618389338377842
AdaBoost,No SMOTE,0,0,0.22493649393812828
AdaBoost,No SMOTE,0,0,0.1689822365998279
AdaBoost,No SMOTE,0,0,0.1689822365998279
AdaBoost,No SMOTE,0,0,0.14895992415852724
AdaBoost,No SMOTE,0,0,0.1689822365998279
AdaBoost,No SMOTE,0,0,0.1689822365998279
AdaBoost,No SMOTE,0,0,0.1689822365998279
AdaBoost,No SMOTE,0,0,0.17133680384090874
AdaBoost,No SMOTE,0,0,0.17726965587952628
AdaBoost,No SMOTE,0,0,0.1744311028445886
AdaBoost,No SMOTE,0,0,0.1744311028445886
AdaBoost,No SMOTE,0,0,0.1744311028445886
AdaBoost,No SMOTE,0,0,0.1689822365998279
AdaBoost,No SMOTE,0,0,0.1431423024436669
AdaBoost,No SMOTE,0,0,0.13019713023369225
AdaBoost,No SMOTE,0,0,0.18800989342479768
AdaBoost,No SMOTE,0,0,0.13019713023369225
AdaBoost,No SMOTE,0,0,0.1689822365998279
AdaBoost,No SMOTE,0,0,0.1689822365998279
AdaBoost,No SMOTE,0,0,0.22493649393812828
AdaBoost,No SMOTE,0,0,0.1744311028445886
AdaBoost,No SMOTE,0,0,0.17726965587952628
AdaBoost,No SMOTE,0,0,0.1689822365998279
AdaBoost,No SMOTE,0,0,0.1689822365998279
AdaBoost,No SMOTE,0,0,0.21607329118820193
AdaBoost,No SMOTE,0,0,0.17726965587952628
AdaBoost,No SMOTE,0,0,0.1744311028445886
AdaBoost,No SMOTE,0,0,0.16342013312650427
AdaBoost,No SMOTE,0,0,0.1689822365998279
AdaBoost,No SMOTE,0,0,0.14895992415852724
AdaBoost,No SMOTE,0,0,0.16618389338377842
AdaBoost,No SMOTE,0,0,0.1689822365998279
AdaBoost,No SMOTE,0,0,0.17726965587952628
AdaBoost,No SMOTE,0,0,0.1431423024436669
AdaBoost,No SMOTE,0,0,0.1744311028445886
AdaBoost,No SMOTE,0,0,0.14895992415852724
AdaBoost,No SMOTE,0,0,0.17726965587952628
AdaBoost,No SMOTE,0,0,0.13586401457059089
AdaBoost,No SMOTE,0,0,0.13019713023369225
AdaBoost,No SMOTE,0,0,0.1689822365998279
AdaBoost,No SMOTE,0,0,0.1689822365998279
AdaBoost,No SMOTE,0,0,0.22493649393812828
AdaBoost,No SMOTE,0,0,0.1689822365998279
AdaBoost,No SMOTE,0,0,0.22493649393812828
AdaBoost,No SMOTE,0,0,0.191758796857404
AdaBoost,No SMOTE,0,0,0.21607329118820193
AdaBoost,No SMOTE,0,0,0.22017433581447826
AdaBoost,No SMOTE,0,0,0.1689822365998279
AdaBoost,No SMOTE,0,0,0.1744311028445886
AdaBoost,No SMOTE,0,0,0.1689822365998279
AdaBoost,No SMOTE,0,0,0.1689822365998279
AdaBoost,No SMOTE,0,0,0.1744311028445886
AdaBoost,No SMOTE,0,0,0.17452323501899744
AdaBoost,No SMOTE,0,0,0.22493649393812828
AdaBoost,No SMOTE,0,0,0.1689822365998279
AdaBoost,No SMOTE,0,0,0.17726965587952628
AdaBoost,No SMOTE,0,0,0.1719470769852437
AdaBoost,No SMOTE,0,0,0.11920292202211763
AdaBoost,No SMOTE,0,0,0.1689822365998279
AdaBoost,No SMOTE,0,0,0.13019713023369225
AdaBoost,No SMOTE,0,0,0.17726965587952628
AdaBoost,No SMOTE,0,0,0.17133680384090874
AdaBoost,No SMOTE,0,0,0.17726965587952628
AdaBoost,No SMOTE,0,0,0.21607329118820193
AdaBoost,No SMOTE,0,0,0.1689822365998279
AdaBoost,No SMOTE,0,0,0.22493649393812828
AdaBoost,No SMOTE,0,0,0.22044238283982498
AdaBoost,No SMOTE,0,0,0.1431423024436669
AdaBoost,No SMOTE,0,0,0.21607329118820193
AdaBoost,No SMOTE,0,0,0.1744311028445886
AdaBoost,No SMOTE,0,0,0.22295168509089985
AdaBoost,No SMOTE,0,0,0.22017433581447826
AdaBoost,No SMOTE,0,0,0.17726965587952628
AdaBoost,No SMOTE,0,0,0.1744311028445886
AdaBoost,No SMOTE,0,0,0.13586401457059089
AdaBoost,No SMOTE,0,0,0.17182074334119965
AdaBoost,No SMOTE,0,0,0.21607329118820193
AdaBoost,No SMOTE,0,0,0.17726965587952628
AdaBoost,No SMOTE,0,0,0.1689822365998279
AdaBoost,No SMOTE,0,0,0.17726965587952628
AdaBoost,No SMOTE,0,0,0.14895992415852724
AdaBoost,No SMOTE,0,0,0.1744311028445886
AdaBoost,No SMOTE,0,0,0.13586401457059089
AdaBoost,No SMOTE,0,0,0.18800989342479768
AdaBoost,No SMOTE,0,0,0.21607329118820193
AdaBoost,No SMOTE,0,0,0.18496367037446623
AdaBoost,No SMOTE,0,0,0.1689822365998279
AdaBoost,No SMOTE,0,0,0.1689822365998279
AdaBoost,No SMOTE,0,0,0.1689822365998279
AdaBoost,No SMOTE,0,0,0.1689822365998279
AdaBoost,No SMOTE,0,0,0.1689822365998279
AdaBoost,No SMOTE,0,0,0.1431423024436669
AdaBoost,No SMOTE,0,0,0.191758796857404
AdaBoost,No SMOTE,0,0,0.1744311028445886
AdaBoost,No SMOTE,0,0,0.14895992415852724
AdaBoost,No SMOTE,0,0,0.13586401457059089
AdaBoost,No SMOTE,0,0,0.22509870925966874
AdaBoost,No SMOTE,0,0,0.23595205353816107
AdaBoost,No SMOTE,0,0,0.18800989342479768
AdaBoost,No SMOTE,0,0,0.1689822365998279
AdaBoost,No SMOTE,0,0,0.17043552930931818
AdaBoost,No SMOTE,0,0,0.13019713023369225
AdaBoost,No SMOTE,0,0,0.18800989342479768
AdaBoost,No SMOTE,0,0,0.2193403423397052
AdaBoost,No SMOTE,0,0,0.22493649393812828
AdaBoost,No SMOTE,0,0,0.1689822365998279
AdaBoost,No SMOTE,0,0,0.14895992415852724
AdaBoost,No SMOTE,0,0,0.22503945156210842
AdaBoost,No SMOTE,0,0,0.17726965587952628
AdaBoost,No SMOTE,0,0,0.1744311028445886
AdaBoost,No SMOTE,0,0,0.18496367037446623
AdaBoost,No SMOTE,0,0,0.22017433581447826
AdaBoost,No SMOTE,0,0,0.1744311028445886
AdaBoost,No SMOTE,0,0,0.1744311028445886
AdaBoost,No SMOTE,0,0,0.22493649393812828
AdaBoost,No SMOTE,0,0,0.1744311028445886
AdaBoost,No SMOTE,0,0,0.1719470769852437
AdaBoost,No SMOTE,0,0,0.14895992415852724
AdaBoost,No SMOTE,0,0,0.1744311028445886
AdaBoost,No SMOTE,0,0,0.17726965587952628
AdaBoost,No SMOTE,0,0,0.16867357177983938
AdaBoost,No SMOTE,0,0,0.1744311028445886
AdaBoost,No SMOTE,0,0,0.1689822365998279
AdaBoost,No SMOTE,0,0,0.1744311028445886
AdaBoost,No SMOTE,0,0,0.13019713023369225
AdaBoost,No SMOTE,0,0,0.14895992415852724
AdaBoost,No SMOTE,0,0,0.17726965587952628
AdaBoost,No SMOTE,0,0,0.17726965587952628
AdaBoost,No SMOTE,0,0,0.1744311028445886
AdaBoost,No SMOTE,0,0,0.21607329118820193
AdaBoost,No SMOTE,0,0,0.13019713023369225
AdaBoost,No SMOTE,0,0,0.13586401457059089
AdaBoost,No SMOTE,0,0,0.1744311028445886
AdaBoost,No SMOTE,0,0,0.22017433581447826
AdaBoost,No SMOTE,0,0,0.17726965587952628
AdaBoost,No SMOTE,0,0,0.17726965587952628
AdaBoost,No SMOTE,0,0,0.17726965587952628
AdaBoost,No SMOTE,0,0,0.14895992415852724
AdaBoost,No SMOTE,0,0,0.14798688540029464
AdaBoost,No SMOTE,0,0,0.20002774141121915
AdaBoost,No SMOTE,0,0,0.18496367037446623
AdaBoost,No SMOTE,0,0,0.22493649393812828
AdaBoost,No SMOTE,0,0,0.1744311028445886
AdaBoost,No SMOTE,0,0,0.13019713023369225
AdaBoost,No SMOTE,0,0,0.22176486665410824
AdaBoost,No SMOTE,0,0,0.21928751511544514
AdaBoost,No SMOTE,0,0,0.1744311028445886
AdaBoost,No SMOTE,0,0,0.22503945156210842
AdaBoost,No SMOTE,0,0,0.17726965587952628
AdaBoost,No SMOTE,0,0,0.18800989342479768
AdaBoost,No SMOTE,0,0,0.22843520662470906
AdaBoost,No SMOTE,0,0,0.22493649393812828
AdaBoost,No SMOTE,0,0,0.1689822365998279
AdaBoost,No SMOTE,0,0,0.1744311028445886
AdaBoost,No SMOTE,0,0,0.18496367037446623
AdaBoost,No SMOTE,0,0,0.1744311028445886
AdaBoost,No SMOTE,0,0,0.263047379598154
AdaBoost,No SMOTE,0,0,0.1689822365998279
AdaBoost,No SMOTE,0,0,0.17726965587952628
AdaBoost,No SMOTE,0,0,0.1744311028445886
AdaBoost,No SMOTE,0,0,0.16203849466010875
AdaBoost,No SMOTE,0,0,0.14895992415852724
AdaBoost,No SMOTE,0,0,0.22493649393812828
AdaBoost,No SMOTE,0,0,0.13019713023369225
AdaBoost,No SMOTE,0,0,0.16618389338377842
AdaBoost,No SMOTE,0,0,0.17726965587952628
AdaBoost,No SMOTE,0,0,0.17726965587952628
AdaBoost,No SMOTE,0,0,0.16342013312650427
AdaBoost,No SMOTE,0,0,0.18800989342479768
AdaBoost,No SMOTE,0,0,0.20002774141121915
AdaBoost,No SMOTE,0,0,0.16203849466010875
AdaBoost,No SMOTE,0,0,0.1744311028445886
AdaBoost,No SMOTE,0,0,0.1744311028445886
AdaBoost,No SMOTE,0,0,0.17726965587952628
AdaBoost,No SMOTE,0,0,0.21928751511544514
AdaBoost,No SMOTE,0,0,0.1744311028445886
AdaBoost,No SMOTE,0,0,0.17726965587952628
AdaBoost,No SMOTE,0,0,0.22493649393812828
AdaBoost,No SMOTE,0,0,0.17726965587952628
AdaBoost,No SMOTE,0,0,0.17452323501899744
AdaBoost,No SMOTE,0,0,0.1689822365998279
AdaBoost,No SMOTE,0,0,0.16895403564617684
AdaBoost,No SMOTE,0,0,0.17726965587952628
AdaBoost,No SMOTE,0,0,0.1689822365998279
AdaBoost,No SMOTE,0,0,0.1689822365998279
AdaBoost,No SMOTE,0,0,0.11920292202211763
AdaBoost,No SMOTE,0,0,0.14895992415852724
AdaBoost,No SMOTE,0,0,0.21607329118820193
AdaBoost,No SMOTE,0,0,0.17726965587952628
AdaBoost,No SMOTE,0,0,0.18800989342479768
AdaBoost,No SMOTE,0,0,0.1719470769852437
AdaBoost,No SMOTE,0,0,0.21607329118820193
AdaBoost,No SMOTE,0,0,0.16867357177983938
AdaBoost,No SMOTE,0,0,0.13019713023369225
AdaBoost,No SMOTE,0,0,0.17643129068755622
AdaBoost,No SMOTE,0,0,0.13019713023369225
AdaBoost,No SMOTE,0,0,0.18800989342479768
AdaBoost,No SMOTE,0,0,0.21607329118820193
AdaBoost,No SMOTE,0,0,0.1689822365998279
AdaBoost,No SMOTE,0,0,0.1689822365998279
AdaBoost,No SMOTE,0,0,0.17726965587952628
AdaBoost,No SMOTE,0,0,0.16618389338377842
AdaBoost,No SMOTE,0,0,0.13586401457059089
AdaBoost,No SMOTE,0,0,0.16618389338377842
AdaBoost,No SMOTE,0,0,0.1689822365998279
AdaBoost,No SMOTE,0,0,0.17726965587952628
AdaBoost,No SMOTE,0,0,0.22493649393812828
AdaBoost,No SMOTE,0,0,0.22493649393812828
AdaBoost,No SMOTE,0,0,0.1744311028445886
AdaBoost,No SMOTE,0,0,0.14798688540029464
AdaBoost,No SMOTE,0,0,0.1689822365998279
AdaBoost,No SMOTE,0,0,0.1689822365998279
AdaBoost,No SMOTE,0,0,0.1689822365998279
AdaBoost,No SMOTE,0,0,0.13586401457059089
AdaBoost,No SMOTE,0,0,0.1689822365998279
AdaBoost,No SMOTE,0,0,0.1744311028445886
AdaBoost,No SMOTE,0,0,0.22493649393812828
AdaBoost,No SMOTE,0,0,0.18496367037446623
AdaBoost,No SMOTE,0,0,0.1689822365998279
AdaBoost,No SMOTE,0,0,0.11920292202211763
AdaBoost,No SMOTE,0,0,0.21928751511544514
AdaBoost,No SMOTE,0,0,0.1689822365998279
AdaBoost,No SMOTE,0,0,0.17726965587952628
AdaBoost,No SMOTE,0,0,0.22843520662470906
AdaBoost,No SMOTE,0,0,0.17726965587952628
AdaBoost,No SMOTE,0,0,0.25081468689261593
AdaBoost,No SMOTE,0,0,0.14895992415852724
AdaBoost,No SMOTE,0,0,0.22493649393812828
AdaBoost,No SMOTE,0,0,0.17726965587952628
AdaBoost,No SMOTE,0,0,0.1689822365998279
AdaBoost,No SMOTE,0,0,0.2193403423397052
AdaBoost,No SMOTE,0,0,0.1689822365998279
AdaBoost,No SMOTE,0,0,0.17726965587952628
AdaBoost,No SMOTE,0,0,0.1744311028445886
AdaBoost,No SMOTE,0,0,0.1744311028445886
AdaBoost,No SMOTE,0,0,0.16618389338377842
AdaBoost,No SMOTE,0,0,0.1719470769852437
AdaBoost,No SMOTE,0,0,0.14895992415852724
AdaBoost,No SMOTE,0,0,0.17726965587952628
AdaBoost,No SMOTE,0,0,0.1689822365998279
AdaBoost,No SMOTE,0,0,0.191758796857404
AdaBoost,No SMOTE,0,0,0.21607329118820193
AdaBoost,No SMOTE,0,0,0.1744311028445886
AdaBoost,No SMOTE,0,0,0.14895992415852724
AdaBoost,No SMOTE,0,0,0.18496367037446623
AdaBoost,No SMOTE,0,0,0.2193403423397052
AdaBoost,No SMOTE,0,0,0.1689822365998279
AdaBoost,No SMOTE,0,0,0.1689822365998279
AdaBoost,No SMOTE,0,0,0.21607329118820193
AdaBoost,No SMOTE,0,0,0.17726965587952628
AdaBoost,No SMOTE,0,0,0.22017433581447826
AdaBoost,No SMOTE,0,0,0.1744311028445886
AdaBoost,No SMOTE,0,0,0.22493649393812828
AdaBoost,No SMOTE,0,0,0.1689822365998279
AdaBoost,No SMOTE,0,0,0.13019713023369225
AdaBoost,No SMOTE,0,0,0.1744311028445886
AdaBoost,No SMOTE,0,0,0.17726965587952628
AdaBoost,No SMOTE,0,0,0.1744311028445886
AdaBoost,No SMOTE,0,0,0.21607329118820193
AdaBoost,No SMOTE,0,0,0.14895992415852724
AdaBoost,No SMOTE,0,0,0.1744311028445886
AdaBoost,No SMOTE,0,0,0.20002774141121915
AdaBoost,No SMOTE,0,0,0.16342013312650427
AdaBoost,No SMOTE,0,0,0.1689822365998279
AdaBoost,No SMOTE,0,0,0.2193403423397052
AdaBoost,No SMOTE,0,0,0.1744311028445886
AdaBoost,No SMOTE,0,0,0.14895992415852724
AdaBoost,No SMOTE,0,0,0.13019713023369225
AdaBoost,No SMOTE,0,0,0.1689822365998279
AdaBoost,No SMOTE,0,0,0.17726965587952628
AdaBoost,No SMOTE,0,0,0.14895992415852724
AdaBoost,No SMOTE,0,0,0.1689822365998279
AdaBoost,No SMOTE,0,0,0.14895992415852724
AdaBoost,No SMOTE,0,0,0.16342013312650427
AdaBoost,No SMOTE,0,0,0.13019713023369225
AdaBoost,No SMOTE,0,0,0.11920292202211763
AdaBoost,No SMOTE,0,0,0.1431423024436669
AdaBoost,No SMOTE,0,0,0.1744311028445886
AdaBoost,No SMOTE,0,0,0.16867357177983938
AdaBoost,No SMOTE,0,0,0.21607329118820193
AdaBoost,No SMOTE,0,0,0.191758796857404
AdaBoost,No SMOTE,0,0,0.1744311028445886
AdaBoost,No SMOTE,0,0,0.16895403564617684
AdaBoost,No SMOTE,0,0,0.22493649393812828
AdaBoost,No SMOTE,0,0,0.1744311028445886
AdaBoost,No SMOTE,0,0,0.14895992415852724
AdaBoost,No SMOTE,0,0,0.1689822365998279
AdaBoost,No SMOTE,0,0,0.1744311028445886
AdaBoost,No SMOTE,0,0,0.1744311028445886
AdaBoost,No SMOTE,0,0,0.22295168509089985
AdaBoost,No SMOTE,0,0,0.1719470769852437
AdaBoost,No SMOTE,0,0,0.22493649393812828
AdaBoost,No SMOTE,0,0,0.1689822365998279
AdaBoost,No SMOTE,0,0,0.1744311028445886
AdaBoost,No SMOTE,0,0,0.17726965587952628
AdaBoost,No SMOTE,0,0,0.191758796857404
AdaBoost,No SMOTE,0,0,0.22017433581447826
AdaBoost,No SMOTE,0,0,0.1689822365998279
AdaBoost,No SMOTE,0,0,0.16618389338377842
AdaBoost,No SMOTE,0,0,0.22843520662470906
AdaBoost,No SMOTE,0,0,0.17726965587952628
AdaBoost,No SMOTE,0,0,0.17726965587952628
AdaBoost,No SMOTE,0,0,0.14895992415852724
AdaBoost,No SMOTE,0,0,0.16895403564617684
AdaBoost,No SMOTE,0,0,0.16342013312650427
AdaBoost,No SMOTE,0,0,0.21607329118820193
AdaBoost,No SMOTE,0,0,0.22493649393812828
AdaBoost,No SMOTE,0,0,0.1744311028445886
AdaBoost,No SMOTE,0,0,0.17043552930931818
AdaBoost,No SMOTE,0,0,0.21607329118820193
AdaBoost,No SMOTE,0,0,0.18800989342479768
AdaBoost,No SMOTE,0,0,0.22493649393812828
AdaBoost,No SMOTE,0,0,0.17726965587952628
AdaBoost,No SMOTE,0,0,0.14895992415852724
AdaBoost,No SMOTE,0,0,0.1744311028445886
AdaBoost,No SMOTE,0,0,0.20002774141121915
AdaBoost,No SMOTE,0,0,0.17726965587952628
AdaBoost,No SMOTE,0,0,0.1689822365998279
AdaBoost,No SMOTE,0,0,0.18800989342479768
AdaBoost,No SMOTE,0,0,0.1431423024436669
AdaBoost,No SMOTE,0,0,0.17726965587952628
AdaBoost,No SMOTE,0,0,0.17726965587952628
AdaBoost,No SMOTE,0,0,0.1689822365998279
AdaBoost,No SMOTE,0,0,0.22017433581447826
AdaBoost,No SMOTE,0,0,0.1744311028445886
AdaBoost,No SMOTE,0,0,0.1744311028445886
AdaBoost,No SMOTE,0,0,0.17043552930931818
AdaBoost,No SMOTE,0,0,0.25081468689261593
AdaBoost,No SMOTE,0,0,0.17726965587952628
AdaBoost,No SMOTE,0,0,0.17726965587952628
AdaBoost,No SMOTE,0,0,0.17726965587952628
AdaBoost,No SMOTE,0,0,0.1744311028445886
AdaBoost,No SMOTE,0,0,0.17726965587952628
AdaBoost,No SMOTE,0,0,0.22044238283982498
AdaBoost,No SMOTE,0,0,0.13586401457059089
AdaBoost,No SMOTE,0,0,0.17726965587952628
AdaBoost,No SMOTE,0,0,0.1689822365998279
AdaBoost,No SMOTE,0,0,0.18800989342479768
AdaBoost,No SMOTE,0,0,0.17726965587952628
AdaBoost,No SMOTE,0,0,0.1744311028445886
AdaBoost,No SMOTE,0,0,0.17726965587952628
AdaBoost,No SMOTE,0,0,0.16618389338377842
AdaBoost,No SMOTE,0,0,0.17726965587952628
AdaBoost,No SMOTE,0,0,0.1744311028445886
AdaBoost,No SMOTE,0,0,0.1689822365998279
AdaBoost,No SMOTE,0,0,0.14895992415852724
AdaBoost,No SMOTE,0,0,0.17726965587952628
AdaBoost,No SMOTE,0,0,0.21573524134425506
AdaBoost,No SMOTE,0,0,0.17726965587952628
AdaBoost,No SMOTE,0,0,0.22493649393812828
AdaBoost,No SMOTE,0,0,0.1689822365998279
AdaBoost,No SMOTE,0,0,0.22493649393812828
AdaBoost,No SMOTE,0,0,0.1689822365998279
AdaBoost,No SMOTE,0,0,0.2193403423397052
AdaBoost,No SMOTE,0,0,0.1744311028445886
AdaBoost,No SMOTE,0,0,0.1689822365998279
AdaBoost,No SMOTE,0,0,0.22843520662470906
AdaBoost,No SMOTE,0,0,0.1744311028445886
AdaBoost,No SMOTE,0,0,0.20002774141121915
AdaBoost,No SMOTE,0,0,0.13019713023369225
AdaBoost,No SMOTE,0,0,0.1744311028445886
AdaBoost,No SMOTE,0,0,0.17726965587952628
AdaBoost,No SMOTE,0,0,0.17726965587952628
AdaBoost,No SMOTE,0,0,0.16618389338377842
AdaBoost,No SMOTE,0,0,0.17452323501899744
AdaBoost,No SMOTE,0,0,0.1689822365998279
AdaBoost,No SMOTE,0,0,0.17726965587952628
AdaBoost,No SMOTE,0,0,0.1689822365998279
AdaBoost,No SMOTE,0,0,0.18800989342479768
AdaBoost,No SMOTE,0,0,0.16895403564617684
AdaBoost,No SMOTE,0,0,0.22176486665410824
AdaBoost,No SMOTE,0,0,0.22493649393812828
AdaBoost,No SMOTE,0,0,0.17182074334119965
AdaBoost,No SMOTE,0,0,0.11920292202211763
AdaBoost,No SMOTE,0,0,0.20002774141121915
AdaBoost,No SMOTE,0,0,0.17726965587952628
AdaBoost,No SMOTE,0,0,0.17726965587952628
AdaBoost,No SMOTE,0,0,0.17726965587952628
AdaBoost,No SMOTE,0,0,0.13019713023369225
AdaBoost,No SMOTE,0,0,0.1744311028445886
AdaBoost,No SMOTE,0,0,0.17726965587952628
AdaBoost,No SMOTE,0,0,0.14895992415852724
AdaBoost,No SMOTE,0,0,0.1744311028445886
AdaBoost,No SMOTE,0,0,0.17726965587952628
AdaBoost,No SMOTE,0,0,0.1689822365998279
AdaBoost,No SMOTE,0,0,0.17726965587952628
AdaBoost,No SMOTE,0,0,0.14895992415852724
AdaBoost,No SMOTE,0,0,0.22493649393812828
AdaBoost,No SMOTE,0,0,0.1689822365998279
AdaBoost,No SMOTE,0,0,0.17726965587952628
AdaBoost,No SMOTE,0,0,0.1744311028445886
AdaBoost,No SMOTE,0,0,0.13586401457059089
AdaBoost,No SMOTE,0,0,0.17726965587952628
AdaBoost,No SMOTE,0,0,0.17726965587952628
AdaBoost,No SMOTE,0,0,0.1689822365998279
AdaBoost,No SMOTE,0,0,0.18800989342479768
AdaBoost,No SMOTE,0,0,0.1689822365998279
AdaBoost,No SMOTE,0,0,0.1744311028445886
AdaBoost,No SMOTE,0,0,0.17726965587952628
AdaBoost,No SMOTE,0,0,0.1744311028445886
AdaBoost,No SMOTE,0,0,0.17726965587952628
AdaBoost,No SMOTE,0,0,0.18800989342479768
AdaBoost,No SMOTE,0,0,0.1689822365998279
AdaBoost,No SMOTE,0,0,0.18496367037446623
AdaBoost,No SMOTE,0,0,0.1689822365998279
AdaBoost,No SMOTE,0,0,0.17726965587952628
AdaBoost,No SMOTE,0,0,0.21573524134425506
AdaBoost,No SMOTE,0,0,0.1744311028445886
AdaBoost,No SMOTE,0,0,0.11920292202211763
AdaBoost,No SMOTE,0,0,0.1744311028445886
AdaBoost,No SMOTE,0,0,0.22493649393812828
AdaBoost,No SMOTE,0,0,0.14895992415852724
AdaBoost,No SMOTE,0,0,0.1744311028445886
AdaBoost,No SMOTE,0,0,0.14895992415852724
AdaBoost,No SMOTE,0,0,0.1744311028445886
AdaBoost,No SMOTE,0,0,0.1744311028445886
AdaBoost,No SMOTE,0,0,0.1744311028445886
AdaBoost,No SMOTE,0,0,0.20002774141121915
AdaBoost,No SMOTE,0,0,0.1744311028445886
AdaBoost,No SMOTE,0,0,0.16342013312650427
AdaBoost,No SMOTE,0,0,0.1689822365998279
AdaBoost,No SMOTE,0,0,0.17726965587952628
AdaBoost,No SMOTE,0,0,0.1689822365998279
AdaBoost,No SMOTE,0,0,0.16618389338377842
AdaBoost,No SMOTE,0,0,0.2193403423397052
AdaBoost,No SMOTE,0,0,0.17726965587952628
AdaBoost,No SMOTE,0,0,0.1689822365998279
AdaBoost,No SMOTE,0,0,0.17726965587952628
AdaBoost,No SMOTE,0,0,0.13019713023369225
AdaBoost,No SMOTE,0,0,0.18800989342479768
AdaBoost,No SMOTE,0,0,0.21607329118820193
AdaBoost,No SMOTE,0,0,0.17726965587952628
AdaBoost,No SMOTE,0,0,0.1689822365998279
AdaBoost,No SMOTE,0,0,0.17643129068755622
AdaBoost,No SMOTE,0,0,0.2193403423397052
AdaBoost,No SMOTE,0,0,0.21607329118820193
AdaBoost,No SMOTE,0,0,0.11920292202211763
AdaBoost,No SMOTE,0,0,0.17726965587952628
AdaBoost,No SMOTE,0,0,0.1744311028445886
AdaBoost,No SMOTE,0,0,0.1689822365998279
AdaBoost,No SMOTE,0,0,0.11920292202211763
AdaBoost,No SMOTE,0,0,0.1689822365998279
AdaBoost,No SMOTE,0,0,0.13019713023369225
AdaBoost,No SMOTE,0,0,0.17726965587952628
AdaBoost,No SMOTE,0,0,0.17043552930931818
AdaBoost,No SMOTE,0,0,0.1689822365998279
AdaBoost,No SMOTE,0,0,0.191758796857404
AdaBoost,No SMOTE,0,0,0.2193403423397052
AdaBoost,No SMOTE,0,0,0.1689822365998279
AdaBoost,No SMOTE,0,0,0.17726965587952628
AdaBoost,No SMOTE,0,0,0.1744311028445886
AdaBoost,No SMOTE,0,0,0.1689822365998279
AdaBoost,No SMOTE,0,0,0.1744311028445886
AdaBoost,No SMOTE,0,0,0.1744311028445886
AdaBoost,No SMOTE,0,0,0.17726965587952628
AdaBoost,No SMOTE,0,0,0.22493649393812828
AdaBoost,No SMOTE,0,0,0.22044238283982498
Logistic Reg,No SMOTE,0,0,2.111767613091985e-05
Logistic Reg,No SMOTE,0,0,0.0002003475806432455
Logistic Reg,No SMOTE,0,0,3.929017805732054e-05
Logistic Reg,No SMOTE,0,0,4.558314641763047e-05
Logistic Reg,No SMOTE,0,0,0.0021512001631594055
Logistic Reg,No SMOTE,0,0,0.011235219491475105
Logistic Reg,No SMOTE,0,0,1.3531513841256077e-08
Logistic Reg,No SMOTE,0,0,8.830736924146484e-07
Logistic Reg,No SMOTE,0,0,0.02060508976089051
Logistic Reg,No SMOTE,0,1,0.9551524117482281
Logistic Reg,No SMOTE,0,0,4.864837853815475e-05
Logistic Reg,No SMOTE,0,0,1.6457181342389542e-09
Logistic Reg,No SMOTE,0,0,0.03332552986780532
Logistic Reg,No SMOTE,0,0,5.796318239135276e-05
Logistic Reg,No SMOTE,0,0,0.037982262078536805
Logistic Reg,No SMOTE,0,0,0.0008247504578461662
Logistic Reg,No SMOTE,0,0,1.9509908121701453e-11
Logistic Reg,No SMOTE,0,0,0.34335107869640225
Logistic Reg,No SMOTE,0,0,2.340393363193909e-06
Logistic Reg,No SMOTE,0,0,4.575069672244246e-05
Logistic Reg,No SMOTE,0,0,0.02009177734907488
Logistic Reg,No SMOTE,0,0,0.010314555234889963
Logistic Reg,No SMOTE,0,0,4.9505963689022436e-05
Logistic Reg,No SMOTE,0,0,1.0116702060323288e-06
Logistic Reg,No SMOTE,0,0,0.00034030463610436735
Logistic Reg,No SMOTE,0,0,1.6862865955494411e-13
Logistic Reg,No SMOTE,0,0,0.0006207660663829845
Logistic Reg,No SMOTE,0,0,0.1107687276993383
Logistic Reg,No SMOTE,0,0,9.152113024446192e-07
Logistic Reg,No SMOTE,0,0,0.0001645786758062003
Logistic Reg,No SMOTE,0,0,0.012635098764786428
Logistic Reg,No SMOTE,0,0,0.04329587417119673
Logistic Reg,No SMOTE,0,0,0.054004641047140915
Logistic Reg,No SMOTE,0,0,7.804447054090854e-07
Logistic Reg,No SMOTE,0,1,0.6392414202320932
Logistic Reg,No SMOTE,0,0,7.818523901011405e-07
Logistic Reg,No SMOTE,0,0,0.020245484267913744
Logistic Reg,No SMOTE,0,0,4.593070412492708e-05
Logistic Reg,No SMOTE,0,0,0.027728851419374544
Logistic Reg,No SMOTE,0,0,0.02401071665777523
Logistic Reg,No SMOTE,0,0,9.133822597955865e-07
Logistic Reg,No SMOTE,0,0,1.2238979346810456e-11
Logistic Reg,No SMOTE,0,0,0.00010923430604719019
Logistic Reg,No SMOTE,0,0,4.5664877656541066e-05
Logistic Reg,No SMOTE,0,0,5.804983643754377e-07
Logistic Reg,No SMOTE,0,0,0.025918756245059734
Logistic Reg,No SMOTE,0,0,4.7123029090086686e-05
Logistic Reg,No SMOTE,0,1,0.7979689275587115
Logistic Reg,No SMOTE,0,0,5.791403597829672e-05
Logistic Reg,No SMOTE,0,0,9.643604320119593e-12
Logistic Reg,No SMOTE,0,0,0.0005940196619868524
Logistic Reg,No SMOTE,0,0,8.78316479768002e-07
Logistic Reg,No SMOTE,0,0,5.2575567682382925e-06
Logistic Reg,No SMOTE,0,0,0.04438016975176695
Logistic Reg,No SMOTE,0,0,0.020123144855976972
Logistic Reg,No SMOTE,0,0,6.547246655300777e-09
Logistic Reg,No SMOTE,0,0,0.000680431836157199
Logistic Reg,No SMOTE,0,0,4.459698379328902e-06
Logistic Reg,No SMOTE,0,0,1.343083898829246e-05
Logistic Reg,No SMOTE,0,0,1.4779973264180374e-07
Logistic Reg,No SMOTE,0,0,1.0437902612794385e-06
Logistic Reg,No SMOTE,0,0,4.562333740213518e-05
Logistic Reg,No SMOTE,0,0,0.01563438698210043
Logistic Reg,No SMOTE,0,0,0.001067316154193557
Logistic Reg,No SMOTE,0,0,0.026078701623641336
Logistic Reg,No SMOTE,0,0,0.03125307764364246
Logistic Reg,No SMOTE,0,0,1.1021931502102659e-34
Logistic Reg,No SMOTE,0,0,1.0594206929208206e-13
Logistic Reg,No SMOTE,0,0,1.59192623071518e-09
Logistic Reg,No SMOTE,0,0,8.640828116828059e-13
Logistic Reg,No SMOTE,0,0,5.744398643531991e-10
Logistic Reg,No SMOTE,0,0,0.04300141189117265
Logistic Reg,No SMOTE,0,0,0.0019040774311514538
Logistic Reg,No SMOTE,0,0,0.00036417744697540567
Logistic Reg,No SMOTE,0,0,0.0006739278181498311
Logistic Reg,No SMOTE,0,0,0.031876694517138635
Logistic Reg,No SMOTE,0,0,0.47410516449832335
Logistic Reg,No SMOTE,0,0,6.864386485474042e-05
Logistic Reg,No SMOTE,0,0,1.1943524351519155e-06
Logistic Reg,No SMOTE,0,0,4.638702074082857e-05
Logistic Reg,No SMOTE,0,0,4.568880049487455e-05
Logistic Reg,No SMOTE,0,0,1.0388169812520298e-06
Logistic Reg,No SMOTE,0,0,4.727279897171264e-05
Logistic Reg,No SMOTE,0,0,2.9322206773422517e-08
Logistic Reg,No SMOTE,0,0,0.004947418703190795
Logistic Reg,No SMOTE,0,0,1.5509676266938607e-05
Logistic Reg,No SMOTE,0,0,0.042941099144598295
Logistic Reg,No SMOTE,0,0,1.1811878384641437e-06
Logistic Reg,No SMOTE,0,0,2.4647487659645836e-05
Logistic Reg,No SMOTE,0,0,9.873845539222133e-07
Logistic Reg,No SMOTE,0,1,0.9723979739112052
Logistic Reg,No SMOTE,0,0,0.009950461815644896
Logistic Reg,No SMOTE,0,0,8.259737522874445e-07
Logistic Reg,No SMOTE,0,1,0.5543716939798148
Logistic Reg,No SMOTE,0,0,0.014252650297232399
Logistic Reg,No SMOTE,0,0,4.558359895867692e-05
Logistic Reg,No SMOTE,0,0,4.5806022772090035e-05
Logistic Reg,No SMOTE,0,0,0.00018189685490421737
Logistic Reg,No SMOTE,0,0,0.03226156053934846
Logistic Reg,No SMOTE,0,0,1.511904557810652e-14
Logistic Reg,No SMOTE,0,0,0.22166039821507158
Logistic Reg,No SMOTE,0,0,4.558515702734664e-05
Logistic Reg,No SMOTE,0,0,7.169763618013603e-07
Logistic Reg,No SMOTE,0,0,5.0207416911810056e-05
Logistic Reg,No SMOTE,0,0,0.0011019496059886853
Logistic Reg,No SMOTE,0,0,0.003743081082973259
Logistic Reg,No SMOTE,0,0,7.412735484875587e-07
Logistic Reg,No SMOTE,0,0,0.029908205662354765
Logistic Reg,No SMOTE,0,0,1.4787886063700819e-13
Logistic Reg,No SMOTE,0,0,7.857219024959298e-07
Logistic Reg,No SMOTE,0,0,4.567474224672966e-05
Logistic Reg,No SMOTE,0,0,4.960361252282503e-05
Logistic Reg,No SMOTE,0,0,1.2345771166901029e-15
Logistic Reg,No SMOTE,0,0,2.3750795213915832e-05
Logistic Reg,No SMOTE,0,0,8.3938211069496e-05
Logistic Reg,No SMOTE,0,0,1.4318827617573364e-06
Logistic Reg,No SMOTE,0,0,4.675399068325949e-05
Logistic Reg,No SMOTE,0,0,0.37319114546677884
Logistic Reg,No SMOTE,0,0,0.037628598715153456
Logistic Reg,No SMOTE,0,0,0.0001526922889393029
Logistic Reg,No SMOTE,0,0,0.04609851208805275
Logistic Reg,No SMOTE,0,0,9.720037905522296e-07
Logistic Reg,No SMOTE,0,0,1.948577540649555e-05
Logistic Reg,No SMOTE,0,0,0.000540984167816481
Logistic Reg,No SMOTE,0,0,0.09656564118811654
Logistic Reg,No SMOTE,0,0,1.3047884900204248e-07
Logistic Reg,No SMOTE,0,0,3.823303659393245e-12
Logistic Reg,No SMOTE,0,0,0.03934625032019054
Logistic Reg,No SMOTE,0,0,4.670422091029013e-07
Logistic Reg,No SMOTE,0,0,2.3951117981987525e-15
Logistic Reg,No SMOTE,0,0,4.601287324419895e-13
Logistic Reg,No SMOTE,0,0,4.6259176231065194e-05
Logistic Reg,No SMOTE,0,0,0.00046569166845355635
Logistic Reg,No SMOTE,0,0,6.782397184332332e-07
Logistic Reg,No SMOTE,0,0,0.033257176668143935
Logistic Reg,No SMOTE,0,0,6.464167554516705e-07
Logistic Reg,No SMOTE,0,0,8.449105984723663e-08
Logistic Reg,No SMOTE,0,0,7.099356146849142e-07
Logistic Reg,No SMOTE,0,0,1.148464471542523e-06
Logistic Reg,No SMOTE,0,0,9.321417726669918e-07
Logistic Reg,No SMOTE,0,0,3.291171123353337e-08
Logistic Reg,No SMOTE,0,0,1.230814687365781e-06
Logistic Reg,No SMOTE,0,1,0.9664235964611821
Logistic Reg,No SMOTE,0,0,6.176336918060058e-10
Logistic Reg,No SMOTE,0,0,1.015963205042318e-06
Logistic Reg,No SMOTE,0,0,0.024360590979656045
Logistic Reg,No SMOTE,0,0,0.20384092323600286
Logistic Reg,No SMOTE,0,0,0.0018123169122636921
Logistic Reg,No SMOTE,0,0,1.088813987491074e-05
Logistic Reg,No SMOTE,0,0,4.807586995549256e-05
Logistic Reg,No SMOTE,0,0,8.78384826404235e-07
Logistic Reg,No SMOTE,0,0,1.972215467549652e-06
Logistic Reg,No SMOTE,0,0,0.0004666001947912475
Logistic Reg,No SMOTE,0,0,0.012736686072448903
Logistic Reg,No SMOTE,0,0,1.0550365337284247e-16
Logistic Reg,No SMOTE,0,0,4.5585744563871744e-05
Logistic Reg,No SMOTE,0,0,0.0044242541339898295
Logistic Reg,No SMOTE,0,0,0.12027737717045368
Logistic Reg,No SMOTE,0,0,1.0122508020906241e-06
Logistic Reg,No SMOTE,0,0,3.844606361937555e-06
Logistic Reg,No SMOTE,0,0,4.825107738008717e-05
Logistic Reg,No SMOTE,0,1,0.5396132699190858
Logistic Reg,No SMOTE,0,0,9.992450890071299e-09
Logistic Reg,No SMOTE,0,0,2.4855730692421695e-08
Logistic Reg,No SMOTE,0,0,6.583595451986909e-07
Logistic Reg,No SMOTE,0,0,3.3385566304385174e-12
Logistic Reg,No SMOTE,0,0,0.0012948042156480449
Logistic Reg,No SMOTE,0,0,1.1294085251971982e-06
Logistic Reg,No SMOTE,0,0,4.680555927313633e-06
Logistic Reg,No SMOTE,0,0,0.025144605456911672
Logistic Reg,No SMOTE,0,0,0.0006888313190559941
Logistic Reg,No SMOTE,0,0,4.790169871040101e-05
Logistic Reg,No SMOTE,0,0,0.029700982802313675
Logistic Reg,No SMOTE,0,0,3.249135668922498e-05
Logistic Reg,No SMOTE,0,0,0.025595010980399357
Logistic Reg,No SMOTE,0,0,0.0006022260729866468
Logistic Reg,No SMOTE,0,0,0.004622283102563381
Logistic Reg,No SMOTE,0,0,0.022379166413709222
Logistic Reg,No SMOTE,0,0,4.544245652980025e-22
Logistic Reg,No SMOTE,0,0,0.037027125574921806
Logistic Reg,No SMOTE,0,1,0.7009462938866292
Logistic Reg,No SMOTE,0,0,1.699873993068431e-06
Logistic Reg,No SMOTE,0,0,1.6561454009636715e-18
Logistic Reg,No SMOTE,0,0,1.685921836576752e-14
Logistic Reg,No SMOTE,0,0,0.020539790720826123
Logistic Reg,No SMOTE,0,0,5.853760605560755e-07
Logistic Reg,No SMOTE,0,0,1.0365142998812419e-06
Logistic Reg,No SMOTE,0,0,0.009945900572073401
Logistic Reg,No SMOTE,0,0,0.03522003291346462
Logistic Reg,No SMOTE,0,0,3.252208665656024e-06
Logistic Reg,No SMOTE,0,0,7.146049886317563e-07
Logistic Reg,No SMOTE,0,1,0.9883820104392289
Logistic Reg,No SMOTE,0,0,0.028904040522841182
Logistic Reg,No SMOTE,0,0,8.667908145840302e-07
Logistic Reg,No SMOTE,0,0,0.014485465692406708
Logistic Reg,No SMOTE,0,0,0.03439012791424553
Logistic Reg,No SMOTE,0,0,5.270923815992638e-11
Logistic Reg,No SMOTE,0,0,0.02484400015135606
Logistic Reg,No SMOTE,0,0,0.039103899440704346
Logistic Reg,No SMOTE,0,0,0.06803374898794766
Logistic Reg,No SMOTE,0,1,0.9018064094752151
Logistic Reg,No SMOTE,0,0,1.0275635600695958e-11
Logistic Reg,No SMOTE,0,0,8.324044644823128e-05
Logistic Reg,No SMOTE,0,0,0.03863993364710412
Logistic Reg,No SMOTE,0,0,0.028951748833468068
Logistic Reg,No SMOTE,0,0,4.973175449185966e-05
Logistic Reg,No SMOTE,0,0,7.38777994309277e-07
Logistic Reg,No SMOTE,0,0,0.025721174742089896
Logistic Reg,No SMOTE,0,0,2.1249679956056156e-20
Logistic Reg,No SMOTE,0,0,9.34962443240006e-07
Logistic Reg,No SMOTE,0,0,0.03901090002453795
Logistic Reg,No SMOTE,0,0,0.031385880145180046
Logistic Reg,No SMOTE,0,0,4.6371935588831137e-07
Logistic Reg,No SMOTE,0,0,0.03706758492864572
Logistic Reg,No SMOTE,0,0,1.5237911413615925e-06
Logistic Reg,No SMOTE,0,0,2.2988350408332722e-05
Logistic Reg,No SMOTE,0,0,2.3019960897505557e-08
Logistic Reg,No SMOTE,0,0,0.02303125393212147
Logistic Reg,No SMOTE,0,0,0.0035319206110814324
Logistic Reg,No SMOTE,0,0,2.8117508854670452e-09
Logistic Reg,No SMOTE,0,0,2.9455829835404433e-12
Logistic Reg,No SMOTE,0,0,1.464146232127956e-06
Logistic Reg,No SMOTE,0,0,1.0741932796975979e-11
Logistic Reg,No SMOTE,0,0,0.01835360715663299
Logistic Reg,No SMOTE,0,0,0.030016324071708195
Logistic Reg,No SMOTE,0,0,0.024074740408627004
Logistic Reg,No SMOTE,0,0,0.006179888375922793
Logistic Reg,No SMOTE,0,1,0.8952477540534562
Logistic Reg,No SMOTE,0,0,0.0001331823450032928
Logistic Reg,No SMOTE,0,0,2.931789100041138e-06
Logistic Reg,No SMOTE,0,0,0.004002013347062403
Logistic Reg,No SMOTE,0,0,1.0782757294619742e-06
Logistic Reg,No SMOTE,0,0,4.567137444001089e-05
Logistic Reg,No SMOTE,0,0,4.6537743053978195e-05
Logistic Reg,No SMOTE,0,0,4.627864717209035e-05
Logistic Reg,No SMOTE,0,0,6.815160437972749e-12
Logistic Reg,No SMOTE,0,0,1.0412663414668868e-06
Logistic Reg,No SMOTE,0,0,0.00012127717578622452
Logistic Reg,No SMOTE,0,1,0.9496551359382588
Logistic Reg,No SMOTE,0,0,3.0469358547512257e-15
Logistic Reg,No SMOTE,0,0,0.0026440839196328588
Logistic Reg,No SMOTE,0,0,4.630957082637571e-05
Logistic Reg,No SMOTE,0,0,0.0010094948149869164
Logistic Reg,No SMOTE,0,0,1.2696604786086223e-06
Logistic Reg,No SMOTE,0,1,0.532100538421723
Logistic Reg,No SMOTE,0,0,1.0906936810921117e-19
Logistic Reg,No SMOTE,0,0,0.04270700412461932
Logistic Reg,No SMOTE,0,0,3.936452262855463e-23
Logistic Reg,No SMOTE,0,0,0.03989055715191542
Logistic Reg,No SMOTE,0,0,0.0013080697753961115
Logistic Reg,No SMOTE,0,0,9.436976589664413e-07
Logistic Reg,No SMOTE,0,0,0.0009529104513062417
Logistic Reg,No SMOTE,0,0,0.032077069781453534
Logistic Reg,No SMOTE,0,0,1.8029610466799815e-05
Logistic Reg,No SMOTE,0,0,0.03647602658134711
Logistic Reg,No SMOTE,0,0,1.078105635613406e-06
Logistic Reg,No SMOTE,0,0,0.013130843322627208
Logistic Reg,No SMOTE,0,0,4.761871549276015e-05
Logistic Reg,No SMOTE,0,0,1.1082535730632893e-06
Logistic Reg,No SMOTE,0,0,1.7508976898578945e-10
Logistic Reg,No SMOTE,0,0,7.629841231100006e-07
Logistic Reg,No SMOTE,0,0,1.1277166529450784e-15
Logistic Reg,No SMOTE,0,0,0.003973513179475423
Logistic Reg,No SMOTE,0,0,3.032295164973859e-11
Logistic Reg,No SMOTE,0,0,0.0011422098952516195
Logistic Reg,No SMOTE,0,0,0.024805176742673914
Logistic Reg,No SMOTE,0,0,6.815461620415682e-07
Logistic Reg,No SMOTE,0,0,0.03662277847054383
Logistic Reg,No SMOTE,0,0,9.083439854989766e-12
Logistic Reg,No SMOTE,0,0,1.1186534607620996e-16
Logistic Reg,No SMOTE,0,0,3.2361796091014003e-16
Logistic Reg,No SMOTE,0,0,8.467647653777901e-07
Logistic Reg,No SMOTE,0,0,0.027334804892373006
Logistic Reg,No SMOTE,0,0,0.0009665088484989209
Logistic Reg,No SMOTE,0,0,4.911620524715739e-05
Logistic Reg,No SMOTE,0,0,0.03562388963211935
Logistic Reg,No SMOTE,0,0,5.637481505405395e-07
Logistic Reg,No SMOTE,0,0,0.028891202071935133
Logistic Reg,No SMOTE,0,0,0.00027398509867464666
Logistic Reg,No SMOTE,0,0,0.02305975667041453
Logistic Reg,No SMOTE,0,0,0.02157101057417561
Logistic Reg,No SMOTE,0,0,0.03116467157908621
Logistic Reg,No SMOTE,0,0,0.03703507554021566
Logistic Reg,No SMOTE,0,0,7.636721414987679e-07
Logistic Reg,No SMOTE,0,0,1.5152449388137674e-08
Logistic Reg,No SMOTE,0,0,4.6339682822872264e-05
Logistic Reg,No SMOTE,0,0,6.780857782657788e-07
Logistic Reg,No SMOTE,0,0,7.849365109836871e-07
Logistic Reg,No SMOTE,0,0,7.758582716471341e-06
Logistic Reg,No SMOTE,0,0,0.03299943078751107
Logistic Reg,No SMOTE,0,0,7.60463022767893e-06
Logistic Reg,No SMOTE,0,0,1.5298965772662349e-06
Logistic Reg,No SMOTE,0,0,1.3546010432667604e-19
Logistic Reg,No SMOTE,0,0,4.6081416395067896e-05
Logistic Reg,No SMOTE,0,0,2.3816094167876275e-11
Logistic Reg,No SMOTE,0,0,0.001962910190439875
Logistic Reg,No SMOTE,0,0,0.03135120284010179
Logistic Reg,No SMOTE,0,0,2.1214219963250062e-11
Logistic Reg,No SMOTE,0,0,1.5227291511426453e-23
Logistic Reg,No SMOTE,0,0,0.0009195154232787611
Logistic Reg,No SMOTE,0,0,9.078101458494406e-07
Logistic Reg,No SMOTE,0,0,0.4025154159042809
Logistic Reg,No SMOTE,0,0,7.786755652636061e-07
Logistic Reg,No SMOTE,0,1,0.7727027536264229
Logistic Reg,No SMOTE,0,0,0.025406844030160598
Logistic Reg,No SMOTE,0,0,0.007768097422883221
Logistic Reg,No SMOTE,0,0,8.217630710513914e-07
Logistic Reg,No SMOTE,0,0,0.044702580243711404
Logistic Reg,No SMOTE,0,0,0.35506654956528777
Logistic Reg,No SMOTE,0,0,7.554573879383516e-07
Logistic Reg,No SMOTE,0,0,4.971745491069924e-07
Logistic Reg,No SMOTE,0,0,7.292429485337266e-07
Logistic Reg,No SMOTE,0,0,9.503180617555231e-07
Logistic Reg,No SMOTE,0,0,4.2119568272717564e-10
Logistic Reg,No SMOTE,0,0,8.671334830767165e-07
Logistic Reg,No SMOTE,0,0,1.067808754874196e-06
Logistic Reg,No SMOTE,0,0,0.04070580188767426
Logistic Reg,No SMOTE,0,0,0.01906791809631194
Logistic Reg,No SMOTE,0,0,5.225373625795867e-19
Logistic Reg,No SMOTE,0,0,1.8187309232975247e-06
Logistic Reg,No SMOTE,0,0,4.5906794923337057e-07
Logistic Reg,No SMOTE,0,0,4.89651910726498e-20
Logistic Reg,No SMOTE,0,0,4.636906512642601e-05
Logistic Reg,No SMOTE,0,0,7.065318399107345e-12
Logistic Reg,No SMOTE,0,0,4.6893703142393444e-05
Logistic Reg,No SMOTE,0,0,0.47850789718136394
Logistic Reg,No SMOTE,0,0,5.063710470197702e-09
Logistic Reg,No SMOTE,0,0,1.0772149922992843e-06
Logistic Reg,No SMOTE,0,0,0.010926631729205683
Logistic Reg,No SMOTE,0,0,1.3340462635393519e-06
Logistic Reg,No SMOTE,0,0,8.841817315200603e-07
Logistic Reg,No SMOTE,0,0,3.155768219976144e-07
Logistic Reg,No SMOTE,0,0,7.481275590908523e-06
Logistic Reg,No SMOTE,0,0,1.3008066704989526e-16
Logistic Reg,No SMOTE,0,0,9.21249389580697e-09
Logistic Reg,No SMOTE,0,0,7.863132626150945e-07
Logistic Reg,No SMOTE,0,0,0.0005190839678158985
Logistic Reg,No SMOTE,0,0,4.621478405363485e-05
Logistic Reg,No SMOTE,0,0,4.562539238377974e-05
Logistic Reg,No SMOTE,0,0,1.9379637543610117e-07
Logistic Reg,No SMOTE,0,0,4.7121160507868876e-05
Logistic Reg,No SMOTE,0,0,4.47258741733688e-08
Logistic Reg,No SMOTE,0,0,0.048852363187419395
Logistic Reg,No SMOTE,0,0,0.0016195748697842968
Logistic Reg,No SMOTE,0,0,1.0715352035612808e-06
Logistic Reg,No SMOTE,0,0,3.0114523646996276e-09
Logistic Reg,No SMOTE,0,0,4.3312176367687405e-10
Logistic Reg,No SMOTE,0,0,4.714798260275181e-05
Logistic Reg,No SMOTE,0,0,1.1122988544275244e-05
Logistic Reg,No SMOTE,0,0,2.885083046023693e-28
Logistic Reg,No SMOTE,0,0,0.0656633597342379
Logistic Reg,No SMOTE,0,0,8.12769158350917e-26
Logistic Reg,No SMOTE,0,0,7.179555655249811e-07
Logistic Reg,No SMOTE,0,1,0.9565065445739636
Logistic Reg,No SMOTE,0,0,6.191511564181391e-06
Logistic Reg,No SMOTE,0,0,0.02267620430014791
Logistic Reg,No SMOTE,0,0,9.376707153165775e-07
Logistic Reg,No SMOTE,0,0,4.293743174691089e-09
Logistic Reg,No SMOTE,0,0,1.3063221470329115e-11
Logistic Reg,No SMOTE,0,0,7.841605991940988e-07
Logistic Reg,No SMOTE,0,0,8.07759932826829e-15
Logistic Reg,No SMOTE,0,0,0.0008734921787751501
Logistic Reg,No SMOTE,0,0,4.879214071300888e-05
Logistic Reg,No SMOTE,0,0,0.026571576891725603
Logistic Reg,No SMOTE,0,0,1.2729254446541241e-14
Logistic Reg,No SMOTE,0,0,4.660672300464233e-12
Logistic Reg,No SMOTE,0,0,4.5628712693821714e-05
Logistic Reg,No SMOTE,0,0,6.843361383071381e-07
Logistic Reg,No SMOTE,0,0,1.5458809283489606e-06
Logistic Reg,No SMOTE,0,0,2.287326038121555e-05
Logistic Reg,No SMOTE,0,0,4.3452381435112242e-16
Logistic Reg,No SMOTE,0,0,8.085200338454263e-12
Logistic Reg,No SMOTE,0,0,1.0987145212738619e-06
Logistic Reg,No SMOTE,0,0,0.04652088478232574
Logistic Reg,No SMOTE,0,0,0.008849633560174456
Logistic Reg,No SMOTE,0,1,0.5968877965235638
Logistic Reg,No SMOTE,0,0,2.682472012726468e-09
Logistic Reg,No SMOTE,0,0,7.792207624189477e-07
Logistic Reg,No SMOTE,0,0,4.930634552108187e-05
Logistic Reg,No SMOTE,0,0,1.0140824942377089e-12
Logistic Reg,No SMOTE,0,0,0.03671529152841495
Logistic Reg,No SMOTE,0,0,0.00025175379092839517
Logistic Reg,No SMOTE,0,0,0.03703943818771322
Logistic Reg,No SMOTE,0,0,4.5633813690488904e-05
Logistic Reg,No SMOTE,0,0,9.716042330689474e-07
Logistic Reg,No SMOTE,0,0,4.73884145542969e-05
Logistic Reg,No SMOTE,0,0,0.009592064794425575
Logistic Reg,No SMOTE,0,0,0.02695093485645126
Logistic Reg,No SMOTE,0,0,7.693693458660704e-06
Logistic Reg,No SMOTE,0,0,4.575746452326941e-05
Logistic Reg,No SMOTE,0,0,0.0002663967922473101
Logistic Reg,No SMOTE,0,0,3.777861438120991e-05
Logistic Reg,No SMOTE,0,0,1.0893925540618196e-06
Logistic Reg,No SMOTE,0,0,8.598323053778818e-07
Logistic Reg,No SMOTE,0,1,0.8700440695701308
Logistic Reg,No SMOTE,0,0,0.011215424396501352
Logistic Reg,No SMOTE,0,0,4.569500699526799e-05
Logistic Reg,No SMOTE,0,0,3.5625081978424286e-18
Logistic Reg,No SMOTE,0,0,0.06927284792587371
Logistic Reg,No SMOTE,0,0,0.005080712653610663
Logistic Reg,No SMOTE,0,0,4.8200585741771275e-05
Logistic Reg,No SMOTE,0,0,0.003653024906922507
Logistic Reg,No SMOTE,0,0,2.2411926760298225e-07
Logistic Reg,No SMOTE,0,0,4.623861223547201e-05
Logistic Reg,No SMOTE,0,0,1.1515722967726804e-06
Logistic Reg,No SMOTE,0,0,7.852983193932312e-07
Logistic Reg,No SMOTE,0,0,0.03301882045130648
Logistic Reg,No SMOTE,0,0,0.002456324600419277
Logistic Reg,No SMOTE,0,0,6.295704357367511e-10
Logistic Reg,No SMOTE,0,1,0.7229909949423439
Logistic Reg,No SMOTE,0,0,5.111619833687957e-13
Logistic Reg,No SMOTE,0,0,7.656285926100564e-07
Logistic Reg,No SMOTE,0,0,7.304565866326273e-07
Logistic Reg,No SMOTE,0,0,0.012404906319299533
Logistic Reg,No SMOTE,0,0,0.02772521335964556
Logistic Reg,No SMOTE,0,0,0.32360215135116027
Logistic Reg,No SMOTE,0,0,7.851831608102167e-07
Logistic Reg,No SMOTE,0,0,1.5178796637984687e-10
Logistic Reg,No SMOTE,0,0,1.1820135819680336e-06
Logistic Reg,No SMOTE,0,1,0.6405393703585905
Logistic Reg,No SMOTE,0,0,6.8121029384973174e-06
Logistic Reg,No SMOTE,0,0,4.5783993740470146e-05
Logistic Reg,No SMOTE,0,0,4.705695833520618e-05
Logistic Reg,No SMOTE,0,0,0.034516950875083816
Logistic Reg,No SMOTE,0,0,0.0005404887558024524
Logistic Reg,No SMOTE,0,0,3.0729638608924755e-07
Logistic Reg,No SMOTE,0,0,0.023368304833086603
Logistic Reg,No SMOTE,0,0,1.570970965300052e-06
Logistic Reg,No SMOTE,0,0,1.811398082721821e-06
Logistic Reg,No SMOTE,0,0,5.3778698345648784e-05
Logistic Reg,No SMOTE,0,0,1.4524111422975692e-08
Logistic Reg,No SMOTE,0,0,0.03322150845029913
Logistic Reg,No SMOTE,0,0,5.281728921995541e-07
Logistic Reg,No SMOTE,0,0,5.3105609154389106e-12
Logistic Reg,No SMOTE,0,1,0.6313265779569921
Logistic Reg,No SMOTE,0,0,1.0159657914219922e-06
Logistic Reg,No SMOTE,0,0,0.00014676088364946164
Logistic Reg,No SMOTE,0,0,0.23797867104288234
Logistic Reg,No SMOTE,0,0,3.324296654675594e-12
Logistic Reg,No SMOTE,0,0,8.981974162133636e-07
Logistic Reg,No SMOTE,0,0,8.417495984658499e-09
Logistic Reg,No SMOTE,0,0,0.018988320640723057
Logistic Reg,No SMOTE,0,0,9.993054805869859e-05
Logistic Reg,No SMOTE,0,0,0.003965799712966189
Logistic Reg,No SMOTE,0,0,4.5611420129995634e-05
Logistic Reg,No SMOTE,0,0,0.030246789465977635
Logistic Reg,No SMOTE,0,0,8.557136974550256e-07
Logistic Reg,No SMOTE,0,0,2.5309280647855806e-07
Logistic Reg,No SMOTE,0,0,8.649864651650507e-09
Logistic Reg,No SMOTE,0,0,0.013352803036882271
Logistic Reg,No SMOTE,0,0,4.564029138238146e-05
Logistic Reg,No SMOTE,0,0,4.6027997002538536e-05
Logistic Reg,No SMOTE,0,0,0.0019505464086369722
Logistic Reg,No SMOTE,0,0,5.143632674141391e-05
Logistic Reg,No SMOTE,0,0,6.368488555821334e-07
Logistic Reg,No SMOTE,0,0,0.05007794860095941
Logistic Reg,No SMOTE,0,0,0.0015694056152755923
Logistic Reg,No SMOTE,0,0,0.0006622215944797895
Logistic Reg,No SMOTE,0,0,7.007700643640985e-07
Logistic Reg,No SMOTE,0,0,9.912519695167156e-07
Logistic Reg,No SMOTE,0,0,8.109696257973572e-07
Logistic Reg,No SMOTE,0,0,6.302027343972261e-07
Logistic Reg,No SMOTE,0,0,0.41992619921343677
Logistic Reg,No SMOTE,0,0,1.0469072106103663e-09
Logistic Reg,No SMOTE,0,0,4.622326087404154e-05
Logistic Reg,No SMOTE,0,0,8.26124072917904e-07
Logistic Reg,No SMOTE,0,0,0.0007233748251334298
Logistic Reg,No SMOTE,0,0,9.554452138094823e-07
Logistic Reg,No SMOTE,0,0,0.04393204995585412
Logistic Reg,No SMOTE,0,0,8.552338698063557e-07
Logistic Reg,No SMOTE,0,0,1.1500644629619836e-06
Logistic Reg,No SMOTE,0,1,0.9871421874175557
Logistic Reg,No SMOTE,0,0,0.0014386655934083006
Logistic Reg,No SMOTE,0,0,0.0031863384759231545
Logistic Reg,No SMOTE,0,0,3.5660856837877764e-05
Logistic Reg,No SMOTE,0,0,4.708126241743448e-05
Logistic Reg,No SMOTE,0,0,8.634660860796765e-14
Logistic Reg,No SMOTE,0,0,1.2195881609260195e-14
Logistic Reg,No SMOTE,0,0,8.730596058074761e-20
Logistic Reg,No SMOTE,0,0,5.363934465918845e-05
Logistic Reg,No SMOTE,0,0,0.033771289665763496
Logistic Reg,No SMOTE,0,0,2.1487648540710045e-06
Logistic Reg,No SMOTE,0,0,5.758686276343087e-09
Logistic Reg,No SMOTE,0,0,1.0922768821196854e-06
Logistic Reg,No SMOTE,0,0,0.0006766061664152322
Logistic Reg,No SMOTE,0,0,0.004364211008530684
Logistic Reg,No SMOTE,0,0,0.019313898760804023
Logistic Reg,No SMOTE,0,0,0.005796982203245333
Logistic Reg,No SMOTE,0,0,9.657779121915568e-11
Logistic Reg,No SMOTE,0,0,7.580633267495263e-07
Logistic Reg,No SMOTE,0,0,1.1797595024813955e-06
Logistic Reg,No SMOTE,0,0,0.02610985277784777
Logistic Reg,No SMOTE,0,0,3.416874120826723e-16
Logistic Reg,No SMOTE,0,0,0.03698182028093936
Logistic Reg,No SMOTE,0,0,5.578845200060117e-10
Logistic Reg,No SMOTE,0,0,1.0536623978654272e-06
Logistic Reg,No SMOTE,0,0,4.071230487988787e-09
Logistic Reg,No SMOTE,0,0,0.04146100510000958
Logistic Reg,No SMOTE,0,0,9.133624260329281e-07
Logistic Reg,No SMOTE,0,0,0.0030935197048936247
Logistic Reg,No SMOTE,0,0,4.802195700952606e-06
Logistic Reg,No SMOTE,0,0,0.01812118023500619
Logistic Reg,No SMOTE,0,1,0.6068626742381515
Logistic Reg,No SMOTE,0,0,0.031736094821113024
Logistic Reg,No SMOTE,0,0,8.971100156454977e-07
Logistic Reg,No SMOTE,0,0,0.0026737464671223662
Logistic Reg,No SMOTE,0,0,8.484485293668294e-07
Logistic Reg,No SMOTE,0,0,3.3237356188544643e-10
Logistic Reg,No SMOTE,0,0,7.1003468631975815e-15
Logistic Reg,No SMOTE,0,0,9.177468390033068e-09
Logistic Reg,No SMOTE,0,0,0.03152249830004285
Logistic Reg,No SMOTE,0,0,5.831343133721324e-05
Logistic Reg,No SMOTE,0,0,2.1152649282350488e-13
Logistic Reg,No SMOTE,0,0,8.425095784618735e-60
Logistic Reg,No SMOTE,0,0,0.02624617445744282
Logistic Reg,No SMOTE,0,0,1.345613492724177e-31
Logistic Reg,No SMOTE,0,0,0.002986835972068144
Logistic Reg,No SMOTE,0,0,5.543932483304123e-05
Logistic Reg,No SMOTE,0,0,1.1386973423016167e-06
Logistic Reg,No SMOTE,0,0,0.04121393969569118
Logistic Reg,No SMOTE,0,0,0.18513878080106416
Logistic Reg,No SMOTE,0,0,1.6619982339589662e-10
Logistic Reg,No SMOTE,0,0,0.0011389330466013375
Logistic Reg,No SMOTE,0,0,0.004621558226379324
Logistic Reg,No SMOTE,0,0,3.190249583566305e-08
Logistic Reg,No SMOTE,0,0,0.0009668441461410174
Logistic Reg,No SMOTE,0,0,0.027737074685891636
Logistic Reg,No SMOTE,0,0,8.022892657850609e-07
Logistic Reg,No SMOTE,0,0,5.007854434127209e-08
Logistic Reg,No SMOTE,0,0,5.589820844566655e-05
Logistic Reg,No SMOTE,0,0,9.827406626737188e-07
Logistic Reg,No SMOTE,0,0,2.132101712838125e-06
Logistic Reg,No SMOTE,0,0,0.1318458391859598
Logistic Reg,No SMOTE,0,0,1.4958158777378844e-12
Logistic Reg,No SMOTE,0,0,0.00044424604306261606
Logistic Reg,No SMOTE,0,0,1.776438444073321e-06
Logistic Reg,No SMOTE,0,0,4.72689380204434e-05
Logistic Reg,No SMOTE,0,0,0.018857697298406695
Logistic Reg,No SMOTE,0,0,1.0761031434306472e-06
Logistic Reg,No SMOTE,0,0,0.41009694759725274
Logistic Reg,No SMOTE,0,0,0.3214633555203437
Logistic Reg,No SMOTE,0,0,8.128362551604971e-07
Logistic Reg,No SMOTE,0,0,9.345580984063636e-07
Logistic Reg,No SMOTE,0,0,0.00048438131337871136
Logistic Reg,No SMOTE,0,0,1.7504480631799557e-16
Logistic Reg,No SMOTE,0,0,0.022683052724925618
Logistic Reg,No SMOTE,0,0,1.2558599583845484e-06
Logistic Reg,No SMOTE,0,0,5.681158958569299e-14
Logistic Reg,No SMOTE,0,0,0.002334273981298924
Logistic Reg,No SMOTE,0,0,9.808633683740071e-05
Logistic Reg,No SMOTE,0,0,5.39540595040974e-08
Logistic Reg,No SMOTE,0,0,0.001948193116866902
Logistic Reg,No SMOTE,0,0,0.02495594124279554
Logistic Reg,No SMOTE,0,0,7.560698590072136e-07
Logistic Reg,No SMOTE,0,0,3.7082979098931706e-05
Logistic Reg,No SMOTE,0,0,0.0021364020017843642
Logistic Reg,No SMOTE,0,0,0.01253037910037827
Logistic Reg,No SMOTE,0,0,6.037499834831011e-15
Logistic Reg,No SMOTE,0,0,0.028351614863379546
Logistic Reg,No SMOTE,0,0,4.113441403335165e-05
Logistic Reg,No SMOTE,0,0,0.002637004901777146
Logistic Reg,No SMOTE,0,0,0.026412274976102337
Logistic Reg,No SMOTE,0,0,5.339332065348612e-10
Logistic Reg,No SMOTE,0,0,0.03575414668388614
Logistic Reg,No SMOTE,0,0,1.3979577769420113e-06
Logistic Reg,No SMOTE,0,0,8.250372002107473e-07
Logistic Reg,No SMOTE,0,0,4.585911032893401e-05
Logistic Reg,No SMOTE,0,0,1.169951197824781e-06
Logistic Reg,No SMOTE,0,0,0.009319942415199733
Logistic Reg,No SMOTE,0,0,0.0438666684377137
Logistic Reg,No SMOTE,0,0,0.012130289206412386
Logistic Reg,No SMOTE,0,0,0.04118213334662397
Logistic Reg,No SMOTE,0,0,0.03893468849740739
Logistic Reg,No SMOTE,0,0,1.0694312458828805e-06
Logistic Reg,No SMOTE,0,0,9.616820297159427e-12
Logistic Reg,No SMOTE,0,0,0.029441029334707113
Logistic Reg,No SMOTE,0,0,9.665791661451793e-07
Logistic Reg,No SMOTE,0,0,0.029270381699473283
Logistic Reg,No SMOTE,0,0,1.0665042895865098e-06
Logistic Reg,No SMOTE,0,0,1.1736329074702223e-05
Logistic Reg,No SMOTE,0,0,0.07488601338829513
Logistic Reg,No SMOTE,0,0,7.830420432065694e-07
Logistic Reg,No SMOTE,0,0,8.700415243060639e-07
Logistic Reg,No SMOTE,0,0,8.071077082610139e-05
Logistic Reg,No SMOTE,0,0,2.534549072572477e-06
Logistic Reg,No SMOTE,0,0,1.0899902483282972e-06
Logistic Reg,No SMOTE,0,0,4.7211499508297896e-05
Logistic Reg,No SMOTE,0,0,0.0009593097818306831
Logistic Reg,No SMOTE,0,0,6.704635961450684e-07
Logistic Reg,No SMOTE,0,0,1.5803222311067651e-06
Logistic Reg,No SMOTE,0,0,1.0645312979745064e-06
Logistic Reg,No SMOTE,0,0,4.931114903608209e-05
Logistic Reg,No SMOTE,0,0,1.3237747642884031e-30
Logistic Reg,No SMOTE,0,0,9.740961622223404e-07
Logistic Reg,No SMOTE,0,0,1.4927967446895169e-05
Logistic Reg,No SMOTE,0,0,0.012827319409354634
Logistic Reg,No SMOTE,0,1,0.9478562141111405
Logistic Reg,No SMOTE,0,0,4.806874733080866e-05
Logistic Reg,No SMOTE,0,0,4.906273000745312e-05
Logistic Reg,No SMOTE,0,0,0.24230065707622803
Logistic Reg,No SMOTE,0,0,2.1858584843573205e-08
Logistic Reg,No SMOTE,0,0,1.0367412348620786e-06
Logistic Reg,No SMOTE,0,0,5.941151542077688e-10
Logistic Reg,No SMOTE,0,0,0.0008038370914262561
Logistic Reg,No SMOTE,0,0,0.018983475409005378
Logistic Reg,No SMOTE,0,0,6.692371839614609e-07
Logistic Reg,No SMOTE,0,0,1.0149508507984254e-06
Logistic Reg,No SMOTE,0,0,0.041788351232240076
Logistic Reg,No SMOTE,0,0,0.0015785792253245772
Logistic Reg,No SMOTE,0,0,2.0973326556776253e-05
Logistic Reg,No SMOTE,0,0,0.20444904885076137
Logistic Reg,No SMOTE,0,0,0.01884053932203189
Logistic Reg,No SMOTE,0,0,0.07872776568072277
Logistic Reg,No SMOTE,0,0,7.144356903261391e-07
Logistic Reg,No SMOTE,0,0,6.856763361909657e-06
Logistic Reg,No SMOTE,0,0,0.0026114303043769686
Logistic Reg,No SMOTE,0,1,0.9708534601677888
Logistic Reg,No SMOTE,0,0,0.0056784059457558825
Logistic Reg,No SMOTE,0,0,0.0010294558508957112
Logistic Reg,No SMOTE,0,0,0.033588191177695584
Logistic Reg,No SMOTE,0,0,0.3715426131644762
Logistic Reg,No SMOTE,0,0,0.011259096978465579
Logistic Reg,No SMOTE,0,0,4.6348685997454734e-05
Logistic Reg,No SMOTE,0,0,0.07854970853884902
Logistic Reg,No SMOTE,0,0,9.113174284316079e-07
Logistic Reg,No SMOTE,0,0,5.379939901731827e-05
Logistic Reg,No SMOTE,0,0,1.1081551213352925e-06
Logistic Reg,No SMOTE,0,0,6.551143193457534e-05
Logistic Reg,No SMOTE,0,0,4.804952841271188e-05
Logistic Reg,No SMOTE,0,0,0.297951264876334
Logistic Reg,No SMOTE,0,0,8.088348619347023e-16
Logistic Reg,No SMOTE,0,0,0.03624818858647886
Logistic Reg,No SMOTE,0,0,9.635951789434578e-07
Logistic Reg,No SMOTE,0,0,0.2656890574351576
Logistic Reg,No SMOTE,0,0,2.639682565532887e-06
Logistic Reg,No SMOTE,0,0,1.0511198477898513e-06
Logistic Reg,No SMOTE,0,0,0.0287527179439535
Logistic Reg,No SMOTE,0,0,8.696460479662416e-07
Logistic Reg,No SMOTE,0,0,3.0254748889937543e-06
Logistic Reg,No SMOTE,0,0,4.565043554546922e-05
Logistic Reg,No SMOTE,0,0,0.054852631616337764
Logistic Reg,No SMOTE,0,0,4.685461731912208e-05
Logistic Reg,No SMOTE,0,0,0.04148431827639064
Logistic Reg,No SMOTE,0,0,1.1166656277674724e-06
Logistic Reg,No SMOTE,0,0,0.027101869824379697
Logistic Reg,No SMOTE,0,0,0.00693050559232853
Logistic Reg,No SMOTE,0,0,0.018308535022786534
Logistic Reg,No SMOTE,0,0,0.010806626470289944
Logistic Reg,No SMOTE,0,0,8.6986506858787e-07
Logistic Reg,No SMOTE,0,0,0.04589361908129562
Logistic Reg,No SMOTE,0,0,4.558224384860975e-05
Logistic Reg,No SMOTE,0,0,0.0004768360878816601
Logistic Reg,No SMOTE,0,0,2.5593132787185906e-19
Logistic Reg,No SMOTE,0,0,1.0353358435150134e-06
Logistic Reg,No SMOTE,0,0,0.038970827631303814
Logistic Reg,No SMOTE,0,0,0.0010764492494153893
Logistic Reg,No SMOTE,0,0,7.178281837881746e-07
Logistic Reg,No SMOTE,0,0,3.976814565808368e-08
Logistic Reg,No SMOTE,0,0,0.019919532752426358
Logistic Reg,No SMOTE,0,0,0.0006124881154376616
Logistic Reg,No SMOTE,0,0,4.58964385140444e-05
Logistic Reg,No SMOTE,0,0,4.830402471116488e-05
Logistic Reg,No SMOTE,0,0,0.06784284842660036
Logistic Reg,No SMOTE,0,0,0.00011308120595567317
Logistic Reg,No SMOTE,0,0,9.411875397771937e-07
Logistic Reg,No SMOTE,0,0,0.04577721729283739
Logistic Reg,No SMOTE,0,0,0.0011730191189996278
Logistic Reg,No SMOTE,0,0,1.9250992427763934e-06
Logistic Reg,No SMOTE,0,0,8.405224792758644e-12
Logistic Reg,No SMOTE,0,0,1.114432930660457e-06
Logistic Reg,No SMOTE,0,0,6.583556536709907e-10
Logistic Reg,No SMOTE,0,0,0.1698777367490208
Logistic Reg,No SMOTE,0,0,0.0008011468849085778
Logistic Reg,No SMOTE,0,0,1.9487341053905556e-15
Logistic Reg,No SMOTE,0,0,0.02322097304217726
Logistic Reg,No SMOTE,0,0,0.04666016293660632
Logistic Reg,No SMOTE,0,0,4.5584798016918527e-05
Logistic Reg,No SMOTE,0,0,0.003376987483571792
Logistic Reg,No SMOTE,0,0,0.1106044758121811
Logistic Reg,No SMOTE,0,0,0.0027047982259847045
Logistic Reg,No SMOTE,0,0,7.63339268054161e-07
Logistic Reg,No SMOTE,0,0,0.09210319305187471
Logistic Reg,No SMOTE,0,0,0.00029776042154789554
Logistic Reg,No SMOTE,0,0,7.50853534792962e-07
Logistic Reg,No SMOTE,0,0,1.2802701172007607e-07
Logistic Reg,No SMOTE,0,0,0.037042122941259
Logistic Reg,No SMOTE,0,0,1.0676866030029068e-06
Logistic Reg,No SMOTE,0,0,0.05104633254228034
Logistic Reg,No SMOTE,0,0,4.752235182915243e-16
Logistic Reg,No SMOTE,0,0,8.303461707653912e-05
Logistic Reg,No SMOTE,0,0,1.2634541173105885e-06
Logistic Reg,No SMOTE,0,0,4.600488244549964e-05
Logistic Reg,No SMOTE,0,0,0.0128761759416767
Logistic Reg,No SMOTE,0,0,1.0670457954985838e-06
Logistic Reg,No SMOTE,0,0,0.02785844749758008
Logistic Reg,No SMOTE,0,0,0.010854051019154059
Logistic Reg,No SMOTE,0,0,4.558697963216856e-05
Logistic Reg,No SMOTE,0,0,9.17777877857805e-07
Logistic Reg,No SMOTE,0,0,4.560932785922593e-05
Logistic Reg,No SMOTE,0,1,0.5229794923690557
Logistic Reg,No SMOTE,0,0,0.029072713667074482
Logistic Reg,No SMOTE,0,0,0.008995973888344947
Logistic Reg,No SMOTE,0,0,1.1184707456152564e-14
Logistic Reg,No SMOTE,0,0,0.046106498538976526
Logistic Reg,No SMOTE,0,0,0.024098650052800034
Logistic Reg,No SMOTE,0,0,0.03500196630356261
Logistic Reg,No SMOTE,0,0,0.027815904191413828
Logistic Reg,No SMOTE,0,0,0.003314029051302945
Logistic Reg,No SMOTE,0,0,0.012489349452935877
Logistic Reg,No SMOTE,0,0,0.0002607677567315176
Logistic Reg,No SMOTE,0,0,0.00037626606975234425
Logistic Reg,No SMOTE,0,0,0.048856222983780895
Logistic Reg,No SMOTE,0,0,0.02056637238957678
Logistic Reg,No SMOTE,0,0,1.5437863470981656e-09
Logistic Reg,No SMOTE,0,0,2.0403183123590215e-07
Logistic Reg,No SMOTE,0,0,2.0436333077192428e-16
Logistic Reg,No SMOTE,0,1,0.6402952038930884
Logistic Reg,No SMOTE,0,0,0.004333578030223352
Logistic Reg,No SMOTE,0,0,0.0346460941834241
Logistic Reg,No SMOTE,0,0,6.519665223433473e-07
Logistic Reg,No SMOTE,0,0,4.6396722928119414e-05
Logistic Reg,No SMOTE,0,0,4.886315644979794e-10
Logistic Reg,No SMOTE,0,0,0.030277601645537427
Logistic Reg,No SMOTE,0,0,6.079938782196716e-12
Logistic Reg,No SMOTE,0,0,7.957290436097004e-15
Logistic Reg,No SMOTE,0,0,1.1125634316275853e-06
Logistic Reg,No SMOTE,0,0,4.558965418035506e-05
Logistic Reg,No SMOTE,0,0,0.06366605521758659
Logistic Reg,No SMOTE,0,0,2.191951269155587e-05
Logistic Reg,No SMOTE,0,0,4.591796206226062e-05
Logistic Reg,No SMOTE,0,0,0.00046176536543485484
Logistic Reg,No SMOTE,0,0,0.03427843842601687
Logistic Reg,No SMOTE,0,0,7.322962254673944e-07
Logistic Reg,No SMOTE,0,0,8.5516039749817e-07
Logistic Reg,No SMOTE,0,0,0.0016864349069075745
Logistic Reg,No SMOTE,0,0,1.0310804274021299e-08
Logistic Reg,No SMOTE,0,0,1.5183305236234868e-10
Logistic Reg,No SMOTE,0,0,0.011496057578251015
Logistic Reg,No SMOTE,0,0,4.901944648755723e-06
Logistic Reg,No SMOTE,0,0,0.041445031263920996
Logistic Reg,No SMOTE,0,0,0.02169438179302046
Logistic Reg,No SMOTE,0,0,0.01751457775989003
Logistic Reg,No SMOTE,0,0,9.468979880832139e-07
Logistic Reg,No SMOTE,0,0,0.04069781785199071
Logistic Reg,No SMOTE,0,0,8.531585279421263e-07
Logistic Reg,No SMOTE,0,0,4.583042492873273e-05
Logistic Reg,No SMOTE,0,0,5.235341289889887e-20
Logistic Reg,No SMOTE,0,0,6.307954652425755e-06
Logistic Reg,No SMOTE,0,0,0.057480166827454354
Logistic Reg,No SMOTE,0,0,7.140990063510564e-07
Logistic Reg,No SMOTE,0,0,0.026838081979785103
Logistic Reg,No SMOTE,0,0,8.966044655263999e-07
Logistic Reg,No SMOTE,0,0,7.744477492532082e-05
Logistic Reg,No SMOTE,0,0,0.0003937291678997611
Logistic Reg,No SMOTE,0,0,0.15811825701037371
Logistic Reg,No SMOTE,0,0,0.02291507680037913
Logistic Reg,No SMOTE,0,0,8.429345736750344e-07
Logistic Reg,No SMOTE,0,0,0.02675396419733529
Logistic Reg,No SMOTE,0,0,4.0485339914066196e-17
Logistic Reg,No SMOTE,0,0,0.0009227936618218818
Logistic Reg,No SMOTE,0,0,1.9322026755290694e-05
Logistic Reg,No SMOTE,0,0,4.565236009760663e-05
Logistic Reg,No SMOTE,0,0,4.209022692648013e-11
Logistic Reg,No SMOTE,0,0,7.270566031429623e-07
Logistic Reg,No SMOTE,0,0,0.021194219621645888
Logistic Reg,No SMOTE,0,0,0.0542923191567894
Logistic Reg,No SMOTE,0,0,4.568542118600996e-05
Logistic Reg,No SMOTE,0,0,0.02883578479129386
Logistic Reg,No SMOTE,0,0,6.0229361213400685e-09
Logistic Reg,No SMOTE,0,0,5.37679876032933e-08
Logistic Reg,No SMOTE,0,0,4.563403300444812e-05
Logistic Reg,No SMOTE,0,0,4.603395695394262e-05
Logistic Reg,No SMOTE,0,0,0.0005631471044427557
Logistic Reg,No SMOTE,0,0,6.845154536210713e-07
Logistic Reg,No SMOTE,0,0,8.325790055887993e-07
Logistic Reg,No SMOTE,0,0,4.5582831353021714e-05
Logistic Reg,No SMOTE,0,0,1.1218418430918564e-20
Logistic Reg,No SMOTE,0,0,4.7727203088505274e-05
Logistic Reg,No SMOTE,0,0,0.00070036529354742
Logistic Reg,No SMOTE,0,0,6.4590753300114175e-18
Logistic Reg,No SMOTE,0,0,0.018391901553615732
Logistic Reg,No SMOTE,0,0,2.680118211748199e-13
Logistic Reg,No SMOTE,0,0,0.035310500609486116
Logistic Reg,No SMOTE,0,0,4.842981647677128e-08
Logistic Reg,No SMOTE,0,0,0.00010682954836636572
Logistic Reg,No SMOTE,0,0,0.004821884680881867
Logistic Reg,No SMOTE,0,0,0.027764516740768606
Logistic Reg,No SMOTE,0,0,0.01682863044927737
Logistic Reg,No SMOTE,0,1,0.6677188802698827
Logistic Reg,No SMOTE,0,0,0.03200080317958541
Logistic Reg,No SMOTE,0,0,0.0011158123277931775
Logistic Reg,No SMOTE,0,0,0.0027872028181105683
Logistic Reg,No SMOTE,0,0,3.2366031883015892e-06
Logistic Reg,No SMOTE,0,0,0.02740658375740076
Logistic Reg,No SMOTE,0,0,9.348295185168489e-07
Logistic Reg,No SMOTE,0,0,3.3845346988505065e-13
Logistic Reg,No SMOTE,0,0,1.0918601408466536e-06
Logistic Reg,No SMOTE,0,0,0.02277020183474533
Logistic Reg,No SMOTE,0,0,1.0976672542712478e-07
Logistic Reg,No SMOTE,0,0,2.557989344818376e-06
Logistic Reg,No SMOTE,0,0,0.06530859488634723
Logistic Reg,No SMOTE,0,0,2.3924540370787126e-06
Logistic Reg,No SMOTE,0,0,1.1184687154764921e-06
Logistic Reg,No SMOTE,0,0,0.023223497954961987
Logistic Reg,No SMOTE,0,0,0.0036042959537296135
Logistic Reg,No SMOTE,0,0,0.023237742695736262
Logistic Reg,No SMOTE,0,0,0.10457486921734636
Logistic Reg,No SMOTE,0,0,4.982368319559783e-05
Logistic Reg,No SMOTE,0,0,3.236930237286608e-30
Logistic Reg,No SMOTE,0,0,4.60760509116507e-05
Logistic Reg,No SMOTE,0,0,5.772770810121698e-07
Logistic Reg,No SMOTE,0,0,0.0007413716270973469
Logistic Reg,No SMOTE,0,0,0.023421462947313655
Logistic Reg,No SMOTE,0,0,4.575640385524818e-05
Logistic Reg,No SMOTE,0,0,5.033771851425217e-08
Logistic Reg,No SMOTE,0,0,0.010442165856485143
Logistic Reg,No SMOTE,0,0,6.431243190115366e-08
Logistic Reg,No SMOTE,0,0,9.456740145805675e-07
Logistic Reg,No SMOTE,0,0,0.0005199022183161927
Logistic Reg,No SMOTE,0,0,7.323987836879208e-07
Logistic Reg,No SMOTE,0,0,0.0417207921775487
Logistic Reg,No SMOTE,0,0,1.3842266288262313e-16
Logistic Reg,No SMOTE,0,0,0.22357777285047378
Logistic Reg,No SMOTE,0,0,0.0004330923913045978
Logistic Reg,No SMOTE,0,0,4.714932731032622e-05
Logistic Reg,No SMOTE,0,0,4.6393591820306325e-05
Logistic Reg,No SMOTE,0,0,0.00012051426595522956
Logistic Reg,No SMOTE,0,0,4.578862078337739e-05
Logistic Reg,No SMOTE,0,0,0.03525985095122754
Logistic Reg,No SMOTE,0,0,9.097113676407235e-07
Logistic Reg,No SMOTE,0,0,0.008273813512729494
Logistic Reg,No SMOTE,0,0,7.732544358734927e-10
Logistic Reg,No SMOTE,0,0,0.0008228344530743691
Logistic Reg,No SMOTE,0,0,1.0111056076953906e-05
Logistic Reg,No SMOTE,0,0,0.030780185750130324
Logistic Reg,No SMOTE,0,0,8.898440878622226e-07
Logistic Reg,No SMOTE,0,0,1.6142444380066466e-13
Logistic Reg,No SMOTE,0,0,0.03415383554141607
Logistic Reg,No SMOTE,0,0,1.0689456437716785e-06
Logistic Reg,No SMOTE,0,0,0.018570351557529688
Logistic Reg,No SMOTE,0,0,0.01944214697824627
Logistic Reg,No SMOTE,0,0,1.753322111817571e-10
Logistic Reg,No SMOTE,0,0,4.57249323418335e-05
Logistic Reg,No SMOTE,0,0,4.872666091209551e-05
Logistic Reg,No SMOTE,0,0,0.038621699666008306
Logistic Reg,No SMOTE,0,0,0.031666232087580654
Logistic Reg,No SMOTE,0,0,0.000590988603449576
Logistic Reg,No SMOTE,0,0,4.744033393909085e-05
Logistic Reg,No SMOTE,0,0,3.245166929742732e-11
Logistic Reg,No SMOTE,0,0,6.877526942598528e-10
Logistic Reg,No SMOTE,0,0,0.03719895599168265
Logistic Reg,No SMOTE,0,0,9.678603183489658e-07
Logistic Reg,No SMOTE,0,0,0.03648183872818208
Logistic Reg,No SMOTE,0,0,0.02149464257483437
Logistic Reg,No SMOTE,0,0,1.8541401051309003e-08
Logistic Reg,No SMOTE,0,0,0.002508131796233223
Logistic Reg,No SMOTE,0,0,7.134001744814462e-07
Logistic Reg,No SMOTE,0,0,0.038095751315162234
Logistic Reg,No SMOTE,0,0,0.013872740942950962
Logistic Reg,No SMOTE,0,0,4.999448583196874e-05
Logistic Reg,No SMOTE,0,0,0.018847153192302794
Logistic Reg,No SMOTE,0,1,0.5071979545133128
Logistic Reg,No SMOTE,0,0,9.876480391009144e-07
Logistic Reg,No SMOTE,0,0,1.0028207744952412e-11
Logistic Reg,No SMOTE,0,0,0.016243922833279575
Logistic Reg,No SMOTE,0,0,2.4901373381375268e-05
Logistic Reg,No SMOTE,0,0,0.000861174725842941
Logistic Reg,No SMOTE,0,0,4.558438485562176e-05
Logistic Reg,No SMOTE,0,0,4.413278869044857e-08
Logistic Reg,No SMOTE,0,0,4.024472716493157e-10
Logistic Reg,No SMOTE,0,0,3.593887326593045e-05
Logistic Reg,No SMOTE,0,0,0.014632406303475912
Logistic Reg,No SMOTE,0,0,9.6096504860989e-07
Logistic Reg,No SMOTE,0,0,0.03698631070941969
Logistic Reg,No SMOTE,0,0,0.013484800133989082
Logistic Reg,No SMOTE,0,0,0.02712714526351645
Logistic Reg,No SMOTE,0,0,0.024176598058926097
Logistic Reg,No SMOTE,0,0,0.40228700749445706
Logistic Reg,No SMOTE,0,0,6.443323090536496e-06
Logistic Reg,No SMOTE,0,0,6.442484125176651e-13
Logistic Reg,No SMOTE,0,0,0.03646858068290952
Logistic Reg,No SMOTE,0,0,1.106535499955869e-06
Logistic Reg,No SMOTE,0,0,8.511842167654821e-07
Logistic Reg,No SMOTE,0,0,4.55953523793793e-05
Logistic Reg,No SMOTE,0,0,0.0008815335666216911
Logistic Reg,No SMOTE,0,0,0.033185989409953695
Logistic Reg,No SMOTE,0,0,0.0020549899251593694
Logistic Reg,No SMOTE,0,0,6.861613347381515e-20
Logistic Reg,No SMOTE,0,0,0.011661410031941878
Logistic Reg,No SMOTE,0,0,4.993931130311499e-05
Logistic Reg,No SMOTE,0,0,4.74651972759406e-08
Logistic Reg,No SMOTE,0,0,3.9425997665368986e-13
Logistic Reg,No SMOTE,0,0,9.034769561998817e-07
Logistic Reg,No SMOTE,0,0,1.2320142587388214e-06
Logistic Reg,No SMOTE,0,0,0.033371637966399935
Logistic Reg,No SMOTE,0,0,0.00011562469370461871
Logistic Reg,No SMOTE,0,0,0.04297463646548562
Logistic Reg,No SMOTE,0,0,7.687633679264832e-07
Logistic Reg,No SMOTE,0,0,3.318789001642418e-15
Logistic Reg,No SMOTE,0,0,0.039072025473325014
Logistic Reg,No SMOTE,0,0,3.1416055456466544e-06
Logistic Reg,No SMOTE,0,0,4.585871178564041e-05
Logistic Reg,No SMOTE,0,0,8.459083931534093e-07
Logistic Reg,No SMOTE,0,0,0.006358888456336666
Logistic Reg,No SMOTE,0,0,0.0032545832884561445
Logistic Reg,No SMOTE,0,0,0.09435147498066246
Logistic Reg,No SMOTE,0,0,0.028786881798427883
Logistic Reg,No SMOTE,0,0,5.7772623870223215e-09
Logistic Reg,No SMOTE,0,0,0.11703002088514641
Logistic Reg,No SMOTE,0,0,7.644202333016638e-07
Logistic Reg,No SMOTE,0,0,5.1062843988978525e-05
Logistic Reg,No SMOTE,0,0,0.02592917891824631
Logistic Reg,No SMOTE,0,0,1.0649052580038802e-06
Logistic Reg,No SMOTE,0,0,0.07727428466856066
Logistic Reg,No SMOTE,0,0,8.822747555028418e-07
Logistic Reg,No SMOTE,0,0,3.033607487359442e-11
Logistic Reg,No SMOTE,0,0,2.835355895838218e-15
Logistic Reg,No SMOTE,0,0,0.07557245449333314
Logistic Reg,No SMOTE,0,0,4.589061062684666e-05
Logistic Reg,No SMOTE,0,0,0.031314474536444564
Logistic Reg,No SMOTE,0,0,0.04742196064692396
Logistic Reg,No SMOTE,0,0,0.07301243300300515
Logistic Reg,No SMOTE,0,0,0.0007354264851609593
Logistic Reg,No SMOTE,0,0,4.790250017178386e-05
Logistic Reg,No SMOTE,0,0,0.03176071505749949
Logistic Reg,No SMOTE,0,0,9.33493656888357e-08
Logistic Reg,No SMOTE,0,0,1.0995709659743196e-06
Logistic Reg,No SMOTE,0,0,0.002818394742371828
Logistic Reg,No SMOTE,0,0,3.470535541223679e-05
Logistic Reg,No SMOTE,0,0,0.006669785145539209
Logistic Reg,No SMOTE,0,0,0.0011060781986007382
Logistic Reg,No SMOTE,0,0,0.0016694361412503118
Logistic Reg,No SMOTE,0,0,0.040349562090687616
Logistic Reg,No SMOTE,0,0,4.596404600975929e-05
Logistic Reg,No SMOTE,0,0,0.052717350097700025
Logistic Reg,No SMOTE,0,0,0.034317282692586916
Logistic Reg,No SMOTE,0,0,0.03235188985563386
Logistic Reg,No SMOTE,0,0,1.1052345347992482e-06
Logistic Reg,No SMOTE,0,0,1.1974430508364102e-05
Logistic Reg,No SMOTE,0,0,3.2992865106037234e-05
Logistic Reg,No SMOTE,0,0,0.022969904943895298
Logistic Reg,No SMOTE,0,0,4.6693922769112886e-05
Logistic Reg,No SMOTE,0,0,1.0987462650905184e-06
Logistic Reg,No SMOTE,0,0,0.04595646940196204
Logistic Reg,No SMOTE,0,0,1.9230418142390936e-10
Logistic Reg,No SMOTE,0,0,1.3277881974740359e-05
Logistic Reg,No SMOTE,0,0,1.0615083423077778e-06
Logistic Reg,No SMOTE,0,0,4.6944921806539205e-05
Logistic Reg,No SMOTE,0,0,1.0883168835322314e-20
Logistic Reg,No SMOTE,0,0,5.110675949333835e-05
Logistic Reg,No SMOTE,0,0,1.878747227469503e-09
Logistic Reg,No SMOTE,0,0,0.03335088019128968
Logistic Reg,No SMOTE,0,0,0.03640318176972713
Logistic Reg,No SMOTE,0,0,0.034411738282938954
Logistic Reg,No SMOTE,0,0,0.02361263646792435
Logistic Reg,No SMOTE,0,0,0.0007484320606630739
Logistic Reg,No SMOTE,0,0,9.650367308134067e-07
Logistic Reg,No SMOTE,0,0,2.1495422321111233e-12
Logistic Reg,No SMOTE,0,0,4.831940055044889e-05
Logistic Reg,No SMOTE,0,0,7.00839750238293e-08
Logistic Reg,No SMOTE,0,0,6.285358127963332e-08
Logistic Reg,No SMOTE,0,0,1.2396522481211375e-13
Logistic Reg,No SMOTE,0,0,9.058748000893252e-21
Logistic Reg,No SMOTE,0,0,0.054900786767811266
Logistic Reg,No SMOTE,0,0,9.905916342833786e-12
Logistic Reg,No SMOTE,0,0,5.5922792911556526e-05
Logistic Reg,No SMOTE,0,0,0.030582487757052152
Logistic Reg,No SMOTE,0,0,6.209585673955312e-08
Logistic Reg,No SMOTE,0,0,1.2075202671433052e-09
Logistic Reg,No SMOTE,0,0,4.95617882727353e-06
Logistic Reg,No SMOTE,0,0,0.2224964565647723
Logistic Reg,No SMOTE,0,0,0.0018765887229104934
Logistic Reg,No SMOTE,0,0,3.9572910035419726e-08
Logistic Reg,No SMOTE,0,0,5.316416921156072e-08
Logistic Reg,No SMOTE,0,0,5.816672991217773e-11
Logistic Reg,No SMOTE,0,0,4.689443416613004e-05
Logistic Reg,No SMOTE,0,0,0.03249143274762767
Logistic Reg,No SMOTE,0,0,0.10849620592415342
Logistic Reg,No SMOTE,0,0,0.023713882925947748
Logistic Reg,No SMOTE,0,0,5.047843463997317e-05
Logistic Reg,No SMOTE,0,0,0.0007257931940365287
Logistic Reg,No SMOTE,0,0,9.58409332729914e-07
Logistic Reg,No SMOTE,0,0,6.793660245065516e-07
Logistic Reg,No SMOTE,0,0,0.020918882040921172
Logistic Reg,No SMOTE,0,0,4.5879824607954875e-05
Logistic Reg,No SMOTE,0,0,0.017924645874653984
Logistic Reg,No SMOTE,0,0,0.0517112668827797
Logistic Reg,No SMOTE,0,0,0.0033991197505978243
Logistic Reg,No SMOTE,0,0,3.441678605964207e-14
Logistic Reg,No SMOTE,0,0,0.00046500277476291295
Logistic Reg,No SMOTE,0,0,0.031765392122078476
Logistic Reg,No SMOTE,0,0,1.575638082939494e-08
Logistic Reg,No SMOTE,0,0,1.378216973300312e-23
Logistic Reg,No SMOTE,0,0,8.654938003098407e-07
Logistic Reg,No SMOTE,0,0,0.0253976331124117
Logistic Reg,No SMOTE,0,0,6.951122866368667e-06
Logistic Reg,No SMOTE,0,0,0.3367562857248407
Logistic Reg,No SMOTE,0,0,4.66568787236406e-10
Logistic Reg,No SMOTE,0,0,0.014793666074660166
Logistic Reg,No SMOTE,0,0,0.026470208050896563
Logistic Reg,No SMOTE,0,0,0.00010305795003658677
Logistic Reg,No SMOTE,0,0,7.846146851348407e-06
Logistic Reg,No SMOTE,0,0,3.292512643816022e-11
Logistic Reg,No SMOTE,0,0,1.2119554639282868e-06
Logistic Reg,No SMOTE,0,0,0.019891371648011844
Logistic Reg,No SMOTE,0,0,4.718276817277761e-05
Logistic Reg,No SMOTE,0,0,6.820623696572983e-07
Logistic Reg,No SMOTE,0,1,0.5797155319153475
Logistic Reg,No SMOTE,0,0,1.079327289613842e-06
Logistic Reg,No SMOTE,0,0,1.0373370720126858e-06
Logistic Reg,No SMOTE,0,0,0.03270524448180786
Logistic Reg,No SMOTE,0,0,1.1362022599939502e-13
Logistic Reg,No SMOTE,0,1,0.6699664078756173
Logistic Reg,No SMOTE,0,0,1.0666929193845673e-06
Logistic Reg,No SMOTE,0,1,0.9305264873187066
Logistic Reg,No SMOTE,0,0,1.0425005682596208e-06
Logistic Reg,No SMOTE,0,0,1.1004323779133045e-06
Logistic Reg,No SMOTE,0,0,1.1181067495618219e-06
Logistic Reg,No SMOTE,0,0,6.836617343837514e-07
Logistic Reg,No SMOTE,0,0,0.011571155156777507
Logistic Reg,No SMOTE,0,0,1.942056305696281e-07
Logistic Reg,No SMOTE,0,0,0.03229371843452577
Logistic Reg,No SMOTE,0,0,0.03295590662658013
Logistic Reg,No SMOTE,0,0,8.359691956203324e-10
Logistic Reg,No SMOTE,0,0,0.04270488251921253
Logistic Reg,No SMOTE,0,0,3.916196236837548e-05
Logistic Reg,No SMOTE,0,0,0.0005893573529888199
Logistic Reg,No SMOTE,0,0,4.709942953343443e-06
Logistic Reg,No SMOTE,0,0,9.873627948972397e-13
Logistic Reg,No SMOTE,0,0,8.695874050302252e-07
Logistic Reg,No SMOTE,0,0,0.013639313061723052
Logistic Reg,No SMOTE,0,0,0.0005137073055552616
Logistic Reg,No SMOTE,0,0,5.1643018686544784e-05
Logistic Reg,No SMOTE,0,0,3.953478618732766e-13
Logistic Reg,No SMOTE,0,0,0.015322730663807469
Logistic Reg,No SMOTE,0,0,1.8682534339213277e-10
Logistic Reg,No SMOTE,0,0,7.452467565107352e-07
Logistic Reg,No SMOTE,0,0,6.304720358770956e-17
Logistic Reg,No SMOTE,0,0,9.832102099014928e-07
Logistic Reg,No SMOTE,0,0,0.03329971663468308
Logistic Reg,No SMOTE,0,0,0.026231590089555154
Logistic Reg,No SMOTE,0,0,0.032921441753605216
Logistic Reg,No SMOTE,0,0,0.0200436322909037
Logistic Reg,No SMOTE,0,0,5.0195656458905955e-05
Logistic Reg,No SMOTE,0,0,0.04684997679460792
Logistic Reg,No SMOTE,0,0,1.084241118790764e-06
Logistic Reg,No SMOTE,0,0,0.03448213362381439
Logistic Reg,No SMOTE,0,0,4.560656549902991e-13
Logistic Reg,No SMOTE,0,0,1.4777056483214338e-14
Logistic Reg,No SMOTE,0,0,0.0002065656436641909
Logistic Reg,No SMOTE,0,0,0.03348504426852173
Logistic Reg,No SMOTE,0,0,0.0020435152154756647
Logistic Reg,No SMOTE,0,0,4.638398965499961e-05
Logistic Reg,No SMOTE,0,0,0.00076029271908899
Logistic Reg,No SMOTE,0,0,0.03186382278585352
Logistic Reg,No SMOTE,0,0,1.4302428012702047e-15
Logistic Reg,No SMOTE,0,0,0.001181076429715714
Logistic Reg,No SMOTE,0,0,0.0002884803632786398
Logistic Reg,No SMOTE,0,0,0.017841514789237782
Logistic Reg,No SMOTE,0,0,9.294847438264129e-07
Logistic Reg,No SMOTE,0,0,0.0004727772830853905
Logistic Reg,No SMOTE,0,0,2.0493381025969684e-10
Logistic Reg,No SMOTE,0,0,0.010005386615838135
Logistic Reg,No SMOTE,0,0,5.148428058096589e-05
Logistic Reg,No SMOTE,0,0,0.03730545834185833
Logistic Reg,No SMOTE,0,0,0.02796018172373569
Logistic Reg,No SMOTE,0,0,4.641937409502921e-05
Logistic Reg,No SMOTE,0,0,0.026080390133301143
Logistic Reg,No SMOTE,0,0,0.011443226971104973
Logistic Reg,No SMOTE,0,0,0.013791931670769699
Logistic Reg,No SMOTE,0,0,0.02678583802296877
Logistic Reg,No SMOTE,0,0,4.184489420431766e-13
Logistic Reg,No SMOTE,0,0,0.02323587266866076
Logistic Reg,No SMOTE,0,0,7.530422555121838e-07
Logistic Reg,No SMOTE,0,0,1.2239106025084746e-05
Logistic Reg,No SMOTE,0,0,0.011301694599711193
Logistic Reg,No SMOTE,0,0,1.5752671208318168e-11
Logistic Reg,No SMOTE,0,0,3.854794571736166e-18
Logistic Reg,No SMOTE,0,0,8.180508347311494e-17
Logistic Reg,No SMOTE,0,0,0.03705726957176935
Logistic Reg,No SMOTE,0,0,1.1008802302168982e-06
Logistic Reg,No SMOTE,0,0,0.018650991677766796
Logistic Reg,No SMOTE,0,0,1.114873197960483e-06
Logistic Reg,No SMOTE,0,0,4.586443587605786e-05
Logistic Reg,No SMOTE,0,1,0.9147848643754758
Logistic Reg,No SMOTE,0,0,0.032425639872239925
Logistic Reg,No SMOTE,0,0,2.1729810932495245e-08
Logistic Reg,No SMOTE,0,0,0.0008036677306043876
Logistic Reg,No SMOTE,0,1,0.9326486944801723
Logistic Reg,No SMOTE,0,0,0.00020745409259852958
Logistic Reg,No SMOTE,0,0,7.677163170702749e-07
Logistic Reg,No SMOTE,0,0,0.03791433690835059
Logistic Reg,No SMOTE,0,0,0.0009466454163456857
Logistic Reg,No SMOTE,0,0,7.834655251281262e-07
Logistic Reg,No SMOTE,0,0,4.8576472614567535e-05
Logistic Reg,No SMOTE,0,0,3.1081995887986703e-06
Logistic Reg,No SMOTE,0,0,0.2131932753808506
Logistic Reg,No SMOTE,0,0,0.03227621210092533
Logistic Reg,No SMOTE,0,1,0.6921399727723326
Logistic Reg,No SMOTE,0,0,1.4149121834301584e-08
Logistic Reg,No SMOTE,0,0,9.920127527001463e-07
Logistic Reg,No SMOTE,0,0,1.0389642371422775e-10
Logistic Reg,No SMOTE,0,0,1.125695442929185e-06
Logistic Reg,No SMOTE,0,0,4.7290624645391106e-05
Logistic Reg,No SMOTE,0,0,4.6718537231536874e-05
Logistic Reg,No SMOTE,0,0,0.07349060852685316
Logistic Reg,No SMOTE,0,0,0.0009797999399550638
Logistic Reg,No SMOTE,0,1,0.9812734422790726
Logistic Reg,No SMOTE,0,0,4.864655237421718e-07
Logistic Reg,No SMOTE,0,0,1.1188369548160226e-05
Logistic Reg,No SMOTE,0,0,1.144240306369853e-16
Logistic Reg,No SMOTE,0,0,0.0015613816975245196
Logistic Reg,No SMOTE,0,0,1.616879867970495e-12
Logistic Reg,No SMOTE,0,0,4.987690847607161e-11
Logistic Reg,No SMOTE,0,0,2.5592820996842907e-14
Logistic Reg,No SMOTE,0,0,0.03151141099096305
Logistic Reg,No SMOTE,0,0,6.09340386964235e-07
Logistic Reg,No SMOTE,0,0,0.0008402363520440417
Logistic Reg,No SMOTE,0,0,0.028492352590996015
Logistic Reg,No SMOTE,0,0,4.6132319795040314e-05
Logistic Reg,No SMOTE,0,0,2.4427665607676922e-08
Logistic Reg,No SMOTE,0,0,4.565651966309293e-05
Logistic Reg,No SMOTE,0,0,0.023988624408251398
Logistic Reg,No SMOTE,0,0,1.8135322244983909e-06
Logistic Reg,No SMOTE,0,0,4.722889505498856e-05
Logistic Reg,No SMOTE,0,0,1.3020303965936756e-08
Logistic Reg,No SMOTE,0,0,7.409317417181683e-07
Logistic Reg,No SMOTE,0,0,5.0824138447915153e-05
Logistic Reg,No SMOTE,0,0,9.500045118623869e-07
Logistic Reg,No SMOTE,0,0,0.0005428987434673387
Logistic Reg,No SMOTE,0,0,0.0006987509316072367
Logistic Reg,No SMOTE,0,0,4.661157557612885e-05
Logistic Reg,No SMOTE,0,0,4.2504420908414976e-20
Logistic Reg,No SMOTE,0,0,9.193362015523867e-07
Logistic Reg,No SMOTE,0,0,1.0344587666713803e-06
Logistic Reg,No SMOTE,0,0,0.024335231394808306
Logistic Reg,No SMOTE,0,0,0.02905299579640233
Logistic Reg,No SMOTE,0,0,8.712755784889604e-07
Logistic Reg,No SMOTE,0,1,0.9530039508593904
Logistic Reg,No SMOTE,0,0,3.417402470677618e-05
Logistic Reg,No SMOTE,0,0,7.082284806795122e-15
Logistic Reg,No SMOTE,0,0,0.012178913323986497
Logistic Reg,No SMOTE,0,0,0.021603202662117172
Logistic Reg,No SMOTE,0,0,0.002128496274873614
Logistic Reg,No SMOTE,0,0,4.779682849786937e-05
Logistic Reg,No SMOTE,0,0,8.014298059392033e-07
Logistic Reg,No SMOTE,0,0,0.00036853151601157756
Logistic Reg,No SMOTE,0,0,0.018609922988212874
Logistic Reg,No SMOTE,0,0,1.0378735052138178e-06
Logistic Reg,No SMOTE,0,0,4.8134497471026745e-05
Logistic Reg,No SMOTE,0,0,1.0006054932364106e-06
Logistic Reg,No SMOTE,0,0,0.14247482529238747
Logistic Reg,No SMOTE,0,0,0.013583801104090602
Logistic Reg,No SMOTE,0,0,0.0432807244972612
Logistic Reg,No SMOTE,0,0,1.3975469525687015e-06
Logistic Reg,No SMOTE,0,0,0.03454794143877881
Logistic Reg,No SMOTE,0,0,3.8984638223111845e-08
Logistic Reg,No SMOTE,0,0,0.0005838658374303342
Logistic Reg,No SMOTE,0,0,0.22709033050169175
Logistic Reg,No SMOTE,0,0,0.0008102052665739304
Logistic Reg,No SMOTE,0,0,0.033254307971669436
Logistic Reg,No SMOTE,0,0,4.68218521190322e-05
Logistic Reg,No SMOTE,0,0,0.43662392434862013
Logistic Reg,No SMOTE,0,0,6.726222894200995e-07
Logistic Reg,No SMOTE,0,0,4.994167109328448e-12
Logistic Reg,No SMOTE,0,0,4.7262667269397095e-05
Logistic Reg,No SMOTE,0,0,0.007104961477754454
Logistic Reg,No SMOTE,0,0,0.08591805658175382
Logistic Reg,No SMOTE,0,0,0.01208364162050317
Logistic Reg,No SMOTE,0,0,0.03439151232033532
Logistic Reg,No SMOTE,0,0,1.3007744099805057e-07
Logistic Reg,No SMOTE,0,0,0.002954367670971371
Logistic Reg,No SMOTE,0,0,0.0012988668391721954
Logistic Reg,No SMOTE,0,0,7.672758073733231e-07
Logistic Reg,No SMOTE,0,0,0.01353884332791876
Logistic Reg,No SMOTE,0,0,0.02457584627568767
Logistic Reg,No SMOTE,0,0,0.0009172216535111349
Logistic Reg,No SMOTE,0,0,0.02252323867425572
Logistic Reg,No SMOTE,0,0,7.522456077700628e-07
Logistic Reg,No SMOTE,0,0,0.0008753512681085427
Logistic Reg,No SMOTE,0,0,0.002055729003078587
Logistic Reg,No SMOTE,0,0,0.020672144884541544
Logistic Reg,No SMOTE,0,0,0.39758220630693153
Logistic Reg,No SMOTE,0,0,0.03186848888557439
Logistic Reg,No SMOTE,0,0,0.0002906419664004605
Logistic Reg,No SMOTE,0,1,0.8539555146757176
Logistic Reg,No SMOTE,0,0,8.247587962764148e-07
Logistic Reg,No SMOTE,0,0,0.03888749859553628
Logistic Reg,No SMOTE,0,0,0.031247947835409653
Logistic Reg,No SMOTE,0,0,0.03513189355017883
Logistic Reg,No SMOTE,0,0,0.007493076739657278
Logistic Reg,No SMOTE,0,0,4.6107579633199996e-05
Logistic Reg,No SMOTE,0,0,1.8349441238121243e-09
Logistic Reg,No SMOTE,0,0,0.12593324310437207
Logistic Reg,No SMOTE,0,0,1.8282917370035793e-05
Logistic Reg,No SMOTE,0,1,0.5004954242894871
Logistic Reg,No SMOTE,0,0,8.347890021235275e-07
Logistic Reg,No SMOTE,0,0,3.3172278651589927e-10
Logistic Reg,No SMOTE,0,0,6.595665878285317e-07
Logistic Reg,No SMOTE,0,0,0.0006772275532230405
Logistic Reg,No SMOTE,0,0,0.0012587230711712221
Logistic Reg,No SMOTE,1,1,0.9999999599424412
Logistic Reg,No SMOTE,0,0,0.000254547220434017
Logistic Reg,No SMOTE,0,0,2.704011676539083e-10
Logistic Reg,No SMOTE,0,0,0.019755850319327462
Logistic Reg,No SMOTE,0,0,9.977412593154531e-07
Logistic Reg,No SMOTE,0,0,0.025112602812902934
Logistic Reg,No SMOTE,0,0,0.03640166192907391
Logistic Reg,No SMOTE,0,1,0.8881115272469634
Logistic Reg,No SMOTE,0,0,0.0012075435692065488
Logistic Reg,No SMOTE,0,0,0.012372820464213596
Logistic Reg,No SMOTE,0,0,4.657309730999012e-05
Logistic Reg,No SMOTE,0,0,1.9944440637381139e-16
Logistic Reg,No SMOTE,0,0,4.651514881026139e-05
Logistic Reg,No SMOTE,0,0,1.0043648481232863e-06
Logistic Reg,No SMOTE,0,0,0.0017402405822514704
Logistic Reg,No SMOTE,0,0,4.692995082726502e-15
Logistic Reg,No SMOTE,0,0,0.04876013879156466
Logistic Reg,No SMOTE,0,0,4.6304446387608676e-05
Logistic Reg,No SMOTE,0,0,1.2093669801831064e-06
Logistic Reg,No SMOTE,0,0,4.052379027818567e-10
Logistic Reg,No SMOTE,0,0,1.782516405860954e-10
Logistic Reg,No SMOTE,0,0,0.0005347557507280478
Logistic Reg,No SMOTE,0,0,1.0396048085952372e-06
Logistic Reg,No SMOTE,0,0,0.007530401619680303
Logistic Reg,No SMOTE,0,0,7.935975372086328e-07
Logistic Reg,No SMOTE,0,0,4.5589015188142925e-05
Logistic Reg,No SMOTE,0,0,0.01763621469114784
Logistic Reg,No SMOTE,0,0,0.03779424482084847
Logistic Reg,No SMOTE,0,0,0.0025158136767703563
Logistic Reg,No SMOTE,0,0,4.58250084755826e-05
Logistic Reg,No SMOTE,0,0,8.713527560230652e-05
Logistic Reg,No SMOTE,0,0,0.026626194070241346
Logistic Reg,No SMOTE,0,0,1.1492611193117033e-06
Logistic Reg,No SMOTE,0,0,0.013107697581843063
Logistic Reg,No SMOTE,0,0,0.0023222661545595664
Logistic Reg,No SMOTE,0,0,0.00029590698638365766
Logistic Reg,No SMOTE,0,0,4.9992565566981155e-11
Logistic Reg,No SMOTE,0,0,1.859925504383918e-06
Logistic Reg,No SMOTE,0,0,4.6734396487848294e-05
Logistic Reg,No SMOTE,0,0,0.000902309775691598
Logistic Reg,No SMOTE,0,0,1.049850232866706e-09
Logistic Reg,No SMOTE,0,0,0.011600466251472251
Logistic Reg,No SMOTE,0,0,0.05042905391559733
Logistic Reg,No SMOTE,0,0,0.001232494339379552
Logistic Reg,No SMOTE,0,0,0.022429179934733586
Logistic Reg,No SMOTE,0,0,0.007688186112285532
Logistic Reg,No SMOTE,0,0,1.1232028252687163e-08
Logistic Reg,No SMOTE,0,0,0.028732014288594794
Logistic Reg,No SMOTE,0,0,4.759386257192572e-05
Logistic Reg,No SMOTE,0,0,9.368644872920132e-07
Logistic Reg,No SMOTE,0,0,5.092972523538202e-16
Logistic Reg,No SMOTE,0,0,3.528824282755773e-07
Logistic Reg,No SMOTE,0,0,0.00117733756732775
Logistic Reg,No SMOTE,0,0,0.00038985670005573924
Logistic Reg,No SMOTE,0,0,0.00032361799607110917
Logistic Reg,No SMOTE,0,0,9.964497064883951e-14
Logistic Reg,No SMOTE,0,0,4.634670860193091e-05
Logistic Reg,No SMOTE,0,0,8.268904556768981e-07
Logistic Reg,No SMOTE,0,0,4.7396087006475184e-05
Logistic Reg,No SMOTE,0,0,4.593376064616328e-12
Logistic Reg,No SMOTE,0,0,3.2934947188664465e-06
Logistic Reg,No SMOTE,0,0,4.6984026146960305e-05
Logistic Reg,No SMOTE,0,0,7.678116617280033e-07
Logistic Reg,No SMOTE,0,0,4.847471764403612e-06
Logistic Reg,No SMOTE,0,0,2.6155130486466778e-05
Logistic Reg,No SMOTE,0,0,0.0033464944295718765
Logistic Reg,No SMOTE,0,0,0.07005343660849674
Logistic Reg,No SMOTE,0,0,1.0787201764149698e-06
Logistic Reg,No SMOTE,0,0,0.19795539535949752
Logistic Reg,No SMOTE,0,0,0.026993344867296862
Logistic Reg,No SMOTE,0,0,4.7900419829223834e-05
Logistic Reg,No SMOTE,0,0,7.804313807037916e-07
Logistic Reg,No SMOTE,0,0,4.7341913965374404e-05
Logistic Reg,No SMOTE,0,0,1.5415599781756526e-10
Logistic Reg,No SMOTE,0,0,0.02467664820733831
Logistic Reg,No SMOTE,0,0,1.0376191036475548e-14
Logistic Reg,No SMOTE,0,0,0.0019803520373969903
Logistic Reg,No SMOTE,0,0,0.0010478899391451794
Logistic Reg,No SMOTE,0,0,6.29364028353015e-07
Logistic Reg,No SMOTE,0,0,0.038518359949645274
Logistic Reg,No SMOTE,0,0,4.568528508123573e-05
Logistic Reg,No SMOTE,0,0,3.53518809560508e-11
Logistic Reg,No SMOTE,0,0,0.1257521886163993
Logistic Reg,No SMOTE,0,0,0.04649412221988323
Logistic Reg,No SMOTE,0,0,1.246590974616289e-06
Logistic Reg,No SMOTE,0,0,0.0009030034886746666
Logistic Reg,No SMOTE,0,0,1.0621063461936528e-06
Logistic Reg,No SMOTE,0,0,1.0693624459600368e-06
Logistic Reg,No SMOTE,0,0,1.02937770543038e-06
Logistic Reg,No SMOTE,0,0,9.258292821522054e-05
Logistic Reg,No SMOTE,0,0,0.021144513678381372
Logistic Reg,No SMOTE,0,0,7.192981585505744e-07
Logistic Reg,No SMOTE,0,0,0.019056372887496405
Logistic Reg,No SMOTE,0,0,0.0002330920023407851
Logistic Reg,No SMOTE,0,0,0.0004118534626869438
Logistic Reg,No SMOTE,0,0,4.035799287454549e-10
Logistic Reg,No SMOTE,0,0,9.432769595109225e-07
Logistic Reg,No SMOTE,0,0,8.199754145119218e-07
Logistic Reg,No SMOTE,0,0,4.6092592018573635e-05
Logistic Reg,No SMOTE,0,0,5.744775987106958e-11
Logistic Reg,No SMOTE,0,0,1.7451052503590404e-08
Logistic Reg,No SMOTE,0,0,0.0010673003153466691
Logistic Reg,No SMOTE,0,0,0.0018022284782647268
Logistic Reg,No SMOTE,0,0,9.860289902014277e-06
Logistic Reg,No SMOTE,0,0,0.040444957091213034
Logistic Reg,No SMOTE,0,0,0.10713552283966891
Logistic Reg,No SMOTE,0,0,2.5119302730562353e-13
Logistic Reg,No SMOTE,0,0,1.2739823044229104e-34
Logistic Reg,No SMOTE,0,0,4.658822328206895e-05
Logistic Reg,No SMOTE,0,0,4.5823862566951145e-05
Logistic Reg,No SMOTE,0,0,0.018086662509146933
Logistic Reg,No SMOTE,1,1,0.944693281332047
Logistic Reg,No SMOTE,0,0,4.745566185419194e-05
Logistic Reg,No SMOTE,0,0,0.019022421553753176
Logistic Reg,No SMOTE,0,0,4.578109853706212e-05
Logistic Reg,No SMOTE,0,0,8.083594865595825e-13
Logistic Reg,No SMOTE,0,0,1.5417546748694203e-08
Logistic Reg,No SMOTE,0,0,2.7340378779529804e-26
Logistic Reg,No SMOTE,0,0,0.012996410108422892
Logistic Reg,No SMOTE,0,0,6.511918371195869e-07
Logistic Reg,No SMOTE,0,0,6.367176536313356e-07
Logistic Reg,No SMOTE,0,0,5.0029802780696775e-05
Logistic Reg,No SMOTE,0,0,1.2512340987083228e-08
Logistic Reg,No SMOTE,0,1,0.5092677149056902
Logistic Reg,No SMOTE,0,0,4.5697348337834346e-05
Logistic Reg,No SMOTE,0,0,0.005211315097405288
Logistic Reg,No SMOTE,0,1,0.7094381105293782
Logistic Reg,No SMOTE,0,0,2.2482773551534716e-05
Logistic Reg,No SMOTE,0,0,0.0006270290464407291
Logistic Reg,No SMOTE,0,0,0.03132174061803206
Logistic Reg,No SMOTE,0,0,0.011649961926407685
Logistic Reg,No SMOTE,0,0,8.156207880789069e-07
Logistic Reg,No SMOTE,0,0,0.0011367355735545815
Logistic Reg,No SMOTE,0,0,5.0531682406006046e-05
Logistic Reg,No SMOTE,0,0,0.05086201989325998
Logistic Reg,No SMOTE,0,0,0.032215895613624576
Logistic Reg,No SMOTE,0,0,9.579882024816568e-07
Logistic Reg,No SMOTE,0,0,0.000787923856775778
Logistic Reg,No SMOTE,0,0,4.607133091758644e-05
Logistic Reg,No SMOTE,0,0,4.6782710339898786e-05
Logistic Reg,No SMOTE,0,0,3.7793624756980424e-09
Logistic Reg,No SMOTE,0,0,0.0330279699103661
Logistic Reg,No SMOTE,0,0,4.603347282477482e-05
Logistic Reg,No SMOTE,0,0,8.79983147853617e-07
Logistic Reg,No SMOTE,0,0,4.627915904283769e-05
Logistic Reg,No SMOTE,0,0,6.83734653901708e-07
Logistic Reg,No SMOTE,0,0,0.007814798333620875
Logistic Reg,No SMOTE,0,0,2.431358979230451e-31
Logistic Reg,No SMOTE,0,0,0.3912632903998224
Logistic Reg,No SMOTE,0,0,1.7647347593713864e-07
Logistic Reg,No SMOTE,0,0,1.543981946214735e-07
Logistic Reg,No SMOTE,0,0,0.02456022686260126
Logistic Reg,No SMOTE,0,0,1.915152654556857e-09
Logistic Reg,No SMOTE,0,0,0.02326180366766515
Logistic Reg,No SMOTE,0,0,0.010638900872020178
Logistic Reg,No SMOTE,0,0,4.625010022117974e-05
Logistic Reg,No SMOTE,0,0,1.575227378242212e-13
Logistic Reg,No SMOTE,0,0,0.0006743601169379313
Logistic Reg,No SMOTE,0,0,4.733493459289789e-05
Logistic Reg,No SMOTE,0,1,0.8863448786738588
Logistic Reg,No SMOTE,0,0,7.588436958777646e-07
Logistic Reg,No SMOTE,0,0,0.0160704744483434
Logistic Reg,No SMOTE,0,0,1.5541002353692325e-10
Logistic Reg,No SMOTE,0,0,8.360920118754086e-07
Logistic Reg,No SMOTE,0,0,8.622158087280326e-07
Logistic Reg,No SMOTE,0,0,5.1109774510353504e-11
Logistic Reg,No SMOTE,0,0,4.667660337070136e-05
Logistic Reg,No SMOTE,0,0,0.04485273199322528
Logistic Reg,No SMOTE,0,0,8.270083390493903e-07
Logistic Reg,No SMOTE,0,0,0.02549918780506357
Logistic Reg,No SMOTE,0,0,9.805504148624936e-10
Logistic Reg,No SMOTE,0,0,0.003017200316822112
Logistic Reg,No SMOTE,0,0,0.00039578152725059843
Logistic Reg,No SMOTE,0,0,3.428829544419895e-05
Logistic Reg,No SMOTE,0,0,0.0007889645073290403
Logistic Reg,No SMOTE,0,0,8.318174772709855e-07
Logistic Reg,No SMOTE,0,0,1.169967293818308e-13
Logistic Reg,No SMOTE,0,0,0.035873307228837054
Logistic Reg,No SMOTE,0,0,1.8468600784368297e-07
Logistic Reg,No SMOTE,0,0,0.03268074525689413
Logistic Reg,No SMOTE,0,0,0.021183594145403006
Logistic Reg,No SMOTE,0,0,7.894499080450937e-07
Logistic Reg,No SMOTE,0,0,4.748613866721903e-10
Logistic Reg,No SMOTE,0,0,0.0017474463742210397
Logistic Reg,No SMOTE,0,0,4.614852772804917e-05
Logistic Reg,No SMOTE,0,0,0.025220217850710734
Logistic Reg,No SMOTE,0,0,1.203200789638183e-06
Logistic Reg,No SMOTE,0,0,4.818936496043074e-06
Logistic Reg,No SMOTE,0,0,9.814960264843197e-07
Logistic Reg,No SMOTE,0,0,8.029965967469833e-13
Logistic Reg,No SMOTE,0,0,4.4866160799419655e-08
Logistic Reg,No SMOTE,0,0,0.00985536231426083
Logistic Reg,No SMOTE,0,0,0.001084548061268722
Logistic Reg,No SMOTE,0,0,0.0162808005151499
Logistic Reg,No SMOTE,0,0,4.660932335869505e-16
Logistic Reg,No SMOTE,0,0,0.00013698721282758589
Logistic Reg,No SMOTE,0,0,6.582543062015858e-07
Logistic Reg,No SMOTE,0,0,0.0010225101928424338
Logistic Reg,No SMOTE,0,0,4.5655495563511074e-05
Logistic Reg,No SMOTE,0,1,0.8401457417860254
Logistic Reg,No SMOTE,0,0,0.03429690482866476
Logistic Reg,No SMOTE,0,0,4.735197880943403e-05
Logistic Reg,No SMOTE,0,0,1.0579290739883372e-30
Logistic Reg,No SMOTE,0,0,6.796719168156995e-07
Logistic Reg,No SMOTE,0,0,1.5545338901928958e-09
Logistic Reg,No SMOTE,0,0,0.0006198174679912097
Logistic Reg,No SMOTE,0,0,4.8391958902452624e-05
Logistic Reg,No SMOTE,0,0,0.003169346127567277
Logistic Reg,No SMOTE,0,0,2.6914290192616547e-21
Logistic Reg,No SMOTE,0,0,1.2415227623536515e-13
Logistic Reg,No SMOTE,0,0,9.911334249667005e-07
Logistic Reg,No SMOTE,0,0,4.917366272531713e-06
Logistic Reg,No SMOTE,0,0,0.00011635666422757906
Logistic Reg,No SMOTE,0,0,0.0003187459515537592
Logistic Reg,No SMOTE,0,1,0.7360597090870541
Logistic Reg,No SMOTE,0,0,2.1331044722905603e-06
Logistic Reg,No SMOTE,0,0,7.148422206363194e-07
Logistic Reg,No SMOTE,0,0,1.4516194962562642e-25
Logistic Reg,No SMOTE,0,0,1.5716607892468818e-10
Logistic Reg,No SMOTE,0,0,0.04134708701784644
Logistic Reg,No SMOTE,0,0,4.807099978659993e-05
Logistic Reg,No SMOTE,0,0,3.873825432554383e-13
Logistic Reg,No SMOTE,0,0,0.0007263213674373573
Logistic Reg,No SMOTE,0,0,7.850584541328732e-08
Logistic Reg,No SMOTE,0,0,0.011477418092997703
Logistic Reg,No SMOTE,0,0,1.70734928383163e-11
Logistic Reg,No SMOTE,0,0,4.780807945304465e-10
Logistic Reg,No SMOTE,0,0,9.762794783996245e-11
Logistic Reg,No SMOTE,0,0,4.717916042894703e-10
Logistic Reg,No SMOTE,0,0,3.829427835165064e-06
Logistic Reg,No SMOTE,0,0,0.026152624701796766
Logistic Reg,No SMOTE,0,0,0.03212113518251319
Logistic Reg,No SMOTE,0,0,7.882011453896072e-07
Logistic Reg,No SMOTE,0,0,8.844897601781019e-07
Logistic Reg,No SMOTE,0,0,1.0693403006087826e-06
Logistic Reg,No SMOTE,0,0,0.0003562595568271874
Logistic Reg,No SMOTE,0,0,1.0787069515007474e-17
Logistic Reg,No SMOTE,0,0,0.0033929558733173794
Logistic Reg,No SMOTE,0,0,0.0009285660282753303
Logistic Reg,No SMOTE,0,0,2.3077093824912235e-05
Logistic Reg,No SMOTE,0,0,2.6567077439173435e-08
Logistic Reg,No SMOTE,0,0,3.391530267658303e-08
Logistic Reg,No SMOTE,0,0,9.976252377033026e-07
Logistic Reg,No SMOTE,0,0,3.45725121134643e-06
Logistic Reg,No SMOTE,0,0,5.300825266806746e-06
Logistic Reg,No SMOTE,0,0,9.750302420331791e-07
Logistic Reg,No SMOTE,0,0,0.01562611291766284
Logistic Reg,No SMOTE,0,0,7.446775177177992e-13
Logistic Reg,No SMOTE,0,0,4.561574830226723e-05
Logistic Reg,No SMOTE,0,0,0.00811561655590578
Logistic Reg,No SMOTE,0,0,0.0014128948818625524
Logistic Reg,No SMOTE,0,0,6.6497791666947e-18
Logistic Reg,No SMOTE,0,0,6.114125141728656e-07
Logistic Reg,No SMOTE,0,0,0.0003387139016532443
Logistic Reg,No SMOTE,0,0,0.04485173927659729
Logistic Reg,No SMOTE,0,0,0.0012376981436321539
Logistic Reg,No SMOTE,0,0,0.025087291756015914
Logistic Reg,No SMOTE,0,0,0.252896488990782
Logistic Reg,No SMOTE,0,0,6.980254576238054e-26
Logistic Reg,No SMOTE,0,0,0.009285933046165297
Logistic Reg,No SMOTE,0,0,0.050429726360101325
Logistic Reg,No SMOTE,0,0,4.8669956778731795e-05
Logistic Reg,No SMOTE,0,0,8.068824920447985e-07
Logistic Reg,No SMOTE,0,0,1.4481467336833487e-05
Logistic Reg,No SMOTE,0,0,4.5716983010489795e-05
Logistic Reg,No SMOTE,0,0,1.0245279096270778e-06
Logistic Reg,No SMOTE,0,0,0.006421367408795783
Logistic Reg,No SMOTE,0,0,3.0802250307510634e-06
Logistic Reg,No SMOTE,0,0,9.24252012898744e-07
Logistic Reg,No SMOTE,0,0,0.005242137007712684
Logistic Reg,No SMOTE,0,0,2.123738562153555e-11
Logistic Reg,No SMOTE,0,0,1.0451060447077264e-08
Logistic Reg,No SMOTE,0,0,0.0011454496768808751
Logistic Reg,No SMOTE,0,0,9.987180267299067e-07
Logistic Reg,No SMOTE,0,0,0.02410047300972346
Logistic Reg,No SMOTE,0,0,4.225903388091114e-06
Logistic Reg,No SMOTE,0,0,4.04138336435068e-15
Logistic Reg,No SMOTE,0,0,4.559349563754088e-05
Logistic Reg,No SMOTE,0,1,0.8510582525924233
Logistic Reg,No SMOTE,0,0,7.970666234410835e-07
Logistic Reg,No SMOTE,0,0,0.00016648441678067914
Logistic Reg,No SMOTE,0,0,3.739541900287384e-10
Logistic Reg,No SMOTE,0,0,4.572442055508125e-05
Logistic Reg,No SMOTE,0,0,1.3438954114278493e-08
Logistic Reg,No SMOTE,0,0,8.775858956005555e-07
Logistic Reg,No SMOTE,0,0,7.386694733502021e-07
Logistic Reg,No SMOTE,0,0,4.129929998866073e-07
Logistic Reg,No SMOTE,0,0,9.794558685059896e-07
Logistic Reg,No SMOTE,0,0,5.0268298254616214e-24
Logistic Reg,No SMOTE,0,0,1.1045079816269342e-09
Logistic Reg,No SMOTE,0,0,0.019215550442310818
Logistic Reg,No SMOTE,0,0,2.3761315870838688e-12
Logistic Reg,No SMOTE,0,0,0.014435618269496547
Logistic Reg,No SMOTE,0,0,0.032572129546957464
Logistic Reg,No SMOTE,0,0,9.657554304331845e-07
Logistic Reg,No SMOTE,0,0,7.179543667988925e-07
Logistic Reg,No SMOTE,0,0,0.0008542898907335577
Logistic Reg,No SMOTE,0,0,1.7612546388243426e-06
Logistic Reg,No SMOTE,0,0,2.5676603815634476e-22
Logistic Reg,No SMOTE,0,0,4.864165028274607e-05
Logistic Reg,No SMOTE,0,0,0.033644201624712114
Logistic Reg,No SMOTE,0,0,0.03049285109467801
Logistic Reg,No SMOTE,0,0,2.0488374213480384e-05
Logistic Reg,No SMOTE,0,0,0.03480590873680318
Logistic Reg,No SMOTE,0,0,2.4411925883721677e-20
Logistic Reg,No SMOTE,0,0,1.478924095957843e-06
Logistic Reg,No SMOTE,0,0,4.567605424097192e-05
Logistic Reg,No SMOTE,0,0,1.137182700573525e-09
Logistic Reg,No SMOTE,0,0,0.03405713690035984
Logistic Reg,No SMOTE,0,0,1.6782660478040754e-07
Logistic Reg,No SMOTE,0,0,1.3671245475564016e-05
Logistic Reg,No SMOTE,0,0,0.0476110979535474
Logistic Reg,No SMOTE,0,0,1.1116905627357724e-06
Logistic Reg,No SMOTE,0,1,0.6528818238356391
Logistic Reg,No SMOTE,0,0,3.3258734971630075e-10
Logistic Reg,No SMOTE,0,0,4.562687564774945e-05
Logistic Reg,No SMOTE,0,0,0.00017740626148654692
Logistic Reg,No SMOTE,0,0,0.03635173638174203
Logistic Reg,No SMOTE,0,0,4.558218860619559e-05
Logistic Reg,No SMOTE,0,0,0.00026808314704868894
Logistic Reg,No SMOTE,0,0,1.22754611130422e-13
Logistic Reg,No SMOTE,0,0,4.637102035635718e-05
Logistic Reg,No SMOTE,0,0,2.5630455533965885e-08
Logistic Reg,No SMOTE,0,0,0.0002612903052346931
Logistic Reg,No SMOTE,0,0,4.6639763773638144e-05
Logistic Reg,No SMOTE,0,0,0.0032318161693658982
Logistic Reg,No SMOTE,1,1,0.9992667336384884
Logistic Reg,No SMOTE,0,0,4.700110611301439e-05
Logistic Reg,No SMOTE,0,0,0.009757491054890046
Logistic Reg,No SMOTE,0,0,1.962739240108892e-06
Logistic Reg,No SMOTE,0,0,1.183320583098412e-09
Logistic Reg,No SMOTE,0,0,0.041800237408301445
Logistic Reg,No SMOTE,0,0,1.0773538528463343e-06
Logistic Reg,No SMOTE,0,0,2.708639086850022e-26
Logistic Reg,No SMOTE,0,0,0.03133614938599313
Logistic Reg,No SMOTE,0,0,0.0015861002659757777
Logistic Reg,No SMOTE,0,0,0.0008559886858809812
Logistic Reg,No SMOTE,0,0,4.558339014596083e-05
Logistic Reg,No SMOTE,0,0,9.154522828809809e-07
Logistic Reg,No SMOTE,0,0,5.214435585879663e-07
Logistic Reg,No SMOTE,0,0,0.007981975268629206
Logistic Reg,No SMOTE,0,0,2.172222048966659e-06
Logistic Reg,No SMOTE,0,0,0.03793124523716289
Logistic Reg,No SMOTE,0,0,0.025930422324710885
Logistic Reg,No SMOTE,0,0,1.8551320203082983e-20
Logistic Reg,No SMOTE,0,0,0.0042957223691134794
Logistic Reg,No SMOTE,0,0,0.0009712424986826806
Logistic Reg,No SMOTE,0,0,9.315731266875774e-07
Logistic Reg,No SMOTE,0,0,0.008436219066865558
Logistic Reg,No SMOTE,0,0,1.342783813526658e-10
Logistic Reg,No SMOTE,0,0,6.816090847519972e-07
Logistic Reg,No SMOTE,0,0,4.8127541754543524e-05
Logistic Reg,No SMOTE,0,0,0.027661912702782537
Logistic Reg,No SMOTE,0,0,0.0007869745882114948
Logistic Reg,No SMOTE,0,0,1.004316666319978e-06
Logistic Reg,No SMOTE,0,0,1.1561624932589518e-13
Logistic Reg,No SMOTE,0,0,0.025801007935854214
Logistic Reg,No SMOTE,0,0,0.03441976967110908
Logistic Reg,No SMOTE,0,0,0.00026537188594446756
Logistic Reg,No SMOTE,0,0,0.004344837302873511
Logistic Reg,No SMOTE,0,0,0.02318721052420407
Logistic Reg,No SMOTE,0,0,5.586026514866158e-07
Logistic Reg,No SMOTE,0,0,0.36875842990450763
Logistic Reg,No SMOTE,0,0,0.008254815723121799
Logistic Reg,No SMOTE,0,0,0.3896566303556828
Logistic Reg,No SMOTE,0,0,3.381118650589643e-05
Logistic Reg,No SMOTE,0,0,4.6348740229974434e-05
Logistic Reg,No SMOTE,0,0,4.831954662524957e-05
Logistic Reg,No SMOTE,0,0,3.1172877034981554e-07
Logistic Reg,No SMOTE,0,0,5.513857555592703e-07
Logistic Reg,No SMOTE,0,0,0.0038191032343200294
Logistic Reg,No SMOTE,0,0,0.001091098512057613
Logistic Reg,No SMOTE,0,0,0.2732871324483791
Logistic Reg,No SMOTE,0,0,0.00847380173502747
Logistic Reg,No SMOTE,0,0,0.01451577501813798
Logistic Reg,No SMOTE,0,0,0.03355428371743391
Logistic Reg,No SMOTE,0,0,0.028211952415849437
Logistic Reg,No SMOTE,0,0,0.008977660903566605
Logistic Reg,No SMOTE,0,0,2.9891478213587054e-23
Logistic Reg,No SMOTE,0,0,4.610533098605386e-05
Logistic Reg,No SMOTE,0,0,4.387439891413554e-05
Logistic Reg,No SMOTE,0,0,4.619314339608013e-05
Logistic Reg,No SMOTE,0,0,9.071204490990901e-07
Logistic Reg,No SMOTE,0,0,4.7795425072489434e-05
Logistic Reg,No SMOTE,0,0,4.558240490482083e-05
Logistic Reg,No SMOTE,0,0,1.3568241425378963e-12
Logistic Reg,No SMOTE,0,0,0.005013597644444139
Logistic Reg,No SMOTE,0,0,0.1149248804487423
Logistic Reg,No SMOTE,0,0,7.412330534822266e-07
Logistic Reg,No SMOTE,0,0,0.010794052670649324
Logistic Reg,No SMOTE,0,0,5.428798057058008e-10
Logistic Reg,No SMOTE,0,0,4.569166299089885e-05
Logistic Reg,No SMOTE,0,0,4.620718622731045e-05
Logistic Reg,No SMOTE,0,1,0.7009656689743915
Logistic Reg,No SMOTE,0,0,6.252281120004379e-06
Logistic Reg,No SMOTE,0,0,0.0036117190376765656
Logistic Reg,No SMOTE,0,0,1.41483958906512e-06
Logistic Reg,No SMOTE,0,0,0.002397509086020822
Logistic Reg,No SMOTE,0,0,0.0005471456339464861
Logistic Reg,No SMOTE,0,1,0.9656718301497
Logistic Reg,No SMOTE,0,0,6.251525045475128e-12
Logistic Reg,No SMOTE,0,0,4.595702638428952e-05
Logistic Reg,No SMOTE,0,0,1.753115196787692e-13
Logistic Reg,No SMOTE,0,0,0.02804680843980159
Logistic Reg,No SMOTE,0,0,0.03372302375665796
Logistic Reg,No SMOTE,0,0,5.716188369417718e-21
Logistic Reg,No SMOTE,0,0,4.6090121991647226e-05
Logistic Reg,No SMOTE,0,0,0.0005574586318511875
Logistic Reg,No SMOTE,0,0,0.003580794566976444
Logistic Reg,No SMOTE,0,0,4.6568854562627386e-08
Logistic Reg,No SMOTE,0,0,1.9955666572831086e-06
Logistic Reg,No SMOTE,0,0,1.055561939185e-06
Logistic Reg,No SMOTE,0,0,3.2192342673423965e-05
Logistic Reg,No SMOTE,0,0,1.571533559110411e-05
Logistic Reg,No SMOTE,0,0,0.02819173022927561
Logistic Reg,No SMOTE,0,0,9.019037502049652e-05
Logistic Reg,No SMOTE,0,0,2.2452856469635933e-07
Logistic Reg,No SMOTE,0,0,3.963579332310208e-12
Logistic Reg,No SMOTE,0,0,0.02284406361988542
Logistic Reg,No SMOTE,0,0,4.2899848207924736e-08
Logistic Reg,No SMOTE,0,0,0.035660727522277134
Logistic Reg,No SMOTE,0,0,0.028378690874494118
Logistic Reg,No SMOTE,0,0,1.1835118882112887e-15
Logistic Reg,No SMOTE,0,0,7.540094882489578e-07
Logistic Reg,No SMOTE,0,0,1.8318092417598604e-20
Logistic Reg,No SMOTE,0,0,9.503994131817708e-07
Logistic Reg,No SMOTE,0,0,0.047058175168515626
Logistic Reg,No SMOTE,0,0,0.0008636858209399471
Logistic Reg,No SMOTE,0,0,9.380662988963792e-16
Logistic Reg,No SMOTE,0,0,0.03362662079805549
Logistic Reg,No SMOTE,0,0,0.002106906153086085
Logistic Reg,No SMOTE,0,0,2.2900206783174392e-25
Logistic Reg,No SMOTE,0,0,0.030283281947697194
Logistic Reg,No SMOTE,0,0,6.163307955701799e-06
Logistic Reg,No SMOTE,0,0,0.0012638985637475548
Logistic Reg,No SMOTE,0,0,0.054868450111988515
Logistic Reg,No SMOTE,0,0,0.038635414081981574
Logistic Reg,No SMOTE,0,0,0.03390134999163469
Logistic Reg,No SMOTE,0,0,0.04124077944663666
Logistic Reg,No SMOTE,0,0,7.960493177289357e-12
Logistic Reg,No SMOTE,0,0,0.017336317872946403
Logistic Reg,No SMOTE,0,0,0.004888405624924817
Logistic Reg,No SMOTE,0,0,0.01836969009906237
Logistic Reg,No SMOTE,0,0,6.766699699698768e-07
Logistic Reg,No SMOTE,0,0,7.110364854516763e-11
Logistic Reg,No SMOTE,0,0,1.061289123853599e-12
Logistic Reg,No SMOTE,0,0,4.563574345635683e-05
Logistic Reg,No SMOTE,0,0,1.2634565854244321e-06
Logistic Reg,No SMOTE,0,0,1.195354044749836e-06
Logistic Reg,No SMOTE,0,0,6.668957207364254e-09
Logistic Reg,No SMOTE,0,0,4.5683577752804226e-05
Logistic Reg,No SMOTE,0,0,0.0002249756198468934
Logistic Reg,No SMOTE,0,0,4.963057306665491e-05
Logistic Reg,No SMOTE,0,1,0.9344719736849276
Logistic Reg,No SMOTE,0,0,0.0010577240370034568
Logistic Reg,No SMOTE,0,0,0.058407434852813606
Logistic Reg,No SMOTE,0,0,0.03464404905558489
Logistic Reg,No SMOTE,0,0,2.889636185819937e-17
Logistic Reg,No SMOTE,0,0,7.0137259903983e-07
Logistic Reg,No SMOTE,0,0,4.6347564067016554e-05
Logistic Reg,No SMOTE,0,0,1.0862141188802218e-08
Logistic Reg,No SMOTE,0,0,0.023692584464348666
Logistic Reg,No SMOTE,0,0,0.007630557491332412
Logistic Reg,No SMOTE,0,0,0.030287310432224834
Logistic Reg,No SMOTE,0,0,4.9249751204255066e-05
Logistic Reg,No SMOTE,0,0,1.990121044306681e-13
Logistic Reg,No SMOTE,0,0,4.714412571816783e-23
Logistic Reg,No SMOTE,0,0,4.569007159322467e-05
Logistic Reg,No SMOTE,0,0,0.028945161424371972
Logistic Reg,No SMOTE,0,0,0.0513284700389835
Logistic Reg,No SMOTE,0,1,0.7467746832125579
Logistic Reg,No SMOTE,0,0,0.0004744365868439174
Logistic Reg,No SMOTE,0,0,0.0019016687609141908
Logistic Reg,No SMOTE,0,0,0.0002686744677064431
Logistic Reg,No SMOTE,0,0,0.028790239664282832
Logistic Reg,No SMOTE,0,0,8.541846830417049e-10
Logistic Reg,No SMOTE,0,0,2.2200706480113557e-06
Logistic Reg,No SMOTE,0,0,7.812592744390826e-09
Logistic Reg,No SMOTE,0,0,0.0017964570250210432
Logistic Reg,No SMOTE,0,0,1.3395347507919597e-05
Logistic Reg,No SMOTE,0,0,0.03352024823708319
Logistic Reg,No SMOTE,0,0,1.0020694533813475e-06
Logistic Reg,No SMOTE,0,0,0.0004216359833095246
Logistic Reg,No SMOTE,0,0,0.30739008001681034
Logistic Reg,No SMOTE,0,0,1.0182864337090725e-06
Logistic Reg,No SMOTE,0,1,0.7755055148786376
Logistic Reg,No SMOTE,0,0,1.1169568764083304e-06
Logistic Reg,No SMOTE,0,0,0.0318863229557045
Logistic Reg,No SMOTE,0,1,0.719403623331109
Logistic Reg,No SMOTE,0,0,4.561962860875546e-05
Logistic Reg,No SMOTE,0,0,5.132113659435681e-12
Logistic Reg,No SMOTE,0,0,2.192566091596209e-05
Logistic Reg,No SMOTE,0,0,0.014320988894949553
Logistic Reg,No SMOTE,0,0,0.16637064024251744
Logistic Reg,No SMOTE,0,0,5.3240677209724195e-15
Logistic Reg,No SMOTE,0,0,0.0011964802083591684
Logistic Reg,No SMOTE,0,0,4.5582741887119275e-05
Logistic Reg,No SMOTE,0,0,1.7409979768458848e-06
Logistic Reg,No SMOTE,0,0,0.10336437415657937
Logistic Reg,No SMOTE,0,0,8.727228680525319e-07
Logistic Reg,No SMOTE,0,0,0.027210837675272426
Logistic Reg,No SMOTE,0,0,0.03431247211709121
Logistic Reg,No SMOTE,0,0,4.6110277213610015e-05
Logistic Reg,No SMOTE,0,0,8.966154441147979e-07
Logistic Reg,No SMOTE,0,0,0.020315603916470325
Logistic Reg,No SMOTE,0,0,1.0975267790300152e-06
Logistic Reg,No SMOTE,0,0,1.8483312311152717e-22
Logistic Reg,No SMOTE,0,0,4.579837427778983e-05
Logistic Reg,No SMOTE,0,0,8.104309321322104e-07
Logistic Reg,No SMOTE,0,0,4.1285377185493866e-05
Logistic Reg,No SMOTE,0,0,4.558226968821868e-05
Logistic Reg,No SMOTE,0,0,0.019598729257093564
Logistic Reg,No SMOTE,0,0,0.02626575987897523
Logistic Reg,No SMOTE,0,0,1.6846356944138694e-18
Logistic Reg,No SMOTE,0,0,8.347773326755806e-07
Logistic Reg,No SMOTE,0,0,0.12105746536128177
Logistic Reg,No SMOTE,0,0,0.027400327481051985
Logistic Reg,No SMOTE,0,0,0.0005325901496537562
Logistic Reg,No SMOTE,0,0,1.0746682243133675e-06
Logistic Reg,No SMOTE,0,0,5.015456591314843e-08
Logistic Reg,No SMOTE,0,0,7.390521749653863e-14
Logistic Reg,No SMOTE,0,0,0.0008512124025008891
Logistic Reg,No SMOTE,0,0,0.011892528880661554
Logistic Reg,No SMOTE,0,0,3.5639718560988626e-05
Logistic Reg,No SMOTE,0,0,0.013950906305197804
Logistic Reg,No SMOTE,0,0,0.023222655269452767
Logistic Reg,No SMOTE,0,0,6.511539110478188e-07
Logistic Reg,No SMOTE,0,0,8.044734281257088e-07
Logistic Reg,No SMOTE,0,0,2.9014613305186793e-08
Logistic Reg,No SMOTE,0,0,0.0074732436755557035
Logistic Reg,No SMOTE,0,0,0.030400799120799002
Logistic Reg,No SMOTE,0,0,0.0013063152522881877
Logistic Reg,No SMOTE,0,0,0.0011246591560504914
Logistic Reg,No SMOTE,0,0,0.0023032261404092387
Logistic Reg,No SMOTE,0,0,0.026452128894876855
Logistic Reg,No SMOTE,0,0,4.685270639797432e-05
Logistic Reg,No SMOTE,0,0,1.8712897631708218e-07
Logistic Reg,No SMOTE,0,0,4.575836634579771e-05
Logistic Reg,No SMOTE,0,0,9.332923430225548e-06
Logistic Reg,No SMOTE,0,0,7.661895461806693e-07
Logistic Reg,No SMOTE,0,0,0.03471876676581597
Logistic Reg,No SMOTE,0,0,4.9275972070179896e-05
Logistic Reg,No SMOTE,0,0,0.0009566602543960574
Logistic Reg,No SMOTE,0,0,0.01901049113724425
Logistic Reg,No SMOTE,0,0,0.0763451692713502
Logistic Reg,No SMOTE,0,0,0.04849418147313049
Logistic Reg,No SMOTE,0,0,0.00030915160208183943
Logistic Reg,No SMOTE,0,0,3.5939028139049185e-12
Logistic Reg,No SMOTE,0,0,0.03372233061092474
Logistic Reg,No SMOTE,0,0,0.04462222587866423
Logistic Reg,No SMOTE,0,0,2.016258278386707e-08
Logistic Reg,No SMOTE,0,0,0.031241944220764678
Logistic Reg,No SMOTE,0,0,1.6166984009367572e-07
Logistic Reg,No SMOTE,0,0,0.03498893187457276
Logistic Reg,No SMOTE,0,0,9.83830485438716e-07
Logistic Reg,No SMOTE,0,0,4.562860517061375e-05
Logistic Reg,No SMOTE,0,0,0.025505100621230917
Logistic Reg,No SMOTE,0,0,0.027239562199582325
Logistic Reg,No SMOTE,0,0,3.09780808444878e-15
Logistic Reg,No SMOTE,0,0,7.172886879201848e-07
Logistic Reg,No SMOTE,0,1,0.8527478066103854
Logistic Reg,No SMOTE,0,0,0.00013785505946775414
Logistic Reg,No SMOTE,0,0,0.029624017439669303
Logistic Reg,No SMOTE,0,0,0.0019388978366610896
Logistic Reg,No SMOTE,0,0,3.7048940948698146e-16
Logistic Reg,No SMOTE,0,0,8.695014111314e-07
Logistic Reg,No SMOTE,0,0,0.034946336376862584
Logistic Reg,No SMOTE,0,0,7.514337051036108e-14
Logistic Reg,No SMOTE,0,0,4.6135542103521305e-05
Logistic Reg,No SMOTE,0,0,0.010310413839795914
Logistic Reg,No SMOTE,0,0,2.0500962416411973e-05
Logistic Reg,No SMOTE,0,0,0.017367201095665467
Logistic Reg,No SMOTE,0,0,1.1056063898167234e-06
Logistic Reg,No SMOTE,0,0,8.203122800257268e-07
Logistic Reg,No SMOTE,0,0,4.574991087842132e-05
Logistic Reg,No SMOTE,0,0,0.3770048779548731
Logistic Reg,No SMOTE,0,0,0.02034972318224805
Logistic Reg,No SMOTE,0,0,1.823498737957406e-18
Logistic Reg,No SMOTE,0,0,4.8694460373669937e-05
Logistic Reg,No SMOTE,0,0,6.610010023406854e-07
Logistic Reg,No SMOTE,0,0,4.223320000660079e-07
Logistic Reg,No SMOTE,0,0,9.042866323344239e-13
Logistic Reg,No SMOTE,0,0,1.5022186033014877e-11
Logistic Reg,No SMOTE,0,0,2.8025656019869304e-12
Logistic Reg,No SMOTE,0,0,1.2807968271165065e-05
Logistic Reg,No SMOTE,0,0,1.1059737164320548e-06
Logistic Reg,No SMOTE,0,0,9.117248545386633e-07
Logistic Reg,No SMOTE,0,1,0.6574338517483039
Logistic Reg,No SMOTE,0,0,8.561985608174524e-07
Logistic Reg,No SMOTE,0,1,0.7297866820177354
Logistic Reg,No SMOTE,0,0,0.12716683077373084
Logistic Reg,No SMOTE,0,0,4.840381325178938e-05
Logistic Reg,No SMOTE,0,0,0.040622202418187675
Logistic Reg,No SMOTE,0,0,4.562779794292034e-05
Logistic Reg,No SMOTE,0,0,0.03809071096634751
Logistic Reg,No SMOTE,0,0,4.5947618627838496e-05
Logistic Reg,No SMOTE,0,0,4.616244011862928e-05
Logistic Reg,No SMOTE,0,0,3.808916442148423e-07
Logistic Reg,No SMOTE,0,0,4.628169657272093e-05
Logistic Reg,No SMOTE,0,1,0.5114373923115382
Logistic Reg,No SMOTE,0,0,1.9239214779708396e-05
Logistic Reg,No SMOTE,0,0,8.427368518511955e-21
Logistic Reg,No SMOTE,0,0,1.0214685142485345e-06
Logistic Reg,No SMOTE,0,0,0.002745397052764032
Logistic Reg,No SMOTE,0,0,0.0037896190984874514
Logistic Reg,No SMOTE,0,0,3.439537275048412e-14
Logistic Reg,No SMOTE,0,0,0.042892094267682604
Logistic Reg,No SMOTE,0,0,1.1482660742082615e-06
Logistic Reg,No SMOTE,0,0,0.00011519035254352026
Logistic Reg,No SMOTE,0,0,0.04422743391172972
Logistic Reg,No SMOTE,0,0,0.4155310768810513
Logistic Reg,No SMOTE,0,0,2.477602241344322e-07
Logistic Reg,No SMOTE,0,0,1.992675780563263e-22
Logistic Reg,No SMOTE,0,0,9.308046853669827e-07
Logistic Reg,No SMOTE,0,0,0.03262851996989366
Logistic Reg,No SMOTE,0,0,7.05235444348651e-07
Logistic Reg,No SMOTE,0,0,4.895339467780207e-05
Logistic Reg,No SMOTE,0,0,0.012738084928392181
Logistic Reg,No SMOTE,0,1,0.9536732293189522
Logistic Reg,No SMOTE,0,0,0.3146998097165499
Logistic Reg,No SMOTE,0,0,0.00907966280469613
Logistic Reg,No SMOTE,0,0,0.0017383104780391693
Logistic Reg,No SMOTE,0,0,0.0014917123695622817
Logistic Reg,No SMOTE,0,0,2.4177726029383843e-07
Logistic Reg,No SMOTE,0,0,0.03354179469471326
Logistic Reg,No SMOTE,0,0,0.04169121247429331
Logistic Reg,No SMOTE,0,0,1.3483158986291879e-06
Logistic Reg,No SMOTE,0,0,0.02762796114759748
Logistic Reg,No SMOTE,0,0,0.0010836728684357178
Logistic Reg,No SMOTE,0,0,5.692846808351306e-05
Logistic Reg,No SMOTE,0,0,0.026742105578003855
Logistic Reg,No SMOTE,0,0,0.03241922937985362
Logistic Reg,No SMOTE,0,0,7.820771680050842e-08
Logistic Reg,No SMOTE,0,0,4.5601013234664164e-05
Logistic Reg,No SMOTE,0,0,0.0019389502372673482
Logistic Reg,No SMOTE,0,0,7.237337468940844e-07
Logistic Reg,No SMOTE,0,0,6.327461511700519e-05
Logistic Reg,No SMOTE,0,0,3.3301775469212846e-15
Logistic Reg,No SMOTE,0,0,3.454373907535639e-12
Logistic Reg,No SMOTE,0,0,0.02628382065638384
Logistic Reg,No SMOTE,0,0,0.0011572342928409974
Logistic Reg,No SMOTE,0,0,1.203974652857421e-11
Logistic Reg,No SMOTE,0,0,4.5983198961144465e-05
Logistic Reg,No SMOTE,0,0,0.3555391534264954
Logistic Reg,No SMOTE,0,0,7.917214347361261e-07
Logistic Reg,No SMOTE,0,0,0.003935108861812054
Logistic Reg,No SMOTE,0,0,0.000515680177300996
Logistic Reg,No SMOTE,0,0,3.389932281692653e-10
Logistic Reg,No SMOTE,0,0,1.0958990776353483e-06
Logistic Reg,No SMOTE,0,0,5.963097642135465e-07
Logistic Reg,No SMOTE,0,0,0.014909548874984921
Logistic Reg,No SMOTE,0,0,0.020269618967388547
Logistic Reg,No SMOTE,0,0,0.0010624038485119761
Logistic Reg,No SMOTE,0,0,0.03069579680952122
Logistic Reg,No SMOTE,0,0,3.285068070001694e-15
Logistic Reg,No SMOTE,0,0,4.780134938616015e-13
Logistic Reg,No SMOTE,0,0,4.6525139300382494e-05
Logistic Reg,No SMOTE,0,0,8.163147418867593e-07
Logistic Reg,No SMOTE,0,0,8.782439902743739e-07
Logistic Reg,No SMOTE,0,0,0.10303182837388854
Logistic Reg,No SMOTE,0,0,0.03443823274909658
Logistic Reg,No SMOTE,0,0,0.0365852367295824
Logistic Reg,No SMOTE,0,0,0.3701521409675286
Logistic Reg,No SMOTE,0,0,4.558304316114402e-05
Logistic Reg,No SMOTE,0,0,4.8349006394587965e-05
Logistic Reg,No SMOTE,0,0,3.4413830431016768e-307
Logistic Reg,No SMOTE,0,0,8.197919788253927e-20
Logistic Reg,No SMOTE,0,0,9.794348480546265e-07
Logistic Reg,No SMOTE,0,0,6.076218651968404e-05
Logistic Reg,No SMOTE,0,0,1.3588983190943677e-06
Logistic Reg,No SMOTE,0,0,1.8471264502207703e-06
Logistic Reg,No SMOTE,0,0,7.82412047920802e-07
Logistic Reg,No SMOTE,0,0,3.700961795674302e-10
Logistic Reg,No SMOTE,0,0,0.03468634579751797
Logistic Reg,No SMOTE,0,0,0.01651770638579594
Logistic Reg,No SMOTE,0,0,8.47980549664238e-07
Logistic Reg,No SMOTE,0,0,3.5810931339150823e-07
Logistic Reg,No SMOTE,0,0,0.0008820419216133856
Logistic Reg,No SMOTE,0,0,4.621615853901179e-05
Logistic Reg,No SMOTE,0,0,0.000808198213855466
Logistic Reg,No SMOTE,0,0,3.0588106699299167e-06
Logistic Reg,No SMOTE,0,0,1.8382951970717928e-12
Logistic Reg,No SMOTE,0,0,1.1004541111683677e-06
Logistic Reg,No SMOTE,0,0,0.00018342808015347107
Logistic Reg,No SMOTE,0,0,4.566527526354777e-05
Logistic Reg,No SMOTE,0,0,4.5586894501197715e-05
Logistic Reg,No SMOTE,0,0,4.601762718552924e-06
Logistic Reg,No SMOTE,0,0,0.0312858448500457
Logistic Reg,No SMOTE,0,0,0.004217442243496016
Logistic Reg,No SMOTE,0,0,3.2182531227897697e-19
Logistic Reg,No SMOTE,0,0,0.02461148560517252
Logistic Reg,No SMOTE,0,0,9.403419334891086e-07
Logistic Reg,No SMOTE,0,0,0.004613979897889296
Logistic Reg,No SMOTE,0,0,4.6725140176344535e-05
Logistic Reg,No SMOTE,0,0,3.3600991760948586e-07
Logistic Reg,No SMOTE,0,0,0.0011357057467675325
Logistic Reg,No SMOTE,0,0,4.643144663925903e-05
Logistic Reg,No SMOTE,0,0,9.893004789856442e-07
Logistic Reg,No SMOTE,0,0,0.039811312122939625
Logistic Reg,No SMOTE,0,0,8.333539473008004e-07
Logistic Reg,No SMOTE,0,0,1.459618254811971e-06
Logistic Reg,No SMOTE,0,0,0.03963931637471658
Logistic Reg,No SMOTE,0,0,2.2869392563252845e-06
Logistic Reg,No SMOTE,0,0,4.577804001699082e-05
Logistic Reg,No SMOTE,0,0,0.002655103526656015
Logistic Reg,No SMOTE,0,0,2.8488132400815346e-16
Logistic Reg,No SMOTE,0,0,9.917147084745775e-07
Logistic Reg,No SMOTE,0,0,4.5756668850445115e-05
Logistic Reg,No SMOTE,0,0,4.564519656434346e-05
Logistic Reg,No SMOTE,0,0,0.016061677533266767
Logistic Reg,No SMOTE,0,0,0.034810949320802656
Logistic Reg,No SMOTE,0,0,0.026290051393371226
Logistic Reg,No SMOTE,0,0,4.6814008330515154e-05
Logistic Reg,No SMOTE,0,0,0.0008483193719166209
Logistic Reg,No SMOTE,0,0,0.000627593330368556
Logistic Reg,No SMOTE,0,0,0.02088437233061744
Logistic Reg,No SMOTE,0,0,1.7764287792256205e-20
Logistic Reg,No SMOTE,0,0,0.05873656079791676
Logistic Reg,No SMOTE,0,0,2.8984144049029736e-10
Logistic Reg,No SMOTE,0,0,1.4503240218766537e-15
Logistic Reg,No SMOTE,0,0,4.000338579408145e-13
Logistic Reg,No SMOTE,0,0,1.0140802891829004e-06
Logistic Reg,No SMOTE,0,0,0.00015012471487332385
Logistic Reg,No SMOTE,0,0,4.7317324563232445e-05
Logistic Reg,No SMOTE,0,0,1.0253525510768455e-06
Logistic Reg,No SMOTE,0,0,3.751555310985827e-19
Logistic Reg,No SMOTE,0,0,1.704910018141532e-05
Logistic Reg,No SMOTE,0,0,9.359581168097025e-07
Logistic Reg,No SMOTE,0,0,4.766538543086292e-05
Logistic Reg,No SMOTE,0,0,1.8648153765285663e-07
Logistic Reg,No SMOTE,0,0,4.6757675899002104e-05
Logistic Reg,No SMOTE,0,0,1.1049375735282304e-09
Logistic Reg,No SMOTE,0,0,2.1042664497553813e-11
Logistic Reg,No SMOTE,0,1,0.5362863839319416
Logistic Reg,No SMOTE,0,0,0.025398097919333913
Logistic Reg,No SMOTE,0,0,8.209211841440516e-07
Logistic Reg,No SMOTE,0,0,1.3675107022531867e-06
Logistic Reg,No SMOTE,0,0,4.981867850566845e-12
Logistic Reg,No SMOTE,0,0,4.5616229453781216e-05
Logistic Reg,No SMOTE,0,0,3.0497049717046e-09
Logistic Reg,No SMOTE,0,0,3.211612606070415e-08
Logistic Reg,No SMOTE,0,0,0.002016845559642101
Logistic Reg,No SMOTE,0,1,0.5796091276565264
Logistic Reg,No SMOTE,0,0,1.9101383976588395e-05
Logistic Reg,No SMOTE,0,0,4.418506928265571e-29
Logistic Reg,No SMOTE,0,0,0.02494187211886483
Logistic Reg,No SMOTE,0,1,0.6031169514020377
Logistic Reg,No SMOTE,0,0,0.03320457738864582
Logistic Reg,No SMOTE,0,0,1.1789114101801538e-09
Logistic Reg,No SMOTE,0,0,9.131831491990889e-07
Logistic Reg,No SMOTE,0,0,0.4794497875909462
Logistic Reg,No SMOTE,0,0,1.3954318673072226e-08
Logistic Reg,No SMOTE,0,0,0.03963876627763031
Logistic Reg,No SMOTE,0,0,4.779274060273107e-05
Logistic Reg,No SMOTE,0,0,0.0007862168021914043
Logistic Reg,No SMOTE,0,0,4.680281447558352e-05
Logistic Reg,No SMOTE,0,0,4.697636771894621e-05
Logistic Reg,No SMOTE,0,0,0.00028375419518980187
Logistic Reg,No SMOTE,0,0,0.02608805099517287
Logistic Reg,No SMOTE,0,0,8.28074804196917e-07
Logistic Reg,No SMOTE,0,0,0.027264490416951264
Logistic Reg,No SMOTE,0,0,3.0453387322355645e-09
Logistic Reg,No SMOTE,0,0,0.0006339587921820313
Logistic Reg,No SMOTE,0,0,0.00020678708893333509
Logistic Reg,No SMOTE,0,0,6.031406158813672e-07
Logistic Reg,No SMOTE,0,0,0.039640168633138295
Logistic Reg,No SMOTE,0,0,1.003144626085909e-06
Logistic Reg,No SMOTE,0,0,1.2151566196929827e-06
Logistic Reg,No SMOTE,0,0,0.008058592591494645
Logistic Reg,No SMOTE,0,0,0.03278504684652788
Logistic Reg,No SMOTE,0,0,0.03525999415980765
Logistic Reg,No SMOTE,0,0,0.013391659805628274
Logistic Reg,No SMOTE,0,1,0.9599109161242056
Logistic Reg,No SMOTE,0,0,1.238089718088939e-13
Logistic Reg,No SMOTE,0,0,0.0011476649804042197
Logistic Reg,No SMOTE,0,0,0.003074727852364918
Logistic Reg,No SMOTE,0,0,3.8753271818484084e-07
Logistic Reg,No SMOTE,0,0,1.0270157884136938e-06
Logistic Reg,No SMOTE,0,0,0.22540794005071824
Logistic Reg,No SMOTE,0,0,4.9339091591974554e-15
Logistic Reg,No SMOTE,0,0,1.1375675308037439e-09
Logistic Reg,No SMOTE,0,0,0.027909616605178596
Logistic Reg,No SMOTE,0,0,1.3412280543945434e-14
Logistic Reg,No SMOTE,0,0,4.831039470231473e-15
Logistic Reg,No SMOTE,0,0,2.5861752810014872e-05
Logistic Reg,No SMOTE,0,0,7.658601629587247e-07
Logistic Reg,No SMOTE,0,0,0.011005730505727961
Logistic Reg,No SMOTE,0,0,8.301211546644641e-07
Logistic Reg,No SMOTE,0,0,0.0010016349198756975
Logistic Reg,No SMOTE,0,0,4.697750094884695e-05
Logistic Reg,No SMOTE,0,0,4.599062192903756e-05
Logistic Reg,No SMOTE,0,0,0.10808796896904994
Logistic Reg,No SMOTE,0,0,0.013090041562085103
Logistic Reg,No SMOTE,0,0,0.022978180023345132
Logistic Reg,No SMOTE,0,0,3.4832674704440867e-14
Logistic Reg,No SMOTE,0,0,0.01787932826092211
Logistic Reg,No SMOTE,0,0,0.005619041936272595
Logistic Reg,No SMOTE,0,0,4.636669274316821e-05
Logistic Reg,No SMOTE,0,0,4.7093309409290064e-05
Logistic Reg,No SMOTE,0,0,4.669404399958733e-05
Logistic Reg,No SMOTE,0,0,0.000873448138985693
Logistic Reg,No SMOTE,0,0,2.553753154297767e-08
Logistic Reg,No SMOTE,0,0,1.0711552600739321e-06
Logistic Reg,No SMOTE,0,0,0.001336200365109959
Logistic Reg,No SMOTE,0,0,0.0009712145165284916
Logistic Reg,No SMOTE,0,0,0.02763204374268378
Logistic Reg,No SMOTE,0,0,1.2210852072216828e-06
Logistic Reg,No SMOTE,0,0,1.0524213892071058e-06
Logistic Reg,No SMOTE,0,0,9.297705755304901e-07
Logistic Reg,No SMOTE,0,0,1.0281256177726097e-06
Logistic Reg,No SMOTE,0,0,0.4967883916043474
Logistic Reg,No SMOTE,0,0,7.367720251790786e-07
Logistic Reg,No SMOTE,0,0,1.1460715633427076e-06
Logistic Reg,No SMOTE,0,0,1.0261386249288868e-06
Logistic Reg,No SMOTE,0,0,4.5739138987902076e-05
Logistic Reg,No SMOTE,0,0,9.226710536811267e-07
Logistic Reg,No SMOTE,0,0,0.005759213606549688
Logistic Reg,No SMOTE,0,0,9.795048624766332e-11
Logistic Reg,No SMOTE,0,0,0.0425216341655669
Logistic Reg,No SMOTE,0,0,5.830970324207998e-16
Logistic Reg,No SMOTE,0,0,1.2839983596694167e-17
Logistic Reg,No SMOTE,0,0,0.009225586318347445
Logistic Reg,No SMOTE,0,0,2.5032312570268345e-15
Logistic Reg,No SMOTE,0,0,0.015324336147655247
Logistic Reg,No SMOTE,0,0,0.04070432159744007
Logistic Reg,No SMOTE,0,0,0.0421813520250746
Logistic Reg,No SMOTE,0,0,0.013697658366325605
Logistic Reg,No SMOTE,0,0,2.777043346892609e-05
Logistic Reg,No SMOTE,0,0,8.235227070697139e-07
Logistic Reg,No SMOTE,0,0,0.04759176384250025
Logistic Reg,No SMOTE,0,0,0.01230786944644416
Logistic Reg,No SMOTE,0,0,1.797581557119832e-06
Logistic Reg,No SMOTE,0,0,0.018262470029125254
Logistic Reg,No SMOTE,0,0,5.11767905283165e-05
Logistic Reg,No SMOTE,0,0,4.594899438990005e-05
Logistic Reg,No SMOTE,0,0,0.03570613530650873
Logistic Reg,No SMOTE,0,0,0.010472002737441711
Logistic Reg,No SMOTE,0,0,4.558477932114798e-05
Logistic Reg,No SMOTE,0,0,1.053588560701209e-06
Logistic Reg,No SMOTE,0,0,0.01906671712527829
Logistic Reg,No SMOTE,0,0,0.03149626810890811
Logistic Reg,No SMOTE,0,0,0.3973948902733369
Logistic Reg,No SMOTE,0,0,6.627526708640836e-08
Logistic Reg,No SMOTE,0,0,1.911056817275023e-12
Logistic Reg,No SMOTE,0,0,9.743535522173688e-07
Logistic Reg,No SMOTE,0,0,3.4420113267186923e-19
Logistic Reg,No SMOTE,0,0,2.684794504981596e-11
Logistic Reg,No SMOTE,0,0,3.9032172822228054e-07
Logistic Reg,No SMOTE,0,0,4.563687809347265e-05
Logistic Reg,No SMOTE,0,0,1.1971298494568541e-06
Logistic Reg,No SMOTE,0,0,1.6786347066763392e-05
Logistic Reg,No SMOTE,0,0,4.750704745585324e-15
Logistic Reg,No SMOTE,0,0,4.650152375779137e-14
Logistic Reg,No SMOTE,0,0,1.7194802830260433e-14
Logistic Reg,No SMOTE,0,0,8.997997524694243e-07
Logistic Reg,No SMOTE,0,0,0.07278108801784448
Logistic Reg,No SMOTE,0,0,0.03965816882613379
Logistic Reg,No SMOTE,0,0,4.570003606355862e-05
Logistic Reg,No SMOTE,0,0,0.029579290730499593
Logistic Reg,No SMOTE,0,0,1.1133408609415603e-10
Logistic Reg,No SMOTE,0,0,0.0008178828445046327
Logistic Reg,No SMOTE,0,0,0.025955058475385408
Logistic Reg,No SMOTE,0,0,4.5840231709064806e-05
Logistic Reg,No SMOTE,0,0,9.909560878814085e-07
Logistic Reg,No SMOTE,0,0,1.134439294333374e-08
Logistic Reg,No SMOTE,0,0,1.920240678561373e-08
Logistic Reg,No SMOTE,0,0,3.949214836010728e-27
Logistic Reg,No SMOTE,0,0,1.0647193337555622e-06
Logistic Reg,No SMOTE,0,0,6.913563763944276e-07
Logistic Reg,No SMOTE,0,0,7.830704335387827e-07
Logistic Reg,No SMOTE,0,0,2.945429516847899e-07
Logistic Reg,No SMOTE,0,0,1.0224615607728355e-06
Logistic Reg,No SMOTE,0,0,1.1838537488752734e-50
Logistic Reg,No SMOTE,0,0,0.004724297511016415
Logistic Reg,No SMOTE,0,0,1.419573742803027e-06
Logistic Reg,No SMOTE,0,0,4.746831796866174e-05
Logistic Reg,No SMOTE,0,0,0.048450178154579394
Logistic Reg,No SMOTE,0,0,0.03616285158914833
Logistic Reg,No SMOTE,0,0,7.937729702004583e-07
Logistic Reg,No SMOTE,0,0,6.665932952079029e-07
Logistic Reg,No SMOTE,0,0,6.505326847842265e-26
Logistic Reg,No SMOTE,0,0,4.636881705007773e-05
Logistic Reg,No SMOTE,0,0,1.913153734474579e-08
Logistic Reg,No SMOTE,0,0,0.02557273766835162
Logistic Reg,No SMOTE,0,0,4.78916642287591e-09
Logistic Reg,No SMOTE,0,0,2.2020128590140615e-18
Logistic Reg,No SMOTE,0,0,0.001171121314489242
Logistic Reg,No SMOTE,0,0,4.83192890316973e-05
Logistic Reg,No SMOTE,0,0,0.007684416259935881
Logistic Reg,No SMOTE,0,0,5.092640838439495e-05
Logistic Reg,No SMOTE,0,0,1.0532897448375735e-06
Logistic Reg,No SMOTE,0,0,4.909741314219385e-05
Logistic Reg,No SMOTE,0,0,6.525353580803665e-09
Logistic Reg,No SMOTE,0,1,0.5984689550620946
Logistic Reg,No SMOTE,0,0,9.276164723702885e-07
Logistic Reg,No SMOTE,0,0,0.00034316645100906647
Logistic Reg,No SMOTE,0,0,0.06387904409094808
Logistic Reg,No SMOTE,0,0,3.039656983610233e-09
Logistic Reg,No SMOTE,0,0,3.2117758527621102e-06
Logistic Reg,No SMOTE,0,0,4.486050386474818e-06
Logistic Reg,No SMOTE,0,0,9.95196893903127e-07
Logistic Reg,No SMOTE,0,0,4.561217914134277e-05
Logistic Reg,No SMOTE,0,0,0.016412496932649533
Logistic Reg,No SMOTE,0,0,0.002877777183259637
Logistic Reg,No SMOTE,0,0,0.007151987166350895
Logistic Reg,No SMOTE,0,0,7.969183578080515e-07
Logistic Reg,No SMOTE,0,0,0.030436643583681193
Logistic Reg,No SMOTE,0,0,2.4257827349807414e-13
Logistic Reg,No SMOTE,0,0,5.653105622430974e-21
Logistic Reg,No SMOTE,0,0,5.506658293435262e-07
Logistic Reg,No SMOTE,0,0,1.1893181896851902e-06
Logistic Reg,No SMOTE,0,0,4.558824365572907e-05
Logistic Reg,No SMOTE,0,0,4.583981579440963e-05
Logistic Reg,No SMOTE,0,0,0.011850067289092617
Logistic Reg,No SMOTE,0,0,0.03592185239938402
Logistic Reg,No SMOTE,0,0,4.6367721007041186e-05
Logistic Reg,No SMOTE,0,0,4.586671196966903e-05
Logistic Reg,No SMOTE,0,0,5.878725507498921e-16
Logistic Reg,No SMOTE,0,0,9.929268486938994e-07
Logistic Reg,No SMOTE,0,0,9.04337259420446e-07
Logistic Reg,No SMOTE,0,0,1.0778247398387114e-06
Logistic Reg,No SMOTE,0,0,0.4835887385726432
Logistic Reg,No SMOTE,0,0,8.668670550110577e-06
Logistic Reg,No SMOTE,0,0,0.05403006627958018
Logistic Reg,No SMOTE,0,0,1.925034512088011e-06
Logistic Reg,No SMOTE,0,0,0.027999634419949338
Logistic Reg,No SMOTE,0,0,4.566455747351801e-05
Logistic Reg,No SMOTE,0,0,0.02620202610349661
Logistic Reg,No SMOTE,0,0,0.00993446430960404
Logistic Reg,No SMOTE,0,0,1.076907267369032e-06
Logistic Reg,No SMOTE,0,0,7.071752685708244e-07
Logistic Reg,No SMOTE,0,0,7.246149153220621e-07
Logistic Reg,No SMOTE,0,0,1.8168463759244818e-23
Logistic Reg,No SMOTE,0,0,0.025850091589335992
Logistic Reg,No SMOTE,0,0,4.702806764211683e-05
Logistic Reg,No SMOTE,0,0,0.11210810052860166
Logistic Reg,No SMOTE,0,0,8.987521019103844e-07
Logistic Reg,No SMOTE,0,0,4.663986216060228e-05
Logistic Reg,No SMOTE,0,0,0.013543703808069135
Logistic Reg,No SMOTE,0,0,2.4108557347627356e-06
Logistic Reg,No SMOTE,0,0,0.03612961396218594
Logistic Reg,No SMOTE,0,0,0.1028313715181179
Logistic Reg,No SMOTE,0,0,1.2058699655106097e-08
Logistic Reg,No SMOTE,0,0,3.775908462901757e-09
Logistic Reg,No SMOTE,0,0,2.0338455513604773e-14
Logistic Reg,No SMOTE,0,0,0.03630081752689736
Logistic Reg,No SMOTE,0,0,0.01028587210633392
Logistic Reg,No SMOTE,0,0,0.021210659424784676
Logistic Reg,No SMOTE,0,0,0.0015485535780027336
Logistic Reg,No SMOTE,0,0,0.021442999954952524
Logistic Reg,No SMOTE,0,0,0.018969747571692116
Logistic Reg,No SMOTE,0,0,1.531688864665095e-08
Logistic Reg,No SMOTE,0,0,0.00011115864097695472
Logistic Reg,No SMOTE,0,0,4.2335556088390805e-06
Logistic Reg,No SMOTE,0,0,8.31112404485867e-05
Logistic Reg,No SMOTE,0,0,1.1446832137600569e-06
Logistic Reg,No SMOTE,0,0,0.0058482062817378725
Logistic Reg,No SMOTE,0,0,1.2558881973491546e-06
Logistic Reg,No SMOTE,0,0,4.6557512283203456e-05
Logistic Reg,No SMOTE,0,0,9.15517428766831e-07
Logistic Reg,No SMOTE,0,0,0.4288242704471708
Logistic Reg,No SMOTE,0,0,1.3820198253113666e-11
Logistic Reg,No SMOTE,0,0,4.568111772424794e-05
Logistic Reg,No SMOTE,0,0,8.458475741592249e-07
Logistic Reg,No SMOTE,0,0,0.0005601548707218442
Logistic Reg,No SMOTE,0,0,0.0017915250492402633
Logistic Reg,No SMOTE,0,0,1.1975557875674657e-11
Logistic Reg,No SMOTE,0,0,2.151183359386013e-09
Logistic Reg,No SMOTE,0,0,0.03255748341851899
Logistic Reg,No SMOTE,0,0,0.008100151352898405
Logistic Reg,No SMOTE,0,0,0.0009038115110633269
Logistic Reg,No SMOTE,0,0,4.631682311326354e-05
Logistic Reg,No SMOTE,0,0,7.361796120974589e-10
Logistic Reg,No SMOTE,0,0,4.688897915943234e-05
Logistic Reg,No SMOTE,0,0,4.617545370413859e-05
Logistic Reg,No SMOTE,0,0,0.00010319166907360232
Logistic Reg,No SMOTE,0,0,0.0012024123874246001
Logistic Reg,No SMOTE,0,0,0.00839660578126805
Logistic Reg,No SMOTE,0,0,0.001121810321573462
Logistic Reg,No SMOTE,0,0,0.01428260078572897
Logistic Reg,No SMOTE,0,0,0.03075811172900264
Logistic Reg,No SMOTE,0,0,9.04728306292545e-19
Logistic Reg,No SMOTE,0,0,8.493778271776032e-07
Logistic Reg,No SMOTE,0,0,2.881282492359971e-07
Logistic Reg,No SMOTE,0,0,9.197011899607188e-07
Logistic Reg,No SMOTE,0,0,4.6520205415555065e-05
Logistic Reg,No SMOTE,0,0,1.413513655393867e-16
Logistic Reg,No SMOTE,0,0,9.58244830586892e-07
Logistic Reg,No SMOTE,0,0,4.600412780443196e-05
Logistic Reg,No SMOTE,0,0,1.1563436556419737e-08
Logistic Reg,No SMOTE,0,0,7.288814435859759e-07
Logistic Reg,No SMOTE,0,0,3.0740558086827525e-05
Logistic Reg,No SMOTE,0,0,7.694590596168038e-06
Logistic Reg,No SMOTE,0,0,3.570363925832556e-22
Logistic Reg,No SMOTE,0,0,0.0010765845747233427
Logistic Reg,No SMOTE,0,0,4.558289928556e-05
Logistic Reg,No SMOTE,0,0,8.215556162769281e-07
Logistic Reg,No SMOTE,0,0,0.1548839782315377
Logistic Reg,No SMOTE,0,0,1.146035960411609e-06
Logistic Reg,No SMOTE,0,0,1.2093028040513157e-14
Logistic Reg,No SMOTE,0,0,0.02394536588114361
Logistic Reg,No SMOTE,0,0,7.0692295288632935e-09
Logistic Reg,No SMOTE,0,0,0.05217322227773838
Logistic Reg,No SMOTE,0,0,7.338672946524525e-07
Logistic Reg,No SMOTE,0,0,0.002972786519668903
Logistic Reg,No SMOTE,0,0,1.3891248429842844e-10
Logistic Reg,No SMOTE,0,0,6.97605557463957e-07
Logistic Reg,No SMOTE,0,0,5.200700376891548e-05
Logistic Reg,No SMOTE,0,0,7.711297055516068e-07
Logistic Reg,No SMOTE,0,0,3.0091896476799914e-06
Logistic Reg,No SMOTE,0,0,4.6314515806187446e-05
Logistic Reg,No SMOTE,0,0,6.361789769196072e-05
Logistic Reg,No SMOTE,0,0,0.013458453384092288
Logistic Reg,No SMOTE,0,0,5.017835445333268e-05
Logistic Reg,No SMOTE,0,0,4.5606118832801756e-05
Logistic Reg,No SMOTE,0,0,7.951488008016736e-07
Logistic Reg,No SMOTE,0,0,0.05227492292491287
Logistic Reg,No SMOTE,0,0,0.04059772645476649
Logistic Reg,No SMOTE,0,0,0.00035189747259248733
Logistic Reg,No SMOTE,0,0,8.911577504920746e-16
Logistic Reg,No SMOTE,0,0,0.0006782752845005783
Logistic Reg,No SMOTE,0,0,0.04409305434424164
Logistic Reg,No SMOTE,0,0,9.269672236123752e-07
Logistic Reg,No SMOTE,0,0,8.897123338537474e-07
Logistic Reg,No SMOTE,0,1,0.9445856536610172
Logistic Reg,No SMOTE,0,0,0.035623987440113164
Logistic Reg,No SMOTE,0,0,5.757344604302717e-09
Logistic Reg,No SMOTE,0,0,0.04622322138362221
Logistic Reg,No SMOTE,0,0,7.977574178323577e-07
Logistic Reg,No SMOTE,0,0,4.618469374303793e-05
Logistic Reg,No SMOTE,0,0,3.1663108235580603e-12
Logistic Reg,No SMOTE,0,0,0.0006060808525149816
Logistic Reg,No SMOTE,0,0,9.745599690448905e-07
Logistic Reg,No SMOTE,0,0,3.2039353848054263e-13
Logistic Reg,No SMOTE,0,0,5.1482697117189e-07
Logistic Reg,No SMOTE,0,0,7.178648993827622e-07
Logistic Reg,No SMOTE,0,0,2.056150684898528e-06
Logistic Reg,No SMOTE,0,0,1.7919399294673493e-84
Logistic Reg,No SMOTE,0,0,0.02303805113810456
Logistic Reg,No SMOTE,0,0,4.5922694596434465e-05
Logistic Reg,No SMOTE,0,0,1.048844596817508e-06
Logistic Reg,No SMOTE,0,1,0.841647485239439
Logistic Reg,No SMOTE,0,0,0.0024693020238526083
Logistic Reg,No SMOTE,0,0,0.04544364705332029
Logistic Reg,No SMOTE,0,0,4.550308032059564e-09
Logistic Reg,No SMOTE,0,0,1.2603301908256817e-08
Logistic Reg,No SMOTE,0,0,0.055659251275196206
Logistic Reg,No SMOTE,0,0,0.05252926360695623
Logistic Reg,No SMOTE,0,0,7.004418258300474e-07
Logistic Reg,No SMOTE,0,0,4.634109554981765e-05
Logistic Reg,No SMOTE,0,0,0.002947872271061651
Logistic Reg,No SMOTE,0,0,3.397325017784539e-07
Logistic Reg,No SMOTE,0,0,0.012066417740855115
Logistic Reg,No SMOTE,0,0,4.616909396006642e-05
Logistic Reg,No SMOTE,0,0,4.692772384543589e-05
Logistic Reg,No SMOTE,0,0,0.027839557335165722
Logistic Reg,No SMOTE,0,0,3.098637933999906e-11
Logistic Reg,No SMOTE,0,0,4.6656561658872706e-05
Logistic Reg,No SMOTE,0,0,4.595173363801403e-15
Logistic Reg,No SMOTE,0,0,0.04208022744633512
Logistic Reg,No SMOTE,0,0,4.664990547661823e-05
Logistic Reg,No SMOTE,0,0,4.572988528896287e-05
Logistic Reg,No SMOTE,0,0,9.409533023924554e-14
Logistic Reg,No SMOTE,0,0,4.6691907624906836e-05
Logistic Reg,No SMOTE,0,0,6.948102558907926e-12
Logistic Reg,No SMOTE,0,0,0.03001475675131349
Logistic Reg,No SMOTE,0,0,7.667521701939799e-07
Logistic Reg,No SMOTE,0,0,0.0018278576641686532
Logistic Reg,No SMOTE,0,0,1.0385340254821112e-06
Logistic Reg,No SMOTE,0,0,4.676259793396849e-05
Logistic Reg,No SMOTE,0,0,9.279469578063703e-14
Logistic Reg,No SMOTE,0,0,2.2247144462077983e-19
Logistic Reg,No SMOTE,0,0,1.382456712786315e-19
Logistic Reg,No SMOTE,0,0,1.069776218464017e-10
Logistic Reg,No SMOTE,0,0,1.176655857315375e-06
Logistic Reg,No SMOTE,0,0,0.0008539705746703624
Logistic Reg,No SMOTE,0,0,0.1907645327682327
Logistic Reg,No SMOTE,0,0,2.3168847376211485e-09
Logistic Reg,No SMOTE,0,0,1.689312265160348e-09
Logistic Reg,No SMOTE,0,0,8.343216520108816e-07
Logistic Reg,No SMOTE,0,0,7.449843894536661e-07
Logistic Reg,No SMOTE,0,0,1.279554299483501e-06
Logistic Reg,No SMOTE,0,0,9.84629197264988e-10
Logistic Reg,No SMOTE,0,0,0.000775512637224552
Logistic Reg,No SMOTE,0,0,0.044515954078729054
Logistic Reg,No SMOTE,0,0,6.637062225795587e-07
Logistic Reg,No SMOTE,0,0,4.561542519176521e-05
Logistic Reg,No SMOTE,0,0,0.050650067065769425
Logistic Reg,No SMOTE,0,0,0.0008301336687615051
Logistic Reg,No SMOTE,0,0,0.0005807102829495824
Logistic Reg,No SMOTE,0,0,0.03236174260791778
Logistic Reg,No SMOTE,0,0,1.0123695709396837e-06
Logistic Reg,No SMOTE,0,0,0.0077294215538072685
Logistic Reg,No SMOTE,0,0,0.041133303269935285
Logistic Reg,No SMOTE,0,0,4.78822926438643e-05
Logistic Reg,No SMOTE,0,0,7.833252467916284e-07
Logistic Reg,No SMOTE,0,0,0.0010471147341926245
Logistic Reg,No SMOTE,0,0,1.1767870011143605e-06
Logistic Reg,No SMOTE,0,0,4.846004602869193e-05
Logistic Reg,No SMOTE,0,0,0.16316362445330518
Logistic Reg,No SMOTE,0,0,1.0045357708464445e-06
Logistic Reg,No SMOTE,0,0,2.1133609551547115e-07
Logistic Reg,No SMOTE,0,0,1.7417265462371045e-21
Logistic Reg,No SMOTE,0,0,0.00786269786518153
Logistic Reg,No SMOTE,0,0,0.027245836840038378
Logistic Reg,No SMOTE,0,0,1.4463153509893722e-06
Logistic Reg,No SMOTE,0,0,7.716787007661362e-07
Logistic Reg,No SMOTE,0,0,0.0003131929729712622
Logistic Reg,No SMOTE,0,0,1.188778393788285e-06
Logistic Reg,No SMOTE,0,0,0.038452360387867875
Logistic Reg,No SMOTE,0,0,7.506774276953582e-07
Logistic Reg,No SMOTE,0,0,0.04603485968327493
Logistic Reg,No SMOTE,0,0,0.02754266116505412
Logistic Reg,No SMOTE,0,0,1.2859647681864794e-15
Logistic Reg,No SMOTE,0,0,0.02507350801607354
Logistic Reg,No SMOTE,0,0,4.66633205628135e-05
Logistic Reg,No SMOTE,0,0,0.02808231948480252
Logistic Reg,No SMOTE,0,0,4.5599300984021616e-05
Logistic Reg,No SMOTE,0,0,8.240051623098197e-07
Logistic Reg,No SMOTE,0,0,0.005965874346796257
Logistic Reg,No SMOTE,0,0,0.002689466253436063
Logistic Reg,No SMOTE,0,0,0.04791312004490436
Logistic Reg,No SMOTE,0,0,6.62182614675349e-12
Logistic Reg,No SMOTE,0,0,0.03731675482017255
Logistic Reg,No SMOTE,0,0,0.02910215362043696
Logistic Reg,No SMOTE,0,0,2.9005969983800296e-20
Logistic Reg,No SMOTE,0,0,1.7163229974820592e-11
Logistic Reg,No SMOTE,0,0,0.0004697472615033285
Logistic Reg,No SMOTE,0,0,9.580957532493952e-07
Logistic Reg,No SMOTE,0,0,0.48667723487157316
Logistic Reg,No SMOTE,0,0,0.03260505524103255
Logistic Reg,No SMOTE,0,0,0.006666039491159333
Logistic Reg,No SMOTE,0,0,6.546280803980855e-07
Logistic Reg,No SMOTE,0,0,8.487707531062003e-25
Logistic Reg,No SMOTE,0,0,5.241023389748341e-07
Logistic Reg,No SMOTE,0,0,4.5582189637721235e-05
Logistic Reg,No SMOTE,0,0,0.0002844083136474597
Logistic Reg,No SMOTE,0,0,0.02604877822711508
Logistic Reg,No SMOTE,0,0,4.677235843952064e-05
Logistic Reg,No SMOTE,0,0,0.03873717976907091
Logistic Reg,No SMOTE,0,0,0.006427641961441467
Logistic Reg,No SMOTE,0,0,3.4722055372006273e-16
Logistic Reg,No SMOTE,0,1,0.6823481414957729
Logistic Reg,No SMOTE,0,0,2.2853599688980884e-13
Logistic Reg,No SMOTE,0,0,0.020020292843233266
Logistic Reg,No SMOTE,0,0,1.8071546779679268e-10
Logistic Reg,No SMOTE,0,0,0.01487379139781167
Logistic Reg,No SMOTE,0,0,5.031073982936354e-08
Logistic Reg,No SMOTE,0,0,8.644839171671478e-07
Logistic Reg,No SMOTE,0,0,0.022478031920189837
Logistic Reg,No SMOTE,0,0,0.08274399893901557
Logistic Reg,No SMOTE,0,0,1.537770259082036e-17
Logistic Reg,No SMOTE,0,0,5.238993974808679e-07
Logistic Reg,No SMOTE,0,0,4.6025705018757974e-05
Logistic Reg,No SMOTE,0,0,0.0328211198893668
Logistic Reg,No SMOTE,0,0,0.06581385501339604
Logistic Reg,No SMOTE,0,0,3.1816193406851145e-10
Logistic Reg,No SMOTE,0,0,8.041699435330201e-07
Logistic Reg,No SMOTE,0,0,0.00022116025622790503
Logistic Reg,No SMOTE,0,0,1.2336738960295395e-06
Logistic Reg,No SMOTE,0,0,0.025765569239023938
Logistic Reg,No SMOTE,0,0,9.014861304860942e-20
Logistic Reg,No SMOTE,0,0,8.149872775133338e-07
Logistic Reg,No SMOTE,0,0,0.0050661370863366315
Logistic Reg,No SMOTE,0,0,6.538044721775971e-07
Logistic Reg,No SMOTE,0,0,4.573763153876263e-05
Logistic Reg,No SMOTE,0,0,9.305442511768958e-07
Logistic Reg,No SMOTE,0,0,0.03297908669289095
Logistic Reg,No SMOTE,0,0,4.6446468478022484e-05
Logistic Reg,No SMOTE,0,0,4.730915146010814e-05
Logistic Reg,No SMOTE,0,0,5.792911681014058e-07
Logistic Reg,No SMOTE,0,0,5.473580898563125e-13
Logistic Reg,No SMOTE,0,0,1.9850536224589994e-09
Logistic Reg,No SMOTE,0,0,4.571022054417363e-05
Logistic Reg,No SMOTE,0,0,1.871544463046994e-09
Logistic Reg,No SMOTE,0,0,9.36492445013205e-10
Logistic Reg,No SMOTE,0,0,0.024562637141506884
Logistic Reg,No SMOTE,0,0,1.3876582643242036e-08
Logistic Reg,No SMOTE,0,0,1.0998811828831637e-13
Logistic Reg,No SMOTE,0,0,0.03387400869592766
Logistic Reg,No SMOTE,0,0,8.630295530530143e-05
Logistic Reg,No SMOTE,0,0,0.03425614477921013
Logistic Reg,No SMOTE,0,0,0.0246613956895184
Logistic Reg,No SMOTE,0,0,4.047569572955444e-33
Logistic Reg,No SMOTE,0,0,4.6875139024111214e-05
Logistic Reg,No SMOTE,0,0,7.941947914445283e-07
Logistic Reg,No SMOTE,0,0,8.616415202043219e-07
Logistic Reg,No SMOTE,0,0,6.560369365650306e-07
Logistic Reg,No SMOTE,0,0,4.802432023064428e-05
Logistic Reg,No SMOTE,0,0,4.852640677204178e-05
Logistic Reg,No SMOTE,0,0,0.06439472065384587
Logistic Reg,No SMOTE,0,0,0.00035188081476027926
Logistic Reg,No SMOTE,0,0,0.07099448614782188
Logistic Reg,No SMOTE,0,0,0.00023321840129636936
Logistic Reg,No SMOTE,0,0,0.0009170186627204199
Logistic Reg,No SMOTE,0,0,4.5653131005999924e-05
Logistic Reg,No SMOTE,0,0,8.919254177606197e-07
Logistic Reg,No SMOTE,0,0,8.122167816559032e-07
Logistic Reg,No SMOTE,0,0,6.634308905695469e-07
Logistic Reg,No SMOTE,0,0,1.2331101940119118e-06
Logistic Reg,No SMOTE,0,0,0.010392926341942178
Logistic Reg,No SMOTE,0,0,6.502507086083392e-05
Logistic Reg,No SMOTE,0,0,0.21926374484201103
Logistic Reg,No SMOTE,0,0,0.24155179105902508
Logistic Reg,No SMOTE,0,0,1.4285204251970501e-08
Logistic Reg,No SMOTE,0,0,8.137423233263916e-06
Logistic Reg,No SMOTE,0,0,4.60128413516443e-05
Logistic Reg,No SMOTE,0,0,0.1086548895204637
Logistic Reg,No SMOTE,0,0,7.601618203051952e-07
Logistic Reg,No SMOTE,0,0,0.015511264250437763
Logistic Reg,No SMOTE,0,0,5.768377271807793e-13
Logistic Reg,No SMOTE,0,0,0.0015990579432003248
Logistic Reg,No SMOTE,0,0,0.002038692517330992
Logistic Reg,No SMOTE,0,0,0.03644868546727527
Logistic Reg,No SMOTE,0,0,4.972333795183337e-05
Logistic Reg,No SMOTE,0,0,3.374221879709428e-11
Logistic Reg,No SMOTE,0,0,5.604191834035118e-05
Logistic Reg,No SMOTE,0,0,0.03573192554409783
Logistic Reg,No SMOTE,0,0,0.02503081051032241
Logistic Reg,No SMOTE,0,0,1.6879149615245592e-06
Logistic Reg,No SMOTE,0,0,2.040011503993028e-26
Logistic Reg,No SMOTE,0,0,2.191537413167467e-12
Logistic Reg,No SMOTE,0,0,9.666575064453307e-12
Logistic Reg,No SMOTE,0,0,0.03177755995516002
Logistic Reg,No SMOTE,0,0,8.221910205947388e-07
Logistic Reg,No SMOTE,0,0,0.02955800768811889
Logistic Reg,No SMOTE,0,0,8.264200968772951e-28
Logistic Reg,No SMOTE,0,0,4.561781380730004e-05
Logistic Reg,No SMOTE,0,0,0.002823190081567769
Logistic Reg,No SMOTE,0,0,1.1293805652459441e-06
Logistic Reg,No SMOTE,0,0,0.042374893216317155
Logistic Reg,No SMOTE,0,0,0.0314290797999689
Logistic Reg,No SMOTE,0,0,4.5855267949348826e-05
Logistic Reg,No SMOTE,0,0,4.785322062089738e-05
Logistic Reg,No SMOTE,0,0,0.00019653312623949407
Logistic Reg,No SMOTE,0,0,0.06709590331323437
Logistic Reg,No SMOTE,0,0,0.03337063962044767
Logistic Reg,No SMOTE,0,0,4.31110225480835e-17
Logistic Reg,No SMOTE,0,0,4.835140726702087e-16
Logistic Reg,No SMOTE,0,0,0.031654319869329144
Logistic Reg,No SMOTE,0,0,4.589910905393883e-05
Logistic Reg,No SMOTE,0,0,8.257048537179955e-07
Logistic Reg,No SMOTE,0,0,1.1441113584386007e-06
Logistic Reg,No SMOTE,0,0,0.30334575299137323
Logistic Reg,No SMOTE,0,0,7.49010334952956e-07
Logistic Reg,No SMOTE,0,0,3.020947669866621e-05
Logistic Reg,No SMOTE,0,0,7.640860223174323e-07
Logistic Reg,No SMOTE,0,0,0.04087353922418994
Logistic Reg,No SMOTE,0,0,4.6370902288396394e-05
Logistic Reg,No SMOTE,0,0,1.2485778084490248e-06
Logistic Reg,No SMOTE,0,0,3.5969938041747104e-07
Logistic Reg,No SMOTE,0,0,2.193379054451158e-10
Logistic Reg,No SMOTE,0,0,5.063202079694132e-13
Logistic Reg,No SMOTE,0,0,0.004664213424596079
Logistic Reg,No SMOTE,0,0,0.04642270872367699
Logistic Reg,No SMOTE,0,0,0.03361507769555521
Logistic Reg,No SMOTE,0,0,0.02758112068827691
Logistic Reg,No SMOTE,0,0,1.5118665806949938e-29
Logistic Reg,No SMOTE,0,0,6.968455576944563e-05
Logistic Reg,No SMOTE,0,0,1.4027788659254644e-06
Logistic Reg,No SMOTE,0,0,1.7899953217796768e-11
Logistic Reg,No SMOTE,0,0,6.464719735910629e-07
Logistic Reg,No SMOTE,0,0,4.585967310168224e-05
Logistic Reg,No SMOTE,0,1,0.8266421592970907
Logistic Reg,No SMOTE,0,0,3.6842925243090247e-06
Logistic Reg,No SMOTE,0,0,0.0037155458746024415
Logistic Reg,No SMOTE,0,0,1.7388052909636885e-07
Logistic Reg,No SMOTE,0,0,1.834992289404852e-10
Logistic Reg,No SMOTE,0,0,0.20451176704444174
Logistic Reg,No SMOTE,0,0,0.0431260209899894
Logistic Reg,No SMOTE,0,0,7.741580654961656e-07
Logistic Reg,No SMOTE,0,0,8.233544544190478e-07
Logistic Reg,No SMOTE,0,0,7.983890850751021e-07
Logistic Reg,No SMOTE,0,0,1.2054167121460088e-06
Logistic Reg,No SMOTE,0,0,9.333383653289402e-07
Logistic Reg,No SMOTE,0,0,2.684698439419189e-12
Logistic Reg,No SMOTE,0,0,0.0690943262037539
Logistic Reg,No SMOTE,0,0,9.990863316468538e-12
Logistic Reg,No SMOTE,0,0,1.444799531409479e-10
Logistic Reg,No SMOTE,0,0,1.6441412195322613e-17
Logistic Reg,No SMOTE,0,0,0.006235776143055945
Logistic Reg,No SMOTE,0,0,4.559350226600087e-05
Logistic Reg,No SMOTE,0,0,0.00029177076668313804
Logistic Reg,No SMOTE,0,0,1.16519853052819e-15
Logistic Reg,No SMOTE,0,0,0.030065799170715866
Logistic Reg,No SMOTE,0,0,1.1992139005378593e-06
Logistic Reg,No SMOTE,0,0,3.039607313087675e-14
Logistic Reg,No SMOTE,0,0,4.703168595735512e-05
Logistic Reg,No SMOTE,0,0,0.011423523859765762
Logistic Reg,No SMOTE,0,0,6.544755508891678e-17
Logistic Reg,No SMOTE,0,0,7.245992645378259e-07
Logistic Reg,No SMOTE,0,0,4.5602247528047357e-05
Logistic Reg,No SMOTE,0,0,3.256904829197812e-06
Logistic Reg,No SMOTE,0,0,2.2633392252261615e-06
Logistic Reg,No SMOTE,0,0,2.4487439526473385e-07
Logistic Reg,No SMOTE,0,0,4.653270406004513e-05
Logistic Reg,No SMOTE,0,0,0.02486329160107275
Logistic Reg,No SMOTE,0,0,0.03772005280501075
Logistic Reg,No SMOTE,0,0,0.0674876142878563
Logistic Reg,No SMOTE,0,0,0.0022695226608746375
Logistic Reg,No SMOTE,0,0,1.352031174106172e-05
Logistic Reg,No SMOTE,0,0,0.01648367371441651
Logistic Reg,No SMOTE,0,0,0.025885556540188516
Logistic Reg,No SMOTE,0,0,7.809765676077847e-08
Logistic Reg,No SMOTE,0,0,5.8726263899779314e-05
Logistic Reg,No SMOTE,0,0,0.0016163979103760385
Logistic Reg,No SMOTE,0,0,0.3834824862684089
Logistic Reg,No SMOTE,0,0,0.018497523065582326
Logistic Reg,No SMOTE,0,0,4.9162190243483796e-05
Logistic Reg,No SMOTE,0,0,3.6147429905621856e-21
Logistic Reg,No SMOTE,0,0,4.5603424348474643e-05
Logistic Reg,No SMOTE,0,0,4.827909045241521e-05
Logistic Reg,No SMOTE,0,0,8.267964079947458e-07
Logistic Reg,No SMOTE,0,0,1.9678668598507416e-10
Logistic Reg,No SMOTE,0,0,9.115418784158223e-07
Logistic Reg,No SMOTE,0,0,4.6803961108488245e-05
Logistic Reg,No SMOTE,0,0,7.338840905602151e-08
Logistic Reg,No SMOTE,0,0,3.384629193499127e-09
Logistic Reg,No SMOTE,0,0,0.00019871154939194555
Logistic Reg,No SMOTE,0,0,6.125994954901603e-05
Logistic Reg,No SMOTE,0,0,0.04386994558176902
Logistic Reg,No SMOTE,0,0,0.04103523834691362
Logistic Reg,No SMOTE,0,0,0.0026982154523007983
Logistic Reg,No SMOTE,0,0,4.7072425069707364e-05
Logistic Reg,No SMOTE,0,0,7.596502837642771e-07
Logistic Reg,No SMOTE,0,0,4.7108283673327026e-05
Logistic Reg,No SMOTE,0,0,0.0008965572424584666
Logistic Reg,No SMOTE,0,0,0.028959300735310795
Logistic Reg,No SMOTE,0,0,2.5270329283914814e-07
Logistic Reg,No SMOTE,0,0,8.993967064120962e-12
Logistic Reg,No SMOTE,0,0,1.028128632624373e-09
Logistic Reg,No SMOTE,0,0,4.581685680567371e-05
Logistic Reg,No SMOTE,0,0,0.004196313623210388
Logistic Reg,No SMOTE,0,0,2.9780028229360702e-05
Logistic Reg,No SMOTE,0,0,0.0012224863274307848
Logistic Reg,No SMOTE,0,0,0.03597524902565971
Logistic Reg,No SMOTE,0,0,1.9086193304610133e-07
Logistic Reg,No SMOTE,0,0,0.0021959035892582003
Logistic Reg,No SMOTE,0,0,1.6397301934425507e-08
Logistic Reg,No SMOTE,0,0,4.558261704191664e-05
Logistic Reg,No SMOTE,0,0,4.6137917271503554e-05
Logistic Reg,No SMOTE,0,0,4.558404379588615e-05
Logistic Reg,No SMOTE,0,0,9.020905805814773e-07
Logistic Reg,No SMOTE,0,0,0.021432643181573396
Logistic Reg,No SMOTE,0,0,0.0018783370611195175
Logistic Reg,No SMOTE,0,0,2.4367843106468543e-21
Logistic Reg,No SMOTE,0,0,6.631767951459103e-17
Logistic Reg,No SMOTE,0,0,8.122071193132693e-07
Logistic Reg,No SMOTE,0,0,2.5921181257918193e-08
Logistic Reg,No SMOTE,0,0,4.593929400056349e-05
Logistic Reg,No SMOTE,0,0,1.0698851869729782e-06
Logistic Reg,No SMOTE,0,0,1.8894010407489066e-16
Logistic Reg,No SMOTE,0,0,9.531206126437736e-10
Logistic Reg,No SMOTE,0,1,0.864562471676062
Logistic Reg,No SMOTE,0,0,0.02685305656997321
Logistic Reg,No SMOTE,0,0,0.029445206572313663
Logistic Reg,No SMOTE,0,0,4.582756133609388e-05
Logistic Reg,No SMOTE,0,0,4.629948225234891e-05
Logistic Reg,No SMOTE,0,0,0.03408943623966327
Logistic Reg,No SMOTE,0,0,1.358187103538104e-06
Logistic Reg,No SMOTE,0,0,4.7208584619515165e-05
Logistic Reg,No SMOTE,0,0,7.019229083163821e-07
Logistic Reg,No SMOTE,0,0,0.03191099080557418
Logistic Reg,No SMOTE,0,0,8.346045212938679e-07
Logistic Reg,No SMOTE,0,0,9.298591270604085e-07
Logistic Reg,No SMOTE,0,0,0.03141064966244142
Logistic Reg,No SMOTE,0,0,5.402792092560517e-07
Logistic Reg,No SMOTE,0,0,1.116938257713052e-06
Logistic Reg,No SMOTE,0,0,0.050300008516588265
Logistic Reg,No SMOTE,0,0,5.198052523897376e-07
Logistic Reg,No SMOTE,0,0,0.03769850436061538
Logistic Reg,No SMOTE,0,0,0.00022396762114955745
Logistic Reg,No SMOTE,0,0,0.007501513117760066
Logistic Reg,No SMOTE,0,0,0.009858030673573522
Logistic Reg,No SMOTE,0,0,0.00025630639629743615
Logistic Reg,No SMOTE,0,0,0.004401546624230672
Logistic Reg,No SMOTE,0,0,0.009721003250275572
Logistic Reg,No SMOTE,0,0,8.181921841950126e-08
Logistic Reg,No SMOTE,0,0,0.034236705040954975
Logistic Reg,No SMOTE,0,0,0.016519983412749042
Logistic Reg,No SMOTE,0,0,4.6395015251843576e-05
Logistic Reg,No SMOTE,0,0,4.560292068402788e-05
Logistic Reg,No SMOTE,0,0,1.4313251124421152e-13
Logistic Reg,No SMOTE,0,0,6.434845696043218e-07
Logistic Reg,No SMOTE,0,1,0.8966694855021266
Logistic Reg,No SMOTE,0,0,0.18580584547907458
Logistic Reg,No SMOTE,0,0,1.0177585485313724e-06
Logistic Reg,No SMOTE,0,0,0.040272711438422946
Logistic Reg,No SMOTE,0,0,0.01016071465248212
Logistic Reg,No SMOTE,0,0,0.004142822821372471
Logistic Reg,No SMOTE,0,0,4.6178016183105065e-05
Logistic Reg,No SMOTE,0,0,6.461282369360429e-10
Logistic Reg,No SMOTE,0,0,2.1222614901347448e-41
Logistic Reg,No SMOTE,0,0,1.2059537865704629e-07
Logistic Reg,No SMOTE,0,0,0.01624283446801909
Logistic Reg,No SMOTE,0,0,0.0020324426351619185
Logistic Reg,No SMOTE,0,0,0.035959048990830404
Logistic Reg,No SMOTE,0,0,0.03553836011768627
Logistic Reg,No SMOTE,0,0,2.0948566640564623e-05
Logistic Reg,No SMOTE,0,0,2.2503374003303567e-10
Logistic Reg,No SMOTE,0,0,1.1841238989076308e-06
Logistic Reg,No SMOTE,0,0,4.590409161771322e-05
Logistic Reg,No SMOTE,0,0,0.005671094859520885
Logistic Reg,No SMOTE,0,0,4.616802078733227e-05
Logistic Reg,No SMOTE,0,0,1.1452390960869582e-10
Logistic Reg,No SMOTE,0,0,1.193807380132299e-06
Logistic Reg,No SMOTE,0,0,7.412118830566354e-07
Logistic Reg,No SMOTE,0,0,0.4303667087441879
Logistic Reg,No SMOTE,0,0,4.7506787631311824e-05
Logistic Reg,No SMOTE,0,0,0.0010797675578630293
Logistic Reg,No SMOTE,0,0,0.030941041209667085
Logistic Reg,No SMOTE,0,0,5.225683777624045e-05
Logistic Reg,No SMOTE,0,0,0.017132758502952424
Logistic Reg,No SMOTE,0,0,0.020292415615132797
Logistic Reg,No SMOTE,0,0,0.012591573380701061
Logistic Reg,No SMOTE,0,0,0.00028422457451554795
Logistic Reg,No SMOTE,0,0,1.3638939999219233e-15
Logistic Reg,No SMOTE,0,0,4.809124336967642e-06
Logistic Reg,No SMOTE,0,0,2.1039470179584033e-12
Logistic Reg,No SMOTE,0,0,4.767683359162676e-10
Logistic Reg,No SMOTE,0,0,1.0134402657384417e-08
Logistic Reg,No SMOTE,0,0,6.698661483021995e-07
Logistic Reg,No SMOTE,0,0,2.4386730167658075e-13
Logistic Reg,No SMOTE,0,0,9.882898541423347e-07
Logistic Reg,No SMOTE,0,0,4.6095322802478546e-05
Logistic Reg,No SMOTE,0,0,9.249739407806602e-06
Logistic Reg,No SMOTE,0,0,0.0221642038846084
Logistic Reg,No SMOTE,0,0,1.4347732939926284e-06
Logistic Reg,No SMOTE,0,0,4.818165062847833e-09
Logistic Reg,No SMOTE,0,0,1.0670961108286504e-06
Logistic Reg,No SMOTE,0,0,0.008795099512582045
Logistic Reg,No SMOTE,0,0,0.0005181255342372112
Logistic Reg,No SMOTE,0,0,4.560466333094763e-05
Logistic Reg,No SMOTE,0,0,4.3701364060626164e-08
Logistic Reg,No SMOTE,0,0,4.490707801786581e-09
Logistic Reg,No SMOTE,0,0,0.1708992402791566
Logistic Reg,No SMOTE,0,0,0.0064577113068557575
Logistic Reg,No SMOTE,0,0,0.007037285245650274
Logistic Reg,No SMOTE,0,0,7.866763485782776e-15
Logistic Reg,No SMOTE,0,0,4.84414767351843e-06
Logistic Reg,No SMOTE,0,0,4.668673404248482e-05
Logistic Reg,No SMOTE,0,0,4.6812076771266627e-07
Logistic Reg,No SMOTE,0,0,1.027973110201976e-06
Logistic Reg,No SMOTE,0,0,0.02620215048142328
Logistic Reg,No SMOTE,0,0,4.7803832212162846e-05
Logistic Reg,No SMOTE,0,0,1.3112052016642794e-14
Logistic Reg,No SMOTE,0,0,0.012416274406442846
Logistic Reg,No SMOTE,0,0,9.205082985108245e-22
Logistic Reg,No SMOTE,0,0,0.015748568469351593
Logistic Reg,No SMOTE,0,0,0.03807380473229851
Logistic Reg,No SMOTE,0,0,0.0007569969559530842
Logistic Reg,No SMOTE,0,0,0.00046315438484759766
Logistic Reg,No SMOTE,0,0,4.581007585247417e-05
Logistic Reg,No SMOTE,0,0,8.798238563943281e-07
Logistic Reg,No SMOTE,0,0,1.8047491945582434e-06
Logistic Reg,No SMOTE,0,0,1.1452019836858175e-06
Logistic Reg,No SMOTE,0,0,1.2524323777465866e-06
Logistic Reg,No SMOTE,0,0,3.926946990048259e-33
Logistic Reg,No SMOTE,0,0,0.04242444898383033
Logistic Reg,No SMOTE,0,0,0.13743227823269547
Logistic Reg,No SMOTE,0,0,9.634331607907704e-07
Logistic Reg,No SMOTE,0,0,1.990761579534803e-23
Logistic Reg,No SMOTE,0,0,0.0007934314859037006
Logistic Reg,No SMOTE,0,0,0.0016097726208792688
Logistic Reg,No SMOTE,0,0,0.004539353214456481
Logistic Reg,No SMOTE,0,0,9.502262412138985e-11
Logistic Reg,No SMOTE,0,0,8.82031665243327e-07
Logistic Reg,No SMOTE,0,0,0.024883658219841672
Logistic Reg,No SMOTE,0,0,8.575108841128695e-11
Logistic Reg,No SMOTE,0,0,6.418263830657677e-08
Logistic Reg,No SMOTE,0,0,0.01457401651870145
Logistic Reg,No SMOTE,0,0,4.5615440869006804e-05
Logistic Reg,No SMOTE,0,0,1.2192217824915425e-07
Logistic Reg,No SMOTE,0,0,4.942339707513349e-05
Logistic Reg,No SMOTE,0,0,0.02370672983407406
Logistic Reg,No SMOTE,0,0,4.8045510608080874e-05
Logistic Reg,No SMOTE,0,0,4.711601856821448e-05
Logistic Reg,No SMOTE,0,0,0.037386332163502754
Logistic Reg,No SMOTE,0,0,6.554056382783937e-07
Logistic Reg,No SMOTE,0,0,1.578930055237075e-05
Logistic Reg,No SMOTE,0,0,9.734685415514172e-07
Logistic Reg,No SMOTE,0,0,0.0016398230136805963
Logistic Reg,No SMOTE,0,0,0.0006665539439723526
Logistic Reg,No SMOTE,0,0,8.553057864106714e-12
Logistic Reg,No SMOTE,0,0,4.562053247865379e-05
Logistic Reg,No SMOTE,0,0,0.018929237004280272
Logistic Reg,No SMOTE,0,0,8.501254686135389e-07
Logistic Reg,No SMOTE,0,0,4.601083130237361e-05
Logistic Reg,No SMOTE,0,0,5.539096659214365e-05
Logistic Reg,No SMOTE,0,0,0.06566078242835194
Logistic Reg,No SMOTE,0,0,0.0009260258204857924
Logistic Reg,No SMOTE,0,0,0.10591315030972237
Logistic Reg,No SMOTE,0,0,5.315759898594955e-11
Logistic Reg,No SMOTE,0,0,5.984381729670408e-07
Logistic Reg,No SMOTE,0,0,4.578519349175293e-05
Logistic Reg,No SMOTE,0,0,4.830081225094322e-05
Logistic Reg,No SMOTE,0,0,5.355795224769587e-07
Logistic Reg,No SMOTE,0,0,6.61205155849543e-07
Logistic Reg,No SMOTE,0,0,0.0008329614099179753
Logistic Reg,No SMOTE,0,1,0.9541044618313385
Logistic Reg,No SMOTE,0,0,5.394033252960303e-05
Logistic Reg,No SMOTE,0,0,6.883426199180174e-07
Logistic Reg,No SMOTE,0,0,4.590838784321517e-05
Logistic Reg,No SMOTE,0,0,2.8945607379316477e-05
Logistic Reg,No SMOTE,0,0,0.037821748550094084
Logistic Reg,No SMOTE,0,0,0.00017965967548706936
Logistic Reg,No SMOTE,0,0,4.595669886145842e-05
Logistic Reg,No SMOTE,0,0,0.0007350227650749934
Logistic Reg,No SMOTE,0,0,0.04968779724936278
Logistic Reg,No SMOTE,0,0,5.01648831920748e-05
Logistic Reg,No SMOTE,0,0,0.044629590887668505
Logistic Reg,No SMOTE,0,0,6.098182446330911e-30
Logistic Reg,No SMOTE,0,0,2.353027486561677e-08
Logistic Reg,No SMOTE,0,0,4.6351691342978454e-05
Logistic Reg,No SMOTE,0,0,5.998872800388532e-07
Logistic Reg,No SMOTE,0,0,1.0938824284928908e-06
Logistic Reg,No SMOTE,0,0,9.258978151395631e-23
Logistic Reg,No SMOTE,0,0,7.4017557344645e-09
Logistic Reg,No SMOTE,0,0,0.007720651699959841
Logistic Reg,No SMOTE,0,0,4.7228168058676116e-05
Logistic Reg,No SMOTE,0,0,4.5638897888112866e-05
Logistic Reg,No SMOTE,0,0,8.505133477766796e-07
Logistic Reg,No SMOTE,0,0,0.028242242804204287
Logistic Reg,No SMOTE,0,0,0.03159379813928661
Logistic Reg,No SMOTE,0,0,0.055936063506827026
Logistic Reg,No SMOTE,0,0,1.0236314565413966e-06
Logistic Reg,No SMOTE,0,0,9.636968370657974e-07
Logistic Reg,No SMOTE,0,1,0.9483397825753693
Logistic Reg,No SMOTE,0,0,9.000189123258925e-07
Logistic Reg,No SMOTE,0,0,0.02041792325411549
Logistic Reg,No SMOTE,0,0,3.2316269477276966e-09
Logistic Reg,No SMOTE,0,0,4.589222911675492e-05
Logistic Reg,No SMOTE,0,0,8.05584114724259e-09
Logistic Reg,No SMOTE,0,0,4.559500756350177e-05
Logistic Reg,No SMOTE,0,0,0.16178454265449815
Logistic Reg,No SMOTE,0,1,0.5342871958660415
Logistic Reg,No SMOTE,0,0,0.002638276027635251
Logistic Reg,No SMOTE,0,0,1.290429764060254e-07
Logistic Reg,No SMOTE,0,0,0.0004896905153850941
Logistic Reg,No SMOTE,0,0,3.806091757952187e-07
Logistic Reg,No SMOTE,0,0,2.1779957536016888e-12
Logistic Reg,No SMOTE,0,0,0.01105069008961269
Logistic Reg,No SMOTE,0,0,2.9464327471860028e-05
Logistic Reg,No SMOTE,0,0,4.6777405801673477e-05
Logistic Reg,No SMOTE,0,0,7.866567744454118e-13
Logistic Reg,No SMOTE,0,0,0.014224703212367526
Logistic Reg,No SMOTE,0,0,1.4733836492018348e-08
Logistic Reg,No SMOTE,0,0,5.0284460785406205e-05
Logistic Reg,No SMOTE,0,0,7.997301260914457e-07
Logistic Reg,No SMOTE,0,0,0.00022860855486929362
Logistic Reg,No SMOTE,0,0,4.885185903202344e-05
Logistic Reg,No SMOTE,0,0,0.00031535399330040323
Logistic Reg,No SMOTE,0,0,8.409924327958913e-07
Logistic Reg,No SMOTE,0,0,5.072933122682705e-05
Logistic Reg,No SMOTE,0,0,4.907675913998954e-11
Logistic Reg,No SMOTE,0,0,0.038585054752274375
Logistic Reg,No SMOTE,0,0,0.038691733529089875
Logistic Reg,No SMOTE,0,0,0.048052788356443714
Logistic Reg,No SMOTE,0,0,0.0069555734921386584
Logistic Reg,No SMOTE,0,1,0.892723360975522
Logistic Reg,No SMOTE,0,0,3.4422278335442236e-05
Logistic Reg,No SMOTE,0,0,0.02578690060078086
Logistic Reg,No SMOTE,0,0,4.7700412555531784e-05
Logistic Reg,No SMOTE,0,0,0.0007754241576885444
Logistic Reg,No SMOTE,0,0,4.726945180529808e-05
Logistic Reg,No SMOTE,0,0,1.6066953697965587e-17
Logistic Reg,No SMOTE,0,0,0.026224655456710013
Logistic Reg,No SMOTE,0,0,0.012546568389095994
Logistic Reg,No SMOTE,0,0,1.768274811509825e-06
Logistic Reg,No SMOTE,0,1,0.5351352865443719
Logistic Reg,No SMOTE,0,0,7.460554363157372e-08
Logistic Reg,No SMOTE,0,0,0.014203351790726314
Logistic Reg,No SMOTE,0,0,4.6553020281266934e-05
Logistic Reg,No SMOTE,0,0,1.3211763497498988e-06
Logistic Reg,No SMOTE,0,0,3.8304269094001954e-20
Logistic Reg,No SMOTE,0,0,0.008198764339337038
Logistic Reg,No SMOTE,0,0,5.01115628233215e-05
Logistic Reg,No SMOTE,0,0,2.4079021583053946e-10
Logistic Reg,No SMOTE,0,0,0.01790132639895529
Logistic Reg,No SMOTE,0,0,0.18083839794303283
Logistic Reg,No SMOTE,0,0,0.019121162502860937
Logistic Reg,No SMOTE,0,0,0.031773209284247844
Logistic Reg,No SMOTE,0,0,1.1359109955150765e-06
Logistic Reg,No SMOTE,0,0,4.584152336211949e-05
Logistic Reg,No SMOTE,0,0,0.029935630489372114
Logistic Reg,No SMOTE,0,1,0.9385908146490698
Logistic Reg,No SMOTE,0,1,0.9320228145226124
Logistic Reg,No SMOTE,0,0,6.872243378004479e-07
Logistic Reg,No SMOTE,0,0,8.129924287717314e-07
Logistic Reg,No SMOTE,0,0,0.05207078455731304
Logistic Reg,No SMOTE,0,1,0.9656382040197036
Logistic Reg,No SMOTE,0,0,0.0010722476397781787
Logistic Reg,No SMOTE,0,0,0.0016188776782713205
Logistic Reg,No SMOTE,0,0,9.806952195885199e-07
Logistic Reg,No SMOTE,0,0,8.537672660849026e-07
Logistic Reg,No SMOTE,0,0,8.260259546201504e-07
Logistic Reg,No SMOTE,0,0,8.219913721164967e-05
Logistic Reg,No SMOTE,0,0,4.559148683113325e-05
Logistic Reg,No SMOTE,0,0,4.8241667795164985e-05
Logistic Reg,No SMOTE,0,0,0.00791951725137969
Logistic Reg,No SMOTE,0,0,0.044178804201595895
Logistic Reg,No SMOTE,0,0,4.5586524498391056e-05
Logistic Reg,No SMOTE,0,0,0.023398008248510658
Logistic Reg,No SMOTE,0,0,1.4530044276922527e-06
Logistic Reg,No SMOTE,0,0,0.034235796885753254
Logistic Reg,No SMOTE,0,0,0.026891015855216995
Logistic Reg,No SMOTE,0,1,0.9042213288725526
Logistic Reg,No SMOTE,0,0,9.054477980526478e-07
Logistic Reg,No SMOTE,0,0,0.0011786296153275548
Logistic Reg,No SMOTE,0,0,0.002303076020576103
Logistic Reg,No SMOTE,0,0,0.01299665096936697
Logistic Reg,No SMOTE,0,0,9.084174594103333e-07
Logistic Reg,No SMOTE,0,0,0.006904519378105294
Logistic Reg,No SMOTE,0,0,1.0149813118892058e-12
Logistic Reg,No SMOTE,0,0,1.793384811566421e-08
Logistic Reg,No SMOTE,0,0,0.0035659681247171156
Logistic Reg,No SMOTE,0,0,0.0006466675701246097
Logistic Reg,No SMOTE,0,0,2.2235999971602202e-12
Logistic Reg,No SMOTE,0,0,0.008718412140536511
Logistic Reg,No SMOTE,0,0,0.2544786565202505
Logistic Reg,No SMOTE,0,0,6.827734568160202e-07
Logistic Reg,No SMOTE,0,0,7.370766462921166e-31
Logistic Reg,No SMOTE,0,0,1.0081616922665834e-06
Logistic Reg,No SMOTE,0,0,1.6597678425180638e-05
Logistic Reg,No SMOTE,0,0,0.04143743479078042
Logistic Reg,No SMOTE,0,0,2.9883778355331148e-05
Logistic Reg,No SMOTE,0,0,3.696844628154175e-11
Logistic Reg,No SMOTE,0,0,0.00010853668671783714
Logistic Reg,No SMOTE,0,0,4.4152024972653217e-23
Logistic Reg,No SMOTE,0,0,1.1506123139189773e-06
Logistic Reg,No SMOTE,0,0,6.926887825960252e-05
Logistic Reg,No SMOTE,0,0,2.311065835619996e-12
Logistic Reg,No SMOTE,0,0,5.37039705275678e-05
Logistic Reg,No SMOTE,0,0,9.302164905303695e-07
Logistic Reg,No SMOTE,0,0,0.03784631577460778
Logistic Reg,No SMOTE,0,0,3.852519826206782e-08
Logistic Reg,No SMOTE,0,0,1.1041207605555827e-07
Logistic Reg,No SMOTE,0,1,0.954918286350117
Logistic Reg,No SMOTE,0,0,0.015226347790669885
Logistic Reg,No SMOTE,0,0,4.7547232445330755e-05
Logistic Reg,No SMOTE,0,0,4.558850408075133e-05
Logistic Reg,No SMOTE,0,0,4.559785758224726e-05
Logistic Reg,No SMOTE,0,0,4.605445978883278e-05
Logistic Reg,No SMOTE,0,0,5.790357226415647e-13
Logistic Reg,No SMOTE,0,0,9.321972255322469e-07
Logistic Reg,No SMOTE,0,0,1.3176322922465146e-05
Logistic Reg,No SMOTE,0,0,1.4102236797275574e-11
Logistic Reg,No SMOTE,0,0,0.0010954230665562365
Logistic Reg,No SMOTE,0,0,0.0007327247021966858
Logistic Reg,No SMOTE,0,0,0.020824581081558886
Logistic Reg,No SMOTE,0,0,0.08064187609244547
Logistic Reg,No SMOTE,0,0,5.5383161080502427e-05
Logistic Reg,No SMOTE,0,0,1.361872370235066e-06
Logistic Reg,No SMOTE,0,0,0.0001731057093162301
Logistic Reg,No SMOTE,0,0,9.65504159415828e-07
Logistic Reg,No SMOTE,0,0,0.03142909619605893
Logistic Reg,No SMOTE,0,0,0.02852233606503406
Logistic Reg,No SMOTE,0,0,9.449290458123174e-07
Logistic Reg,No SMOTE,0,0,0.0025134947891967694
Logistic Reg,No SMOTE,0,0,0.38865778984000116
Logistic Reg,No SMOTE,0,0,0.0014704835431194657
Logistic Reg,No SMOTE,0,0,0.03746967020575263
Logistic Reg,No SMOTE,0,0,0.026492886245068913
Logistic Reg,No SMOTE,0,0,0.00014029773651431555
Logistic Reg,No SMOTE,0,0,0.28460910848394977
Logistic Reg,No SMOTE,0,0,0.003688109805579128
Logistic Reg,No SMOTE,0,0,0.03973858322642432
Logistic Reg,No SMOTE,0,0,0.03307376908096554
Logistic Reg,No SMOTE,0,0,1.5141565106590065e-11
Logistic Reg,No SMOTE,0,1,0.8207162461544105
Logistic Reg,No SMOTE,0,0,0.0009252389860262487
Logistic Reg,No SMOTE,0,0,4.577713640899e-05
Logistic Reg,No SMOTE,0,0,0.10923550392728287
Logistic Reg,No SMOTE,0,0,2.348395440608676e-13
Logistic Reg,No SMOTE,0,0,0.006676134646677191
Logistic Reg,No SMOTE,0,0,6.547906616433326e-05
Logistic Reg,No SMOTE,0,0,4.84120655055692e-05
Logistic Reg,No SMOTE,0,0,4.589561091354617e-05
Logistic Reg,No SMOTE,0,0,4.059034966263344e-10
Logistic Reg,No SMOTE,0,0,0.027470621527325826
Logistic Reg,No SMOTE,0,0,0.00018001680695613372
Logistic Reg,No SMOTE,0,0,4.568792225881688e-05
Logistic Reg,No SMOTE,0,0,8.348224400707811e-07
Logistic Reg,No SMOTE,0,0,4.098684213523008e-06
Logistic Reg,No SMOTE,0,0,0.0009309867235442516
Logistic Reg,No SMOTE,0,0,4.582350816609785e-05
Logistic Reg,No SMOTE,0,0,0.0003801041829498362
Logistic Reg,No SMOTE,0,0,0.00013401963729807925
Logistic Reg,No SMOTE,0,0,5.087817703312771e-05
Logistic Reg,No SMOTE,0,0,0.0007692281550463006
Logistic Reg,No SMOTE,0,0,1.4856471657802543e-06
Logistic Reg,No SMOTE,0,0,1.1658912870628513e-06
Logistic Reg,No SMOTE,0,0,0.03367332401275484
Logistic Reg,No SMOTE,0,0,1.1160261795475593e-06
Logistic Reg,No SMOTE,0,0,1.2554201901937986e-05
Logistic Reg,No SMOTE,0,0,0.021636874804763555
Logistic Reg,No SMOTE,0,0,3.2495122522496157e-10
Logistic Reg,No SMOTE,0,0,4.735722429424609e-05
Logistic Reg,No SMOTE,0,0,0.03654751188899232
Logistic Reg,No SMOTE,0,0,0.02638636260938959
Logistic Reg,No SMOTE,0,0,1.347910897966887e-12
Logistic Reg,No SMOTE,0,0,5.1146720480223274e-05
Logistic Reg,No SMOTE,0,0,0.3093017871243462
Logistic Reg,No SMOTE,0,0,0.020091693445669502
Logistic Reg,No SMOTE,0,0,0.034871682088661836
Logistic Reg,No SMOTE,0,0,0.011136532851923689
Logistic Reg,No SMOTE,0,0,1.5369180748183712e-06
Logistic Reg,No SMOTE,0,0,4.910189565310252e-09
Logistic Reg,No SMOTE,0,0,0.02490750476744089
Logistic Reg,No SMOTE,0,0,3.3257266848722265e-15
Logistic Reg,No SMOTE,0,0,4.501323462115466e-10
Logistic Reg,No SMOTE,0,1,0.9869615512029186
Logistic Reg,No SMOTE,0,0,9.981736936858227e-07
Logistic Reg,No SMOTE,0,0,9.67949458614439e-07
Logistic Reg,No SMOTE,0,0,9.26953832955655e-05
Logistic Reg,No SMOTE,0,0,1.208950314038119e-11
Logistic Reg,No SMOTE,0,0,0.0011329034734694798
Logistic Reg,No SMOTE,0,0,0.0018106918293067902
Logistic Reg,No SMOTE,0,0,0.008273485327778494
Logistic Reg,No SMOTE,0,0,1.5417392234673575e-06
Logistic Reg,No SMOTE,0,0,1.0561534431812089e-06
Logistic Reg,No SMOTE,0,0,0.04067233112682964
Logistic Reg,No SMOTE,0,0,4.835417439819448e-05
Logistic Reg,No SMOTE,0,0,8.12245055584954e-07
Logistic Reg,No SMOTE,0,0,1.078692130096291e-06
Logistic Reg,No SMOTE,0,0,0.014645054280204534
Logistic Reg,No SMOTE,0,0,2.442546476033597e-10
Logistic Reg,No SMOTE,0,0,0.035598302075584454
Logistic Reg,No SMOTE,0,0,6.652945966822348e-07
Logistic Reg,No SMOTE,0,0,9.414690534594804e-07
Logistic Reg,No SMOTE,0,0,0.08516898832057787
Logistic Reg,No SMOTE,0,0,6.680740895615514e-07
Logistic Reg,No SMOTE,0,0,6.535522340765265e-08
Logistic Reg,No SMOTE,0,0,0.031238179176351813
Logistic Reg,No SMOTE,0,0,4.7274059264309506e-05
Logistic Reg,No SMOTE,0,0,2.190319198225393e-09
Logistic Reg,No SMOTE,0,0,0.0001792864274275378
Logistic Reg,No SMOTE,0,0,4.7035160583731296e-05
Logistic Reg,No SMOTE,0,0,0.0026047457914290576
Logistic Reg,No SMOTE,0,0,0.01359760021817132
Logistic Reg,No SMOTE,0,0,0.21308714158690373
Logistic Reg,No SMOTE,0,0,4.563440952157322e-22
Logistic Reg,No SMOTE,0,0,0.022098973986787493
Logistic Reg,No SMOTE,0,0,0.0004935888255177047
Logistic Reg,No SMOTE,0,0,8.564695492368872e-05
Logistic Reg,No SMOTE,0,0,0.0004418928235711281
Logistic Reg,No SMOTE,0,0,0.0030094035168567643
Logistic Reg,No SMOTE,0,0,0.03760096778203343
Logistic Reg,No SMOTE,0,0,0.000787179267715593
Logistic Reg,No SMOTE,0,0,0.0003034803672107518
Logistic Reg,No SMOTE,0,0,0.0026390622005025826
Logistic Reg,No SMOTE,0,0,0.011835712463522548
Logistic Reg,No SMOTE,0,0,9.211222850296848e-07
Logistic Reg,No SMOTE,0,0,8.874667928445449e-07
Logistic Reg,No SMOTE,0,0,3.0573103645931895e-15
Logistic Reg,No SMOTE,0,0,0.010121254538336465
Logistic Reg,No SMOTE,0,0,7.935423384512443e-07
Logistic Reg,No SMOTE,0,0,4.578256996477029e-05
Logistic Reg,No SMOTE,0,0,0.01217532203391276
Logistic Reg,No SMOTE,0,0,6.3361619929074325e-09
Logistic Reg,No SMOTE,0,0,0.0012473825134253242
Logistic Reg,No SMOTE,0,0,4.775190437640147e-05
Logistic Reg,No SMOTE,0,0,8.852874027176209e-07
Logistic Reg,No SMOTE,0,0,9.326040827354363e-10
Logistic Reg,No SMOTE,0,0,4.567588207557074e-05
Logistic Reg,No SMOTE,0,0,2.4421295767649157e-14
Logistic Reg,No SMOTE,0,0,1.4234914072039275e-13
Logistic Reg,No SMOTE,0,0,4.896492245379104e-05
Logistic Reg,No SMOTE,0,0,1.1610946388939736e-06
Logistic Reg,No SMOTE,0,0,2.8800533571732036e-09
Logistic Reg,No SMOTE,0,0,5.545009969361846e-05
Logistic Reg,No SMOTE,0,0,3.9663135467977854e-11
Logistic Reg,No SMOTE,0,0,0.04011724200780094
Logistic Reg,No SMOTE,0,0,1.0208214099276382e-06
Logistic Reg,No SMOTE,0,0,4.625173616899221e-05
Logistic Reg,No SMOTE,0,0,0.03697685440487123
Logistic Reg,No SMOTE,0,0,0.0005314668840892485
Logistic Reg,No SMOTE,0,0,4.601449030218198e-05
Logistic Reg,No SMOTE,0,0,0.0013666944152301583
Logistic Reg,No SMOTE,0,0,1.3485853699750852e-16
Logistic Reg,No SMOTE,0,0,1.956815164917676e-08
Logistic Reg,No SMOTE,0,0,0.012317876194885226
Logistic Reg,No SMOTE,0,0,0.04046988121063915
Logistic Reg,No SMOTE,0,0,1.5518120860968963e-12
Logistic Reg,No SMOTE,0,0,0.007119859459208325
Logistic Reg,No SMOTE,0,0,7.116436995554672e-07
Logistic Reg,No SMOTE,0,0,4.653609602157932e-05
Logistic Reg,No SMOTE,0,0,0.0001522636532370443
Logistic Reg,No SMOTE,0,0,0.04257686297283431
Logistic Reg,No SMOTE,0,0,0.0016942263370659876
Logistic Reg,No SMOTE,0,0,4.756273268613465e-05
Logistic Reg,No SMOTE,0,0,0.0008381853166078039
Logistic Reg,No SMOTE,0,0,0.019495931331533288
Logistic Reg,No SMOTE,0,0,0.0023451291453712646
Logistic Reg,No SMOTE,0,0,6.786528929025849e-07
Logistic Reg,No SMOTE,0,1,0.6830183482270354
Logistic Reg,No SMOTE,0,0,1.0261439414191276e-06
Logistic Reg,No SMOTE,0,0,1.1061281799307013e-06
Logistic Reg,No SMOTE,0,0,8.338168280769928e-10
Logistic Reg,No SMOTE,0,0,3.578726154320855e-15
Logistic Reg,No SMOTE,0,0,5.903609965118262e-05
Logistic Reg,No SMOTE,0,0,0.031401532033023774
Logistic Reg,No SMOTE,0,0,1.0436528844326945e-06
Logistic Reg,No SMOTE,0,0,0.18347403928384703
Logistic Reg,No SMOTE,0,0,1.9168926589781477e-07
Logistic Reg,No SMOTE,0,0,4.5612370582908364e-05
Logistic Reg,No SMOTE,0,0,9.216837116537048e-07
Logistic Reg,No SMOTE,0,0,2.552510127228281e-05
Logistic Reg,No SMOTE,0,0,0.0005223413217468458
Logistic Reg,No SMOTE,0,0,0.00011959794720190454
Logistic Reg,No SMOTE,0,0,0.033778858154326734
Logistic Reg,No SMOTE,0,0,6.389041201345009e-07
Logistic Reg,No SMOTE,0,0,1.586113769914931e-07
Logistic Reg,No SMOTE,0,0,1.0395544698972752e-06
Logistic Reg,No SMOTE,0,0,7.900349514156163e-07
Logistic Reg,No SMOTE,0,0,4.664973303421177e-05
Logistic Reg,No SMOTE,0,0,4.866703621718839e-05
Logistic Reg,No SMOTE,0,0,4.9452974030751845e-17
Logistic Reg,No SMOTE,0,0,0.06811723340855963
Logistic Reg,No SMOTE,0,0,4.7213087245099244e-05
Logistic Reg,No SMOTE,0,0,0.026502151837432666
Logistic Reg,No SMOTE,0,0,8.328538128667365e-07
Logistic Reg,No SMOTE,0,0,4.56284615534059e-05
Logistic Reg,No SMOTE,0,0,9.667204503076733e-07
Logistic Reg,No SMOTE,0,0,1.8125624676896383e-08
Logistic Reg,No SMOTE,0,0,0.021957985075146583
Logistic Reg,No SMOTE,0,0,1.1098020053109438e-06
Logistic Reg,No SMOTE,0,0,4.692888362961984e-05
Logistic Reg,No SMOTE,0,0,0.0030013900490636074
Logistic Reg,No SMOTE,0,0,4.995446183672035e-05
Logistic Reg,No SMOTE,0,0,0.0006276997884409059
Logistic Reg,No SMOTE,0,0,0.03543131838963159
Logistic Reg,No SMOTE,0,0,0.012802224401113931
Logistic Reg,No SMOTE,0,0,1.0366664266624806e-10
Logistic Reg,No SMOTE,0,0,0.16340963145508203
Logistic Reg,No SMOTE,0,0,0.04175182924603969
Logistic Reg,No SMOTE,0,0,4.663737151893696e-05
Logistic Reg,No SMOTE,0,0,0.029279878676429477
Logistic Reg,No SMOTE,0,0,0.02055150643734599
Logistic Reg,No SMOTE,0,0,0.009395281274803203
Logistic Reg,No SMOTE,0,0,0.04001137176676319
Logistic Reg,No SMOTE,0,0,8.39663087204674e-06
Logistic Reg,No SMOTE,0,0,0.005201369913345293
Logistic Reg,No SMOTE,0,0,4.68087144405885e-05
Logistic Reg,No SMOTE,0,0,0.034669977884874935
Logistic Reg,No SMOTE,0,0,0.0017547082338698634
Logistic Reg,No SMOTE,0,0,0.03356948295031186
Logistic Reg,No SMOTE,0,0,8.807125193975669e-07
Logistic Reg,No SMOTE,0,0,7.570055298693674e-07
Logistic Reg,No SMOTE,0,0,5.0180482285849024e-05
Logistic Reg,No SMOTE,0,0,6.641749006699652e-11
Logistic Reg,No SMOTE,0,0,9.019392631349677e-07
Logistic Reg,No SMOTE,0,0,0.035628386224361576
Logistic Reg,No SMOTE,0,0,0.049452468803590784
Logistic Reg,No SMOTE,0,0,0.00044414345617926177
Logistic Reg,No SMOTE,0,0,9.525094305815485e-07
Logistic Reg,No SMOTE,0,0,0.05107585427788097
Logistic Reg,No SMOTE,0,0,1.2549470123089255e-13
Logistic Reg,No SMOTE,0,0,0.014099122384389434
Logistic Reg,No SMOTE,0,0,0.03182842668705064
Logistic Reg,No SMOTE,0,0,0.01083448061529818
Logistic Reg,No SMOTE,0,0,1.245948279848513e-06
Logistic Reg,No SMOTE,0,0,8.941794961823683e-10
Logistic Reg,No SMOTE,0,0,1.184630503296645e-06
Logistic Reg,No SMOTE,0,0,6.89007675182901e-07
Logistic Reg,No SMOTE,0,0,0.03765581870047121
Logistic Reg,No SMOTE,0,0,4.563636196151312e-05
Logistic Reg,No SMOTE,0,0,8.486060962530129e-06
Logistic Reg,No SMOTE,0,0,1.060412650623393e-12
Logistic Reg,No SMOTE,0,0,4.1858080317124646e-18
Logistic Reg,No SMOTE,0,0,2.0924924875739806e-08
Logistic Reg,No SMOTE,0,0,4.559152256139773e-05
Logistic Reg,No SMOTE,0,0,5.278490651353663e-08
Logistic Reg,No SMOTE,0,0,5.679562492041459e-08
Logistic Reg,No SMOTE,0,0,8.93758386401887e-14
Logistic Reg,No SMOTE,0,0,4.590027933235262e-05
Logistic Reg,No SMOTE,0,0,0.005907096647193549
Logistic Reg,No SMOTE,0,0,1.4050890365403885e-06
Logistic Reg,No SMOTE,0,0,9.712015953189782e-05
Logistic Reg,No SMOTE,0,0,1.0480143579057307e-06
Logistic Reg,No SMOTE,0,0,4.149400526949058e-05
Logistic Reg,No SMOTE,0,0,3.353858187100175e-08
Logistic Reg,No SMOTE,0,0,1.845314743785826e-13
Logistic Reg,No SMOTE,0,0,9.475017828238565e-14
Logistic Reg,No SMOTE,0,0,1.7440601291113e-05
Logistic Reg,No SMOTE,0,0,8.103702132605183e-07
Logistic Reg,No SMOTE,0,0,0.0237180804208326
Logistic Reg,No SMOTE,0,0,5.789401400109418e-10
Logistic Reg,No SMOTE,0,0,0.03911757363947053
Logistic Reg,No SMOTE,0,0,0.0001659447909435665
Logistic Reg,No SMOTE,0,0,0.13230925689587036
Logistic Reg,No SMOTE,0,0,2.772799207870628e-12
Logistic Reg,No SMOTE,0,0,4.6458109056364425e-05
Logistic Reg,No SMOTE,0,0,0.015289033715087764
Logistic Reg,No SMOTE,0,0,1.2729692756924297e-06
Logistic Reg,No SMOTE,0,0,3.0027143551188913e-08
Logistic Reg,No SMOTE,0,0,0.031746339481730904
Logistic Reg,No SMOTE,0,0,1.1100045897294281e-06
Logistic Reg,No SMOTE,0,0,2.1089402437861248e-05
Logistic Reg,No SMOTE,0,0,6.5670939150283945e-06
Logistic Reg,No SMOTE,0,0,1.026277332714979e-06
Logistic Reg,No SMOTE,0,0,4.697656603002329e-06
Logistic Reg,No SMOTE,0,0,8.32092873744058e-07
Logistic Reg,No SMOTE,0,0,9.587882794601834e-07
Logistic Reg,No SMOTE,0,0,0.03308894533399924
Logistic Reg,No SMOTE,0,0,0.03725406470254732
Logistic Reg,No SMOTE,0,0,4.66769052954804e-05
Logistic Reg,No SMOTE,0,1,0.7669249195252252
Logistic Reg,No SMOTE,0,0,8.801749454155078e-07
Logistic Reg,No SMOTE,0,0,8.604469549219881e-07
Logistic Reg,No SMOTE,0,0,5.335984149494143e-05
Logistic Reg,No SMOTE,0,0,6.997682912900078e-07
Logistic Reg,No SMOTE,0,0,7.524890478657694e-07
Logistic Reg,No SMOTE,0,0,1.2395731037796893e-06
Logistic Reg,No SMOTE,0,0,0.032974762414486665
Logistic Reg,No SMOTE,0,0,5.0871569061738036e-12
Logistic Reg,No SMOTE,0,0,4.0797623162470947e-11
Logistic Reg,No SMOTE,0,0,2.415987821438498e-11
Logistic Reg,No SMOTE,0,0,0.04327326774570222
Logistic Reg,No SMOTE,0,0,0.01523542903322146
Logistic Reg,No SMOTE,0,0,0.0004193190968877615
Logistic Reg,No SMOTE,0,0,0.03170751390357432
Logistic Reg,No SMOTE,0,0,1.509143689480494e-16
Logistic Reg,No SMOTE,0,0,0.012180560791348792
Logistic Reg,No SMOTE,0,0,0.010032738314423058
Logistic Reg,No SMOTE,0,0,6.904208566869479e-07
Logistic Reg,No SMOTE,0,0,0.03174046687001954
Logistic Reg,No SMOTE,0,0,0.03603787291643618
Logistic Reg,No SMOTE,0,0,0.005091667712800236
Logistic Reg,No SMOTE,0,0,0.024948473276075567
Logistic Reg,No SMOTE,0,0,0.3968702522533269
Logistic Reg,No SMOTE,0,0,2.499008247716664e-12
Logistic Reg,No SMOTE,0,0,8.737357456159242e-07
Logistic Reg,No SMOTE,0,0,0.03078554115797504
Logistic Reg,No SMOTE,0,0,1.088706435918227e-06
Logistic Reg,No SMOTE,0,0,4.597298550018907e-05
Logistic Reg,No SMOTE,0,0,0.01492025034139613
Logistic Reg,No SMOTE,0,0,0.001845457828290011
Logistic Reg,No SMOTE,0,0,0.027957176649014575
Logistic Reg,No SMOTE,0,0,0.183791737238322
Logistic Reg,No SMOTE,0,0,0.0008016445693516689
Logistic Reg,No SMOTE,0,1,0.9381321743329039
Logistic Reg,No SMOTE,0,0,1.0773203996844706e-06
Logistic Reg,No SMOTE,0,0,1.4883033019346703e-13
Logistic Reg,No SMOTE,0,0,5.777459034005951e-05
Logistic Reg,No SMOTE,0,0,8.83613686804328e-07
Logistic Reg,No SMOTE,0,0,0.031190125268590697
Logistic Reg,No SMOTE,0,0,0.0008913324679420963
Logistic Reg,No SMOTE,0,0,0.38959889923279695
Logistic Reg,No SMOTE,0,0,0.02875318081020834
Logistic Reg,No SMOTE,0,0,0.008443166026262218
Logistic Reg,No SMOTE,0,0,0.022628594422362126
Logistic Reg,No SMOTE,0,0,9.523685530519869e-07
Logistic Reg,No SMOTE,0,0,4.559913907345122e-05
Logistic Reg,No SMOTE,0,0,2.702072378365172e-09
Logistic Reg,No SMOTE,0,0,1.214495363795011e-06
Logistic Reg,No SMOTE,0,0,2.6054070974464057e-06
Logistic Reg,No SMOTE,0,0,0.04807156132226192
Logistic Reg,No SMOTE,0,0,8.93658711159122e-06
Logistic Reg,No SMOTE,0,0,1.5937450694300965e-15
Logistic Reg,No SMOTE,0,0,1.0965123336499446e-06
Logistic Reg,No SMOTE,0,0,2.916126354839582e-14
Logistic Reg,No SMOTE,0,0,4.5583867526172224e-05
Logistic Reg,No SMOTE,0,0,7.943919399806644e-07
Logistic Reg,No SMOTE,0,0,4.628595973513797e-05
Logistic Reg,No SMOTE,0,0,2.507912161798602e-05
Logistic Reg,No SMOTE,0,0,8.999996003129509e-07
Logistic Reg,No SMOTE,0,0,1.4902452644447005e-05
Logistic Reg,No SMOTE,0,0,0.001024919698789448
Logistic Reg,No SMOTE,0,0,0.0007366856413888277
Logistic Reg,No SMOTE,0,0,1.212731626137339e-06
Logistic Reg,No SMOTE,0,1,0.6068055230569662
Logistic Reg,No SMOTE,0,0,1.991784682125324e-06
Logistic Reg,No SMOTE,0,0,0.0038863316096120868
Logistic Reg,No SMOTE,0,0,4.9340456946052746e-12
Logistic Reg,No SMOTE,0,0,9.321451417666215e-07
Logistic Reg,No SMOTE,0,0,9.59934911354919e-07
Logistic Reg,No SMOTE,0,0,0.001181412840533938
Logistic Reg,No SMOTE,0,1,0.7601488553308038
Logistic Reg,No SMOTE,0,0,1.0688633958805491e-06
Logistic Reg,No SMOTE,0,0,3.782389827487641e-09
Logistic Reg,No SMOTE,0,0,1.859439068816266e-19
Logistic Reg,No SMOTE,0,0,2.8293329241740262e-18
Logistic Reg,No SMOTE,0,0,1.009000279719577e-08
Logistic Reg,No SMOTE,0,0,7.443994903197579e-07
Logistic Reg,No SMOTE,0,1,0.7927383841121495
Logistic Reg,No SMOTE,0,0,0.0013448940082896412
Logistic Reg,No SMOTE,0,0,7.803676184329982e-12
Logistic Reg,No SMOTE,0,0,0.1489145740931348
Logistic Reg,No SMOTE,0,0,1.0936670045546406e-12
Logistic Reg,No SMOTE,0,0,0.037453664342513605
Logistic Reg,No SMOTE,0,1,0.9414645986683967
Logistic Reg,No SMOTE,0,0,0.030999159756297006
Logistic Reg,No SMOTE,0,0,3.120329211905944e-17
Logistic Reg,No SMOTE,0,0,0.005816753524560501
Logistic Reg,No SMOTE,0,0,7.3360434357275686e-09
Logistic Reg,No SMOTE,0,0,0.06408751219591975
Logistic Reg,No SMOTE,0,0,0.05607399374660821
Logistic Reg,No SMOTE,0,0,4.553528142983854e-12
Logistic Reg,No SMOTE,0,0,0.006989098887417191
Logistic Reg,No SMOTE,0,0,8.234966127277861e-07
Logistic Reg,No SMOTE,0,0,5.476543875975489e-05
Logistic Reg,No SMOTE,0,0,4.9835696060651994e-05
Logistic Reg,No SMOTE,0,0,4.654329221318513e-05
Logistic Reg,No SMOTE,0,0,0.003104804150775222
Logistic Reg,No SMOTE,0,0,0.016768818914923576
Logistic Reg,No SMOTE,0,0,9.737217813565827e-07
Logistic Reg,No SMOTE,0,0,7.934222900513611e-09
Logistic Reg,No SMOTE,0,0,7.177788772018549e-07
Logistic Reg,No SMOTE,0,0,7.450837509937439e-11
Logistic Reg,No SMOTE,0,0,0.03756175093671877
Logistic Reg,No SMOTE,0,0,0.3485534557035546
Logistic Reg,No SMOTE,0,0,1.2283364354855057e-13
Logistic Reg,No SMOTE,0,0,0.04180660935432751
Logistic Reg,No SMOTE,0,0,0.012625682774577172
Logistic Reg,No SMOTE,0,0,0.004770338958219601
Logistic Reg,No SMOTE,0,0,4.6539232822636146e-05
Logistic Reg,No SMOTE,0,0,0.0009206392405905756
Logistic Reg,No SMOTE,0,0,1.0275686326544826e-08
Logistic Reg,No SMOTE,0,0,4.674807484423138e-05
Logistic Reg,No SMOTE,0,0,5.378225063569753e-05
Logistic Reg,No SMOTE,0,1,0.7979186842189194
Logistic Reg,No SMOTE,0,0,4.6800310649196924e-05
Logistic Reg,No SMOTE,0,0,1.0440012693429137e-10
Logistic Reg,No SMOTE,0,0,0.006689059780490915
Logistic Reg,No SMOTE,0,0,0.026854922519382034
Logistic Reg,No SMOTE,0,0,0.000821787094619082
Logistic Reg,No SMOTE,0,0,3.823334258328804e-23
Logistic Reg,No SMOTE,0,0,5.732933660465656e-09
Logistic Reg,No SMOTE,0,0,8.293510230295564e-07
Logistic Reg,No SMOTE,0,0,8.900672493700921e-10
Logistic Reg,No SMOTE,0,0,2.389196473033673e-28
Logistic Reg,No SMOTE,0,0,0.03890899432227308
Logistic Reg,No SMOTE,0,0,1.1362235576447698e-06
Logistic Reg,No SMOTE,0,0,0.002128660087340248
Logistic Reg,No SMOTE,0,0,0.29911747118541504
Logistic Reg,No SMOTE,0,0,0.0012361547368918504
Logistic Reg,No SMOTE,0,0,2.4369721201304886e-24
Logistic Reg,No SMOTE,0,0,0.009475482026774215
Logistic Reg,No SMOTE,0,0,0.029318321511644096
Logistic Reg,No SMOTE,0,0,1.2233399812648033e-06
Logistic Reg,No SMOTE,0,1,0.6009108985652695
Logistic Reg,No SMOTE,0,0,1.0052098789998375e-11
Logistic Reg,No SMOTE,0,0,1.0548950516091274e-26
Logistic Reg,No SMOTE,0,1,0.6274267785013192
Logistic Reg,No SMOTE,0,0,0.02909280849529338
Logistic Reg,No SMOTE,0,0,1.6566126500339026e-05
Logistic Reg,No SMOTE,0,0,8.511425665612018e-07
Logistic Reg,No SMOTE,0,0,1.084108934809211e-06
Logistic Reg,No SMOTE,0,0,4.5582962768426626e-05
Logistic Reg,No SMOTE,0,0,0.032643300992649574
Logistic Reg,No SMOTE,0,0,3.0908871464255755e-05
Logistic Reg,No SMOTE,0,0,0.0037259047428819113
Logistic Reg,No SMOTE,0,0,0.0067306364629291845
Logistic Reg,No SMOTE,0,0,1.2841544078567585e-07
Logistic Reg,No SMOTE,0,0,1.7721099378111265e-05
Logistic Reg,No SMOTE,0,0,0.014421622232612365
Logistic Reg,No SMOTE,0,0,5.756969831811972e-05
Logistic Reg,No SMOTE,0,0,2.119851936829201e-05
Logistic Reg,No SMOTE,0,0,9.366406196848867e-07
Logistic Reg,No SMOTE,0,1,0.8679643330376359
Logistic Reg,No SMOTE,0,0,7.239212947374437e-07
Logistic Reg,No SMOTE,0,0,0.047888475706823384
Logistic Reg,No SMOTE,0,1,0.876874417797544
Logistic Reg,No SMOTE,0,0,0.009615728327318303
Logistic Reg,No SMOTE,0,0,7.46990604348147e-05
Logistic Reg,No SMOTE,0,0,0.04537659072303925
Logistic Reg,No SMOTE,0,0,9.136670619845534e-10
Logistic Reg,No SMOTE,0,0,1.7421371473623433e-06
Logistic Reg,No SMOTE,0,0,7.906309000803695e-07
Logistic Reg,No SMOTE,0,0,0.008926323651447614
Logistic Reg,No SMOTE,0,0,6.90393667678759e-07
Logistic Reg,No SMOTE,0,0,0.015254904329643952
Logistic Reg,No SMOTE,0,0,0.04460399666864483
Logistic Reg,No SMOTE,0,0,1.2281947724703208e-06
Logistic Reg,No SMOTE,0,0,1.595258701227509e-07
Logistic Reg,No SMOTE,0,0,4.570761902245757e-05
Logistic Reg,No SMOTE,0,1,0.9558105312124532
Logistic Reg,No SMOTE,0,0,6.502921365650323e-11
Logistic Reg,No SMOTE,0,0,0.0007079155794253602
Logistic Reg,No SMOTE,0,0,7.505699117765906e-07
Logistic Reg,No SMOTE,0,0,0.002788485868157754
Logistic Reg,No SMOTE,0,0,6.286628481768327e-07
Logistic Reg,No SMOTE,0,0,7.739755798519734e-07
Logistic Reg,No SMOTE,0,0,1.5516301261517276e-41
Logistic Reg,No SMOTE,0,0,0.001032602606780156
Logistic Reg,No SMOTE,0,0,0.014189220408013783
Logistic Reg,No SMOTE,0,1,0.6075219367515344
Logistic Reg,No SMOTE,0,0,0.036003318471717546
Logistic Reg,No SMOTE,0,0,5.233450788158391e-05
Logistic Reg,No SMOTE,0,0,3.201250960318985e-17
Logistic Reg,No SMOTE,0,0,4.5972950559521e-05
Logistic Reg,No SMOTE,0,0,0.04975683914233777
Logistic Reg,No SMOTE,0,0,6.841597324886576e-07
Logistic Reg,No SMOTE,0,0,0.03603667272678025
Logistic Reg,No SMOTE,0,0,4.5610867245840556e-05
Logistic Reg,No SMOTE,0,0,0.0022641206402624907
Logistic Reg,No SMOTE,0,0,0.03289044337269937
Logistic Reg,No SMOTE,0,0,3.27665526748945e-11
Logistic Reg,No SMOTE,0,0,0.03552127150283534
Logistic Reg,No SMOTE,0,0,0.0009531693776027853
Logistic Reg,No SMOTE,0,0,4.723684532097822e-05
Logistic Reg,No SMOTE,0,0,7.790565263951582e-07
Logistic Reg,No SMOTE,0,0,1.027574545709713e-06
Logistic Reg,No SMOTE,0,0,1.0220966712266542e-06
Logistic Reg,No SMOTE,0,0,8.365375358718008e-07
Logistic Reg,No SMOTE,0,0,0.18504733144297894
Logistic Reg,No SMOTE,0,0,1.3180593486185639e-06
Logistic Reg,No SMOTE,0,1,0.6925521768446304
Logistic Reg,No SMOTE,0,0,4.7136161026625694e-07
Logistic Reg,No SMOTE,0,0,4.643116226175634e-05
Logistic Reg,No SMOTE,0,0,4.608083052748734e-05
Logistic Reg,No SMOTE,0,0,3.3248509923368628e-12
Logistic Reg,No SMOTE,0,0,8.518230717774044e-07
Logistic Reg,No SMOTE,0,0,4.726381315683919e-05
Logistic Reg,No SMOTE,0,0,4.558232674492812e-05
Logistic Reg,No SMOTE,0,0,0.322993215653419
Logistic Reg,No SMOTE,0,0,4.700709080407448e-05
Logistic Reg,No SMOTE,0,0,1.035432905942264e-06
Logistic Reg,No SMOTE,0,0,1.308152942995425e-06
Logistic Reg,No SMOTE,0,0,1.0884419592374895e-05
Logistic Reg,No SMOTE,0,0,2.9494406368949464e-12
Logistic Reg,No SMOTE,0,0,4.111785497914732e-22
Logistic Reg,No SMOTE,0,0,2.1777140233574124e-16
Logistic Reg,No SMOTE,0,0,5.318429423131246e-07
Logistic Reg,No SMOTE,0,0,3.2715090665228986e-17
Logistic Reg,No SMOTE,0,0,9.129299907001183e-07
Logistic Reg,No SMOTE,0,0,4.558280055295016e-05
Logistic Reg,No SMOTE,0,0,2.834405696357198e-09
Logistic Reg,No SMOTE,0,0,0.011635552686572336
Logistic Reg,No SMOTE,0,0,6.282609978559698e-16
Logistic Reg,No SMOTE,0,0,1.7461290554937456e-07
Logistic Reg,No SMOTE,0,0,1.0366183191997586e-11
Logistic Reg,No SMOTE,0,0,0.02482904791874837
Logistic Reg,No SMOTE,0,0,5.339081805589397e-06
Logistic Reg,No SMOTE,0,0,6.168121854744395e-07
Logistic Reg,No SMOTE,0,0,4.575686881886086e-05
Logistic Reg,No SMOTE,0,0,7.520326826793717e-11
Logistic Reg,No SMOTE,0,0,5.546581544817415e-10
Logistic Reg,No SMOTE,0,0,1.0002529664968823e-06
Logistic Reg,No SMOTE,0,0,9.368511724984272e-07
Logistic Reg,No SMOTE,0,0,8.866753309214108e-07
Logistic Reg,No SMOTE,0,0,0.035362691453050515
Logistic Reg,No SMOTE,0,0,0.03709330775549851
Logistic Reg,No SMOTE,0,0,4.6128817831232345e-05
Logistic Reg,No SMOTE,0,0,1.532766858220154e-06
Logistic Reg,No SMOTE,0,0,0.01560940920139225
Logistic Reg,No SMOTE,0,0,9.279849026218252e-07
Logistic Reg,No SMOTE,0,0,1.2556889242218543e-21
Logistic Reg,No SMOTE,0,0,5.32837999186824e-08
Logistic Reg,No SMOTE,0,0,1.1204474816429646e-06
Logistic Reg,No SMOTE,0,0,5.254786654774988e-09
Logistic Reg,No SMOTE,0,0,0.02118730194843729
Logistic Reg,No SMOTE,0,0,2.739407237513994e-05
Logistic Reg,No SMOTE,0,0,1.044932253104565e-08
Logistic Reg,No SMOTE,0,0,0.04038108966162442
Logistic Reg,No SMOTE,0,0,0.013528277663817428
Logistic Reg,No SMOTE,0,0,0.00045212419932223524
Logistic Reg,No SMOTE,0,0,3.982278258593162e-26
Logistic Reg,No SMOTE,0,0,4.6056752333454914e-05
Logistic Reg,No SMOTE,0,0,4.565758849119509e-05
Logistic Reg,No SMOTE,0,0,0.04080196289050324
Logistic Reg,No SMOTE,0,0,0.000494001997998157
Logistic Reg,No SMOTE,0,0,0.01392492945789991
Logistic Reg,No SMOTE,0,0,0.011881389420392277
Logistic Reg,No SMOTE,0,0,1.2397754255469386e-06
Logistic Reg,No SMOTE,0,0,3.2261632266758236e-07
Logistic Reg,No SMOTE,0,0,0.031091416949341394
Logistic Reg,No SMOTE,0,0,0.03884857152394362
Logistic Reg,No SMOTE,0,0,0.0030507894216719776
Logistic Reg,No SMOTE,0,0,1.5548008246290008e-07
Logistic Reg,No SMOTE,0,0,1.1183881099613872e-09
Logistic Reg,No SMOTE,0,0,0.005539739121149828
Logistic Reg,No SMOTE,0,0,9.855500936380524e-05
Logistic Reg,No SMOTE,0,0,0.00029625050118783447
Logistic Reg,No SMOTE,0,0,0.03388749830241267
Logistic Reg,No SMOTE,0,0,0.07036257412473265
Logistic Reg,No SMOTE,0,0,1.0718015738183164e-21
Logistic Reg,No SMOTE,0,0,8.015851865610041e-07
Logistic Reg,No SMOTE,0,0,3.135444329206334e-11
Logistic Reg,No SMOTE,0,0,0.0002818440791115872
Logistic Reg,No SMOTE,0,0,4.8443519253381487e-05
Logistic Reg,No SMOTE,0,0,8.176245739429464e-07
Logistic Reg,No SMOTE,0,0,8.294614456029108e-07
Logistic Reg,No SMOTE,0,0,2.2603825035916988e-07
Logistic Reg,No SMOTE,0,0,0.0008342020487033939
Logistic Reg,No SMOTE,0,0,0.01016267685687486
Logistic Reg,No SMOTE,0,0,0.0047753187411613525
Logistic Reg,No SMOTE,0,0,0.03311582551873031
Logistic Reg,No SMOTE,0,0,4.894373043729504e-05
Logistic Reg,No SMOTE,0,0,1.6495313217425406e-05
Logistic Reg,No SMOTE,0,0,0.007607646129157669
Logistic Reg,No SMOTE,0,0,5.018997563023625e-05
Logistic Reg,No SMOTE,0,0,0.0009321005857711107
Logistic Reg,No SMOTE,0,0,0.03902688120703336
Logistic Reg,No SMOTE,0,0,0.023587088713707974
Logistic Reg,No SMOTE,0,0,1.0762520002061031e-05
Logistic Reg,No SMOTE,0,0,1.1965056433317554e-13
Logistic Reg,No SMOTE,0,0,1.2579135820634866e-06
Logistic Reg,No SMOTE,0,0,7.021890468216061e-07
Logistic Reg,No SMOTE,0,0,3.896175007506977e-17
Logistic Reg,No SMOTE,0,0,4.785354945699556e-07
Logistic Reg,No SMOTE,0,0,8.37962017365475e-09
Logistic Reg,No SMOTE,0,0,0.019724406253062102
Logistic Reg,No SMOTE,0,0,4.591840173602648e-05
Logistic Reg,No SMOTE,0,0,0.3252355179328248
Logistic Reg,No SMOTE,0,0,8.877296765571563e-07
Logistic Reg,No SMOTE,0,0,6.89693547770878e-10
Logistic Reg,No SMOTE,0,0,0.021950238640563287
Logistic Reg,No SMOTE,0,0,0.00024395151219506445
Logistic Reg,No SMOTE,0,0,5.392436901866424e-05
Logistic Reg,No SMOTE,0,0,5.914864830307125e-12
Logistic Reg,No SMOTE,0,0,0.014218001284312283
Logistic Reg,No SMOTE,0,0,7.786007711515078e-07
Logistic Reg,No SMOTE,0,0,2.40604972149798e-20
Logistic Reg,No SMOTE,0,0,2.7061034964777213e-49
Logistic Reg,No SMOTE,0,0,1.4844753693688207e-08
Logistic Reg,No SMOTE,0,0,0.014265813015218134
Logistic Reg,No SMOTE,0,0,5.008874208045921e-15
Logistic Reg,No SMOTE,0,0,0.023324540908444717
Logistic Reg,No SMOTE,0,0,0.00014875420073428265
Logistic Reg,No SMOTE,0,0,4.673064821870455e-05
Logistic Reg,No SMOTE,0,0,1.3877865576056978e-08
Logistic Reg,No SMOTE,0,0,9.747000601270998e-07
Logistic Reg,No SMOTE,0,0,0.01541952099958659
Logistic Reg,No SMOTE,0,0,6.400464074462081e-07
Logistic Reg,No SMOTE,0,0,1.2515570360042166e-09
Logistic Reg,No SMOTE,0,0,0.06686811660646605
Logistic Reg,No SMOTE,0,0,4.726952226898659e-05
Logistic Reg,No SMOTE,0,0,4.596034227726909e-05
Logistic Reg,No SMOTE,0,0,1.0721248289458408e-06
Logistic Reg,No SMOTE,0,0,3.231426848793142e-12
Logistic Reg,No SMOTE,0,0,0.06636799934258816
Logistic Reg,No SMOTE,0,0,0.4519367673701623
Logistic Reg,No SMOTE,0,0,6.365911606599932e-08
Logistic Reg,No SMOTE,0,0,0.0001120836298795159
Logistic Reg,No SMOTE,0,0,2.1192926982788916e-14
Logistic Reg,No SMOTE,0,0,3.387016145078059e-11
Logistic Reg,No SMOTE,0,0,7.192009931104706e-07
Logistic Reg,No SMOTE,0,0,5.216377478700138e-12
Logistic Reg,No SMOTE,0,0,0.0013725641612446992
Logistic Reg,No SMOTE,0,0,3.1996516693488836e-15
Logistic Reg,No SMOTE,0,0,0.019629954120906245
Logistic Reg,No SMOTE,0,0,7.301247079627128e-06
Logistic Reg,No SMOTE,0,0,0.026749897884420448
Logistic Reg,No SMOTE,0,0,1.0194854940272183e-16
Logistic Reg,No SMOTE,0,0,4.5706903538528514e-05
Logistic Reg,No SMOTE,0,0,0.0006029044015778683
Logistic Reg,No SMOTE,0,0,8.726911384325246e-07
Logistic Reg,No SMOTE,0,0,0.040728894670597676
Logistic Reg,No SMOTE,0,0,2.0577109864980238e-05
Logistic Reg,No SMOTE,0,0,1.861388838066025e-15
Logistic Reg,No SMOTE,0,0,0.011948504288363457
Logistic Reg,No SMOTE,0,0,1.1676599571429915e-07
Logistic Reg,No SMOTE,0,0,1.2615796263935282e-06
Logistic Reg,No SMOTE,0,0,0.0009754459566094966
Logistic Reg,No SMOTE,0,0,1.0674045362804853e-06
Logistic Reg,No SMOTE,0,0,7.11652568411004e-07
Logistic Reg,No SMOTE,0,0,0.1664743570883273
Logistic Reg,No SMOTE,0,0,8.149910344884042e-11
Logistic Reg,No SMOTE,0,0,0.039629090034262786
Logistic Reg,No SMOTE,0,0,6.429689351322675e-07
Logistic Reg,No SMOTE,0,0,1.4169855512188963e-06
Logistic Reg,No SMOTE,0,0,4.385128227981852e-11
Logistic Reg,No SMOTE,0,0,0.0026742739340421913
Logistic Reg,No SMOTE,0,0,0.012350965860856678
Logistic Reg,No SMOTE,0,0,0.008037820710417566
Logistic Reg,No SMOTE,0,0,4.663611631617951e-05
Logistic Reg,No SMOTE,0,0,0.42567456939871967
Logistic Reg,No SMOTE,0,0,0.006180199969350736
Logistic Reg,No SMOTE,0,0,1.4737939839394906e-14
Logistic Reg,No SMOTE,0,0,0.11768207763473831
Logistic Reg,No SMOTE,0,0,0.0016753927160287122
Logistic Reg,No SMOTE,0,0,1.374246545531594e-06
Logistic Reg,No SMOTE,0,0,5.490717236491091e-08
Logistic Reg,No SMOTE,0,0,0.011453329637433956
Logistic Reg,No SMOTE,0,0,1.0360986494636442e-06
Logistic Reg,No SMOTE,0,0,7.518294353520143e-07
Logistic Reg,No SMOTE,0,0,3.331459574356302e-05
Logistic Reg,No SMOTE,0,0,3.085500644376343e-09
Logistic Reg,No SMOTE,0,0,8.051911158371453e-07
Logistic Reg,No SMOTE,0,0,4.709614097238902e-05
Logistic Reg,No SMOTE,0,0,7.121975248090071e-20
Logistic Reg,No SMOTE,0,0,9.225015957948713e-07
Logistic Reg,No SMOTE,0,0,4.849320042782739e-05
Logistic Reg,No SMOTE,0,0,4.569599181259016e-05
Logistic Reg,No SMOTE,0,0,0.0001479746038040374
Logistic Reg,No SMOTE,0,0,4.5703474811628484e-05
Logistic Reg,No SMOTE,0,0,0.01202772099040746
Logistic Reg,No SMOTE,0,0,1.400668499446426e-48
Logistic Reg,No SMOTE,0,0,0.0014646363465120483
Logistic Reg,No SMOTE,0,0,4.6675586601631835e-05
Logistic Reg,No SMOTE,0,0,4.594306338862105e-05
Logistic Reg,No SMOTE,0,0,4.568828313919406e-05
Logistic Reg,No SMOTE,0,0,2.8568963203385687e-06
Logistic Reg,No SMOTE,0,0,3.5663849194318143e-07
Logistic Reg,No SMOTE,0,0,0.012014404995051105
Logistic Reg,No SMOTE,0,0,6.986373077933642e-08
Logistic Reg,No SMOTE,0,1,0.5864155376348128
Logistic Reg,No SMOTE,0,0,1.2719907411102903e-06
Logistic Reg,No SMOTE,0,0,2.0810380731373308e-10
Logistic Reg,No SMOTE,0,0,1.1717481326127918e-06
Logistic Reg,No SMOTE,0,0,4.809964567137405e-05
Logistic Reg,No SMOTE,0,0,4.582175521514102e-05
Logistic Reg,No SMOTE,0,0,2.777550128434776e-18
Logistic Reg,No SMOTE,0,0,2.0787165405432033e-13
Logistic Reg,No SMOTE,0,0,0.013076952320933406
Logistic Reg,No SMOTE,0,0,0.0011849051041236847
Logistic Reg,No SMOTE,0,0,0.00016661133734734143
Logistic Reg,No SMOTE,0,0,2.6116519877468198e-05
Logistic Reg,No SMOTE,0,0,9.867657536871724e-07
Logistic Reg,No SMOTE,0,0,9.82763216616818e-07
Logistic Reg,No SMOTE,0,0,3.841626647955576e-06
Logistic Reg,No SMOTE,0,0,7.063136319285064e-07
Logistic Reg,No SMOTE,0,0,4.568646656406136e-05
Logistic Reg,No SMOTE,0,0,4.677506569082357e-09
Logistic Reg,No SMOTE,0,0,0.017866695774972366
Logistic Reg,No SMOTE,0,0,1.2204434880811123e-08
Logistic Reg,No SMOTE,0,0,1.4010292718417123e-08
Logistic Reg,No SMOTE,0,0,7.761854317651494e-07
Logistic Reg,No SMOTE,0,0,8.739619938164767e-18
Logistic Reg,No SMOTE,0,0,2.8938120088659375e-09
Logistic Reg,No SMOTE,0,0,0.0007616854122619339
Logistic Reg,No SMOTE,0,0,3.206433510907206e-11
Logistic Reg,No SMOTE,0,0,1.1548515054622038e-06
Logistic Reg,No SMOTE,0,0,8.307366475087068e-07
Logistic Reg,No SMOTE,0,0,4.562540557917669e-05
Logistic Reg,No SMOTE,0,0,5.861844296316378e-10
Logistic Reg,No SMOTE,0,0,9.155493473893258e-13
Logistic Reg,No SMOTE,0,0,2.3083223225811715e-08
Logistic Reg,No SMOTE,0,0,9.146135640251111e-07
Logistic Reg,No SMOTE,0,0,6.814769967954815e-11
Logistic Reg,No SMOTE,0,0,9.758944230666749e-07
Logistic Reg,No SMOTE,0,0,0.0011857262639648038
Logistic Reg,No SMOTE,0,0,0.012340315510536593
Logistic Reg,No SMOTE,0,0,2.4565679580213706e-06
Logistic Reg,No SMOTE,0,0,4.7553519939581166e-05
Logistic Reg,No SMOTE,0,0,0.2739126236370314
Logistic Reg,No SMOTE,0,0,4.561237562725216e-05
Logistic Reg,No SMOTE,0,0,0.03475117967088041
Logistic Reg,No SMOTE,0,0,0.023772790959227713
Logistic Reg,No SMOTE,0,1,0.8030430586013801
Logistic Reg,No SMOTE,0,0,6.699146118116621e-08
Logistic Reg,No SMOTE,0,0,1.5375870871798113e-06
Logistic Reg,No SMOTE,0,0,5.152396701428734e-05
Logistic Reg,No SMOTE,0,0,0.002625000710486514
Logistic Reg,No SMOTE,0,0,0.024595407031044795
Logistic Reg,No SMOTE,0,0,0.001972808530815272
Logistic Reg,No SMOTE,0,0,0.016248364523075178
Logistic Reg,No SMOTE,0,0,0.011604085837519169
Logistic Reg,No SMOTE,0,0,0.011130690736342897
Logistic Reg,No SMOTE,0,0,5.214219317236076e-05
Logistic Reg,No SMOTE,0,0,0.013404151420951043
Logistic Reg,No SMOTE,0,0,2.3147020509972003e-08
Logistic Reg,No SMOTE,0,0,7.024107558500646e-07
Logistic Reg,No SMOTE,0,0,9.430713412935569e-07
Logistic Reg,No SMOTE,0,0,0.032026067717000437
Logistic Reg,No SMOTE,0,0,1.0608801941581777e-06
Logistic Reg,No SMOTE,0,0,1.143570939782546e-06
Logistic Reg,No SMOTE,0,0,0.0008500084949210745
Logistic Reg,No SMOTE,0,0,1.1974249628905016e-16
Logistic Reg,No SMOTE,0,0,2.1098715365370125e-21
Logistic Reg,No SMOTE,0,0,0.07606108785152306
Logistic Reg,No SMOTE,0,0,0.0021938912050735544
Logistic Reg,No SMOTE,0,0,1.9073059083291388e-06
Logistic Reg,No SMOTE,0,0,0.051206689157466075
Logistic Reg,No SMOTE,0,0,0.030735347239529722
Logistic Reg,No SMOTE,0,0,0.02332204466749018
Logistic Reg,No SMOTE,0,1,0.9445131671227531
Logistic Reg,No SMOTE,0,0,4.59631616063988e-05
Logistic Reg,No SMOTE,0,0,0.0007359374597673369
Logistic Reg,No SMOTE,0,0,1.7742439520663441e-15
Logistic Reg,No SMOTE,0,0,1.133075065005189e-06
Logistic Reg,No SMOTE,0,0,2.3702370742218996e-06
Logistic Reg,No SMOTE,0,0,1.615442461486716e-05
Logistic Reg,No SMOTE,0,0,0.25923708931906103
Logistic Reg,No SMOTE,0,0,7.141267591788604e-08
Logistic Reg,No SMOTE,0,0,9.654634383379603e-07
Logistic Reg,No SMOTE,0,0,0.2641445391862247
Logistic Reg,No SMOTE,0,0,0.0035959662838852724
Logistic Reg,No SMOTE,0,0,7.898522756141036e-07
Logistic Reg,No SMOTE,0,0,0.006269038589753158
Logistic Reg,No SMOTE,0,0,4.5886120702456115e-05
Logistic Reg,No SMOTE,0,0,2.504353911039436e-07
Logistic Reg,No SMOTE,0,0,0.001261161009448593
Logistic Reg,No SMOTE,0,0,0.032595028310893115
Logistic Reg,No SMOTE,0,0,4.629419316017711e-05
Logistic Reg,No SMOTE,0,0,1.143460175113433e-07
Logistic Reg,No SMOTE,0,0,2.5933982233792796e-05
Logistic Reg,No SMOTE,0,0,0.07684331343839287
Logistic Reg,No SMOTE,0,0,9.952722100216974e-07
Logistic Reg,No SMOTE,0,0,4.4814791028805655e-12
Logistic Reg,No SMOTE,0,0,2.6822171267705533e-10
Logistic Reg,No SMOTE,0,0,6.261097985506673e-13
Logistic Reg,No SMOTE,0,0,0.0489620824553816
Logistic Reg,No SMOTE,0,0,7.042835473777039e-07
Logistic Reg,No SMOTE,0,0,1.0355500792405723e-06
Logistic Reg,No SMOTE,0,0,2.9893723374596833e-10
Logistic Reg,No SMOTE,1,1,0.9981908286988469
Logistic Reg,No SMOTE,0,0,0.023956322427999353
Logistic Reg,No SMOTE,0,0,0.01182543571080317
Logistic Reg,No SMOTE,0,1,0.9572156585459523
Logistic Reg,No SMOTE,0,0,0.03517638285211923
Logistic Reg,No SMOTE,0,0,8.275726893749742e-07
Logistic Reg,No SMOTE,0,0,0.03181323736223942
Logistic Reg,No SMOTE,0,0,0.022741746495585614
Logistic Reg,No SMOTE,0,1,0.9792700441784749
Logistic Reg,No SMOTE,0,1,0.9198611549634091
Logistic Reg,No SMOTE,0,0,0.004187990402455517
Logistic Reg,No SMOTE,0,0,3.569096075657392e-10
Logistic Reg,No SMOTE,0,0,0.08152885011012956
Logistic Reg,No SMOTE,0,0,4.7383419729064185e-05
Logistic Reg,No SMOTE,0,0,6.042189447565107e-08
Logistic Reg,No SMOTE,0,0,1.135373212857876e-14
Logistic Reg,No SMOTE,0,0,6.494993073731718e-05
Logistic Reg,No SMOTE,0,0,3.008608738700312e-05
Logistic Reg,No SMOTE,0,0,2.6814121757809792e-14
Logistic Reg,No SMOTE,0,0,0.01615583508100126
Logistic Reg,No SMOTE,0,0,4.5782363118267764e-05
Logistic Reg,No SMOTE,0,0,0.014607609087645877
Logistic Reg,No SMOTE,0,0,0.035182046401435664
Logistic Reg,No SMOTE,0,0,0.02689396740057968
Logistic Reg,No SMOTE,0,0,5.8080801107183086e-05
Logistic Reg,No SMOTE,0,0,4.579921657292628e-05
Logistic Reg,No SMOTE,0,0,3.9471335975429033e-17
Logistic Reg,No SMOTE,0,0,8.839030553733471e-07
Logistic Reg,No SMOTE,0,0,4.3257866835948926e-07
Logistic Reg,No SMOTE,0,1,0.8290538518472461
Logistic Reg,No SMOTE,0,0,0.02364851790981405
Logistic Reg,No SMOTE,0,0,0.0001718046714199275
Logistic Reg,No SMOTE,0,0,0.00303977806348221
Logistic Reg,No SMOTE,0,0,9.976094312116437e-07
Logistic Reg,No SMOTE,0,0,0.46629253200187587
Logistic Reg,No SMOTE,0,0,3.055991558778796e-09
Logistic Reg,No SMOTE,0,0,0.0008105588694727827
Logistic Reg,No SMOTE,0,0,5.576156497149646e-28
Logistic Reg,No SMOTE,0,0,4.627563812509344e-08
Logistic Reg,No SMOTE,0,0,0.4222043798760574
Logistic Reg,No SMOTE,0,0,0.00012160829404346408
Logistic Reg,No SMOTE,0,1,0.5414751009997552
Logistic Reg,No SMOTE,0,1,0.5688577808757678
Logistic Reg,No SMOTE,0,0,1.0877827976766347e-08
Logistic Reg,No SMOTE,0,0,8.503085000056445e-07
Logistic Reg,No SMOTE,0,0,0.0018144144170015788
Logistic Reg,No SMOTE,0,0,0.009749401318977712
Logistic Reg,No SMOTE,0,0,6.250081624467744e-05
Logistic Reg,No SMOTE,0,0,5.714460093749092e-15
Logistic Reg,No SMOTE,0,0,0.34395997485288615
Logistic Reg,No SMOTE,0,0,0.00112471883953623
Logistic Reg,No SMOTE,0,0,9.56900350837945e-07
Logistic Reg,No SMOTE,0,0,0.4962461658436012
Logistic Reg,No SMOTE,0,0,0.0353270813242656
Logistic Reg,No SMOTE,0,0,4.564004236904972e-05
Logistic Reg,No SMOTE,0,0,1.226461481169896e-07
Logistic Reg,No SMOTE,0,0,0.03115413498667849
Logistic Reg,No SMOTE,0,0,5.550360861357082e-09
Logistic Reg,No SMOTE,0,0,1.0550988066828297e-06
Logistic Reg,No SMOTE,0,1,0.7030781724304561
Logistic Reg,No SMOTE,0,0,0.03419555619474635
Logistic Reg,No SMOTE,0,0,1.7216553333880475e-12
Logistic Reg,No SMOTE,0,0,0.03906903483255017
Logistic Reg,No SMOTE,0,0,5.530282061543604e-13
Logistic Reg,No SMOTE,0,0,0.02959422281794609
Logistic Reg,No SMOTE,0,0,0.008203682265664968
Logistic Reg,No SMOTE,0,0,4.568286060316267e-05
Logistic Reg,No SMOTE,0,0,9.754540798580035e-07
Logistic Reg,No SMOTE,0,0,6.186899783576967e-07
Logistic Reg,No SMOTE,0,0,0.009042988509827063
Logistic Reg,No SMOTE,0,0,6.59571160476727e-15
Logistic Reg,No SMOTE,0,0,2.7582654866099083e-05
Logistic Reg,No SMOTE,0,0,4.622049905253762e-05
Logistic Reg,No SMOTE,0,0,0.029655441958089522
Logistic Reg,No SMOTE,0,0,8.101869852139655e-07
Logistic Reg,No SMOTE,0,0,0.011022844182846268
Logistic Reg,No SMOTE,0,0,0.01289244081582265
Logistic Reg,No SMOTE,0,0,0.03279390161011046
Logistic Reg,No SMOTE,0,0,4.562442270436237e-05
Logistic Reg,No SMOTE,0,0,8.916794995418173e-07
Logistic Reg,No SMOTE,0,0,4.6089832055580535e-05
Logistic Reg,No SMOTE,0,0,0.027314683411914245
Logistic Reg,No SMOTE,0,0,4.5795522913038226e-05
Logistic Reg,No SMOTE,0,0,4.821462880520424e-05
Logistic Reg,No SMOTE,0,0,4.637326507333318e-05
Logistic Reg,No SMOTE,0,0,1.0548080566172402e-06
Logistic Reg,No SMOTE,0,0,0.030801705914443287
Logistic Reg,No SMOTE,0,0,0.05525742154621202
Logistic Reg,No SMOTE,0,0,2.571506162980353e-13
Logistic Reg,No SMOTE,0,0,0.3143316054317886
Logistic Reg,No SMOTE,0,0,5.215478330523608e-07
Logistic Reg,No SMOTE,0,0,0.033092991709712166
Logistic Reg,No SMOTE,0,0,9.948338349561057e-07
Logistic Reg,No SMOTE,0,0,0.04205964816530362
Logistic Reg,No SMOTE,0,0,0.012213604034984591
Logistic Reg,No SMOTE,0,0,0.03455849553344171
Logistic Reg,No SMOTE,0,0,0.023896482990284965
Logistic Reg,No SMOTE,0,0,0.015138270640478728
Logistic Reg,No SMOTE,0,0,0.0014469713501636344
Logistic Reg,No SMOTE,0,0,0.0014209261604362412
Logistic Reg,No SMOTE,0,0,3.975528517096954e-06
Logistic Reg,No SMOTE,0,0,4.5847420553417134e-05
Logistic Reg,No SMOTE,0,0,1.2465955556035446e-06
Logistic Reg,No SMOTE,0,0,0.0447887338032311
Logistic Reg,No SMOTE,0,0,0.03785098902042893
Logistic Reg,No SMOTE,0,0,0.004797577793733368
Logistic Reg,No SMOTE,0,0,2.0632461851254995e-13
Logistic Reg,No SMOTE,0,0,5.2554963073929875e-05
Logistic Reg,No SMOTE,0,0,4.5665580593124566e-05
Logistic Reg,No SMOTE,0,0,0.0026410617303144956
Logistic Reg,No SMOTE,0,0,0.029417390696995296
Logistic Reg,No SMOTE,0,0,4.517869485893081e-15
Logistic Reg,No SMOTE,0,0,0.01190415381957238
Logistic Reg,No SMOTE,0,0,4.795826215323536e-11
Logistic Reg,No SMOTE,0,0,6.874312869521509e-08
Logistic Reg,No SMOTE,0,0,4.675757096272414e-08
Logistic Reg,No SMOTE,0,0,0.0183599627675004
Logistic Reg,No SMOTE,0,0,6.700754181454914e-10
Logistic Reg,No SMOTE,0,0,1.8192277058178897e-05
Logistic Reg,No SMOTE,0,0,0.1692480130066479
Logistic Reg,No SMOTE,0,0,1.1240771468388509e-06
Logistic Reg,No SMOTE,0,1,0.9055324733094051
Logistic Reg,No SMOTE,0,0,0.0006871291225519052
Logistic Reg,No SMOTE,0,0,1.3873176974787246e-06
Logistic Reg,No SMOTE,0,0,8.404036799616292e-07
Logistic Reg,No SMOTE,0,0,2.1450904337639703e-11
Logistic Reg,No SMOTE,0,0,0.004475620316838118
Logistic Reg,No SMOTE,0,0,1.1051220469543073e-10
Logistic Reg,No SMOTE,0,0,4.127732342124312e-14
Logistic Reg,No SMOTE,0,0,6.016569212506431e-09
Logistic Reg,No SMOTE,0,0,0.04786635443069719
Logistic Reg,No SMOTE,0,0,9.976600239371885e-09
Logistic Reg,No SMOTE,0,0,0.00010517165907255383
Logistic Reg,No SMOTE,0,0,0.00011520763134309992
Logistic Reg,No SMOTE,0,0,6.556404377758577e-07
Logistic Reg,No SMOTE,0,0,1.8933314516726068e-06
Logistic Reg,No SMOTE,0,0,1.1966600546057713e-06
Logistic Reg,No SMOTE,0,0,7.378446126612116e-05
Logistic Reg,No SMOTE,0,0,1.1711298838568346e-07
Logistic Reg,No SMOTE,0,0,2.2776995703965178e-12
Logistic Reg,No SMOTE,0,0,9.95509231643776e-17
Logistic Reg,No SMOTE,0,0,4.744881480435561e-05
Logistic Reg,No SMOTE,0,0,8.153957370219458e-07
Logistic Reg,No SMOTE,0,0,5.580537001808128e-09
Logistic Reg,No SMOTE,0,0,0.019169373429287706
Logistic Reg,No SMOTE,0,0,1.9617500258531732e-07
Logistic Reg,No SMOTE,0,0,4.559533475604274e-05
Logistic Reg,No SMOTE,0,0,1.6066415615612744e-35
Logistic Reg,No SMOTE,0,0,0.026349345463840917
Logistic Reg,No SMOTE,0,0,0.0015899538758181362
Logistic Reg,No SMOTE,0,0,0.03342333318159008
Logistic Reg,No SMOTE,0,0,3.4821611654423444e-25
Logistic Reg,No SMOTE,0,0,8.284097326559758e-07
Logistic Reg,No SMOTE,0,0,3.308238361704902e-06
Logistic Reg,No SMOTE,0,0,6.896816986839193e-17
Logistic Reg,No SMOTE,0,0,6.295368977107718e-14
Logistic Reg,No SMOTE,0,0,4.626475352616143e-05
Logistic Reg,No SMOTE,0,0,1.8303797354894738e-06
Logistic Reg,No SMOTE,0,0,7.915545672573342e-19
Logistic Reg,No SMOTE,0,0,3.0293989926024135e-06
Logistic Reg,No SMOTE,0,0,0.0005532913418770633
Logistic Reg,No SMOTE,0,0,1.375358158369181e-06
Logistic Reg,No SMOTE,0,0,9.74269031945426e-05
Logistic Reg,No SMOTE,0,0,0.04616452193093557
Logistic Reg,No SMOTE,0,0,4.563396204999093e-05
Logistic Reg,No SMOTE,0,0,4.5745746345515104e-05
Logistic Reg,No SMOTE,0,0,1.239634381287975e-06
Logistic Reg,No SMOTE,0,0,4.6481595707951125e-05
Logistic Reg,No SMOTE,0,0,0.026832588129312787
Logistic Reg,No SMOTE,0,0,0.0005842228993357407
Logistic Reg,No SMOTE,0,0,0.001733873095547592
Logistic Reg,No SMOTE,0,0,0.04526093478651292
Logistic Reg,No SMOTE,0,0,0.07177309580134444
Logistic Reg,No SMOTE,0,0,3.3284794545966104e-06
Logistic Reg,No SMOTE,0,0,0.011655378397800144
Logistic Reg,No SMOTE,0,0,7.274755026772519e-07
Logistic Reg,No SMOTE,0,0,0.004892260579521554
Logistic Reg,No SMOTE,0,0,0.14955082907009018
Logistic Reg,No SMOTE,0,0,0.0022870803159751175
Logistic Reg,No SMOTE,0,0,7.716535275374556e-18
Logistic Reg,No SMOTE,0,0,7.152166420035185e-07
Logistic Reg,No SMOTE,0,0,0.00020366110445857482
Logistic Reg,No SMOTE,0,0,2.4384806724203366e-07
Logistic Reg,No SMOTE,0,0,4.454972791444219e-13
Logistic Reg,No SMOTE,0,0,1.9883869244636017e-12
Logistic Reg,No SMOTE,0,0,1.1291110120376483e-06
Logistic Reg,No SMOTE,0,0,0.028128476272300702
Logistic Reg,No SMOTE,0,0,4.134976018034226e-12
Logistic Reg,No SMOTE,0,0,0.04223280386044855
Logistic Reg,No SMOTE,0,0,0.03061960369950116
Logistic Reg,No SMOTE,0,0,0.00014892345534542716
Logistic Reg,No SMOTE,0,0,2.9841940862504346e-08
Logistic Reg,No SMOTE,0,0,0.021186551536624413
Logistic Reg,No SMOTE,0,0,1.127921391421299e-14
Logistic Reg,No SMOTE,0,0,9.268507771966815e-07
Logistic Reg,No SMOTE,0,0,6.599670588288084e-07
Logistic Reg,No SMOTE,0,0,0.039964884057976276
Logistic Reg,No SMOTE,0,0,7.676986969805466e-07
Logistic Reg,No SMOTE,0,0,4.573432837366565e-05
Logistic Reg,No SMOTE,0,0,8.368633900771632e-07
Logistic Reg,No SMOTE,0,0,8.371129615744231e-07
Logistic Reg,No SMOTE,0,0,1.217306351541867e-07
Logistic Reg,No SMOTE,0,0,0.017635372696239392
Logistic Reg,No SMOTE,0,0,0.0007436480834268574
Logistic Reg,No SMOTE,0,0,0.0762154419801369
Logistic Reg,No SMOTE,0,0,7.5563344004424e-10
Logistic Reg,No SMOTE,0,0,0.011393111318083491
Logistic Reg,No SMOTE,0,0,0.002535433183350264
Logistic Reg,No SMOTE,0,0,9.035505741907307e-07
Logistic Reg,No SMOTE,0,0,4.5746079547533144e-05
Logistic Reg,No SMOTE,0,0,0.03524714750665013
Logistic Reg,No SMOTE,0,0,1.9607816200803474e-16
Logistic Reg,No SMOTE,0,0,4.5613440140239344e-05
Logistic Reg,No SMOTE,0,0,0.004395833519195142
Logistic Reg,No SMOTE,0,0,0.041421314904373
Logistic Reg,No SMOTE,0,0,0.0005166836572583027
Logistic Reg,No SMOTE,0,0,0.0015260762518998449
Logistic Reg,No SMOTE,0,0,0.02771066421619562
Logistic Reg,No SMOTE,0,0,0.044987278628679954
Logistic Reg,No SMOTE,0,0,3.4349287344740866e-06
Logistic Reg,No SMOTE,0,0,8.254162743940294e-16
Logistic Reg,No SMOTE,0,0,2.413552603687216e-10
Logistic Reg,No SMOTE,0,0,0.010905475740856638
Logistic Reg,No SMOTE,0,0,0.39133683424402516
Logistic Reg,No SMOTE,0,0,0.00018028725312098896
Logistic Reg,No SMOTE,0,0,5.243163511870604e-07
Logistic Reg,No SMOTE,0,0,0.0011943144267044425
Logistic Reg,No SMOTE,0,0,0.0015642430658181943
Logistic Reg,No SMOTE,0,0,1.249968135684369e-06
Logistic Reg,No SMOTE,0,0,0.0011367463974745475
Logistic Reg,No SMOTE,0,0,7.218654901034332e-07
Logistic Reg,No SMOTE,0,0,0.03585014874238598
Logistic Reg,No SMOTE,0,0,8.73989493489639e-07
Logistic Reg,No SMOTE,0,0,3.360471849879668e-06
Logistic Reg,No SMOTE,0,0,0.010670175678423157
Logistic Reg,No SMOTE,0,0,0.051680157948105133
Logistic Reg,No SMOTE,0,0,3.072610801748544e-06
Logistic Reg,No SMOTE,0,0,4.818985114383241e-05
Logistic Reg,No SMOTE,0,0,2.5132885173906684e-11
Logistic Reg,No SMOTE,0,0,6.706933131660789e-07
Logistic Reg,No SMOTE,0,0,0.0010008684513400786
Logistic Reg,No SMOTE,0,0,9.947653606050062e-05
Logistic Reg,No SMOTE,0,1,0.9774528573612544
Logistic Reg,No SMOTE,0,0,0.044866525365814994
Logistic Reg,No SMOTE,0,0,0.007161134485234895
Logistic Reg,No SMOTE,0,0,3.0183878797438415e-08
Logistic Reg,No SMOTE,0,0,2.4268048851663158e-15
Logistic Reg,No SMOTE,0,0,4.5590538453739985e-05
Logistic Reg,No SMOTE,0,0,9.915197900765651e-15
Logistic Reg,No SMOTE,0,0,0.011182989499266166
Logistic Reg,No SMOTE,0,0,0.010479872496719334
Logistic Reg,No SMOTE,0,0,7.798587180387073e-07
Logistic Reg,No SMOTE,0,0,3.4394827790108266e-05
Logistic Reg,No SMOTE,0,0,8.600880323949709e-07
Logistic Reg,No SMOTE,0,0,0.014921529200637362
Logistic Reg,No SMOTE,0,0,1.1560616271711602e-06
Logistic Reg,No SMOTE,0,0,0.013674735796608634
Logistic Reg,No SMOTE,0,0,5.0468371594659494e-05
Logistic Reg,No SMOTE,0,0,4.573688694228632e-05
Logistic Reg,No SMOTE,0,0,8.156902301836053e-07
Logistic Reg,No SMOTE,0,0,0.023919812533423786
Logistic Reg,No SMOTE,0,0,1.0474841686594579e-08
Logistic Reg,No SMOTE,0,0,4.771822553621332e-07
Logistic Reg,No SMOTE,0,0,5.82581085003657e-09
Logistic Reg,No SMOTE,0,0,0.043361504730809436
Logistic Reg,No SMOTE,0,0,0.012208890282846665
Logistic Reg,No SMOTE,0,0,0.032565999961611795
Logistic Reg,No SMOTE,0,0,6.631518536368175e-12
Logistic Reg,No SMOTE,0,0,0.00757197559038536
Logistic Reg,No SMOTE,0,0,5.472337997159054e-05
Logistic Reg,No SMOTE,0,0,0.03334543992754359
Logistic Reg,No SMOTE,0,0,4.653577634340733e-05
Logistic Reg,No SMOTE,0,0,6.615288698515004e-13
Logistic Reg,No SMOTE,0,0,9.543829623541523e-07
Logistic Reg,No SMOTE,0,0,7.257579036649117e-35
Logistic Reg,No SMOTE,0,0,0.302779253206869
Logistic Reg,No SMOTE,0,0,0.014566376235780542
Logistic Reg,No SMOTE,0,0,0.020107842507655693
Logistic Reg,No SMOTE,0,0,2.3068625944644634e-05
Logistic Reg,No SMOTE,0,0,0.026872919530089526
Logistic Reg,No SMOTE,0,0,0.03945921109516575
Logistic Reg,No SMOTE,0,0,0.03210574238342469
Logistic Reg,No SMOTE,0,0,4.780822979060539e-05
Logistic Reg,No SMOTE,0,0,9.163969209425689e-07
Logistic Reg,No SMOTE,0,0,3.780695689345864e-05
Logistic Reg,No SMOTE,0,0,3.04888180104456e-09
Logistic Reg,No SMOTE,0,0,4.8415425092470484e-05
Logistic Reg,No SMOTE,0,0,5.210057171879884e-07
Logistic Reg,No SMOTE,0,0,9.14583420208022e-07
Logistic Reg,No SMOTE,0,0,4.6343563487369734e-05
Logistic Reg,No SMOTE,0,0,9.452261393356621e-07
Logistic Reg,No SMOTE,0,0,0.02944830695642892
Logistic Reg,No SMOTE,0,0,4.654768644343418e-05
Logistic Reg,No SMOTE,0,0,0.00036297160573084793
Logistic Reg,No SMOTE,0,0,0.008533377979517283
Logistic Reg,No SMOTE,0,0,0.02984646108222583
Logistic Reg,No SMOTE,0,0,0.040744051217731454
Logistic Reg,No SMOTE,0,0,6.203253126511244e-07
Logistic Reg,No SMOTE,0,0,4.600542280467582e-05
Logistic Reg,No SMOTE,0,0,4.1763712958813505e-11
Logistic Reg,No SMOTE,0,0,0.015239783616296534
Logistic Reg,No SMOTE,0,0,0.005394594223121233
Logistic Reg,No SMOTE,0,0,8.106181909528501e-07
Logistic Reg,No SMOTE,0,0,0.01095292891063559
Logistic Reg,No SMOTE,0,1,0.917051442670795
Logistic Reg,No SMOTE,0,0,4.637069952473613e-05
Logistic Reg,No SMOTE,0,0,5.681539092634238e-07
Logistic Reg,No SMOTE,0,0,0.0008914844830569492
Logistic Reg,No SMOTE,0,0,4.571951265226525e-05
Logistic Reg,No SMOTE,0,0,0.007232275151225975
Logistic Reg,No SMOTE,0,0,4.586859788551389e-05
Logistic Reg,No SMOTE,0,0,0.0001705832031690903
Logistic Reg,No SMOTE,0,0,0.09293789097607354
Logistic Reg,No SMOTE,0,0,3.981728673387402e-06
Logistic Reg,No SMOTE,0,0,4.9646618805048595e-06
Logistic Reg,No SMOTE,0,0,4.632205875202482e-05
Logistic Reg,No SMOTE,0,0,3.3563031302064225e-08
Logistic Reg,No SMOTE,0,0,0.04883682788519305
Logistic Reg,No SMOTE,0,0,0.02688371354625579
Logistic Reg,No SMOTE,0,0,7.012348976137374e-09
Logistic Reg,No SMOTE,0,0,2.3487355980891182e-09
Logistic Reg,No SMOTE,0,0,2.2108508250568357e-07
Logistic Reg,No SMOTE,0,0,3.108660516162574e-39
Logistic Reg,No SMOTE,0,1,0.9354824128939512
Logistic Reg,No SMOTE,0,0,0.03585875333241589
Logistic Reg,No SMOTE,0,0,7.455825084134689e-07
Logistic Reg,No SMOTE,0,0,0.011699151146170175
Logistic Reg,No SMOTE,0,0,0.0009594618249407998
Logistic Reg,No SMOTE,0,0,0.02665540226077551
Logistic Reg,No SMOTE,0,0,5.93956708115777e-19
Logistic Reg,No SMOTE,0,0,4.594327589266065e-05
Logistic Reg,No SMOTE,0,0,0.04131057491493525
Logistic Reg,No SMOTE,0,0,0.04854441687878412
Logistic Reg,No SMOTE,0,0,0.012932681922479386
Logistic Reg,No SMOTE,0,0,3.667567318112343e-06
Logistic Reg,No SMOTE,0,0,6.208728460058978e-06
Logistic Reg,No SMOTE,0,0,1.9925908514572597e-13
Logistic Reg,No SMOTE,0,0,0.032433052401141374
Logistic Reg,No SMOTE,0,0,2.8723951394744905e-23
Logistic Reg,No SMOTE,0,0,4.7257962687432394e-05
Logistic Reg,No SMOTE,0,0,6.101609340979257e-08
Logistic Reg,No SMOTE,0,0,6.44763926797767e-11
Logistic Reg,No SMOTE,0,0,1.0316645214217565e-06
Logistic Reg,No SMOTE,0,0,4.647931293449114e-05
Logistic Reg,No SMOTE,0,0,0.029079925665329607
Logistic Reg,No SMOTE,0,0,8.929025173490337e-07
Logistic Reg,No SMOTE,0,0,0.15102353283280914
Logistic Reg,No SMOTE,0,1,0.7200507855470102
Logistic Reg,No SMOTE,0,0,4.5582592338931666e-05
Logistic Reg,No SMOTE,0,0,6.19586314273265e-11
Logistic Reg,No SMOTE,0,0,0.3388864099938042
Logistic Reg,No SMOTE,0,0,3.643398278199781e-07
Logistic Reg,No SMOTE,0,0,9.949702225529969e-07
Logistic Reg,No SMOTE,0,0,1.1450825296811247e-14
Logistic Reg,No SMOTE,0,0,4.833729058166138e-09
Logistic Reg,No SMOTE,0,0,7.514538248467146e-07
Logistic Reg,No SMOTE,0,0,4.6176815981289874e-05
Logistic Reg,No SMOTE,0,0,4.554166095811743e-11
Logistic Reg,No SMOTE,0,1,0.5062556009137438
Logistic Reg,No SMOTE,0,0,4.566565739050372e-05
Logistic Reg,No SMOTE,0,0,1.3224664519414824e-10
Logistic Reg,No SMOTE,0,0,0.02181188193301451
Logistic Reg,No SMOTE,0,0,4.292146803219084e-09
Logistic Reg,No SMOTE,0,0,0.01534818688211618
Logistic Reg,No SMOTE,0,0,0.036155781281406764
Logistic Reg,No SMOTE,0,0,0.0007431218511312777
Logistic Reg,No SMOTE,0,0,0.02433768403060189
Logistic Reg,No SMOTE,0,0,8.10684882107892e-07
Logistic Reg,No SMOTE,0,0,4.819679095193649e-05
Logistic Reg,No SMOTE,0,0,1.180182357133007e-07
Logistic Reg,No SMOTE,0,0,0.00047768790306761653
Logistic Reg,No SMOTE,0,0,0.48759184767854735
Logistic Reg,No SMOTE,0,0,0.0012984969368381167
Logistic Reg,No SMOTE,0,0,2.992051872505018e-25
Logistic Reg,No SMOTE,0,0,0.03711236002472763
Logistic Reg,No SMOTE,0,0,0.027925605512584096
Logistic Reg,No SMOTE,0,0,0.04674636157167931
Logistic Reg,No SMOTE,0,0,0.00015902085353015002
Logistic Reg,No SMOTE,0,0,5.6289416640445995e-15
Logistic Reg,No SMOTE,0,0,9.280107659951506e-07
Logistic Reg,No SMOTE,0,0,0.0031175622439569687
Logistic Reg,No SMOTE,0,1,0.7760788029272785
Logistic Reg,No SMOTE,0,0,0.036245883048873204
Logistic Reg,No SMOTE,0,0,9.549677757630181e-07
Logistic Reg,No SMOTE,0,0,8.879037620074366e-07
Logistic Reg,No SMOTE,0,0,4.770902350185779e-05
Logistic Reg,No SMOTE,0,1,0.9861630927644062
Logistic Reg,No SMOTE,0,0,0.0008829195956688278
Logistic Reg,No SMOTE,0,0,0.035962076755331134
Logistic Reg,No SMOTE,0,0,1.097276268565466e-06
Logistic Reg,No SMOTE,0,0,0.009876378938816328
Logistic Reg,No SMOTE,0,0,0.036448879929210976
Logistic Reg,No SMOTE,0,0,2.0568939572334402e-07
Logistic Reg,No SMOTE,0,1,0.6477531859452518
Logistic Reg,No SMOTE,0,0,9.156782842049676e-05
Logistic Reg,No SMOTE,0,0,2.6724125544211843e-13
Logistic Reg,No SMOTE,0,0,0.0021404377151090274
Logistic Reg,No SMOTE,0,0,8.441798513309594e-21
Logistic Reg,No SMOTE,0,0,8.037977652203375e-07
Logistic Reg,No SMOTE,0,0,3.508060867654459e-05
Logistic Reg,No SMOTE,0,0,8.370318815811341e-06
Logistic Reg,No SMOTE,0,0,4.5586978495307844e-05
Logistic Reg,No SMOTE,0,0,4.584259232440817e-07
Logistic Reg,No SMOTE,0,0,0.011754120861891142
Logistic Reg,No SMOTE,0,0,0.011794318138427812
Logistic Reg,No SMOTE,0,0,0.3064065342325221
Logistic Reg,No SMOTE,0,0,0.03818575136448417
Logistic Reg,No SMOTE,0,0,1.3750727894538087e-16
Logistic Reg,No SMOTE,0,0,4.559741373400322e-05
Logistic Reg,No SMOTE,0,0,1.0619408835507239e-31
Logistic Reg,No SMOTE,0,0,7.356201676992658e-07
Logistic Reg,No SMOTE,0,0,0.029297423592602116
Logistic Reg,No SMOTE,0,0,0.021519073430899826
Logistic Reg,No SMOTE,0,0,0.0021356349389159163
Logistic Reg,No SMOTE,0,0,0.03451826979789574
Logistic Reg,No SMOTE,0,0,0.04730805576333217
Logistic Reg,No SMOTE,0,0,0.27093646329891974
Logistic Reg,No SMOTE,0,0,5.072505436630952e-05
Logistic Reg,No SMOTE,0,0,0.041657017159092126
Logistic Reg,No SMOTE,0,0,0.050919586924590914
Logistic Reg,No SMOTE,0,0,8.723207490989644e-08
Logistic Reg,No SMOTE,0,0,0.029324453357356377
Logistic Reg,No SMOTE,0,0,0.03254976803985802
Logistic Reg,No SMOTE,0,0,0.19805352326332357
Logistic Reg,No SMOTE,0,0,0.018195880441134023
Logistic Reg,No SMOTE,0,0,4.568928223536513e-05
Logistic Reg,No SMOTE,0,0,0.023265050194630665
Logistic Reg,No SMOTE,0,0,7.64170657123897e-07
Logistic Reg,No SMOTE,0,0,0.02669710006329469
Logistic Reg,No SMOTE,0,0,9.72114709752213e-07
Logistic Reg,No SMOTE,0,0,1.3212530143241158e-11
Logistic Reg,No SMOTE,0,0,0.0002821596657678405
Logistic Reg,No SMOTE,0,1,0.7463888193920426
Logistic Reg,No SMOTE,0,0,0.003390054162449986
Logistic Reg,No SMOTE,0,0,0.05654361906679286
Logistic Reg,No SMOTE,0,0,1.5398414875656769e-06
Logistic Reg,No SMOTE,0,0,0.05231248864691668
Logistic Reg,No SMOTE,0,0,0.024343595942107367
Logistic Reg,No SMOTE,0,0,0.00012590005649587685
Logistic Reg,No SMOTE,0,0,1.4083296630034082e-07
Logistic Reg,No SMOTE,0,0,4.479741377594887e-17
Logistic Reg,No SMOTE,0,1,0.7026296420236616
Logistic Reg,No SMOTE,0,0,1.321036546713938e-09
Logistic Reg,No SMOTE,0,0,7.366354645416771e-07
Logistic Reg,No SMOTE,0,0,0.0007291124344066157
Logistic Reg,No SMOTE,0,0,9.08760098276705e-10
Logistic Reg,No SMOTE,0,0,4.558243196920652e-05
Logistic Reg,No SMOTE,0,0,4.715493305226644e-05
Logistic Reg,No SMOTE,0,0,0.062155678928676156
Logistic Reg,No SMOTE,0,0,0.0011343812023787952
Logistic Reg,No SMOTE,0,0,0.0037046721818555155
Logistic Reg,No SMOTE,0,0,0.0343214133629162
Logistic Reg,No SMOTE,0,0,0.00034728833714963754
Logistic Reg,No SMOTE,0,0,4.257086671198739e-11
Logistic Reg,No SMOTE,0,0,5.096778222784163e-07
Logistic Reg,No SMOTE,0,0,7.676544134208734e-07
Logistic Reg,No SMOTE,0,0,1.7366959379261492e-20
Logistic Reg,No SMOTE,0,0,5.41571718645674e-07
Logistic Reg,No SMOTE,0,0,0.0022642009286820515
Logistic Reg,No SMOTE,0,0,4.027969091080487e-18
Logistic Reg,No SMOTE,0,0,1.9345002785295573e-10
Logistic Reg,No SMOTE,0,0,0.00031370925601034385
Logistic Reg,No SMOTE,0,0,0.15750142977968257
Logistic Reg,No SMOTE,0,0,1.3351791712711287e-18
Logistic Reg,No SMOTE,0,0,0.004361214956994778
Logistic Reg,No SMOTE,0,0,1.915198208498678e-06
Logistic Reg,No SMOTE,0,0,4.924660135181574e-05
Logistic Reg,No SMOTE,0,0,1.1637469040284475e-06
Logistic Reg,No SMOTE,0,0,0.013543356993654
Logistic Reg,No SMOTE,0,0,0.03612724319258955
Logistic Reg,No SMOTE,0,0,0.22125256983160307
Logistic Reg,No SMOTE,0,0,0.00796316936855323
Logistic Reg,No SMOTE,0,0,0.001080416235138421
Logistic Reg,No SMOTE,0,0,7.668952886234415e-07
Logistic Reg,No SMOTE,0,0,0.002806784915159611
Logistic Reg,No SMOTE,0,0,1.2013255555675183e-06
Logistic Reg,No SMOTE,0,0,1.3189133253312578e-15
Logistic Reg,No SMOTE,0,0,0.051849352040947365
Logistic Reg,No SMOTE,0,0,0.0019560620961983737
Logistic Reg,No SMOTE,0,0,4.673878301869941e-05
Logistic Reg,No SMOTE,0,0,0.0012975212727916617
Logistic Reg,No SMOTE,0,0,1.8400463800114828e-07
Logistic Reg,No SMOTE,0,0,1.2791630038416038e-07
Logistic Reg,No SMOTE,0,0,0.04182144141362414
Logistic Reg,No SMOTE,0,0,9.79579490807604e-07
Logistic Reg,No SMOTE,0,0,3.1699697120455596e-05
Logistic Reg,No SMOTE,0,0,0.007139883920564595
Logistic Reg,No SMOTE,0,0,4.6044827769946685e-11
Logistic Reg,No SMOTE,0,0,7.065344123794967e-07
Logistic Reg,No SMOTE,0,0,4.579713338354131e-05
Logistic Reg,No SMOTE,0,0,1.728466564821212e-13
Logistic Reg,No SMOTE,0,0,0.01654704484299492
Logistic Reg,No SMOTE,0,0,5.579439234025867e-13
Logistic Reg,No SMOTE,0,0,0.0005588249149404197
Logistic Reg,No SMOTE,0,0,1.8321647599230026e-09
Logistic Reg,No SMOTE,0,0,3.0864485980298788e-12
Logistic Reg,No SMOTE,0,0,0.01104637136356074
Logistic Reg,No SMOTE,0,0,0.004656012944149331
Logistic Reg,No SMOTE,0,0,0.013948532451027836
Logistic Reg,No SMOTE,0,0,8.208819426463445e-07
Logistic Reg,No SMOTE,0,0,1.2836380780818725e-12
Logistic Reg,No SMOTE,0,0,0.02873923847270547
Logistic Reg,No SMOTE,0,0,8.35682524900238e-07
Logistic Reg,No SMOTE,0,0,1.2068842650162311e-05
Logistic Reg,No SMOTE,0,0,4.8090010302790293e-05
Logistic Reg,No SMOTE,0,0,0.04976937390697042
Logistic Reg,No SMOTE,0,0,0.3396291155601261
Logistic Reg,No SMOTE,0,0,1.263773388529513e-06
Logistic Reg,No SMOTE,0,0,0.0004920508331749986
Logistic Reg,No SMOTE,0,0,4.6485864790084743e-05
Logistic Reg,No SMOTE,0,0,0.012636266982925646
Logistic Reg,No SMOTE,0,0,0.19797242925183586
Logistic Reg,No SMOTE,0,0,0.04068695132738356
Logistic Reg,No SMOTE,0,0,5.770490383662874e-15
Logistic Reg,No SMOTE,0,0,4.576624206860833e-05
Logistic Reg,No SMOTE,0,0,0.049552465637676235
Logistic Reg,No SMOTE,0,0,0.00135707537023352
Logistic Reg,No SMOTE,0,0,9.737264050108506e-07
Logistic Reg,No SMOTE,0,0,0.49196640537441827
Logistic Reg,No SMOTE,0,0,8.821480963976295e-09
Logistic Reg,No SMOTE,0,0,0.0006917970893290975
Logistic Reg,No SMOTE,0,0,6.920618980178981e-07
Logistic Reg,No SMOTE,0,0,6.71489254994302e-07
Logistic Reg,No SMOTE,0,0,0.008476948362815396
Logistic Reg,No SMOTE,0,0,2.1266760629199243e-12
Logistic Reg,No SMOTE,0,0,4.581533603755426e-05
Logistic Reg,No SMOTE,0,0,0.0065836199354260775
Logistic Reg,No SMOTE,0,0,4.644731112327075e-05
Logistic Reg,No SMOTE,0,0,2.1135804902859408e-05
Logistic Reg,No SMOTE,0,0,4.559087153401447e-05
Logistic Reg,No SMOTE,0,0,0.03327588893700538
Logistic Reg,No SMOTE,0,0,0.035940244130058314
Logistic Reg,No SMOTE,0,1,0.7055304650231055
Logistic Reg,No SMOTE,0,0,1.7263233835712006e-08
Logistic Reg,No SMOTE,0,0,0.0007276775198872208
Logistic Reg,No SMOTE,0,0,0.004631771731370016
Logistic Reg,No SMOTE,0,0,0.0007696409839878345
Logistic Reg,No SMOTE,0,0,5.545065512216892e-07
Logistic Reg,No SMOTE,0,0,0.0002273690635098882
Logistic Reg,No SMOTE,0,0,2.1304030150167446e-06
Logistic Reg,No SMOTE,0,0,1.357075524320373e-06
Logistic Reg,No SMOTE,0,0,4.8725365802917144e-05
Logistic Reg,No SMOTE,0,0,7.854521587258856e-17
Logistic Reg,No SMOTE,0,0,1.211326078829611e-19
Logistic Reg,No SMOTE,0,0,0.00881768068397293
Logistic Reg,No SMOTE,0,0,0.05638319201605495
Logistic Reg,No SMOTE,0,0,4.704786501339223e-05
Logistic Reg,No SMOTE,0,0,4.565693572191484e-05
Logistic Reg,No SMOTE,0,0,4.385907993615984e-05
Logistic Reg,No SMOTE,0,0,0.007538645787182721
Logistic Reg,No SMOTE,0,0,4.564753511537437e-05
Logistic Reg,No SMOTE,0,0,4.267896587497306e-06
Logistic Reg,No SMOTE,0,0,4.825094433406613e-05
Logistic Reg,No SMOTE,0,0,0.030048433358405496
Logistic Reg,No SMOTE,0,0,0.03246554018715794
Logistic Reg,No SMOTE,0,0,2.1804861572620904e-06
Logistic Reg,No SMOTE,0,0,4.589850392481219e-05
Logistic Reg,No SMOTE,0,0,4.588564594235322e-05
Logistic Reg,No SMOTE,0,0,0.038023574852810625
Logistic Reg,No SMOTE,0,0,1.186143850512374e-06
Logistic Reg,No SMOTE,0,0,4.3306008203162815e-09
Logistic Reg,No SMOTE,0,0,7.753004226409313e-06
Logistic Reg,No SMOTE,0,0,0.03756200152297248
Logistic Reg,No SMOTE,0,0,0.001757552869305561
Logistic Reg,No SMOTE,0,0,1.6252594262118246e-08
Logistic Reg,No SMOTE,0,0,4.05260161330013e-05
Logistic Reg,No SMOTE,0,0,1.2814840323265395e-06
Logistic Reg,No SMOTE,0,0,0.0004614790197777584
Logistic Reg,No SMOTE,0,0,1.0569259067156248e-08
Logistic Reg,No SMOTE,0,0,3.46841626480158e-07
Logistic Reg,No SMOTE,0,0,8.211173206187766e-07
Logistic Reg,No SMOTE,0,0,5.735340874933038e-05
Logistic Reg,No SMOTE,0,0,1.1861311433009387e-06
Logistic Reg,No SMOTE,0,0,4.579421095046141e-05
Logistic Reg,No SMOTE,0,0,0.007644861650059584
Logistic Reg,No SMOTE,0,0,0.28092991710051946
Logistic Reg,No SMOTE,0,0,0.000605219643100929
Logistic Reg,No SMOTE,0,0,1.3293346242685413e-17
Logistic Reg,No SMOTE,0,0,2.3064293038789407e-63
Logistic Reg,No SMOTE,0,0,4.5638945596289705e-05
Logistic Reg,No SMOTE,0,0,4.997700023482486e-16
Logistic Reg,No SMOTE,0,0,0.001397216784240262
Logistic Reg,No SMOTE,0,0,4.623778846016296e-05
Logistic Reg,No SMOTE,0,0,0.057723799735355685
Logistic Reg,No SMOTE,0,0,6.314739230630646e-07
Logistic Reg,No SMOTE,0,0,3.7986418381525584e-08
Logistic Reg,No SMOTE,0,0,1.09605343609074e-06
Logistic Reg,No SMOTE,0,0,0.030442020270575666
Logistic Reg,No SMOTE,0,0,6.252761949831964e-09
Logistic Reg,No SMOTE,0,0,2.1290192718684957e-19
Logistic Reg,No SMOTE,0,0,0.040741837451616414
Logistic Reg,No SMOTE,0,0,0.0022459465888732904
Logistic Reg,No SMOTE,0,0,7.866476142759751e-07
Logistic Reg,No SMOTE,0,0,0.0007665573979666603
Logistic Reg,No SMOTE,0,0,0.001141569016772365
Logistic Reg,No SMOTE,0,0,9.009205836185545e-07
Logistic Reg,No SMOTE,0,0,0.0009558005114117207
Logistic Reg,No SMOTE,0,0,0.023084945881469712
Logistic Reg,No SMOTE,0,0,4.577357945731024e-05
Logistic Reg,No SMOTE,0,0,0.03684136951931697
Logistic Reg,No SMOTE,0,0,2.3247330240473932e-07
Logistic Reg,No SMOTE,0,0,4.6094716629944544e-05
Logistic Reg,No SMOTE,0,0,0.006592009666177927
Logistic Reg,No SMOTE,0,0,2.9590205107993522e-21
Logistic Reg,No SMOTE,0,0,0.02198762954162751
Logistic Reg,No SMOTE,0,0,7.58618457614215e-05
Logistic Reg,No SMOTE,0,0,2.8296833904732746e-10
Logistic Reg,No SMOTE,0,0,4.58312005148865e-05
Logistic Reg,No SMOTE,0,0,4.8873999487863775e-05
Logistic Reg,No SMOTE,0,0,2.967892023714558e-15
Logistic Reg,No SMOTE,0,0,0.06995400600975624
Logistic Reg,No SMOTE,0,0,0.03947856435290474
Logistic Reg,No SMOTE,0,0,1.361621640022496e-07
Logistic Reg,No SMOTE,0,0,0.037070570065423726
Logistic Reg,No SMOTE,0,0,1.7731555903733657e-10
Logistic Reg,No SMOTE,0,0,2.9533794207181887e-10
Logistic Reg,No SMOTE,0,0,4.989811129134544e-07
Logistic Reg,No SMOTE,0,0,0.008441711215715561
Logistic Reg,No SMOTE,0,0,1.8990046738837352e-16
Logistic Reg,No SMOTE,0,0,0.0030945709459552885
Logistic Reg,No SMOTE,0,0,0.016461010081938496
Logistic Reg,No SMOTE,0,0,4.621568576067166e-05
Logistic Reg,No SMOTE,0,0,0.00031072355428570333
Logistic Reg,No SMOTE,0,0,2.4944855160798982e-05
Logistic Reg,No SMOTE,0,0,0.021245986500732356
Logistic Reg,No SMOTE,0,0,1.908019415951681e-08
Logistic Reg,No SMOTE,0,0,0.03929525932227886
Logistic Reg,No SMOTE,0,0,7.515065978476544e-07
Logistic Reg,No SMOTE,0,0,6.616001971210989e-07
Logistic Reg,No SMOTE,0,0,3.529819303610364e-14
Logistic Reg,No SMOTE,0,0,0.02924996028622868
Logistic Reg,No SMOTE,0,0,5.17973975980689e-08
Logistic Reg,No SMOTE,0,0,9.609009498909856e-07
Logistic Reg,No SMOTE,0,0,0.024014298300033585
Logistic Reg,No SMOTE,0,0,0.0008673116413963221
Logistic Reg,No SMOTE,0,0,0.040871537806828784
Logistic Reg,No SMOTE,0,0,1.2761329631202895e-05
Logistic Reg,No SMOTE,0,0,1.547747477728957e-05
Logistic Reg,No SMOTE,0,0,6.301591954868575e-06
Logistic Reg,No SMOTE,0,0,0.002148716669041177
Logistic Reg,No SMOTE,0,0,6.764799143221936e-13
Logistic Reg,No SMOTE,0,0,0.0018763509958410918
Logistic Reg,No SMOTE,0,0,4.8453077389629825e-05
Logistic Reg,No SMOTE,0,0,4.68949446472964e-05
Logistic Reg,No SMOTE,0,0,3.9687992669056316e-12
Logistic Reg,No SMOTE,0,0,4.559456520618509e-05
Logistic Reg,No SMOTE,0,0,9.390141182375141e-07
Logistic Reg,No SMOTE,0,0,0.002605440732828219
Logistic Reg,No SMOTE,0,0,1.3331277728400041e-10
Logistic Reg,No SMOTE,0,0,1.6899192627150998e-10
Logistic Reg,No SMOTE,0,0,1.6042186116773205e-06
Logistic Reg,No SMOTE,0,0,0.01069944210262305
Logistic Reg,No SMOTE,0,0,2.2250864248963664e-18
Logistic Reg,No SMOTE,0,0,1.338328976856752e-06
Logistic Reg,No SMOTE,0,0,0.014199628105930189
Logistic Reg,No SMOTE,0,0,4.7248330534847525e-05
Logistic Reg,No SMOTE,0,0,4.5656707554154066e-05
Logistic Reg,No SMOTE,0,0,0.07005628054015098
Logistic Reg,No SMOTE,0,0,0.09389550489633852
Logistic Reg,No SMOTE,0,0,0.023163437728608936
Logistic Reg,No SMOTE,0,0,1.0956812557494684e-14
Logistic Reg,No SMOTE,0,0,0.0010572055458736315
Logistic Reg,No SMOTE,0,0,0.13916700148360023
Logistic Reg,No SMOTE,0,0,4.560962363346565e-05
Logistic Reg,No SMOTE,0,0,0.04855718033577564
Logistic Reg,No SMOTE,0,0,2.5412020094890152e-20
Logistic Reg,No SMOTE,0,0,0.03167661723395993
Logistic Reg,No SMOTE,0,0,1.2065068746021226e-12
Logistic Reg,No SMOTE,0,0,1.3879503618001826e-16
Logistic Reg,No SMOTE,0,0,4.573431381730499e-05
Logistic Reg,No SMOTE,0,0,0.005961535011584118
Logistic Reg,No SMOTE,0,0,1.0885607885310711e-06
Logistic Reg,No SMOTE,0,0,0.03526617914349913
Logistic Reg,No SMOTE,0,0,0.011104437568144904
Logistic Reg,No SMOTE,0,0,0.04420023031388759
Logistic Reg,No SMOTE,0,0,0.011522919562042907
Logistic Reg,No SMOTE,0,0,0.018913483965340823
Logistic Reg,No SMOTE,0,0,0.0421894513260417
Logistic Reg,No SMOTE,0,0,0.22428931660016752
Logistic Reg,No SMOTE,0,0,0.025296428443636075
Logistic Reg,No SMOTE,0,0,0.19856169729961506
Logistic Reg,No SMOTE,0,0,2.1647168132998443e-06
Logistic Reg,No SMOTE,0,0,1.0228324171046509e-05
Logistic Reg,No SMOTE,0,0,0.05020199623447942
Logistic Reg,No SMOTE,0,0,1.162013350191292e-06
Logistic Reg,No SMOTE,0,0,8.242644789925592e-14
Logistic Reg,No SMOTE,0,0,4.619392582478565e-05
Logistic Reg,No SMOTE,0,0,2.9750718520605096e-06
Logistic Reg,No SMOTE,0,0,4.714734806430953e-05
Logistic Reg,No SMOTE,0,0,7.168780546128065e-05
Logistic Reg,No SMOTE,0,0,0.03903862926214098
Logistic Reg,No SMOTE,0,0,0.0427096262856657
Logistic Reg,No SMOTE,0,0,8.79593458134866e-09
Logistic Reg,No SMOTE,0,0,6.074051044860928e-28
Logistic Reg,No SMOTE,0,0,1.8501904249809875e-07
Logistic Reg,No SMOTE,0,0,3.8291471061412723e-13
Logistic Reg,No SMOTE,0,0,7.267930076045434e-07
Logistic Reg,No SMOTE,0,0,0.006897945887113027
Logistic Reg,No SMOTE,0,0,0.0007206176139558982
Logistic Reg,No SMOTE,0,0,5.9586180634531675e-09
Logistic Reg,No SMOTE,0,0,7.251708684625224e-07
Logistic Reg,No SMOTE,0,0,1.8215700280350613e-12
Logistic Reg,No SMOTE,0,0,4.5747371876559915e-05
Logistic Reg,No SMOTE,0,0,1.7883843757614318e-13
Logistic Reg,No SMOTE,0,0,2.0139576498115652e-10
Logistic Reg,No SMOTE,0,0,1.263985387267266e-10
Logistic Reg,No SMOTE,0,0,0.029082596067062115
Logistic Reg,No SMOTE,0,0,0.009525644266130352
Logistic Reg,No SMOTE,0,0,8.877077645764904e-07
Logistic Reg,No SMOTE,0,0,0.03352898015745747
Logistic Reg,No SMOTE,0,0,9.955263329706145e-07
Logistic Reg,No SMOTE,0,0,0.004164412342995303
Logistic Reg,No SMOTE,0,0,7.31819935550935e-07
Logistic Reg,No SMOTE,0,0,4.973918508307033e-05
Logistic Reg,No SMOTE,0,0,0.19880418048495843
Logistic Reg,No SMOTE,0,0,4.737682870123311e-05
Logistic Reg,No SMOTE,0,0,0.018576678972483832
Logistic Reg,No SMOTE,0,0,0.002017922394289385
Logistic Reg,No SMOTE,0,0,0.022582206057329114
Logistic Reg,No SMOTE,0,0,4.195739637098142e-06
Logistic Reg,No SMOTE,0,0,0.03602563416053715
Logistic Reg,No SMOTE,0,0,0.018290979977491267
Logistic Reg,No SMOTE,0,0,3.09807181789291e-05
Logistic Reg,No SMOTE,0,0,7.406283132709042e-07
Logistic Reg,No SMOTE,0,0,3.189628177360936e-30
Logistic Reg,No SMOTE,0,0,8.46775989591385e-07
Logistic Reg,No SMOTE,0,0,7.562470020966445e-07
Logistic Reg,No SMOTE,0,0,4.5657530831855475e-05
Logistic Reg,No SMOTE,0,0,4.8486469418017155e-05
Logistic Reg,No SMOTE,0,0,8.285150749397885e-07
Logistic Reg,No SMOTE,0,0,4.612400568936313e-05
Logistic Reg,No SMOTE,0,1,0.5575788065142298
Logistic Reg,No SMOTE,0,0,0.03924106592596511
Logistic Reg,No SMOTE,0,1,0.8672136862868663
Logistic Reg,No SMOTE,0,0,0.001391664623268094
Logistic Reg,No SMOTE,0,0,0.008459406350254814
Logistic Reg,No SMOTE,0,0,4.253130737830602e-12
Logistic Reg,No SMOTE,0,0,8.874681901424427e-08
Logistic Reg,No SMOTE,0,0,0.027151126854657738
Logistic Reg,No SMOTE,0,0,2.8897743840591612e-11
Logistic Reg,No SMOTE,0,0,4.4324216120688615e-07
Logistic Reg,No SMOTE,0,0,0.009626046306835922
Logistic Reg,No SMOTE,0,0,6.7515114777725e-08
Logistic Reg,No SMOTE,0,0,0.015370420500591505
Logistic Reg,No SMOTE,0,0,0.41475422175267807
Logistic Reg,No SMOTE,0,0,0.058378062101262805
Logistic Reg,No SMOTE,0,0,0.041337960646461884
Logistic Reg,No SMOTE,0,0,4.602228681480727e-11
Logistic Reg,No SMOTE,0,0,0.021147532957968902
Logistic Reg,No SMOTE,0,0,0.03932705105633918
Logistic Reg,No SMOTE,0,0,0.0019807200692023175
Logistic Reg,No SMOTE,0,0,9.231335093648481e-07
Logistic Reg,No SMOTE,0,0,0.022320461320765116
Logistic Reg,No SMOTE,0,0,0.004008191657791393
Logistic Reg,No SMOTE,0,0,4.5589750186431455e-05
Logistic Reg,No SMOTE,0,0,1.1653187022758364e-06
Logistic Reg,No SMOTE,0,0,9.696295802173801e-07
Logistic Reg,No SMOTE,0,0,4.996021897617792e-10
Logistic Reg,No SMOTE,0,0,0.22801820089569821
Logistic Reg,No SMOTE,0,0,4.577252034486281e-05
Logistic Reg,No SMOTE,0,0,0.04231788640956353
Logistic Reg,No SMOTE,0,0,4.603436319699509e-05
Logistic Reg,No SMOTE,0,0,0.027605518913875523
Logistic Reg,No SMOTE,0,0,4.564764053661112e-05
Logistic Reg,No SMOTE,0,0,4.420645999339533e-16
Logistic Reg,No SMOTE,0,0,8.716584825622011e-23
Logistic Reg,No SMOTE,0,0,0.016899139339790367
Logistic Reg,No SMOTE,0,0,9.933660434100553e-07
Logistic Reg,No SMOTE,0,0,4.5923558427466094e-05
Logistic Reg,No SMOTE,0,0,1.165322054792713e-06
Logistic Reg,No SMOTE,0,0,4.5698922191024114e-05
Logistic Reg,No SMOTE,0,0,1.0323053502350219e-16
Logistic Reg,No SMOTE,0,0,0.04545055289859427
Logistic Reg,No SMOTE,0,0,3.4174681086795664e-07
Logistic Reg,No SMOTE,0,0,1.9397660905656525e-06
Logistic Reg,No SMOTE,0,0,0.00651044423055556
Logistic Reg,No SMOTE,0,0,0.03871269420991852
Logistic Reg,No SMOTE,0,0,0.00020803734862387418
Logistic Reg,No SMOTE,0,0,0.029467755227877097
Logistic Reg,No SMOTE,0,0,9.688388329489562e-07
Logistic Reg,No SMOTE,0,1,0.7150409914914004
Logistic Reg,No SMOTE,0,0,1.7079810297556976e-07
Logistic Reg,No SMOTE,0,0,0.014419264024869698
Logistic Reg,No SMOTE,0,0,0.05673970929390148
Logistic Reg,No SMOTE,0,0,0.0017744286580996637
Logistic Reg,No SMOTE,0,0,0.011914203487538928
Logistic Reg,No SMOTE,0,0,0.028808522722750828
Logistic Reg,No SMOTE,0,0,0.0008178834377794924
Logistic Reg,No SMOTE,0,0,4.6123288058289735e-10
Logistic Reg,No SMOTE,0,0,1.0427685876468332e-06
Logistic Reg,No SMOTE,0,0,4.6429880137668515e-05
Logistic Reg,No SMOTE,0,0,1.275928814000447e-09
Logistic Reg,No SMOTE,0,0,0.0009194717764934895
Logistic Reg,No SMOTE,0,0,0.03675480534583471
Logistic Reg,No SMOTE,0,0,0.011554946204155215
Logistic Reg,No SMOTE,0,0,6.487879990376912e-07
Logistic Reg,No SMOTE,0,0,0.016379301436177243
Logistic Reg,No SMOTE,0,0,4.6854233129108814e-05
Logistic Reg,No SMOTE,0,0,0.12901378739889338
Logistic Reg,No SMOTE,0,0,9.383387187443387e-14
Logistic Reg,No SMOTE,0,0,1.007886828723561e-06
Logistic Reg,No SMOTE,0,0,2.2804001247836675e-06
Logistic Reg,No SMOTE,0,0,3.3700998607726087e-07
Logistic Reg,No SMOTE,0,0,0.010745567719507163
Logistic Reg,No SMOTE,0,0,4.563984249260836e-05
Logistic Reg,No SMOTE,0,0,3.619199106368584e-08
Logistic Reg,No SMOTE,0,0,6.320504351275442e-14
Logistic Reg,No SMOTE,0,0,2.727517964609453e-10
Logistic Reg,No SMOTE,0,0,2.1697753250216804e-05
Logistic Reg,No SMOTE,0,0,0.034612558588869184
Logistic Reg,No SMOTE,0,1,0.969533898853061
Logistic Reg,No SMOTE,0,0,1.900451723544254e-12
Logistic Reg,No SMOTE,0,0,0.00919655068256879
Logistic Reg,No SMOTE,0,0,4.6409378737145306e-05
Logistic Reg,No SMOTE,0,0,7.589049196870969e-05
Logistic Reg,No SMOTE,0,0,9.236468139080053e-35
Logistic Reg,No SMOTE,0,0,3.4467575469611183e-06
Logistic Reg,No SMOTE,0,0,0.04890800050343055
Logistic Reg,No SMOTE,0,0,1.0615606150103436e-06
Logistic Reg,No SMOTE,0,0,4.59062239468865e-05
Logistic Reg,No SMOTE,0,0,4.41191940384648e-05
Logistic Reg,No SMOTE,0,0,1.3503542296540738e-07
Logistic Reg,No SMOTE,0,0,1.4315309736847306e-06
Logistic Reg,No SMOTE,0,0,2.5726551045658748e-18
Logistic Reg,No SMOTE,0,0,4.64446331174545e-05
Logistic Reg,No SMOTE,0,0,0.027537760796693386
Logistic Reg,No SMOTE,0,0,0.03896884076385917
Logistic Reg,No SMOTE,0,0,0.03661323267944013
Logistic Reg,No SMOTE,0,0,0.02978897725600095
Logistic Reg,No SMOTE,0,0,0.008050960668869634
Logistic Reg,No SMOTE,0,0,1.4169395297201415e-09
Logistic Reg,No SMOTE,0,0,2.5342299455309897e-08
Logistic Reg,No SMOTE,0,0,0.04664735244725805
Logistic Reg,No SMOTE,0,0,0.0008864458502145418
Logistic Reg,No SMOTE,0,0,9.82651020635584e-07
Logistic Reg,No SMOTE,0,0,0.04187225961021618
Logistic Reg,No SMOTE,0,1,0.9856849542060876
Logistic Reg,No SMOTE,0,0,0.0004927893971596141
Logistic Reg,No SMOTE,0,0,9.616393119599388e-05
Logistic Reg,No SMOTE,0,1,0.9479214052528917
Logistic Reg,No SMOTE,0,0,0.009469181876252404
Logistic Reg,No SMOTE,0,0,7.33587734595847e-07
Logistic Reg,No SMOTE,0,0,0.4657023565345174
Logistic Reg,No SMOTE,0,0,3.589161402436499e-15
Logistic Reg,No SMOTE,0,0,0.041071180815669614
Logistic Reg,No SMOTE,0,0,9.365954548074357e-07
Logistic Reg,No SMOTE,0,0,7.177323234232361e-17
Logistic Reg,No SMOTE,0,0,4.581408073449054e-05
Logistic Reg,No SMOTE,0,0,0.014298123453823025
Logistic Reg,No SMOTE,0,0,7.200015832715503e-07
Logistic Reg,No SMOTE,0,0,1.4360583456686891e-07
Logistic Reg,No SMOTE,0,0,0.02206773950618909
Logistic Reg,No SMOTE,0,0,0.025089854085100893
Logistic Reg,No SMOTE,0,0,9.052599437742658e-07
Logistic Reg,No SMOTE,0,0,3.817532212740859e-05
Logistic Reg,No SMOTE,0,0,0.019566046093330992
Logistic Reg,No SMOTE,0,0,1.325914394512379e-06
Logistic Reg,No SMOTE,0,0,0.0023619483274188997
Logistic Reg,No SMOTE,0,0,0.0010555572529809853
Logistic Reg,No SMOTE,0,0,8.409854370386116e-07
Logistic Reg,No SMOTE,0,0,0.04006362268197746
Logistic Reg,No SMOTE,0,0,1.4625375121073874e-06
Logistic Reg,No SMOTE,0,0,4.60131385444225e-05
Logistic Reg,No SMOTE,0,0,2.1005134943905088e-10
Logistic Reg,No SMOTE,0,0,0.008359520467095856
Logistic Reg,No SMOTE,0,0,5.670027006498931e-28
Logistic Reg,No SMOTE,0,0,0.0383026192993899
Logistic Reg,No SMOTE,0,0,3.3151979772389927e-13
Logistic Reg,No SMOTE,0,0,9.307404888854984e-07
Logistic Reg,No SMOTE,0,0,0.04853518317633436
Logistic Reg,No SMOTE,0,0,0.00239954576128927
Logistic Reg,No SMOTE,0,0,0.0010359153374607528
Logistic Reg,No SMOTE,0,0,0.040880397838584756
Logistic Reg,No SMOTE,0,0,9.168293696398131e-07
Logistic Reg,No SMOTE,0,0,9.313372902173528e-07
Logistic Reg,No SMOTE,0,0,3.2473161205023175e-06
Logistic Reg,No SMOTE,0,0,8.155661951681109e-07
Logistic Reg,No SMOTE,0,0,4.5836353512146415e-05
Logistic Reg,No SMOTE,0,0,0.26363090066845585
Logistic Reg,No SMOTE,0,0,5.963614117753912e-13
Logistic Reg,No SMOTE,0,0,0.00568036157099795
Logistic Reg,No SMOTE,0,0,4.8586739385125836e-12
Logistic Reg,No SMOTE,0,0,7.783348883980634e-07
Logistic Reg,No SMOTE,0,0,8.887089595329819e-07
Logistic Reg,No SMOTE,0,0,2.855079424309964e-09
Logistic Reg,No SMOTE,0,1,0.876695506054338
Logistic Reg,No SMOTE,0,0,0.0002808564602703654
Logistic Reg,No SMOTE,0,0,8.947873622864084e-07
Logistic Reg,No SMOTE,0,0,0.03519179405991332
Logistic Reg,No SMOTE,0,0,0.0300139163001188
Logistic Reg,No SMOTE,0,0,0.0006700545978272082
Logistic Reg,No SMOTE,0,0,0.0010297441880637705
Logistic Reg,No SMOTE,0,0,0.04043407070944151
Logistic Reg,No SMOTE,0,0,1.4186151407547065e-14
Logistic Reg,No SMOTE,0,0,0.0015796634896553397
Logistic Reg,No SMOTE,0,0,0.015785112456697677
Logistic Reg,No SMOTE,0,0,3.154740099127761e-19
Logistic Reg,No SMOTE,0,0,3.041277760211872e-17
Logistic Reg,No SMOTE,0,0,9.128620569771081e-07
Logistic Reg,No SMOTE,0,0,0.004470477176090621
Logistic Reg,No SMOTE,0,0,0.0001519701171985248
Logistic Reg,No SMOTE,0,0,4.6152945449720915e-05
Logistic Reg,No SMOTE,0,0,0.05087370620278816
Logistic Reg,No SMOTE,0,0,0.02478369023773791
Logistic Reg,No SMOTE,0,0,0.0003971812784906487
Logistic Reg,No SMOTE,0,0,0.0007130441367669641
Logistic Reg,No SMOTE,0,0,0.010496183229127532
Logistic Reg,No SMOTE,0,0,7.310129263142482e-07
Logistic Reg,No SMOTE,0,0,5.7611581083735506e-05
Logistic Reg,No SMOTE,0,0,4.618042665321835e-05
Logistic Reg,No SMOTE,0,0,1.3310435639974702e-06
Logistic Reg,No SMOTE,0,0,0.006324439751431777
Logistic Reg,No SMOTE,0,0,4.5829525914644514e-05
Logistic Reg,No SMOTE,0,0,1.413102000885464e-08
Logistic Reg,No SMOTE,0,0,2.886934442969546e-07
Logistic Reg,No SMOTE,0,0,0.038074187828076665
Logistic Reg,No SMOTE,0,0,9.793267733705059e-07
Logistic Reg,No SMOTE,0,0,0.014778597629442744
Logistic Reg,No SMOTE,0,0,0.018664887624610032
Logistic Reg,No SMOTE,0,0,0.008426760603145638
Logistic Reg,No SMOTE,0,0,4.6510349553963276e-05
Logistic Reg,No SMOTE,0,0,0.03651538241293785
Logistic Reg,No SMOTE,0,0,1.007009684845186e-06
Logistic Reg,No SMOTE,0,0,0.0012255277978620038
Logistic Reg,No SMOTE,0,0,0.002066115197703833
Logistic Reg,No SMOTE,0,0,0.028104579425686584
Logistic Reg,No SMOTE,0,0,0.0031843086557138646
Logistic Reg,No SMOTE,0,0,1.1458481452753047e-07
Logistic Reg,No SMOTE,0,0,0.0064853831998334865
Logistic Reg,No SMOTE,0,0,1.5899546482269184e-05
Logistic Reg,No SMOTE,0,0,3.3430873306595486e-05
Logistic Reg,No SMOTE,0,0,7.020483504886359e-07
Logistic Reg,No SMOTE,0,0,8.350532429117866e-07
Logistic Reg,No SMOTE,0,0,2.0654275548699105e-09
Logistic Reg,No SMOTE,0,0,4.5935139818173044e-05
Logistic Reg,No SMOTE,0,0,0.022365222995995956
Logistic Reg,No SMOTE,0,0,8.012693156857455e-07
Logistic Reg,No SMOTE,0,0,4.9666062616727004e-05
Logistic Reg,No SMOTE,0,0,0.011035610309852884
Logistic Reg,No SMOTE,0,0,4.561451407262633e-05
Logistic Reg,No SMOTE,0,0,0.005861497342051596
Logistic Reg,No SMOTE,0,0,0.034224285972169886
Logistic Reg,No SMOTE,0,0,2.140404176350737e-20
Logistic Reg,No SMOTE,0,0,4.97529320733161e-05
Logistic Reg,No SMOTE,0,0,0.03389506290491185
Logistic Reg,No SMOTE,0,0,0.03699354103876011
Logistic Reg,No SMOTE,0,0,0.011774762266604477
Logistic Reg,No SMOTE,0,0,0.04330437449256263
Logistic Reg,No SMOTE,0,0,5.115622369067298e-05
Logistic Reg,No SMOTE,0,0,0.0007103560567108
Logistic Reg,No SMOTE,0,0,4.69306030027396e-05
Logistic Reg,No SMOTE,0,0,3.408202294238299e-05
Logistic Reg,No SMOTE,0,0,0.0009529822969552383
Logistic Reg,No SMOTE,0,0,6.728754480419586e-05
Logistic Reg,No SMOTE,0,0,0.002816922801400047
Logistic Reg,No SMOTE,0,0,4.621089074507693e-05
Logistic Reg,No SMOTE,0,0,7.783068840810851e-07
Logistic Reg,No SMOTE,0,0,0.003210306037225831
Logistic Reg,No SMOTE,0,0,4.7829054074769604e-05
Logistic Reg,No SMOTE,0,0,1.7327508163062265e-12
Logistic Reg,No SMOTE,0,0,4.4756557005841446e-07
Logistic Reg,No SMOTE,0,0,0.006135026318644156
Logistic Reg,No SMOTE,0,0,7.643743561275547e-07
Logistic Reg,No SMOTE,0,0,7.225848953871627e-07
Logistic Reg,No SMOTE,0,0,0.0009400679292878271
Logistic Reg,No SMOTE,0,0,1.0175090719779825e-06
Logistic Reg,No SMOTE,0,0,1.1614754304161437e-06
Logistic Reg,No SMOTE,0,0,1.7884155162128648e-09
Logistic Reg,No SMOTE,0,0,1.2776385537269258e-06
Logistic Reg,No SMOTE,0,0,4.7710378219879524e-05
Logistic Reg,No SMOTE,0,0,0.005169659232750631
Logistic Reg,No SMOTE,0,0,1.661443286195523e-10
Logistic Reg,No SMOTE,0,0,8.147989349039456e-07
Logistic Reg,No SMOTE,0,0,0.016289585282241503
Logistic Reg,No SMOTE,0,0,8.251132545979493e-07
Logistic Reg,No SMOTE,0,0,0.032194112526762374
Logistic Reg,No SMOTE,0,0,8.147589021789772e-07
Logistic Reg,No SMOTE,0,0,4.858088829979505e-15
Logistic Reg,No SMOTE,0,0,0.013825930371267907
Logistic Reg,No SMOTE,0,0,4.5717187103831577e-05
Logistic Reg,No SMOTE,0,0,1.0702130029696866e-06
Logistic Reg,No SMOTE,0,0,0.019212898656687932
Logistic Reg,No SMOTE,0,0,1.1949533200330617e-06
Logistic Reg,No SMOTE,0,0,0.0009132486619886402
Logistic Reg,No SMOTE,0,0,0.029083355397777625
Logistic Reg,No SMOTE,0,0,5.317098368869521e-05
Logistic Reg,No SMOTE,0,0,8.506883915227754e-05
Logistic Reg,No SMOTE,0,0,2.446177859847374e-12
Logistic Reg,No SMOTE,0,0,4.5708056743093775e-05
Logistic Reg,No SMOTE,0,0,7.602468965986881e-07
Logistic Reg,No SMOTE,0,0,9.411752840177776e-07
Logistic Reg,No SMOTE,0,0,4.5610602701812156e-05
Logistic Reg,No SMOTE,0,0,4.2960174212295014e-10
Logistic Reg,No SMOTE,0,0,4.572576519563464e-05
Logistic Reg,No SMOTE,0,0,9.479893699707104e-07
Logistic Reg,No SMOTE,0,0,1.018686663860279e-05
Logistic Reg,No SMOTE,0,0,0.0023985923967441303
Logistic Reg,No SMOTE,0,0,4.5879341718527246e-05
Logistic Reg,No SMOTE,0,0,0.029327006742908387
Logistic Reg,No SMOTE,0,0,0.04415202715828301
Logistic Reg,No SMOTE,0,0,0.010446465629354461
Logistic Reg,No SMOTE,0,0,3.05769758132962e-10
Logistic Reg,No SMOTE,0,0,0.036251386770810835
Logistic Reg,No SMOTE,0,0,0.046955381972689496
Logistic Reg,No SMOTE,0,0,7.635873103871513e-05
Logistic Reg,No SMOTE,0,0,8.657559388399881e-07
Logistic Reg,No SMOTE,0,0,8.494524926298648e-07
Logistic Reg,No SMOTE,0,0,0.03732397681792556
Logistic Reg,No SMOTE,0,0,0.0011377215323447587
Logistic Reg,No SMOTE,0,0,1.2434674434443733e-05
Logistic Reg,No SMOTE,0,0,4.866088496285993e-05
Logistic Reg,No SMOTE,0,0,1.093875988213075e-07
Logistic Reg,No SMOTE,0,0,0.3525298238429036
Logistic Reg,No SMOTE,0,0,1.509033002438148e-12
Logistic Reg,No SMOTE,0,0,0.0010929628002963971
Logistic Reg,No SMOTE,0,0,0.00011745796525844445
Logistic Reg,No SMOTE,0,0,0.017506976629968335
Logistic Reg,No SMOTE,0,0,6.982100397359781e-07
Logistic Reg,No SMOTE,0,0,0.002824711577704789
Logistic Reg,No SMOTE,0,0,0.00013212182385239748
Logistic Reg,No SMOTE,0,0,0.0335982125350881
Logistic Reg,No SMOTE,0,0,1.1537607046286402e-06
Logistic Reg,No SMOTE,0,0,0.0002247676482603524
Logistic Reg,No SMOTE,0,0,0.0007375110896987848
Logistic Reg,No SMOTE,0,0,0.0093966664765746
Logistic Reg,No SMOTE,0,0,4.8649712307785165e-05
Logistic Reg,No SMOTE,0,0,7.354675355657299e-07
Logistic Reg,No SMOTE,0,0,4.122478805285418e-18
Logistic Reg,No SMOTE,0,0,0.03802479013941729
Logistic Reg,No SMOTE,0,0,0.02089661749907475
Logistic Reg,No SMOTE,0,0,3.534205366286334e-08
Logistic Reg,No SMOTE,0,0,4.3823043319716427e-13
Logistic Reg,No SMOTE,0,0,0.04882315125519757
Logistic Reg,No SMOTE,0,1,0.910916229992326
Logistic Reg,No SMOTE,0,0,4.8475884688056136e-05
Logistic Reg,No SMOTE,0,0,1.5518417411380432e-13
Logistic Reg,No SMOTE,0,0,1.1557942777041014e-12
Logistic Reg,No SMOTE,0,1,0.6695690380720046
Logistic Reg,No SMOTE,0,0,0.00028907002073209366
Logistic Reg,No SMOTE,0,0,0.01836065303499934
Logistic Reg,No SMOTE,0,0,9.292352065962152e-06
Logistic Reg,No SMOTE,0,0,0.04250330687150023
Logistic Reg,No SMOTE,0,0,7.99134205773382e-203
Logistic Reg,No SMOTE,0,0,1.8351138961190454e-08
Logistic Reg,No SMOTE,0,0,0.0007233899736486773
Logistic Reg,No SMOTE,0,0,1.0663215569968357e-06
Logistic Reg,No SMOTE,0,0,9.185163176821671e-07
Logistic Reg,No SMOTE,0,0,4.6629076754281076e-05
Logistic Reg,No SMOTE,0,0,0.03179280073466072
Logistic Reg,No SMOTE,0,0,0.01861374616395299
Logistic Reg,No SMOTE,0,0,5.249520755253157e-05
Logistic Reg,No SMOTE,0,0,1.5445757598077832e-06
Logistic Reg,No SMOTE,0,0,0.007458994994112095
Logistic Reg,No SMOTE,0,0,0.004161606321436199
Logistic Reg,No SMOTE,0,0,0.006988910595102132
Logistic Reg,No SMOTE,0,0,9.502208045623352e-07
Logistic Reg,No SMOTE,0,0,0.062370120182484015
Logistic Reg,No SMOTE,0,0,7.238694393720299e-05
Logistic Reg,No SMOTE,0,0,0.00029817096840170675
Logistic Reg,No SMOTE,0,0,1.655151496608272e-08
Logistic Reg,No SMOTE,0,0,0.049903773221463985
Logistic Reg,No SMOTE,0,0,0.02009567123250513
Logistic Reg,No SMOTE,0,0,6.288832154434182e-07
Logistic Reg,No SMOTE,0,0,1.1302666626347988e-09
Logistic Reg,No SMOTE,0,0,0.045763841864194174
Logistic Reg,No SMOTE,0,1,0.6058606314411015
Logistic Reg,No SMOTE,0,0,0.005554128529909343
Logistic Reg,No SMOTE,0,0,8.142550217407924e-07
Logistic Reg,No SMOTE,0,1,0.574614084635646
Logistic Reg,No SMOTE,0,0,0.38478508789425925
Logistic Reg,No SMOTE,0,0,5.0607602179402946e-05
Logistic Reg,No SMOTE,0,0,6.152333055513787e-17
Logistic Reg,No SMOTE,0,0,0.004983582383465056
Logistic Reg,No SMOTE,0,0,4.7742332920054024e-05
Logistic Reg,No SMOTE,0,0,6.785146691301659e-07
Logistic Reg,No SMOTE,0,0,0.00012324795433104355
Logistic Reg,No SMOTE,0,0,1.5202161378601355e-07
Logistic Reg,No SMOTE,0,0,0.033743411183757926
Logistic Reg,No SMOTE,0,0,9.684054079926906e-07
Logistic Reg,No SMOTE,0,0,8.656990373910928e-07
Logistic Reg,No SMOTE,0,0,6.2397020167568875e-15
Logistic Reg,No SMOTE,0,0,0.011074330801548762
Logistic Reg,No SMOTE,0,0,7.674777081425643e-26
Logistic Reg,No SMOTE,0,0,5.54597893685847e-15
Logistic Reg,No SMOTE,0,0,7.644167129904696e-08
Logistic Reg,No SMOTE,0,0,9.651340794367068e-07
Logistic Reg,No SMOTE,0,0,6.547984607358012e-07
Logistic Reg,No SMOTE,0,0,8.74244411040534e-07
Logistic Reg,No SMOTE,0,0,1.0095722029787974e-06
Logistic Reg,No SMOTE,0,0,0.04033718823788687
Logistic Reg,No SMOTE,0,0,0.038825149978503434
Logistic Reg,No SMOTE,0,0,0.011385830059784666
Logistic Reg,No SMOTE,0,0,4.643363532493251e-05
Logistic Reg,No SMOTE,0,0,0.03012327567499426
Logistic Reg,No SMOTE,0,0,3.516539851157095e-08
Logistic Reg,No SMOTE,0,0,4.573132211457335e-05
Logistic Reg,No SMOTE,0,0,9.476240957182335e-07
Logistic Reg,No SMOTE,0,0,3.438934726542695e-07
Logistic Reg,No SMOTE,0,1,0.9710317296895123
Logistic Reg,No SMOTE,0,0,0.040924601644358835
Logistic Reg,No SMOTE,0,0,4.966323413302749e-11
Logistic Reg,No SMOTE,0,0,8.738857262856188e-07
Logistic Reg,No SMOTE,0,0,4.5590252034803295e-05
Logistic Reg,No SMOTE,0,0,0.09208819221035248
Logistic Reg,No SMOTE,0,0,1.290108740127642e-07
Logistic Reg,No SMOTE,0,0,0.0032061064079335275
Logistic Reg,No SMOTE,0,0,0.05567986382654471
Logistic Reg,No SMOTE,0,0,0.0027763371725704382
Logistic Reg,No SMOTE,0,0,7.111610076040116e-07
Logistic Reg,No SMOTE,0,0,2.0489263124656887e-06
Logistic Reg,No SMOTE,0,0,4.60230520451048e-05
Logistic Reg,No SMOTE,0,0,0.11500248431303683
Logistic Reg,No SMOTE,0,0,4.8529618103711505e-06
Logistic Reg,No SMOTE,0,0,4.875011684856402e-05
Logistic Reg,No SMOTE,0,0,2.4069807133993857e-17
Logistic Reg,No SMOTE,0,0,0.001497737065745268
Logistic Reg,No SMOTE,0,0,2.511288610255227e-14
Logistic Reg,No SMOTE,0,1,0.8165875153957199
Logistic Reg,No SMOTE,0,0,4.003886286555368e-09
Logistic Reg,No SMOTE,0,0,1.301920901181122e-06
Logistic Reg,No SMOTE,0,0,2.991115745848481e-07
Logistic Reg,No SMOTE,0,0,2.8233309246952767e-10
Logistic Reg,No SMOTE,0,0,1.20055797182348e-06
Logistic Reg,No SMOTE,0,0,9.593511248645668e-07
Logistic Reg,No SMOTE,0,0,0.006687865035411069
Logistic Reg,No SMOTE,0,0,1.1356038041524033e-06
Logistic Reg,No SMOTE,0,0,1.3039599763324658e-07
Logistic Reg,No SMOTE,0,0,7.547422990667103e-07
Logistic Reg,No SMOTE,0,0,0.012090383801411074
Logistic Reg,No SMOTE,0,0,1.5203898174604871e-05
Logistic Reg,No SMOTE,0,0,0.4529690125656464
Logistic Reg,No SMOTE,0,0,9.277985507946402e-07
Logistic Reg,No SMOTE,0,0,1.3811545487683966e-11
Logistic Reg,No SMOTE,0,0,0.007685086561030509
Logistic Reg,No SMOTE,0,0,7.446076244077207e-05
Logistic Reg,No SMOTE,0,0,0.006021080843982076
Logistic Reg,No SMOTE,0,0,2.7625221721378952e-05
Logistic Reg,No SMOTE,0,0,0.013689298169269934
Logistic Reg,No SMOTE,0,0,1.3507339204033157e-20
Logistic Reg,No SMOTE,0,0,0.0379574741996627
Logistic Reg,No SMOTE,0,1,0.5884776836732046
Logistic Reg,No SMOTE,0,0,8.702274532326823e-07
Logistic Reg,No SMOTE,0,0,0.026597053337374194
Logistic Reg,No SMOTE,0,1,0.7954722279592898
Logistic Reg,No SMOTE,0,0,3.813788245133158e-14
Logistic Reg,No SMOTE,0,0,4.690982274169703e-05
Logistic Reg,No SMOTE,0,0,0.038824824374202684
Logistic Reg,No SMOTE,0,0,2.2286838645208904e-07
Logistic Reg,No SMOTE,0,0,1.7781244085824368e-07
Logistic Reg,No SMOTE,0,0,4.6676563521463554e-05
Logistic Reg,No SMOTE,0,0,6.831798266860357e-07
Logistic Reg,No SMOTE,0,0,3.8953891891035763e-07
Logistic Reg,No SMOTE,0,0,3.830924762361318e-14
Logistic Reg,No SMOTE,0,0,0.00012073780050665149
Logistic Reg,No SMOTE,0,0,8.346280125099469e-18
Logistic Reg,No SMOTE,0,0,1.1890403095200953e-08
Logistic Reg,No SMOTE,0,0,0.05181190066176964
Logistic Reg,No SMOTE,0,0,0.03577793314777544
Logistic Reg,No SMOTE,0,0,4.680254741826966e-05
Logistic Reg,No SMOTE,0,0,4.6842936448813286e-05
Logistic Reg,No SMOTE,0,0,0.0017566242426680257
Logistic Reg,No SMOTE,0,0,1.7441143237043874e-06
Logistic Reg,No SMOTE,0,0,0.07072176703951324
Logistic Reg,No SMOTE,0,0,5.12657854680393e-12
Logistic Reg,No SMOTE,0,0,0.3627843573201049
Logistic Reg,No SMOTE,0,0,4.5669125662353095e-05
Logistic Reg,No SMOTE,0,0,4.950891290606686e-05
Logistic Reg,No SMOTE,0,0,7.015879923261967e-07
Logistic Reg,No SMOTE,0,0,0.03306010161887068
Logistic Reg,No SMOTE,0,0,0.12831418409131345
Logistic Reg,No SMOTE,0,0,7.989172847421705e-22
Logistic Reg,No SMOTE,0,0,8.208580256403655e-07
Logistic Reg,No SMOTE,0,0,5.201173656717849e-13
Logistic Reg,No SMOTE,0,0,9.465203941475512e-12
Logistic Reg,No SMOTE,0,0,1.3583003136904212e-06
Logistic Reg,No SMOTE,0,0,0.0007680863169202052
Logistic Reg,No SMOTE,0,0,0.025356785444413762
Logistic Reg,No SMOTE,0,0,0.005519866494566808
Logistic Reg,No SMOTE,0,0,0.00441735095153546
Logistic Reg,No SMOTE,0,0,0.07583542719254747
Logistic Reg,No SMOTE,0,0,0.0579676579379905
Logistic Reg,No SMOTE,0,0,9.533642103003403e-12
Logistic Reg,No SMOTE,0,0,0.020274239426341996
Logistic Reg,No SMOTE,0,0,8.980561020497758e-28
Logistic Reg,No SMOTE,0,0,9.2912187780208e-07
Logistic Reg,No SMOTE,0,0,7.47766302827865e-07
Logistic Reg,No SMOTE,0,0,0.3169694924158232
Logistic Reg,No SMOTE,0,0,1.1226570973902782e-06
Logistic Reg,No SMOTE,0,0,6.26596025477962e-07
Logistic Reg,No SMOTE,0,0,2.5713497058706107e-27
Logistic Reg,No SMOTE,0,0,0.0011578312946239257
Logistic Reg,No SMOTE,0,0,8.3678349031369e-07
Logistic Reg,No SMOTE,0,0,7.081432747499762e-07
Logistic Reg,No SMOTE,0,0,5.935766912126216e-32
Logistic Reg,No SMOTE,0,0,0.012735098103029825
Logistic Reg,No SMOTE,0,0,4.5651218765689246e-05
Logistic Reg,No SMOTE,0,0,0.027504686721959368
Logistic Reg,No SMOTE,0,0,1.761331122557472e-22
Logistic Reg,No SMOTE,0,0,2.8351604210814233e-11
Logistic Reg,No SMOTE,0,0,0.06941813889854315
Logistic Reg,No SMOTE,0,0,4.654801756012491e-05
Logistic Reg,No SMOTE,0,0,8.388383923603767e-07
Logistic Reg,No SMOTE,0,0,3.3027978067070665e-15
Logistic Reg,No SMOTE,0,0,4.6072196462563376e-05
Logistic Reg,No SMOTE,0,0,0.0010318208223514364
Logistic Reg,No SMOTE,0,0,5.244942159672699e-07
Logistic Reg,No SMOTE,0,0,1.122586174883741e-06
Logistic Reg,No SMOTE,0,0,4.6753218299352144e-05
Logistic Reg,No SMOTE,0,0,0.02909453786379042
Logistic Reg,No SMOTE,0,0,9.326633102177723e-07
Logistic Reg,No SMOTE,0,0,9.393878323561141e-06
Logistic Reg,No SMOTE,0,0,9.0592196322287e-07
Logistic Reg,No SMOTE,0,0,4.581111343097731e-05
Logistic Reg,No SMOTE,0,0,7.69134714626817e-10
Logistic Reg,No SMOTE,0,0,4.5841182433728596e-05
Logistic Reg,No SMOTE,0,0,4.553867496175765e-07
Logistic Reg,No SMOTE,0,0,1.042712706427066e-06
Logistic Reg,No SMOTE,0,0,4.743600044429315e-07
Logistic Reg,No SMOTE,0,0,8.928337118000389e-07
Logistic Reg,No SMOTE,0,0,1.0907457308820905e-05
Logistic Reg,No SMOTE,0,0,0.034309948981241185
Logistic Reg,No SMOTE,0,0,8.2922153468181405e-16
Logistic Reg,No SMOTE,0,0,0.009136453652444698
Logistic Reg,No SMOTE,0,0,0.04320212830440694
Logistic Reg,No SMOTE,0,0,7.919454986162965e-05
Logistic Reg,No SMOTE,0,0,2.595091505354518e-05
Logistic Reg,No SMOTE,0,0,9.622906003043793e-07
Logistic Reg,No SMOTE,0,0,4.561260548260418e-05
Logistic Reg,No SMOTE,0,0,5.2152981822415746e-05
Logistic Reg,No SMOTE,0,0,0.029960473729457364
Logistic Reg,No SMOTE,0,0,9.777719533346906e-08
Logistic Reg,No SMOTE,0,0,0.0038479494831072545
Logistic Reg,No SMOTE,0,0,8.082692084793674e-06
Logistic Reg,No SMOTE,0,0,0.01593316997943221
Logistic Reg,No SMOTE,0,0,7.54365024228004e-09
Logistic Reg,No SMOTE,0,0,0.0011555851989176187
Logistic Reg,No SMOTE,0,0,0.024623580419627172
Logistic Reg,No SMOTE,0,0,0.0008972640685156161
Logistic Reg,No SMOTE,0,0,0.03192140298278443
Logistic Reg,No SMOTE,0,0,0.0545597900317034
Logistic Reg,No SMOTE,0,0,8.824653595342525e-06
Logistic Reg,No SMOTE,0,0,1.0450719173900344e-06
Logistic Reg,No SMOTE,0,0,3.097049029717146e-05
Logistic Reg,No SMOTE,0,0,4.802902925889871e-05
Logistic Reg,No SMOTE,0,0,9.119192870821942e-07
Logistic Reg,No SMOTE,0,0,4.7912816637716324e-05
Logistic Reg,No SMOTE,0,0,0.2635296476645006
Logistic Reg,No SMOTE,0,0,5.539691107180663e-06
Logistic Reg,No SMOTE,0,0,0.0681666315964626
Logistic Reg,No SMOTE,0,0,4.650468284645246e-13
Logistic Reg,No SMOTE,0,0,1.0806895583862842e-06
Logistic Reg,No SMOTE,0,0,0.02505921640760158
Logistic Reg,No SMOTE,0,0,0.010909999041703306
Logistic Reg,No SMOTE,0,0,0.005551958081797581
Logistic Reg,No SMOTE,0,0,2.982935389071748e-10
Logistic Reg,No SMOTE,0,0,0.0007700536191504647
Logistic Reg,No SMOTE,0,0,7.065043330199167e-07
Logistic Reg,No SMOTE,0,0,0.0010284065354366336
Logistic Reg,No SMOTE,0,0,4.424595421552748e-06
Logistic Reg,No SMOTE,0,0,0.03925857239042588
Logistic Reg,No SMOTE,0,0,5.735283588241012e-13
Logistic Reg,No SMOTE,0,0,0.039399890531458
Logistic Reg,No SMOTE,0,0,4.559103749667033e-05
Logistic Reg,No SMOTE,0,0,4.6412047684239047e-05
Logistic Reg,No SMOTE,0,0,3.163239773374707e-09
Logistic Reg,No SMOTE,0,0,5.616675099440996e-07
Logistic Reg,No SMOTE,0,0,9.665339129526893e-07
Logistic Reg,No SMOTE,0,0,0.00028270421236872406
Logistic Reg,No SMOTE,0,0,6.733477371170822e-43
Logistic Reg,No SMOTE,0,0,1.5743238901462092e-14
Logistic Reg,No SMOTE,0,0,4.5595431160219676e-05
Logistic Reg,No SMOTE,0,0,5.261310793686878e-07
Logistic Reg,No SMOTE,0,0,8.85222262246771e-07
Logistic Reg,No SMOTE,0,0,0.0009205120517693442
Logistic Reg,No SMOTE,0,0,1.4009192529326496e-05
Logistic Reg,No SMOTE,0,0,0.03965154450018003
Logistic Reg,No SMOTE,0,0,1.1390283038575314e-06
Logistic Reg,No SMOTE,0,0,0.00012702126613789813
Logistic Reg,No SMOTE,0,0,0.0009306568863294507
Logistic Reg,No SMOTE,0,0,0.03089145351041277
Logistic Reg,No SMOTE,0,0,0.013843695824490649
Logistic Reg,No SMOTE,0,0,7.222843607890273e-08
Logistic Reg,No SMOTE,0,0,6.576679244036358e-07
Logistic Reg,No SMOTE,0,0,8.132573557693097e-07
Logistic Reg,No SMOTE,0,0,8.934967373998363e-07
Logistic Reg,No SMOTE,0,0,0.011469957946649054
Logistic Reg,No SMOTE,0,0,2.2161895942887862e-07
Logistic Reg,No SMOTE,0,1,0.8611892504073785
Logistic Reg,No SMOTE,0,0,0.045888639268346375
Logistic Reg,No SMOTE,0,0,4.74232489924308e-05
Logistic Reg,No SMOTE,0,0,4.6053420775991986e-05
Logistic Reg,No SMOTE,0,0,4.266931935463476e-05
Logistic Reg,No SMOTE,0,0,0.16277768392438255
Logistic Reg,No SMOTE,0,0,0.002681141360913932
Logistic Reg,No SMOTE,0,0,6.393636643226093e-13
Logistic Reg,No SMOTE,0,0,1.4384202493576775e-15
Logistic Reg,No SMOTE,0,0,0.004867010769616529
Logistic Reg,No SMOTE,0,0,0.0043020698362816355
Logistic Reg,No SMOTE,0,0,3.0959398711409525e-07
Logistic Reg,No SMOTE,0,0,4.8066137192910614e-05
Logistic Reg,No SMOTE,0,0,0.02968160325198734
Logistic Reg,No SMOTE,0,0,0.009362399514426882
Logistic Reg,No SMOTE,0,0,1.6068847266445447e-07
Logistic Reg,No SMOTE,0,0,0.0007245676957672245
Logistic Reg,No SMOTE,0,0,4.681430378478827e-05
Logistic Reg,No SMOTE,0,0,0.00636036319873903
Logistic Reg,No SMOTE,0,0,0.0005994211430041239
Logistic Reg,No SMOTE,0,0,4.516115477538097e-12
Logistic Reg,No SMOTE,0,0,4.8029904703522706e-05
Logistic Reg,No SMOTE,0,0,0.01499744866193778
Logistic Reg,No SMOTE,0,0,4.629617040281713e-05
Logistic Reg,No SMOTE,0,0,0.00025321236481930584
Logistic Reg,No SMOTE,0,0,1.1194855956890994e-06
Logistic Reg,No SMOTE,0,0,4.052143120050409e-06
Logistic Reg,No SMOTE,0,0,0.021808851646375357
Logistic Reg,No SMOTE,0,0,1.267940767858081e-20
Logistic Reg,No SMOTE,0,0,0.014476942146755786
Logistic Reg,No SMOTE,0,0,0.03295820306284686
Logistic Reg,No SMOTE,0,0,0.013420260794383404
Logistic Reg,No SMOTE,0,0,0.02704344439868933
Logistic Reg,No SMOTE,0,0,4.5582201238835944e-05
Logistic Reg,No SMOTE,0,0,1.4385358807050972e-20
Logistic Reg,No SMOTE,0,0,6.874478259496103e-08
Logistic Reg,No SMOTE,0,0,1.2176349011072717e-06
Logistic Reg,No SMOTE,0,0,4.561875139981232e-05
Logistic Reg,No SMOTE,0,0,0.033308395953985236
Logistic Reg,No SMOTE,0,0,1.0766490208233736e-06
Logistic Reg,No SMOTE,0,0,0.0239532898136586
Logistic Reg,No SMOTE,0,0,1.1784465791126546e-10
Logistic Reg,No SMOTE,0,0,0.02889788582155954
Logistic Reg,No SMOTE,0,0,1.5854279902516954e-06
Logistic Reg,No SMOTE,0,0,1.002596057718436e-06
Logistic Reg,No SMOTE,0,0,1.7609520198870519e-12
Logistic Reg,No SMOTE,0,0,7.367477484300098e-07
Logistic Reg,No SMOTE,0,0,8.28152992946872e-07
Logistic Reg,No SMOTE,0,0,0.44753101445358523
Logistic Reg,No SMOTE,0,0,0.0033789789432162156
Logistic Reg,No SMOTE,0,0,0.0023217783464723526
Logistic Reg,No SMOTE,0,0,1.5440069291744526e-06
Logistic Reg,No SMOTE,0,0,2.5364845430489334e-11
Logistic Reg,No SMOTE,0,1,0.8289875877853704
Logistic Reg,No SMOTE,0,0,7.954497942352287e-07
Logistic Reg,No SMOTE,0,0,0.0437194648104284
Logistic Reg,No SMOTE,0,0,7.688458771415474e-07
Logistic Reg,No SMOTE,0,0,0.017247559881516324
Logistic Reg,No SMOTE,0,0,0.03546164570838615
Logistic Reg,No SMOTE,0,0,0.023966363801550265
Logistic Reg,No SMOTE,0,0,0.030927736577244406
Logistic Reg,No SMOTE,0,0,3.063543875005314e-18
Logistic Reg,No SMOTE,0,0,4.6203778008150476e-05
Logistic Reg,No SMOTE,0,0,0.00485066479072817
Logistic Reg,No SMOTE,0,0,7.771504555223242e-09
Logistic Reg,No SMOTE,0,0,0.059530749250658925
Logistic Reg,No SMOTE,0,0,1.3150201259464783e-08
Logistic Reg,No SMOTE,0,0,0.04348885608253147
Logistic Reg,No SMOTE,0,0,6.622613520553263e-07
Logistic Reg,No SMOTE,0,0,0.0017939570856371078
Logistic Reg,No SMOTE,0,0,0.0319178967946033
Logistic Reg,No SMOTE,0,0,2.896012155047509e-16
Logistic Reg,No SMOTE,0,0,1.249191119014748e-06
Logistic Reg,No SMOTE,0,0,1.3831126627589129e-06
Logistic Reg,No SMOTE,0,0,0.018492436012289813
Logistic Reg,No SMOTE,0,0,0.0013824812205667446
Logistic Reg,No SMOTE,0,0,8.619171874271017e-07
Logistic Reg,No SMOTE,0,0,0.020878828280391983
Logistic Reg,No SMOTE,0,0,4.722566854260409e-05
Logistic Reg,No SMOTE,0,0,5.0440722740043156e-17
Logistic Reg,No SMOTE,0,0,4.6194949314390144e-05
Logistic Reg,No SMOTE,0,0,1.3935866730982634e-07
Logistic Reg,No SMOTE,0,0,0.025052935394011586
Logistic Reg,No SMOTE,0,0,4.6352697911722926e-05
Logistic Reg,No SMOTE,0,0,2.5218393770442e-17
Logistic Reg,No SMOTE,0,0,7.925949372366423e-07
Logistic Reg,No SMOTE,0,0,4.0060183991676526e-20
Logistic Reg,No SMOTE,0,1,0.9110672976994681
Logistic Reg,No SMOTE,0,0,0.007032185745111615
Logistic Reg,No SMOTE,0,0,4.909140723258354e-35
Logistic Reg,No SMOTE,0,0,0.012797768924365368
Logistic Reg,No SMOTE,0,1,0.861118626236607
Logistic Reg,No SMOTE,0,0,5.1262624999530494e-05
Logistic Reg,No SMOTE,0,0,7.674042603805253e-07
Logistic Reg,No SMOTE,0,0,4.6687778631782485e-05
Logistic Reg,No SMOTE,0,0,0.0034572861633783967
Logistic Reg,No SMOTE,0,0,1.3339231688294081e-06
Logistic Reg,No SMOTE,0,0,3.3498183109837955e-12
Logistic Reg,No SMOTE,0,1,0.7345736160542862
Logistic Reg,No SMOTE,0,0,8.347198855034797e-07
Logistic Reg,No SMOTE,0,0,1.3803418915846505e-06
Logistic Reg,No SMOTE,0,0,9.64043810644677e-07
Logistic Reg,No SMOTE,0,0,9.879777424442637e-07
Logistic Reg,No SMOTE,0,0,4.5714021538535424e-05
Logistic Reg,No SMOTE,0,0,4.814156628774794e-05
Logistic Reg,No SMOTE,0,1,0.8442330677396471
Logistic Reg,No SMOTE,0,1,0.8201402064896498
Logistic Reg,No SMOTE,0,1,0.9210200683110081
Logistic Reg,No SMOTE,0,0,0.04413330871412419
Logistic Reg,No SMOTE,0,0,5.079498615383262e-16
Logistic Reg,No SMOTE,0,0,0.0864418410457441
Logistic Reg,No SMOTE,0,0,7.134111606453937e-09
Logistic Reg,No SMOTE,0,0,5.251721301524781e-12
Logistic Reg,No SMOTE,0,0,2.573256669493323e-17
Logistic Reg,No SMOTE,0,0,1.9623746089791749e-07
Logistic Reg,No SMOTE,0,0,1.1535720329469297e-06
Logistic Reg,No SMOTE,0,0,0.011959868714100695
Logistic Reg,No SMOTE,0,0,4.6031230541367714e-05
Logistic Reg,No SMOTE,0,0,9.459353317164092e-07
Logistic Reg,No SMOTE,0,0,0.0268573268123199
Logistic Reg,No SMOTE,0,0,4.6942249850237076e-05
Logistic Reg,No SMOTE,0,0,4.5917839428032657e-07
Logistic Reg,No SMOTE,0,0,4.66025869814774e-05
Logistic Reg,No SMOTE,0,0,6.746851329181141e-07
Logistic Reg,No SMOTE,0,0,4.575218963101482e-05
Logistic Reg,No SMOTE,0,0,0.02895240528624268
Logistic Reg,No SMOTE,0,0,7.78470629718779e-07
Logistic Reg,No SMOTE,0,0,0.02981221273396059
Logistic Reg,No SMOTE,0,0,0.002729546480909354
Logistic Reg,No SMOTE,0,0,0.009138090248700917
Logistic Reg,No SMOTE,0,0,0.043463557611758186
Logistic Reg,No SMOTE,0,0,2.1490054734284748e-05
Logistic Reg,No SMOTE,0,0,4.590711435412912e-05
Logistic Reg,No SMOTE,0,0,4.800175626676121e-16
Logistic Reg,No SMOTE,0,0,0.0011249411142387374
Logistic Reg,No SMOTE,0,0,0.028829489761057852
Logistic Reg,No SMOTE,0,0,0.001062854917807049
Logistic Reg,No SMOTE,0,0,2.124700071487615e-06
Logistic Reg,No SMOTE,0,0,2.723003507345552e-07
Logistic Reg,No SMOTE,0,0,4.2043082301595504e-21
Logistic Reg,No SMOTE,0,0,8.57692772178755e-07
Logistic Reg,No SMOTE,0,0,4.653185571821421e-05
Logistic Reg,No SMOTE,0,0,1.157953405395002e-06
Logistic Reg,No SMOTE,0,0,0.0199925826473654
Logistic Reg,No SMOTE,0,0,0.04462281778547671
Logistic Reg,No SMOTE,0,0,6.516736251494226e-07
Logistic Reg,No SMOTE,0,0,8.325259963290952e-26
Logistic Reg,No SMOTE,0,1,0.8681491078680065
Logistic Reg,No SMOTE,0,0,6.78686940251925e-06
Logistic Reg,No SMOTE,0,1,0.9692127729537393
Logistic Reg,No SMOTE,0,0,1.0257130321486012e-06
Logistic Reg,No SMOTE,0,0,0.018164978806843802
Logistic Reg,No SMOTE,0,0,0.015752705997812148
Logistic Reg,No SMOTE,0,0,0.008721857200919876
Logistic Reg,No SMOTE,0,0,0.0005088820725142737
Logistic Reg,No SMOTE,0,0,2.8278513629693925e-07
Logistic Reg,No SMOTE,0,0,6.897099490651809e-05
Logistic Reg,No SMOTE,0,0,4.5814324708516184e-05
Logistic Reg,No SMOTE,0,0,4.747451848061949e-05
Logistic Reg,No SMOTE,0,0,0.0012512592093204755
Logistic Reg,No SMOTE,0,0,9.651422161921227e-07
Logistic Reg,No SMOTE,0,0,4.62751916710619e-05
Logistic Reg,No SMOTE,0,0,4.649450933536294e-05
Logistic Reg,No SMOTE,0,0,3.9388861410810553e-07
Logistic Reg,No SMOTE,0,0,1.311399889366699e-06
Logistic Reg,No SMOTE,0,0,0.024771085005687712
Logistic Reg,No SMOTE,0,0,4.0782555640735905e-07
Logistic Reg,No SMOTE,0,0,1.659836987965688e-08
Logistic Reg,No SMOTE,0,0,0.0011890512144891877
Logistic Reg,No SMOTE,0,0,1.4715744900491972e-05
Logistic Reg,No SMOTE,0,0,0.0007930185993751512
Logistic Reg,No SMOTE,0,0,0.07817248076269392
Logistic Reg,No SMOTE,0,0,1.235233437169279e-13
Logistic Reg,No SMOTE,0,0,0.21377135730061222
Logistic Reg,No SMOTE,0,0,1.686292920062243e-08
Logistic Reg,No SMOTE,0,0,0.001116232850394004
Logistic Reg,No SMOTE,0,0,0.08823539972125374
Logistic Reg,No SMOTE,0,0,4.725999446115202e-05
Logistic Reg,No SMOTE,0,0,1.5086457651266386e-10
Logistic Reg,No SMOTE,0,0,7.25174639425687e-07
Logistic Reg,No SMOTE,0,0,0.06148457606458374
Logistic Reg,No SMOTE,0,1,0.8861913223293895
Logistic Reg,No SMOTE,0,0,2.5061670471132172e-05
Logistic Reg,No SMOTE,0,0,1.0696557861561474e-06
Logistic Reg,No SMOTE,0,0,1.0963245983944656e-07
Logistic Reg,No SMOTE,0,0,1.3366262771184048e-11
Logistic Reg,No SMOTE,0,0,0.022192831527664825
Logistic Reg,No SMOTE,0,0,0.00146694934066391
Logistic Reg,No SMOTE,0,0,4.883626414290893e-05
Logistic Reg,No SMOTE,0,0,0.04957763990718096
Logistic Reg,No SMOTE,0,0,7.169174328206143e-07
Logistic Reg,No SMOTE,0,0,0.027741625625134367
Logistic Reg,No SMOTE,0,0,0.03135849095486741
Logistic Reg,No SMOTE,0,0,6.910966588053187e-07
Logistic Reg,No SMOTE,0,0,0.0010659518740160526
Logistic Reg,No SMOTE,0,0,7.23524805293369e-07
Logistic Reg,No SMOTE,0,0,0.04221023640832895
Logistic Reg,No SMOTE,0,0,2.773869301387417e-05
Logistic Reg,No SMOTE,0,0,0.011424323371386536
Logistic Reg,No SMOTE,0,0,4.755365202227269e-05
Logistic Reg,No SMOTE,0,0,0.000699638933563962
Logistic Reg,No SMOTE,0,0,6.532439794780683e-06
Logistic Reg,No SMOTE,0,0,0.02926915780370331
Logistic Reg,No SMOTE,0,0,9.43285306513157e-07
Logistic Reg,No SMOTE,0,0,0.024041266628754516
Logistic Reg,No SMOTE,0,0,1.0207657430795161e-08
Logistic Reg,No SMOTE,0,0,5.787101965163841e-07
Logistic Reg,No SMOTE,0,0,1.4906408702273636e-05
Logistic Reg,No SMOTE,0,1,0.6949173694415539
Logistic Reg,No SMOTE,0,0,0.0005920180734439115
Logistic Reg,No SMOTE,0,0,0.012788797732382184
Logistic Reg,No SMOTE,0,1,0.8087257618172945
Logistic Reg,No SMOTE,0,0,8.236033457207927e-11
Logistic Reg,No SMOTE,0,0,2.3396871997546983e-08
Logistic Reg,No SMOTE,0,0,0.007105684438632857
Logistic Reg,No SMOTE,0,0,1.5550540938307581e-09
Logistic Reg,No SMOTE,0,0,0.0004673401561459895
Logistic Reg,No SMOTE,0,0,7.369902737887494e-10
Logistic Reg,No SMOTE,0,0,1.1712131573808772e-11
Logistic Reg,No SMOTE,0,0,2.507112895070711e-14
Logistic Reg,No SMOTE,0,0,0.011876405936494644
Logistic Reg,No SMOTE,0,0,1.1406937677616233e-06
Logistic Reg,No SMOTE,0,0,0.000575603295151103
Logistic Reg,No SMOTE,0,0,0.0748429535451117
Logistic Reg,No SMOTE,0,0,8.969232216636002e-07
Logistic Reg,No SMOTE,0,0,3.4978674635085275e-11
Logistic Reg,No SMOTE,0,0,1.3319599284443345e-06
Logistic Reg,No SMOTE,0,0,1.0293538435143531e-06
Logistic Reg,No SMOTE,0,0,0.0007204615822101991
Logistic Reg,No SMOTE,0,0,3.6789303414679066e-05
Logistic Reg,No SMOTE,0,0,9.450801116237469e-07
Logistic Reg,No SMOTE,0,0,0.0014822206245098505
Logistic Reg,No SMOTE,0,0,6.866565278491802e-09
Logistic Reg,No SMOTE,0,0,1.066222093586273e-15
Logistic Reg,No SMOTE,0,0,4.561477804951508e-05
Logistic Reg,No SMOTE,0,0,7.108642917250059e-07
Logistic Reg,No SMOTE,0,0,4.708378467566261e-05
Logistic Reg,No SMOTE,0,0,0.014426818564121492
Logistic Reg,No SMOTE,0,0,0.0007948404200649163
Logistic Reg,No SMOTE,0,0,0.012864955041514472
Logistic Reg,No SMOTE,0,0,1.8291819200346146e-07
Logistic Reg,No SMOTE,0,0,8.158864057454945e-07
Logistic Reg,No SMOTE,0,0,0.03183965864278032
Logistic Reg,No SMOTE,0,0,0.030544629600679593
Logistic Reg,No SMOTE,0,0,0.0013132539953660063
Logistic Reg,No SMOTE,0,0,4.121131407043397e-08
Logistic Reg,No SMOTE,0,0,0.035369572595638415
Logistic Reg,No SMOTE,0,0,9.892536039950921e-07
Logistic Reg,No SMOTE,0,0,0.0010751435570774302
Logistic Reg,No SMOTE,0,0,7.246803700464871e-07
Logistic Reg,No SMOTE,0,0,4.607617072403286e-05
Logistic Reg,No SMOTE,0,0,0.000946802792634437
Logistic Reg,No SMOTE,0,0,0.05473202073649648
Logistic Reg,No SMOTE,0,0,5.0604048084971185e-08
Logistic Reg,No SMOTE,0,0,4.727490225292259e-05
Logistic Reg,No SMOTE,0,0,4.5583708644297425e-05
Logistic Reg,No SMOTE,0,1,0.7125352999063955
Logistic Reg,No SMOTE,0,0,8.066365899518108e-13
Logistic Reg,No SMOTE,0,0,2.110153035648769e-07
Logistic Reg,No SMOTE,0,0,4.558221582640762e-05
Logistic Reg,No SMOTE,0,0,8.186593236115366e-09
Logistic Reg,No SMOTE,0,0,6.194565604438385e-07
Logistic Reg,No SMOTE,0,0,0.03305124087885135
Logistic Reg,No SMOTE,0,0,0.04996966005614615
Logistic Reg,No SMOTE,0,0,1.774996903590687e-10
Logistic Reg,No SMOTE,0,0,1.1956115319059513e-12
Logistic Reg,No SMOTE,0,0,4.562389927755912e-05
Logistic Reg,No SMOTE,0,0,0.03584792584407291
Logistic Reg,No SMOTE,0,0,0.00031856670534166496
Logistic Reg,No SMOTE,0,0,4.610046867350239e-05
Logistic Reg,No SMOTE,0,0,5.1305565471409156e-05
Logistic Reg,No SMOTE,0,0,8.792287042352354e-07
Logistic Reg,No SMOTE,0,0,3.071756107742411e-13
Logistic Reg,No SMOTE,1,1,0.9999400631603711
Logistic Reg,No SMOTE,0,0,1.2800844104089028e-05
Logistic Reg,No SMOTE,0,0,8.622960571477712e-07
Logistic Reg,No SMOTE,0,0,1.2256763422394005e-37
Logistic Reg,No SMOTE,0,0,0.0008755923998348153
Logistic Reg,No SMOTE,0,0,4.609330878025912e-05
Logistic Reg,No SMOTE,0,0,0.04219607721706141
Logistic Reg,No SMOTE,0,0,9.093971801814905e-07
Logistic Reg,No SMOTE,0,0,0.0036847372851882363
Logistic Reg,No SMOTE,0,0,4.559027833733514e-05
Logistic Reg,No SMOTE,0,0,7.759745308472576e-07
Logistic Reg,No SMOTE,0,0,0.018277766371781738
Logistic Reg,No SMOTE,0,0,0.043030243143123016
Logistic Reg,No SMOTE,0,0,1.162982531863315e-16
Logistic Reg,No SMOTE,0,0,0.05226525219711774
Logistic Reg,No SMOTE,0,0,1.6651333973943782e-09
Logistic Reg,No SMOTE,0,0,1.0539963116017661e-06
Logistic Reg,No SMOTE,0,0,5.197925515459412e-05
Logistic Reg,No SMOTE,0,0,1.2182802795936822e-07
Logistic Reg,No SMOTE,0,0,0.0004777748050582348
Logistic Reg,No SMOTE,0,1,0.7482296113545707
Logistic Reg,No SMOTE,0,0,6.234536405813677e-17
Logistic Reg,No SMOTE,0,0,4.758195528008605e-05
Logistic Reg,No SMOTE,0,0,0.00015489049047958097
Logistic Reg,No SMOTE,0,0,0.011719739302170427
Logistic Reg,No SMOTE,0,0,0.037691380975331285
Logistic Reg,No SMOTE,0,0,1.9411089557224854e-05
Logistic Reg,No SMOTE,0,0,0.04397473269156023
Logistic Reg,No SMOTE,0,0,2.794054144398184e-09
Logistic Reg,No SMOTE,0,0,6.47599674960283e-07
Logistic Reg,No SMOTE,0,0,0.03462758484584739
Logistic Reg,No SMOTE,0,0,4.9050972993951264e-05
Logistic Reg,No SMOTE,0,0,0.032815773474707925
Logistic Reg,No SMOTE,0,0,0.27244845785535216
Logistic Reg,No SMOTE,0,0,4.589533070776131e-05
Logistic Reg,No SMOTE,0,0,8.814388885984232e-07
Logistic Reg,No SMOTE,0,0,4.9188701326631613e-05
Logistic Reg,No SMOTE,0,0,2.0895401415633445e-09
Logistic Reg,No SMOTE,0,1,0.582160150792406
Logistic Reg,No SMOTE,0,0,3.6272753318992015e-14
Logistic Reg,No SMOTE,0,0,8.831897865411804e-07
Logistic Reg,No SMOTE,0,0,0.14451109370151485
Logistic Reg,No SMOTE,0,0,1.0263604381943058e-18
Logistic Reg,No SMOTE,0,0,6.880266065174457e-08
Logistic Reg,No SMOTE,0,0,4.862415328822749e-05
Logistic Reg,No SMOTE,0,0,1.5478278001767018e-09
Logistic Reg,No SMOTE,0,0,1.0586995443403128e-06
Logistic Reg,No SMOTE,0,0,0.015702836618561648
Logistic Reg,No SMOTE,0,0,8.908327167534185e-07
Logistic Reg,No SMOTE,0,0,5.347639476818553e-05
Logistic Reg,No SMOTE,0,0,0.0014397056398318113
Logistic Reg,No SMOTE,0,0,1.0193177313554633e-16
Logistic Reg,No SMOTE,0,0,0.042850248126505126
Logistic Reg,No SMOTE,0,0,0.023326117023733137
Logistic Reg,No SMOTE,0,0,5.0252612978988856e-05
Logistic Reg,No SMOTE,0,0,0.0003859476715143861
Logistic Reg,No SMOTE,0,0,8.153804430898988e-07
Logistic Reg,No SMOTE,0,0,4.993982927257834e-05
Logistic Reg,No SMOTE,0,0,7.675129230122082e-07
Logistic Reg,No SMOTE,0,0,0.1898536370321003
Logistic Reg,No SMOTE,0,0,2.018981753352161e-06
Logistic Reg,No SMOTE,0,0,0.04304513362149288
Logistic Reg,No SMOTE,0,0,0.04002693132601098
Logistic Reg,No SMOTE,0,0,8.05099157443121e-07
Logistic Reg,No SMOTE,0,0,5.0732309370053184e-05
Logistic Reg,No SMOTE,0,0,0.012025121360121061
Logistic Reg,No SMOTE,0,0,0.40651654170083856
Logistic Reg,No SMOTE,0,0,4.561968654328675e-05
Logistic Reg,No SMOTE,0,0,5.2111308944791634e-05
Logistic Reg,No SMOTE,0,0,0.051279982774501576
Logistic Reg,No SMOTE,0,0,0.06710016854441088
Logistic Reg,No SMOTE,0,0,7.110766481812264e-08
Logistic Reg,No SMOTE,0,0,1.0505022043348078e-14
Logistic Reg,No SMOTE,0,0,4.64795867613206e-05
Logistic Reg,No SMOTE,0,0,1.0735260953913558e-06
Logistic Reg,No SMOTE,0,0,0.0006063415510164874
Logistic Reg,No SMOTE,0,0,2.37372255762856e-06
Logistic Reg,No SMOTE,0,1,0.6017149634040261
Logistic Reg,No SMOTE,0,0,0.028830385345450335
Logistic Reg,No SMOTE,0,0,8.539415017233585e-07
Logistic Reg,No SMOTE,0,0,0.03540334739849463
Logistic Reg,No SMOTE,0,0,0.005685328995985396
Logistic Reg,No SMOTE,0,0,0.001337200415782386
Logistic Reg,No SMOTE,0,0,2.3428876675427102e-15
Logistic Reg,No SMOTE,0,0,4.715091765325912e-05
Logistic Reg,No SMOTE,0,0,0.01201407855062796
Logistic Reg,No SMOTE,0,0,0.0006897023621029691
Logistic Reg,No SMOTE,0,0,0.04320091983107426
Logistic Reg,No SMOTE,0,0,8.635713590203468e-10
Logistic Reg,No SMOTE,0,0,0.007062886438353733
Logistic Reg,No SMOTE,0,0,0.038349769666346026
Logistic Reg,No SMOTE,0,0,7.006975474450017e-07
Logistic Reg,No SMOTE,0,0,0.03928808974516241
Logistic Reg,No SMOTE,0,0,1.2192786584577787e-06
Logistic Reg,No SMOTE,0,0,0.00013034080648033968
Logistic Reg,No SMOTE,0,0,9.082439847052402e-07
Logistic Reg,No SMOTE,0,0,0.04224562886841558
Logistic Reg,No SMOTE,0,0,0.0030674667672970567
Logistic Reg,No SMOTE,0,0,6.314082353004658e-13
Logistic Reg,No SMOTE,0,1,0.8360891096175171
Logistic Reg,No SMOTE,0,0,0.04701508680568085
Logistic Reg,No SMOTE,0,0,0.0024405995787188067
Logistic Reg,No SMOTE,0,0,0.04564322083486619
Logistic Reg,No SMOTE,0,0,1.8305860728561377e-25
Logistic Reg,No SMOTE,0,0,5.5956352223853266e-11
Logistic Reg,No SMOTE,0,0,0.008545847625577491
Logistic Reg,No SMOTE,0,0,4.862326246727782e-05
Logistic Reg,No SMOTE,0,0,1.1091180065478596e-11
Logistic Reg,No SMOTE,0,0,0.024714269028512485
Logistic Reg,No SMOTE,0,0,0.30444774925750834
Logistic Reg,No SMOTE,0,0,2.0900008104029014e-13
Logistic Reg,No SMOTE,0,0,2.767588840326714e-14
Logistic Reg,No SMOTE,0,0,1.0162259753563989e-06
Logistic Reg,No SMOTE,0,0,4.673847663755894e-05
Logistic Reg,No SMOTE,0,0,0.02325418489246949
Logistic Reg,No SMOTE,0,0,0.03393041913196898
Logistic Reg,No SMOTE,0,0,0.028783898990996183
Logistic Reg,No SMOTE,0,0,9.684144825417952e-07
Logistic Reg,No SMOTE,0,0,8.51159164466945e-07
Logistic Reg,No SMOTE,0,0,0.00018673483308382914
Logistic Reg,No SMOTE,0,0,5.024043837376824e-39
Logistic Reg,No SMOTE,0,0,0.024170963495234336
Logistic Reg,No SMOTE,0,0,1.970181044750359e-11
Logistic Reg,No SMOTE,0,0,9.6404526991773e-07
Logistic Reg,No SMOTE,0,0,3.6562800971130895e-14
Logistic Reg,No SMOTE,0,0,0.022408474803004248
Logistic Reg,No SMOTE,0,0,1.120877099924429e-06
Logistic Reg,No SMOTE,0,0,0.030018872386197677
Logistic Reg,No SMOTE,0,0,0.010764840439565144
Logistic Reg,No SMOTE,0,0,9.073257434956614e-07
Logistic Reg,No SMOTE,0,0,1.4755540079434414e-06
Logistic Reg,No SMOTE,0,0,0.25165615587269763
Logistic Reg,No SMOTE,0,0,9.199748613480665e-07
Logistic Reg,No SMOTE,0,0,0.0179797001203807
Logistic Reg,No SMOTE,0,0,4.05993751389332e-17
Logistic Reg,No SMOTE,0,0,2.3999924820180444e-10
Logistic Reg,No SMOTE,0,0,0.034387357414349506
Logistic Reg,No SMOTE,0,0,5.764562391598486e-15
Logistic Reg,No SMOTE,0,0,1.456867341151263e-19
Logistic Reg,No SMOTE,0,0,4.621258383656627e-05
Logistic Reg,No SMOTE,0,0,1.3422105015780634e-13
Logistic Reg,No SMOTE,0,0,2.3911154442725985e-07
Logistic Reg,No SMOTE,0,0,9.268687545161134e-06
Logistic Reg,No SMOTE,0,0,0.0006853565998417044
Logistic Reg,No SMOTE,0,0,5.1600444381191867e-08
Logistic Reg,No SMOTE,0,0,5.491407089900772e-05
Logistic Reg,No SMOTE,0,0,1.0442442422100096e-06
Logistic Reg,No SMOTE,0,0,6.546278838952038e-09
Logistic Reg,No SMOTE,0,0,0.021195775554120246
Logistic Reg,No SMOTE,0,0,0.015350987903385483
Logistic Reg,No SMOTE,0,0,0.03553796050088234
Logistic Reg,No SMOTE,0,0,1.577829184755304e-09
Logistic Reg,No SMOTE,0,0,5.425698299364377e-05
Logistic Reg,No SMOTE,0,0,1.0808549694624782e-06
Logistic Reg,No SMOTE,0,0,3.097789253292225e-08
Logistic Reg,No SMOTE,0,0,0.0008594794191676593
Logistic Reg,No SMOTE,0,1,0.9012500610003458
Logistic Reg,No SMOTE,0,0,0.005467168267632368
Logistic Reg,No SMOTE,0,0,8.776463071209615e-07
Logistic Reg,No SMOTE,0,0,6.801799133731602e-07
Logistic Reg,No SMOTE,0,0,0.02857563866972211
Logistic Reg,No SMOTE,0,0,0.032213808579997005
Logistic Reg,No SMOTE,0,0,4.561892580992945e-05
Logistic Reg,No SMOTE,0,0,6.629530925609916e-11
Logistic Reg,No SMOTE,0,0,0.030637167671052876
Logistic Reg,No SMOTE,0,0,5.113190945408215e-08
Logistic Reg,No SMOTE,0,0,1.0425159054930803e-06
Logistic Reg,No SMOTE,0,0,0.0019151348016243964
Logistic Reg,No SMOTE,0,0,4.539017093210581e-06
Logistic Reg,No SMOTE,0,0,0.0014681509975171289
Logistic Reg,No SMOTE,0,0,5.070729635460158e-05
Logistic Reg,No SMOTE,0,0,1.7913572692099104e-08
Logistic Reg,No SMOTE,0,0,1.2564610239663336e-06
Logistic Reg,No SMOTE,0,0,2.3740902426980276e-10
Logistic Reg,No SMOTE,0,0,7.243929914622877e-07
Logistic Reg,No SMOTE,0,0,4.584908490338869e-17
Logistic Reg,No SMOTE,0,0,4.574972319450197e-05
Logistic Reg,No SMOTE,0,0,0.0033932237570962675
Logistic Reg,No SMOTE,0,0,4.614949542284173e-05
Logistic Reg,No SMOTE,0,0,0.02859749051826752
Logistic Reg,No SMOTE,0,0,0.0015415066633109428
Logistic Reg,No SMOTE,0,0,4.6253361525363464e-05
Logistic Reg,No SMOTE,0,0,0.003947224312732761
Logistic Reg,No SMOTE,0,0,1.1334026497595154e-10
Logistic Reg,No SMOTE,0,0,4.668715653831473e-05
Logistic Reg,No SMOTE,0,0,3.246210177216934e-07
Logistic Reg,No SMOTE,0,0,1.03361266798076e-06
Logistic Reg,No SMOTE,0,0,7.691174434973235e-07
Logistic Reg,No SMOTE,0,0,8.940568057371347e-06
Logistic Reg,No SMOTE,0,0,0.022153501768431887
Logistic Reg,No SMOTE,0,0,0.0003358667716295102
Logistic Reg,No SMOTE,0,0,4.718747307760829e-05
Logistic Reg,No SMOTE,0,0,4.7831013842085305e-05
Logistic Reg,No SMOTE,0,0,9.462588807801964e-07
Logistic Reg,No SMOTE,0,0,1.350935785865776e-07
Logistic Reg,No SMOTE,0,0,4.565591505834706e-05
Logistic Reg,No SMOTE,0,0,4.451533763333769e-16
Logistic Reg,No SMOTE,0,0,6.265673441770553e-07
Logistic Reg,No SMOTE,0,0,2.5822135623405373e-12
Logistic Reg,No SMOTE,0,0,1.6224326142198644e-07
Logistic Reg,No SMOTE,0,0,4.6731290798925545e-05
Logistic Reg,No SMOTE,0,0,9.833454973269623e-07
Logistic Reg,No SMOTE,0,0,0.0004322962413946607
Logistic Reg,No SMOTE,0,0,4.669064897574364e-05
Logistic Reg,No SMOTE,0,0,0.02258938940901253
Logistic Reg,No SMOTE,0,0,0.2539422922327599
Logistic Reg,No SMOTE,0,0,7.76567829939585e-07
Logistic Reg,No SMOTE,0,0,0.012644182071776523
Logistic Reg,No SMOTE,0,0,1.3558611631576498e-14
Logistic Reg,No SMOTE,0,0,0.007049401550780422
Logistic Reg,No SMOTE,0,0,0.03297244975136594
Logistic Reg,No SMOTE,0,0,4.685614722105541e-05
Logistic Reg,No SMOTE,0,0,0.024152861028518935
Logistic Reg,No SMOTE,0,0,0.039930762522660944
Logistic Reg,No SMOTE,0,0,9.03943496102697e-11
Logistic Reg,No SMOTE,0,0,0.001072346147999546
Logistic Reg,No SMOTE,0,0,2.5965765390287067e-33
Logistic Reg,No SMOTE,0,0,1.5902517680547832e-13
Logistic Reg,No SMOTE,0,0,0.0010391795274223628
Logistic Reg,No SMOTE,0,0,6.912976659160135e-05
Logistic Reg,No SMOTE,0,0,0.03967882901440656
Logistic Reg,No SMOTE,0,0,1.989046192138809e-14
Logistic Reg,No SMOTE,0,0,7.77916507262688e-12
Logistic Reg,No SMOTE,0,0,0.0006760346800054606
Logistic Reg,No SMOTE,0,0,1.0851435042987998e-06
Logistic Reg,No SMOTE,0,0,0.017141095231354146
Logistic Reg,No SMOTE,0,0,4.593903135074677e-05
Logistic Reg,No SMOTE,0,0,4.467455492882627e-12
Logistic Reg,No SMOTE,0,0,8.072490060011362e-08
Logistic Reg,No SMOTE,0,0,2.1765532630011288e-11
Logistic Reg,No SMOTE,0,0,0.013196106117316983
Logistic Reg,No SMOTE,0,0,5.85903223358234e-10
Logistic Reg,No SMOTE,0,0,5.834901363518286e-14
Logistic Reg,No SMOTE,0,0,0.0071344890154113
Logistic Reg,No SMOTE,0,0,7.401023524176171e-07
Logistic Reg,No SMOTE,0,0,1.3831181942588108e-07
Logistic Reg,No SMOTE,0,0,0.03174940339897479
Logistic Reg,No SMOTE,0,0,0.2974434999299476
Logistic Reg,No SMOTE,0,0,4.783817771703934e-05
Logistic Reg,No SMOTE,0,0,3.506227046516781e-11
Logistic Reg,No SMOTE,0,0,0.034138331261357006
Logistic Reg,No SMOTE,0,0,7.175345842709898e-07
Logistic Reg,No SMOTE,0,0,4.634578871881891e-05
Logistic Reg,No SMOTE,0,0,2.1920249396197813e-17
Logistic Reg,No SMOTE,0,0,1.0275867640409065e-07
Logistic Reg,No SMOTE,0,0,5.479911572487439e-19
Logistic Reg,No SMOTE,0,0,0.0010449154687720461
Logistic Reg,No SMOTE,0,0,1.3603119489335547e-05
Logistic Reg,No SMOTE,0,0,0.00042485658313304433
Logistic Reg,No SMOTE,0,0,0.4089707213738869
Logistic Reg,No SMOTE,0,0,5.850699423518187e-05
Logistic Reg,No SMOTE,0,0,0.0017487262608251034
Logistic Reg,No SMOTE,0,0,4.660439670200624e-05
Logistic Reg,No SMOTE,0,0,4.56065970858332e-05
Logistic Reg,No SMOTE,0,0,7.82488057550209e-07
Logistic Reg,No SMOTE,0,0,9.688305360985116e-07
Logistic Reg,No SMOTE,0,0,0.012629674696023883
Logistic Reg,No SMOTE,0,0,8.607764187968423e-07
Logistic Reg,No SMOTE,0,0,4.5849110235674756e-05
Logistic Reg,No SMOTE,0,1,0.9630158063381137
Logistic Reg,No SMOTE,0,0,0.0013140253436954288
Logistic Reg,No SMOTE,0,0,6.867606738504249e-07
Logistic Reg,No SMOTE,0,0,7.829887081204025e-13
Logistic Reg,No SMOTE,0,0,9.242171821309111e-07
Logistic Reg,No SMOTE,0,0,4.588158450358257e-05
Logistic Reg,No SMOTE,0,0,8.513296998923808e-07
Logistic Reg,No SMOTE,0,0,0.03921632934689517
Logistic Reg,No SMOTE,0,0,0.012372808263920277
Logistic Reg,No SMOTE,0,0,1.1215467263060437e-06
Logistic Reg,No SMOTE,0,0,4.575418024481002e-05
Logistic Reg,No SMOTE,0,0,1.0266690392981898e-06
Logistic Reg,No SMOTE,0,0,2.233379766206679e-13
Logistic Reg,No SMOTE,0,0,2.36490070372715e-24
Logistic Reg,No SMOTE,0,0,0.0015893611825704731
Logistic Reg,No SMOTE,0,0,0.00017318699470192882
Logistic Reg,No SMOTE,0,0,3.43225436964935e-07
Logistic Reg,No SMOTE,0,0,0.0003605283569479868
Logistic Reg,No SMOTE,0,0,1.4688820154273608e-05
Logistic Reg,No SMOTE,0,0,8.773543128030342e-07
Logistic Reg,No SMOTE,0,0,5.3822185618386735e-11
Logistic Reg,No SMOTE,0,0,1.5081452465363695e-09
Logistic Reg,No SMOTE,0,0,4.1617208878797807e-16
Logistic Reg,No SMOTE,0,0,7.945836732374905e-11
Logistic Reg,No SMOTE,0,0,6.0750866056559195e-09
Logistic Reg,No SMOTE,0,0,4.631797259591874e-05
Logistic Reg,No SMOTE,0,0,1.050427406493431e-06
Logistic Reg,No SMOTE,0,0,1.5020503804565632e-33
Logistic Reg,No SMOTE,0,0,4.558772103780738e-05
Logistic Reg,No SMOTE,0,0,5.897255876333331e-07
Logistic Reg,No SMOTE,0,0,0.0008351804316866976
Logistic Reg,No SMOTE,0,0,3.152775237436013e-11
Logistic Reg,No SMOTE,0,0,0.020726893782457387
Logistic Reg,No SMOTE,0,0,0.0007468034457872923
Logistic Reg,No SMOTE,0,0,0.0007069513901474731
Logistic Reg,No SMOTE,0,0,1.1196863639710873e-06
Logistic Reg,No SMOTE,0,0,9.16572890613659e-07
Logistic Reg,No SMOTE,0,0,4.690608381613724e-05
Logistic Reg,No SMOTE,0,0,0.09144764150713024
Logistic Reg,No SMOTE,0,0,5.332609699947318e-05
Logistic Reg,No SMOTE,0,0,9.73884049344016e-07
Logistic Reg,No SMOTE,0,0,0.17645953020257188
Logistic Reg,No SMOTE,0,0,0.0289163728899812
Logistic Reg,No SMOTE,0,0,0.03534815933689987
Logistic Reg,No SMOTE,0,0,1.0336998042485862e-09
Logistic Reg,No SMOTE,0,0,8.552988250509825e-07
Logistic Reg,No SMOTE,0,0,1.0561473620426737e-06
Logistic Reg,No SMOTE,0,0,0.0002634893248319624
Logistic Reg,No SMOTE,0,0,2.4493683731031917e-08
Logistic Reg,No SMOTE,0,0,3.256439337102129e-16
Logistic Reg,No SMOTE,0,0,0.0005091821456740849
Logistic Reg,No SMOTE,0,0,4.576108775003932e-05
Logistic Reg,No SMOTE,0,0,8.021966664845906e-07
Logistic Reg,No SMOTE,0,0,0.025394375509517952
Logistic Reg,No SMOTE,0,0,0.022198667029904213
Logistic Reg,No SMOTE,0,0,4.6245261747339456e-05
Logistic Reg,No SMOTE,0,0,8.625003688515542e-07
Logistic Reg,No SMOTE,0,0,4.5657037644020435e-05
Logistic Reg,No SMOTE,0,0,4.872429647280811e-05
Logistic Reg,No SMOTE,0,0,2.535277277929448e-05
Logistic Reg,No SMOTE,0,0,8.611012868217786e-07
Logistic Reg,No SMOTE,0,0,9.37364115346831e-07
Logistic Reg,No SMOTE,0,0,0.11816066055023883
Logistic Reg,No SMOTE,0,0,0.45967916152897886
Logistic Reg,No SMOTE,0,0,3.6878841002007485e-16
Logistic Reg,No SMOTE,0,0,8.050008778036682e-06
Logistic Reg,No SMOTE,0,0,0.033152424082249915
Logistic Reg,No SMOTE,0,0,0.003006383240756408
Logistic Reg,No SMOTE,0,0,0.00013202169166962721
Logistic Reg,No SMOTE,0,0,1.1065019722494362e-11
Logistic Reg,No SMOTE,0,0,9.004803422357328e-07
Logistic Reg,No SMOTE,0,0,1.1520782128202562e-14
Logistic Reg,No SMOTE,0,0,0.0019179209665803243
Logistic Reg,No SMOTE,0,0,1.6803426851042103e-05
Logistic Reg,No SMOTE,0,0,0.0022944005220150165
Logistic Reg,No SMOTE,0,0,0.03578124367193425
Logistic Reg,No SMOTE,0,0,5.079059736055085e-08
Logistic Reg,No SMOTE,0,0,4.66549644368822e-05
Logistic Reg,No SMOTE,0,0,0.018971992000057995
Logistic Reg,No SMOTE,0,0,4.7127310707438366e-05
Logistic Reg,No SMOTE,0,0,1.028487597004798e-06
Logistic Reg,No SMOTE,0,0,5.8135398383003935e-09
Logistic Reg,No SMOTE,0,0,1.0411226015106201e-11
Logistic Reg,No SMOTE,0,0,8.212377296999364e-15
Logistic Reg,No SMOTE,0,0,2.782603429685307e-08
Logistic Reg,No SMOTE,0,0,1.7678644351493908e-13
Logistic Reg,No SMOTE,0,0,0.013237956166763916
Logistic Reg,No SMOTE,0,0,0.008777054828881373
Logistic Reg,No SMOTE,0,0,9.524928548355352e-07
Logistic Reg,No SMOTE,0,0,0.0018570335558780143
Logistic Reg,No SMOTE,0,0,9.50917336360389e-07
Logistic Reg,No SMOTE,0,0,2.1004121087210115e-08
Logistic Reg,No SMOTE,0,0,0.016042401661545597
Logistic Reg,No SMOTE,0,0,0.024008784129632855
Logistic Reg,No SMOTE,0,0,1.2599901176512864e-06
Logistic Reg,No SMOTE,0,0,9.576791046130168e-07
Logistic Reg,No SMOTE,0,0,7.993824405359382e-09
Logistic Reg,No SMOTE,0,0,0.02601359092271982
Logistic Reg,No SMOTE,0,0,1.4787472843516541e-05
Logistic Reg,No SMOTE,0,0,6.508927776960228e-07
Logistic Reg,No SMOTE,0,0,0.044857508595037156
Logistic Reg,No SMOTE,0,0,9.977107658041021e-07
Logistic Reg,No SMOTE,0,0,4.9382546942325485e-05
Logistic Reg,No SMOTE,0,0,9.986507837609885e-07
Logistic Reg,No SMOTE,0,0,4.619179813961892e-05
Logistic Reg,No SMOTE,0,0,0.002747545024323688
Logistic Reg,No SMOTE,0,0,4.572527117674973e-05
Logistic Reg,No SMOTE,0,0,4.570623490240154e-05
Logistic Reg,No SMOTE,0,0,0.0007208877503452783
Logistic Reg,No SMOTE,0,0,1.7751690280187897e-07
Logistic Reg,No SMOTE,0,0,5.872395379384843e-13
Logistic Reg,No SMOTE,0,0,1.3504902621793559e-14
Logistic Reg,No SMOTE,0,0,3.0328337626330397e-11
Logistic Reg,No SMOTE,0,0,9.86362352807404e-07
Logistic Reg,No SMOTE,0,0,9.785116948256702e-07
Logistic Reg,No SMOTE,0,0,4.561257131347815e-05
Logistic Reg,No SMOTE,0,0,0.02271645568679843
Logistic Reg,No SMOTE,0,0,0.0011748045830245976
Logistic Reg,No SMOTE,0,0,4.265571971012116e-06
Logistic Reg,No SMOTE,0,0,6.579204515039062e-07
Logistic Reg,No SMOTE,0,0,0.000565083641871198
Logistic Reg,No SMOTE,0,0,4.6064503203806116e-05
Logistic Reg,No SMOTE,0,0,2.791652427167749e-10
Logistic Reg,No SMOTE,0,0,0.0070855033171229615
Logistic Reg,No SMOTE,0,0,0.0006052458341348801
Logistic Reg,No SMOTE,0,0,0.0988713417453684
Logistic Reg,No SMOTE,0,0,1.002831474609698e-06
Logistic Reg,No SMOTE,0,0,3.2834649960999923e-19
Logistic Reg,No SMOTE,0,0,0.0001106512295342946
Logistic Reg,No SMOTE,0,0,9.552723245976226e-07
Logistic Reg,No SMOTE,0,0,0.4600455747598386
Logistic Reg,No SMOTE,0,0,4.7320760778820415e-05
Logistic Reg,No SMOTE,0,0,8.170190272417765e-14
Logistic Reg,No SMOTE,0,0,4.933995015241909e-05
Logistic Reg,No SMOTE,0,0,1.1231749365640041e-08
Logistic Reg,No SMOTE,0,0,4.2652312560736276e-05
Logistic Reg,No SMOTE,0,0,1.240488294956157e-06
Logistic Reg,No SMOTE,0,0,9.126111966636474e-07
Logistic Reg,No SMOTE,0,0,1.985927758861045e-08
Logistic Reg,No SMOTE,0,0,0.00299438251956945
Logistic Reg,No SMOTE,0,0,0.02769964913975145
Logistic Reg,No SMOTE,0,0,0.02741820014671879
Logistic Reg,No SMOTE,0,0,0.0006524362560428861
Logistic Reg,No SMOTE,0,0,0.0008033829863499766
Logistic Reg,No SMOTE,0,0,1.3073742159236838e-24
Logistic Reg,No SMOTE,0,0,7.985718083309946e-07
Logistic Reg,No SMOTE,0,0,4.697715982343103e-05
Logistic Reg,No SMOTE,0,0,1.0246124618942553e-06
Logistic Reg,No SMOTE,0,0,0.0390757046040851
Logistic Reg,No SMOTE,0,0,7.17592467947328e-07
Logistic Reg,No SMOTE,0,0,0.2838765945648325
Logistic Reg,No SMOTE,0,0,2.1844341148435764e-16
Logistic Reg,No SMOTE,0,0,7.449434208228291e-14
Logistic Reg,No SMOTE,0,0,1.0269198125962302e-06
Logistic Reg,No SMOTE,0,0,0.040755071624975894
Logistic Reg,No SMOTE,0,0,9.220918947340495e-07
Logistic Reg,No SMOTE,0,0,0.03862792955130505
Logistic Reg,No SMOTE,0,0,0.00016660483556628965
Logistic Reg,No SMOTE,0,0,0.012841138683179574
Logistic Reg,No SMOTE,0,0,9.302970757296542e-07
Logistic Reg,No SMOTE,0,0,0.03490646212578161
Logistic Reg,No SMOTE,0,0,0.026447327676433877
Logistic Reg,No SMOTE,0,0,1.2436906574957893e-06
Logistic Reg,No SMOTE,0,0,5.708542186368424e-05
Logistic Reg,No SMOTE,0,0,0.028168718279113568
Logistic Reg,No SMOTE,0,0,0.008031156953550674
Logistic Reg,No SMOTE,0,0,0.0001522705615475629
Logistic Reg,No SMOTE,0,0,5.24335602481549e-06
Logistic Reg,No SMOTE,0,0,0.007021431310233107
Logistic Reg,No SMOTE,0,0,4.234119636376259e-11
Logistic Reg,No SMOTE,0,0,2.4647879961600205e-14
Logistic Reg,No SMOTE,0,0,4.621691462710748e-05
Logistic Reg,No SMOTE,0,0,7.684652982142538e-09
Logistic Reg,No SMOTE,0,0,1.0101485737288608e-06
Logistic Reg,No SMOTE,0,0,0.000939098815704164
Logistic Reg,No SMOTE,0,0,0.0006268350386517018
Logistic Reg,No SMOTE,0,0,0.003487707238138122
Logistic Reg,No SMOTE,0,0,0.027825307512144706
Logistic Reg,No SMOTE,0,0,4.6033480970249743e-05
Logistic Reg,No SMOTE,0,0,0.07464610806052169
Logistic Reg,No SMOTE,0,0,4.662266464821746e-05
Logistic Reg,No SMOTE,0,0,0.03959743585132352
Logistic Reg,No SMOTE,0,0,8.001421725687823e-09
Logistic Reg,No SMOTE,0,0,0.0008675334963342742
Logistic Reg,No SMOTE,0,0,0.03332043351852889
Logistic Reg,No SMOTE,0,0,0.024966167394691315
Logistic Reg,No SMOTE,0,0,1.3628053531015907e-10
Logistic Reg,No SMOTE,0,0,9.180159498918203e-24
Logistic Reg,No SMOTE,0,0,8.204827439195734e-07
Logistic Reg,No SMOTE,0,0,2.858477878234695e-11
Logistic Reg,No SMOTE,0,0,4.5585971015746526e-05
Logistic Reg,No SMOTE,0,0,0.0004945094445194469
Logistic Reg,No SMOTE,0,0,1.123515110810093e-06
Logistic Reg,No SMOTE,0,0,9.356152132310844e-07
Logistic Reg,No SMOTE,0,0,0.0005636721507313422
Logistic Reg,No SMOTE,0,0,4.621190474976104e-05
Logistic Reg,No SMOTE,0,0,4.558708603798393e-05
Logistic Reg,No SMOTE,0,0,0.00045249544298281923
Logistic Reg,No SMOTE,0,0,1.911555110996843e-10
Logistic Reg,No SMOTE,0,0,6.655641807280171e-09
Logistic Reg,No SMOTE,0,0,1.0843531933403282e-09
Logistic Reg,No SMOTE,0,0,0.03500687564165085
Logistic Reg,No SMOTE,0,0,0.0413798813950483
Logistic Reg,No SMOTE,0,0,3.767840458883665e-07
Logistic Reg,No SMOTE,0,0,0.36042559103638966
Logistic Reg,No SMOTE,0,0,1.493674585668243e-15
Logistic Reg,No SMOTE,0,0,7.252194642879807e-07
Logistic Reg,No SMOTE,0,0,0.030907485082104908
Logistic Reg,No SMOTE,0,0,0.0043502798342168365
Logistic Reg,No SMOTE,0,0,0.016276533372422058
Logistic Reg,No SMOTE,0,0,0.0011284533292454785
Logistic Reg,No SMOTE,0,0,0.018172946358416413
Logistic Reg,No SMOTE,0,0,7.69916429327596e-07
Logistic Reg,No SMOTE,0,0,0.0008590812472593483
Logistic Reg,No SMOTE,0,0,0.02532029185195284
Logistic Reg,No SMOTE,0,0,6.960144444155976e-08
Logistic Reg,No SMOTE,0,0,8.798447594681077e-07
Logistic Reg,No SMOTE,0,0,1.0478624046932063e-05
Logistic Reg,No SMOTE,0,0,2.41489043681272e-05
Logistic Reg,No SMOTE,0,0,5.940407725754884e-07
Logistic Reg,No SMOTE,0,0,9.779459339168783e-07
Logistic Reg,No SMOTE,0,0,0.009105065717111458
Logistic Reg,No SMOTE,0,0,0.013730743433604971
Logistic Reg,No SMOTE,0,0,0.03079060496003816
Logistic Reg,No SMOTE,0,0,4.615841664085006e-05
Logistic Reg,No SMOTE,0,0,1.9466968469726853e-11
Logistic Reg,No SMOTE,0,0,7.366688188063334e-07
Logistic Reg,No SMOTE,0,0,1.0106956013609198e-06
Logistic Reg,No SMOTE,0,0,2.4821672900073142e-18
Logistic Reg,No SMOTE,0,0,4.560672596875228e-05
Logistic Reg,No SMOTE,0,0,1.686220098239363e-67
Logistic Reg,No SMOTE,0,0,0.019859114139785167
Logistic Reg,No SMOTE,0,0,7.878516334131491e-07
Logistic Reg,No SMOTE,0,0,4.602802447358227e-05
Logistic Reg,No SMOTE,0,0,0.03628281230796353
Logistic Reg,No SMOTE,0,0,1.1412742683570447e-06
Logistic Reg,No SMOTE,0,0,8.00715063111992e-07
Logistic Reg,No SMOTE,0,0,0.0014184557707115784
Logistic Reg,No SMOTE,0,0,4.7383212271673556e-05
Logistic Reg,No SMOTE,0,0,0.042991260399127255
Logistic Reg,No SMOTE,0,0,4.6205178905510404e-05
Logistic Reg,No SMOTE,0,0,1.461745508114107e-07
Logistic Reg,No SMOTE,0,0,3.315821943317534e-12
Logistic Reg,No SMOTE,0,0,0.0004885092387804544
Logistic Reg,No SMOTE,0,0,0.00010149568285732874
Logistic Reg,No SMOTE,0,0,0.13886921713224823
Logistic Reg,No SMOTE,0,0,0.03542281075842089
Logistic Reg,No SMOTE,0,1,0.8178555919907228
Logistic Reg,No SMOTE,0,0,2.450497897530568e-22
Logistic Reg,No SMOTE,0,0,0.0026627849370695353
Logistic Reg,No SMOTE,0,0,3.1676415412011193e-15
Logistic Reg,No SMOTE,0,0,9.139141789110685e-07
Logistic Reg,No SMOTE,0,0,0.03789561020312417
Logistic Reg,No SMOTE,0,0,0.05003305858491952
Logistic Reg,No SMOTE,0,0,0.0021970848614179276
Logistic Reg,No SMOTE,0,0,0.00241367314898843
Logistic Reg,No SMOTE,0,0,4.257101444963715e-14
Logistic Reg,No SMOTE,0,0,6.211717476025263e-05
Logistic Reg,No SMOTE,0,0,5.481619739291859e-16
Logistic Reg,No SMOTE,0,0,4.5753471873940984e-05
Logistic Reg,No SMOTE,0,0,0.043981571979900935
Logistic Reg,No SMOTE,0,0,0.04736463276615111
Logistic Reg,No SMOTE,0,0,0.0016381577395096596
Logistic Reg,No SMOTE,0,0,1.7457501071634995e-16
Logistic Reg,No SMOTE,0,0,0.012309786513883541
Logistic Reg,No SMOTE,0,0,4.6287531659997344e-05
Logistic Reg,No SMOTE,0,0,0.06511457860963504
Logistic Reg,No SMOTE,0,0,4.5629141911841944e-05
Logistic Reg,No SMOTE,0,0,1.2717402008928407e-06
Logistic Reg,No SMOTE,0,0,1.3820082621110067e-08
Logistic Reg,No SMOTE,0,0,0.041692863174560627
Logistic Reg,No SMOTE,0,0,0.0021501778827160947
Logistic Reg,No SMOTE,0,0,3.3835132403378604e-18
Logistic Reg,No SMOTE,0,0,0.016680593534897512
Logistic Reg,No SMOTE,0,0,2.797936404481329e-06
Logistic Reg,No SMOTE,0,0,8.608951256079686e-07
Logistic Reg,No SMOTE,0,0,1.042567983620248e-06
Logistic Reg,No SMOTE,0,0,0.0001583295302180169
Logistic Reg,No SMOTE,0,0,1.3172930487158468e-09
Logistic Reg,No SMOTE,0,0,0.009310516785330935
Logistic Reg,No SMOTE,0,0,0.02877438910505908
Logistic Reg,No SMOTE,1,1,0.9999923504245801
Logistic Reg,No SMOTE,0,0,1.0896687437562074e-06
Logistic Reg,No SMOTE,0,0,4.565935567444517e-05
Logistic Reg,No SMOTE,0,0,1.1441546599000379e-06
Logistic Reg,No SMOTE,0,0,1.166042278444584e-06
Logistic Reg,No SMOTE,0,0,9.60167326963342e-07
Logistic Reg,No SMOTE,0,0,8.507541022844986e-07
Logistic Reg,No SMOTE,0,0,7.739463637948424e-32
Logistic Reg,No SMOTE,0,0,5.3699409212455606e-30
Logistic Reg,No SMOTE,0,0,0.027334363119502998
Logistic Reg,No SMOTE,0,0,0.0005733801811496304
Logistic Reg,No SMOTE,0,0,0.014569205515999387
Logistic Reg,No SMOTE,0,0,1.4914811537595014e-08
Logistic Reg,No SMOTE,0,0,0.0004004257443420657
Logistic Reg,No SMOTE,0,0,0.0005639685879148924
Logistic Reg,No SMOTE,0,0,4.609636332652399e-05
Logistic Reg,No SMOTE,0,0,1.0319078181326047e-06
Logistic Reg,No SMOTE,0,0,0.02000186695637448
Logistic Reg,No SMOTE,0,0,2.1487456066519656e-05
Logistic Reg,No SMOTE,0,0,3.606075085802165e-14
Logistic Reg,No SMOTE,0,0,0.031864034226983036
Logistic Reg,No SMOTE,0,0,0.00021496319603404916
Logistic Reg,No SMOTE,0,0,8.583143801679755e-33
Logistic Reg,No SMOTE,0,0,8.279773358727273e-07
Logistic Reg,No SMOTE,0,0,1.916844296893288e-05
Logistic Reg,No SMOTE,0,0,1.0666344075559582e-06
Logistic Reg,No SMOTE,0,0,1.2355050685666359e-05
Logistic Reg,No SMOTE,0,0,0.03225840264901916
Logistic Reg,No SMOTE,0,0,3.0221019112173117e-11
Logistic Reg,No SMOTE,0,0,0.0012086486026039412
Logistic Reg,No SMOTE,0,0,1.918495400712646e-06
Logistic Reg,No SMOTE,0,0,0.0017125230877353154
Logistic Reg,No SMOTE,0,0,0.11889740832873158
Logistic Reg,No SMOTE,0,0,2.558769208661703e-12
Logistic Reg,No SMOTE,0,0,7.463752617807968e-07
Logistic Reg,No SMOTE,0,0,0.09560560078890462
Logistic Reg,No SMOTE,0,0,1.0329965730344896e-12
Logistic Reg,No SMOTE,0,0,5.297266840974585e-15
Logistic Reg,No SMOTE,0,0,8.477948670246845e-17
Logistic Reg,No SMOTE,0,0,4.572545593401499e-05
Logistic Reg,No SMOTE,0,0,0.041545611312425984
Logistic Reg,No SMOTE,0,0,2.163779247028999e-11
Logistic Reg,No SMOTE,0,0,0.04037165936176688
Logistic Reg,No SMOTE,0,0,4.5887659873143774e-05
Logistic Reg,No SMOTE,0,0,0.0371294504447181
Logistic Reg,No SMOTE,0,0,1.612246475328691e-20
Logistic Reg,No SMOTE,0,0,9.936969941422094e-07
Logistic Reg,No SMOTE,0,0,0.018918592654640683
Logistic Reg,No SMOTE,0,0,7.306698090585421e-07
Logistic Reg,No SMOTE,0,0,0.0012785280782890626
Logistic Reg,No SMOTE,0,0,2.1780861276261866e-09
Logistic Reg,No SMOTE,0,0,0.10411125585115498
Logistic Reg,No SMOTE,0,0,7.503652829266637e-07
Logistic Reg,No SMOTE,0,0,8.915569262864991e-10
Logistic Reg,No SMOTE,0,0,0.0004095797110974968
Logistic Reg,No SMOTE,0,0,0.3251979528959466
Logistic Reg,No SMOTE,0,0,9.068676428830508e-07
Logistic Reg,No SMOTE,0,0,3.5783398847609864e-14
Logistic Reg,No SMOTE,0,0,7.55647487287032e-07
Logistic Reg,No SMOTE,0,0,0.04179076338468624
Logistic Reg,No SMOTE,0,0,0.03603717901345806
Logistic Reg,No SMOTE,0,0,0.0080059944686269
Logistic Reg,No SMOTE,0,0,6.714148165358855e-14
Logistic Reg,No SMOTE,0,0,1.0691003096739182e-08
Logistic Reg,No SMOTE,0,0,8.254782637301045e-13
Logistic Reg,No SMOTE,0,0,0.0012763707522275604
Logistic Reg,No SMOTE,0,0,9.643779161024151e-07
Logistic Reg,No SMOTE,0,0,0.0015143101176913539
Logistic Reg,No SMOTE,0,0,0.024459260015748604
Logistic Reg,No SMOTE,0,0,0.054022998935723966
Logistic Reg,No SMOTE,0,0,0.005947241150605663
Logistic Reg,No SMOTE,0,0,0.012201930408648165
Logistic Reg,No SMOTE,0,0,9.445113616208593e-08
Logistic Reg,No SMOTE,0,0,6.601372786881342e-17
Logistic Reg,No SMOTE,0,0,0.0030521163913579705
Logistic Reg,No SMOTE,0,0,1.0349610805775233e-06
Logistic Reg,No SMOTE,0,0,1.9582189217812703e-22
Logistic Reg,No SMOTE,0,0,0.026916016390987573
Logistic Reg,No SMOTE,0,0,4.320129520653838e-06
Logistic Reg,No SMOTE,0,0,8.054226107513705e-07
Logistic Reg,No SMOTE,0,0,3.035297264399304e-06
Logistic Reg,No SMOTE,0,0,1.2762729737917294e-10
Logistic Reg,No SMOTE,0,0,0.013727838913837366
Logistic Reg,No SMOTE,0,0,9.529833985888569e-07
Logistic Reg,No SMOTE,0,0,0.0007607204926753674
Logistic Reg,No SMOTE,0,0,0.035195501115198646
Logistic Reg,No SMOTE,0,0,4.832538106688595e-05
Logistic Reg,No SMOTE,0,0,1.219984908728609e-05
Logistic Reg,No SMOTE,0,0,4.6894892325108276e-05
Logistic Reg,No SMOTE,0,0,2.413128079738646e-05
Logistic Reg,No SMOTE,0,0,6.747268800059993e-07
Logistic Reg,No SMOTE,0,0,9.548498943670884e-05
Logistic Reg,No SMOTE,0,0,4.804448888243514e-05
Logistic Reg,No SMOTE,0,0,1.6094528724342042e-13
Logistic Reg,No SMOTE,0,0,0.00023185341514789712
Logistic Reg,No SMOTE,0,0,0.20563410116289163
Logistic Reg,No SMOTE,0,0,0.06066619093133547
Logistic Reg,No SMOTE,0,0,0.06352240866045109
Logistic Reg,No SMOTE,0,0,4.5757622151754955e-05
Logistic Reg,No SMOTE,0,0,6.12964934686319e-13
Logistic Reg,No SMOTE,0,0,0.00013986584372891353
Logistic Reg,No SMOTE,0,0,0.002327911053239754
Logistic Reg,No SMOTE,0,0,7.648335134633288e-05
Logistic Reg,No SMOTE,0,0,0.20568054816811954
Logistic Reg,No SMOTE,0,1,0.9841171608849818
Logistic Reg,No SMOTE,0,0,7.09814122839961e-07
Logistic Reg,No SMOTE,0,0,4.8529694228921544e-05
Logistic Reg,No SMOTE,0,0,0.03611141128211348
Logistic Reg,No SMOTE,0,0,0.07073937036170065
Logistic Reg,No SMOTE,0,0,0.0025500482133650653
Logistic Reg,No SMOTE,0,0,0.42674149685529494
Logistic Reg,No SMOTE,0,0,3.653157945248059e-12
Logistic Reg,No SMOTE,0,0,1.154563629586922e-05
Logistic Reg,No SMOTE,0,0,9.89794676387697e-13
Logistic Reg,No SMOTE,0,0,1.0861499274235752e-06
Logistic Reg,No SMOTE,0,0,2.902046306633666e-07
Logistic Reg,No SMOTE,0,0,0.04856496718869455
Logistic Reg,No SMOTE,0,0,4.643111091760044e-05
Logistic Reg,No SMOTE,0,0,0.00043748611653618164
Logistic Reg,No SMOTE,0,0,0.015395061057349686
Logistic Reg,No SMOTE,0,0,5.1813025812620704e-05
Logistic Reg,No SMOTE,0,0,0.009127098822872043
Logistic Reg,No SMOTE,0,0,0.0073852237754725766
Logistic Reg,No SMOTE,0,0,4.572347364808658e-05
Logistic Reg,No SMOTE,0,0,7.749450708077199e-07
Logistic Reg,No SMOTE,0,0,1.8880362201443942e-06
Logistic Reg,No SMOTE,0,0,0.0028455713656390037
Logistic Reg,No SMOTE,0,0,9.148890092082292e-07
Logistic Reg,No SMOTE,0,0,0.010051539560225187
Logistic Reg,No SMOTE,0,0,2.1972311316664122e-14
Logistic Reg,No SMOTE,0,0,0.0004445740337236107
Logistic Reg,No SMOTE,0,0,4.571812116813507e-05
Logistic Reg,No SMOTE,0,0,5.118504925525811e-12
Logistic Reg,No SMOTE,0,0,0.10024802031794613
Logistic Reg,No SMOTE,0,0,0.04414819669982044
Logistic Reg,No SMOTE,0,0,4.896871035298082e-10
Logistic Reg,No SMOTE,0,0,0.0019838301853722217
Logistic Reg,No SMOTE,0,0,0.001755429232328249
Logistic Reg,No SMOTE,0,0,0.012157611951028673
Logistic Reg,No SMOTE,0,0,5.811273054475769e-15
Logistic Reg,No SMOTE,0,0,7.246037787271691e-07
Logistic Reg,No SMOTE,0,1,0.9749139393187212
Logistic Reg,No SMOTE,0,0,0.0010520906422907
Logistic Reg,No SMOTE,0,0,3.4993581514413536e-08
Logistic Reg,No SMOTE,0,0,1.0381696378109734e-06
Logistic Reg,No SMOTE,0,0,0.0007313299600438575
Logistic Reg,No SMOTE,0,0,0.06433636152371557
Logistic Reg,No SMOTE,0,0,7.605738446062531e-07
Logistic Reg,No SMOTE,0,0,0.09007576159091223
Logistic Reg,No SMOTE,0,1,0.9416488628745496
Logistic Reg,No SMOTE,0,0,0.030531937221125825
Logistic Reg,No SMOTE,0,0,1.1172835066654117e-06
Logistic Reg,No SMOTE,0,0,4.588295503453712e-06
Logistic Reg,No SMOTE,0,0,0.03652108001932885
Logistic Reg,No SMOTE,0,0,1.1971762280416775e-06
Logistic Reg,No SMOTE,0,0,1.0232641156292747e-06
Logistic Reg,No SMOTE,0,0,0.04274255488377042
Logistic Reg,No SMOTE,0,1,0.7170953161094572
Logistic Reg,No SMOTE,0,0,0.01968466266517723
Logistic Reg,No SMOTE,0,0,0.013478871328500612
Logistic Reg,No SMOTE,0,0,0.00017606726673166748
Logistic Reg,No SMOTE,0,0,7.997423301367471e-07
Logistic Reg,No SMOTE,0,0,2.513488865830946e-07
Logistic Reg,No SMOTE,0,0,0.02509608088295316
Logistic Reg,No SMOTE,0,0,1.3816777437457419e-06
Logistic Reg,No SMOTE,0,0,4.767732552409752e-27
Logistic Reg,No SMOTE,0,0,0.03705259871605961
Logistic Reg,No SMOTE,0,0,0.03436874843925489
Logistic Reg,No SMOTE,0,0,0.002136104857736462
Logistic Reg,No SMOTE,0,0,4.4197167291325066e-14
Logistic Reg,No SMOTE,0,0,0.01702518024237097
Logistic Reg,No SMOTE,0,0,0.044380358953597404
Logistic Reg,No SMOTE,0,0,0.0004958861036588572
Logistic Reg,No SMOTE,0,0,6.86796213576366e-07
Logistic Reg,No SMOTE,0,0,0.010276628732911332
Logistic Reg,No SMOTE,0,0,0.00048061518510051493
Logistic Reg,No SMOTE,0,0,4.89904549307238e-05
Logistic Reg,No SMOTE,0,0,0.00013773380937287172
Logistic Reg,No SMOTE,0,0,1.0676406977299604e-06
Logistic Reg,No SMOTE,0,0,4.026918749006345e-06
Logistic Reg,No SMOTE,0,0,8.681531805519275e-07
Logistic Reg,No SMOTE,0,0,2.4634818133278606e-07
Logistic Reg,No SMOTE,0,0,1.0772897310016127e-07
Logistic Reg,No SMOTE,0,0,6.936137878955564e-12
Logistic Reg,No SMOTE,0,1,0.7477155713195734
Logistic Reg,No SMOTE,0,0,3.379696219142081e-13
Logistic Reg,No SMOTE,0,0,0.002543609133236749
Logistic Reg,No SMOTE,0,0,1.5202938883367835e-09
Logistic Reg,No SMOTE,0,0,1.4978100670675307e-07
Logistic Reg,No SMOTE,0,0,0.04627017581194591
Logistic Reg,No SMOTE,0,0,5.405067926300905e-10
Logistic Reg,No SMOTE,0,0,0.026473836450036477
Logistic Reg,No SMOTE,0,0,0.03299771541935245
Logistic Reg,No SMOTE,0,0,0.03283658862861253
Logistic Reg,No SMOTE,0,0,0.0036753087867131906
Logistic Reg,No SMOTE,0,0,0.00017016712041150212
Logistic Reg,No SMOTE,0,0,0.0342919385243886
Logistic Reg,No SMOTE,0,0,0.0015602834100736647
Logistic Reg,No SMOTE,0,0,0.04163720539302751
Logistic Reg,No SMOTE,0,0,9.588062953343609e-07
Logistic Reg,No SMOTE,0,0,0.02690190423182331
Logistic Reg,No SMOTE,0,0,0.00010711546785042934
Logistic Reg,No SMOTE,0,0,4.558470103238475e-05
Logistic Reg,No SMOTE,0,0,1.2359700463588675e-07
Logistic Reg,No SMOTE,0,0,1.3775775043532493e-18
Logistic Reg,No SMOTE,0,0,4.5595065143002645e-05
Logistic Reg,No SMOTE,0,0,6.793961364974422e-11
Logistic Reg,No SMOTE,0,0,0.00483198110320263
Logistic Reg,No SMOTE,0,0,0.044801265475657194
Logistic Reg,No SMOTE,0,0,2.188964769962003e-09
Logistic Reg,No SMOTE,0,0,0.012945260975698914
Logistic Reg,No SMOTE,0,0,0.020743865919472783
Logistic Reg,No SMOTE,0,0,0.009941550307747451
Logistic Reg,No SMOTE,0,0,4.581230574549392e-05
Logistic Reg,No SMOTE,0,0,1.5283059362329103e-11
Logistic Reg,No SMOTE,0,0,5.77606459083103e-08
Logistic Reg,No SMOTE,0,0,0.052467842142733145
Logistic Reg,No SMOTE,0,0,0.021396670100711845
Logistic Reg,No SMOTE,0,0,0.00438771008449842
Logistic Reg,No SMOTE,0,0,4.447181113359067e-10
Logistic Reg,No SMOTE,0,0,0.022571658908820375
Logistic Reg,No SMOTE,0,0,0.03841156348905256
Logistic Reg,No SMOTE,0,0,7.226896189061261e-07
Logistic Reg,No SMOTE,0,0,1.9461930989197553e-13
Logistic Reg,No SMOTE,0,0,4.6925875887974545e-05
Logistic Reg,No SMOTE,0,0,1.1808221539122909e-06
Logistic Reg,No SMOTE,0,0,2.6150514900609005e-16
Logistic Reg,No SMOTE,0,0,0.00018021956415673586
Logistic Reg,No SMOTE,0,0,1.006133818435932e-06
Logistic Reg,No SMOTE,0,0,4.80500641880415e-05
Logistic Reg,No SMOTE,0,0,0.0014774742554756934
Logistic Reg,No SMOTE,0,0,0.021318014892860213
Logistic Reg,No SMOTE,0,0,0.027190119951870855
Logistic Reg,No SMOTE,0,0,4.565877995780914e-05
Logistic Reg,No SMOTE,0,0,1.7181961120429075e-36
Logistic Reg,No SMOTE,0,0,3.835109908539318e-09
Logistic Reg,No SMOTE,0,0,1.5658081581842716e-10
Logistic Reg,No SMOTE,0,0,1.3129916850736251e-15
Logistic Reg,No SMOTE,0,0,0.00015130836964060215
Logistic Reg,No SMOTE,0,0,0.003393889428094159
Logistic Reg,No SMOTE,0,0,0.0356961911319677
Logistic Reg,No SMOTE,0,0,7.863445077813567e-06
Logistic Reg,No SMOTE,0,0,1.3734031207864552e-12
Logistic Reg,No SMOTE,0,0,1.188645597347895e-06
Logistic Reg,No SMOTE,0,0,1.2688886565521214e-11
Logistic Reg,No SMOTE,0,0,6.350237305148647e-10
Logistic Reg,No SMOTE,0,0,5.4532300912650584e-05
Logistic Reg,No SMOTE,0,0,0.04888341299413443
Logistic Reg,No SMOTE,0,0,3.3448442524305167e-137
Logistic Reg,No SMOTE,0,0,5.06577948264582e-07
Logistic Reg,No SMOTE,0,0,1.0259667961157855e-11
Logistic Reg,No SMOTE,0,0,5.230895787316021e-05
Logistic Reg,No SMOTE,0,0,0.40813151206183684
Logistic Reg,No SMOTE,0,0,4.625375298326275e-05
Logistic Reg,No SMOTE,0,0,1.1242146170213246e-06
Logistic Reg,No SMOTE,0,0,7.358544101625227e-07
Logistic Reg,No SMOTE,0,0,7.038809212182044e-11
Logistic Reg,No SMOTE,0,0,4.6789461712407025e-05
Logistic Reg,No SMOTE,0,0,8.451533031473055e-07
Logistic Reg,No SMOTE,0,0,9.303255296424785e-07
Logistic Reg,No SMOTE,0,0,0.0006742896892429155
Logistic Reg,No SMOTE,0,0,7.667290851576817e-15
Logistic Reg,No SMOTE,0,0,0.031988948280304526
Logistic Reg,No SMOTE,0,0,8.904041948580171e-16
Logistic Reg,No SMOTE,0,0,3.2958615599583014e-06
Logistic Reg,No SMOTE,0,0,1.2099538387442956e-06
Logistic Reg,No SMOTE,0,0,1.198983860961689e-06
Logistic Reg,No SMOTE,0,0,0.0003673502869770613
Logistic Reg,No SMOTE,0,0,1.578767191382299e-06
Logistic Reg,No SMOTE,0,0,4.649533323433563e-05
Logistic Reg,No SMOTE,0,0,4.652388732320224e-05
Logistic Reg,No SMOTE,0,0,4.664483538260275e-05
Logistic Reg,No SMOTE,0,0,5.137321303156516e-17
Logistic Reg,No SMOTE,0,0,5.00439781166366e-14
Logistic Reg,No SMOTE,0,0,4.753219898736125e-05
Logistic Reg,No SMOTE,0,0,6.649607249489959e-07
Logistic Reg,No SMOTE,0,0,0.0009140450238806583
Logistic Reg,No SMOTE,0,0,4.834248731784826e-05
Logistic Reg,No SMOTE,0,0,0.01605733278298678
Logistic Reg,No SMOTE,0,0,3.1546659982418834e-08
Logistic Reg,No SMOTE,0,0,0.0010612967797712406
Logistic Reg,No SMOTE,0,0,7.608080088933416e-07
Logistic Reg,No SMOTE,0,0,0.00406322902008141
Logistic Reg,No SMOTE,0,0,7.506814546999013e-07
Logistic Reg,No SMOTE,0,0,0.0007216580327081108
Logistic Reg,No SMOTE,0,0,0.09043100165458244
Logistic Reg,No SMOTE,0,0,0.06583800369012832
Logistic Reg,No SMOTE,0,0,7.781676361984102e-07
Logistic Reg,No SMOTE,0,0,0.0031340335457110177
Logistic Reg,No SMOTE,0,0,4.5897460627740084e-05
Logistic Reg,No SMOTE,0,0,8.420915468554915e-07
Logistic Reg,No SMOTE,0,1,0.7387057911693597
Logistic Reg,No SMOTE,0,0,4.5933456224071564e-05
Logistic Reg,No SMOTE,0,0,8.000154000456516e-07
Logistic Reg,No SMOTE,0,0,0.03994836871806379
Logistic Reg,No SMOTE,0,0,0.00018315759149806332
Logistic Reg,No SMOTE,0,0,5.873790587903908e-12
Logistic Reg,No SMOTE,0,0,4.629151084738732e-05
Logistic Reg,No SMOTE,0,0,0.04892456263671954
Logistic Reg,No SMOTE,0,0,0.0007052688893036478
Logistic Reg,No SMOTE,0,0,0.03846239966386617
Logistic Reg,No SMOTE,0,0,8.889644303671326e-55
Logistic Reg,No SMOTE,0,0,1.2646742720634578e-09
Logistic Reg,No SMOTE,0,0,0.013412244526007946
Logistic Reg,No SMOTE,0,0,0.0012388730608235685
Logistic Reg,No SMOTE,0,0,1.0544479828946993e-06
Logistic Reg,No SMOTE,0,0,2.8462153080770783e-05
Logistic Reg,No SMOTE,0,1,0.5625091264920585
Logistic Reg,No SMOTE,0,0,8.219738570035673e-07
Logistic Reg,No SMOTE,0,0,6.428083135002114e-11
Logistic Reg,No SMOTE,0,0,0.003665116266482729
Logistic Reg,No SMOTE,0,0,4.567879330110075e-05
Logistic Reg,No SMOTE,0,0,4.616958686095615e-05
Logistic Reg,No SMOTE,0,0,0.03282429404594127
Logistic Reg,No SMOTE,0,0,0.026106291684351503
Logistic Reg,No SMOTE,0,1,0.9362406336195841
Logistic Reg,No SMOTE,0,0,0.00033708480938715466
Logistic Reg,No SMOTE,0,0,0.010625193593936913
Logistic Reg,No SMOTE,0,0,0.01805815511033207
Logistic Reg,No SMOTE,0,0,0.033764378300534185
Logistic Reg,No SMOTE,0,0,1.809583509177939e-13
Logistic Reg,No SMOTE,0,0,4.561373415598626e-05
Logistic Reg,No SMOTE,0,0,0.0009826702020801475
Logistic Reg,No SMOTE,0,0,2.9856253337392683e-05
Logistic Reg,No SMOTE,0,0,4.566796165737563e-05
Logistic Reg,No SMOTE,0,0,4.568896969765773e-05
Logistic Reg,No SMOTE,0,0,8.200793791207623e-07
Logistic Reg,No SMOTE,0,0,0.0019313140949093772
Logistic Reg,No SMOTE,0,0,1.2217286794316916e-26
Logistic Reg,No SMOTE,0,0,7.372052973018278e-07
Logistic Reg,No SMOTE,0,0,0.013917748400330185
Logistic Reg,No SMOTE,0,0,1.0488093263026796e-09
Logistic Reg,No SMOTE,0,0,2.26641259078781e-05
Logistic Reg,No SMOTE,0,0,1.1161651665836163e-09
Logistic Reg,No SMOTE,0,0,1.0201951637469307e-06
Logistic Reg,No SMOTE,0,0,0.061565546237415364
Logistic Reg,No SMOTE,0,0,0.007716957449405632
Logistic Reg,No SMOTE,0,0,4.56954950058306e-05
Logistic Reg,No SMOTE,0,0,9.968819011508164e-08
Logistic Reg,No SMOTE,0,0,0.020468639616789394
Logistic Reg,No SMOTE,0,0,6.649880591526413e-07
Logistic Reg,No SMOTE,0,0,0.05150564350320911
Logistic Reg,No SMOTE,0,0,0.03926835281769698
Logistic Reg,No SMOTE,0,0,2.4910494608781338e-08
Logistic Reg,No SMOTE,0,0,4.6623121210999155e-05
Logistic Reg,No SMOTE,0,0,5.631474019747414e-09
Logistic Reg,No SMOTE,0,0,0.00043074410866691395
Logistic Reg,No SMOTE,0,0,0.03859956629022726
Logistic Reg,No SMOTE,0,0,1.1096452906901236e-06
Logistic Reg,No SMOTE,0,0,0.03750372571702068
Logistic Reg,No SMOTE,0,0,5.824605009176862e-07
Logistic Reg,No SMOTE,0,0,4.988884585109819e-15
Logistic Reg,No SMOTE,0,0,0.031164580871702863
Logistic Reg,No SMOTE,0,0,0.03426543769305073
Logistic Reg,No SMOTE,0,0,2.151390403717066e-12
Logistic Reg,No SMOTE,0,0,0.039898065208994055
Logistic Reg,No SMOTE,0,0,1.1577097180841193e-06
Logistic Reg,No SMOTE,0,0,0.04008034565338109
Logistic Reg,No SMOTE,0,0,0.01739076542879488
Logistic Reg,No SMOTE,0,1,0.8519299422334963
Logistic Reg,No SMOTE,0,0,0.002060045359304408
Logistic Reg,No SMOTE,0,0,0.026175344604152682
Logistic Reg,No SMOTE,0,0,0.116558585111076
Logistic Reg,No SMOTE,0,0,1.2126560377737485e-16
Logistic Reg,No SMOTE,0,0,0.007554675983643927
Logistic Reg,No SMOTE,0,0,0.0011469812125263399
Logistic Reg,No SMOTE,0,0,0.00042192696714573626
Logistic Reg,No SMOTE,0,0,4.375481962831615e-08
Logistic Reg,No SMOTE,0,0,4.558598602474963e-05
Logistic Reg,No SMOTE,0,0,1.647448819764187e-08
Logistic Reg,No SMOTE,0,0,2.5528636531312143e-24
Logistic Reg,No SMOTE,0,0,1.6610416327138304e-09
Logistic Reg,No SMOTE,0,0,8.96390385915005e-07
Logistic Reg,No SMOTE,0,0,4.5777571769755314e-05
Logistic Reg,No SMOTE,0,0,0.024952664965438888
Logistic Reg,No SMOTE,0,0,0.009388525358076298
Logistic Reg,No SMOTE,0,0,2.404053921013434e-15
Logistic Reg,No SMOTE,0,0,1.3556745690967805e-13
Logistic Reg,No SMOTE,0,0,0.012650111455003249
Logistic Reg,No SMOTE,0,0,0.0018205420371975335
Logistic Reg,No SMOTE,0,0,9.66931499047913e-07
Logistic Reg,No SMOTE,0,0,0.0013538107866624147
Logistic Reg,No SMOTE,0,0,8.692737135293613e-10
Logistic Reg,No SMOTE,0,0,1.151008609671266e-09
Logistic Reg,No SMOTE,0,0,0.012849637190635435
Logistic Reg,No SMOTE,0,0,7.121579924216182e-07
Logistic Reg,No SMOTE,0,0,4.695401013705001e-05
Logistic Reg,No SMOTE,0,0,4.5884083829928076e-05
Logistic Reg,No SMOTE,0,0,1.0152261207104374e-06
Logistic Reg,No SMOTE,0,0,0.017865580614431567
Logistic Reg,No SMOTE,0,0,7.564613524647203e-07
Logistic Reg,No SMOTE,0,0,9.277529124011078e-05
Logistic Reg,No SMOTE,0,0,1.2069489319334332e-09
Logistic Reg,No SMOTE,0,0,3.348894458569706e-21
Logistic Reg,No SMOTE,0,0,0.03983068612680487
Logistic Reg,No SMOTE,0,0,0.34719815240414836
Logistic Reg,No SMOTE,0,0,3.597376302510629e-13
Logistic Reg,No SMOTE,0,0,0.0011739381172913828
Logistic Reg,No SMOTE,0,0,0.03709530775261879
Logistic Reg,No SMOTE,0,0,5.445551460756345e-08
Logistic Reg,No SMOTE,0,0,0.001543280349559782
Logistic Reg,No SMOTE,0,0,1.4832734326897327e-21
Logistic Reg,No SMOTE,0,1,0.869720181301549
Logistic Reg,No SMOTE,0,0,4.705038458009257e-05
Logistic Reg,No SMOTE,0,0,1.06189168195955e-09
Logistic Reg,No SMOTE,0,0,0.028473504031788097
Logistic Reg,No SMOTE,0,0,1.458333069934136e-08
Logistic Reg,No SMOTE,0,0,2.5197020214361664e-29
Logistic Reg,No SMOTE,0,0,8.398173563472176e-07
Logistic Reg,No SMOTE,0,0,7.435473823785431e-16
Logistic Reg,No SMOTE,0,0,4.784024412884785e-05
Logistic Reg,No SMOTE,0,0,1.137385360784917e-11
Logistic Reg,No SMOTE,0,0,0.1486834668623633
Logistic Reg,No SMOTE,0,0,4.878772766038034e-05
Logistic Reg,No SMOTE,0,0,0.00018980589982146962
Logistic Reg,No SMOTE,0,0,3.0287504691828158e-05
Logistic Reg,No SMOTE,0,0,0.001951248526670778
Logistic Reg,No SMOTE,0,0,1.0691106528691102e-06
Logistic Reg,No SMOTE,0,0,4.7501375179207266e-05
Logistic Reg,No SMOTE,0,0,0.009509453878045195
Logistic Reg,No SMOTE,0,0,4.5596699236672824e-05
Logistic Reg,No SMOTE,0,1,0.7000962737291938
Logistic Reg,No SMOTE,0,0,7.55802205729997e-05
Logistic Reg,No SMOTE,0,0,0.017144627372328535
Logistic Reg,No SMOTE,0,0,5.000358082384835e-05
Logistic Reg,No SMOTE,0,0,8.477522310143123e-07
Logistic Reg,No SMOTE,0,0,5.524361156663358e-10
Logistic Reg,No SMOTE,0,0,0.00995296996684121
Logistic Reg,No SMOTE,0,0,4.9657262481076495e-05
Logistic Reg,No SMOTE,0,0,5.0036823008431384e-05
Logistic Reg,No SMOTE,0,0,0.14206221430276442
Logistic Reg,No SMOTE,0,0,7.10591510757977e-08
Logistic Reg,No SMOTE,0,0,2.441479923417711e-06
Logistic Reg,No SMOTE,0,0,0.008675806035903821
Logistic Reg,No SMOTE,0,0,8.606299596918076e-07
Logistic Reg,No SMOTE,0,0,2.1096893882297353e-05
Logistic Reg,No SMOTE,0,0,0.0002010660943288257
Logistic Reg,No SMOTE,0,0,0.012460549317400524
Logistic Reg,No SMOTE,0,0,0.0032897068892606567
Logistic Reg,No SMOTE,0,0,0.037421630727213044
Logistic Reg,No SMOTE,0,0,0.0005425250705869826
Logistic Reg,No SMOTE,0,1,0.822243076192786
Logistic Reg,No SMOTE,0,0,4.9237423810275146e-05
Logistic Reg,No SMOTE,0,0,5.156520316522974e-16
Logistic Reg,No SMOTE,0,0,3.617667613234793e-05
Logistic Reg,No SMOTE,0,0,4.895969304917915e-05
Logistic Reg,No SMOTE,0,0,4.673807739105191e-05
Logistic Reg,No SMOTE,0,0,4.6185307697185655e-05
Logistic Reg,No SMOTE,0,0,4.5678625321058496e-05
Logistic Reg,No SMOTE,0,0,4.659821975706113e-05
Logistic Reg,No SMOTE,0,0,0.01096341159778502
Logistic Reg,No SMOTE,0,0,0.0008300579316544398
Logistic Reg,No SMOTE,0,0,1.2106437644131313e-06
Logistic Reg,No SMOTE,0,0,6.424676304129785e-07
Logistic Reg,No SMOTE,0,0,0.0004210940783766076
Logistic Reg,No SMOTE,0,0,5.526930900530802e-05
Logistic Reg,No SMOTE,0,0,3.8354323421340116e-08
Logistic Reg,No SMOTE,0,0,0.04654522809060778
Logistic Reg,No SMOTE,0,0,4.581737411287931e-05
Logistic Reg,No SMOTE,0,0,0.029825216184373844
Logistic Reg,No SMOTE,0,0,0.030636525960779253
Logistic Reg,No SMOTE,0,0,1.3315175704521274e-06
Logistic Reg,No SMOTE,0,0,8.132264762305397e-08
Logistic Reg,No SMOTE,0,0,0.017657992973389817
Logistic Reg,No SMOTE,0,0,1.2160519305461217e-06
Logistic Reg,No SMOTE,0,0,1.6170113797127968e-18
Logistic Reg,No SMOTE,0,0,8.467890880776395e-07
Logistic Reg,No SMOTE,0,0,7.683259374802296e-07
Logistic Reg,No SMOTE,0,0,9.551847415272177e-07
Logistic Reg,No SMOTE,0,0,1.0715362174620505e-14
Logistic Reg,No SMOTE,0,0,0.06349628499595984
Logistic Reg,No SMOTE,0,0,9.049923362698254e-07
Logistic Reg,No SMOTE,0,0,0.0415508426218834
Logistic Reg,No SMOTE,0,0,4.711217861700724e-05
Logistic Reg,No SMOTE,0,0,0.023654552968845513
Logistic Reg,No SMOTE,0,0,4.4386143489688075e-07
Logistic Reg,No SMOTE,0,0,4.885178127273816e-06
Logistic Reg,No SMOTE,0,0,0.0019300891841346377
Logistic Reg,No SMOTE,0,0,0.013179137283139724
Logistic Reg,No SMOTE,0,0,2.6675930900526357e-11
Logistic Reg,No SMOTE,0,0,4.66010073068982e-05
Logistic Reg,No SMOTE,0,0,4.983162176273365e-05
Logistic Reg,No SMOTE,0,0,0.017226517656882927
Logistic Reg,No SMOTE,0,0,0.00015339874214000818
Logistic Reg,No SMOTE,0,0,0.0038695085533616545
Logistic Reg,No SMOTE,0,0,0.0424516805202038
Logistic Reg,No SMOTE,0,0,9.8810163093787e-07
Logistic Reg,No SMOTE,0,0,6.094199223174309e-07
Logistic Reg,No SMOTE,0,1,0.8555651919836262
Logistic Reg,No SMOTE,0,0,2.0120148209171626e-10
Logistic Reg,No SMOTE,0,0,0.026379331268709214
Logistic Reg,No SMOTE,0,0,1.0654974112797147e-06
Logistic Reg,No SMOTE,0,0,7.093856921388801e-07
Logistic Reg,No SMOTE,0,0,0.12043163457217068
Logistic Reg,No SMOTE,0,0,4.567614255966278e-05
Logistic Reg,No SMOTE,0,0,2.1813195722850947e-05
Logistic Reg,No SMOTE,0,0,0.033595126719311974
Logistic Reg,No SMOTE,0,0,4.572978306590637e-05
Logistic Reg,No SMOTE,0,0,6.188897763942599e-07
Logistic Reg,No SMOTE,0,0,1.0419248940596233e-17
Logistic Reg,No SMOTE,0,0,0.0025700792119074025
Logistic Reg,No SMOTE,0,0,4.579043084287141e-05
Logistic Reg,No SMOTE,0,0,4.7210687468824865e-05
Logistic Reg,No SMOTE,0,0,0.0018476447946603701
Logistic Reg,No SMOTE,0,0,0.0415534163077944
Logistic Reg,No SMOTE,0,0,0.012719190179978612
Logistic Reg,No SMOTE,0,0,1.0268817039601854e-06
Logistic Reg,No SMOTE,0,0,1.0165100623519622e-14
Logistic Reg,No SMOTE,0,0,0.034824907068291326
Logistic Reg,No SMOTE,0,0,0.033593969136381845
Logistic Reg,No SMOTE,0,0,0.0007631640495831326
Logistic Reg,No SMOTE,0,0,0.0031713351182652903
Logistic Reg,No SMOTE,0,0,0.012916410618380617
Logistic Reg,No SMOTE,0,1,0.8914045148116255
Logistic Reg,No SMOTE,0,0,8.021408887320579e-07
Logistic Reg,No SMOTE,0,0,4.5995326046757345e-05
Logistic Reg,No SMOTE,0,0,4.5838259685763064e-05
Logistic Reg,No SMOTE,0,0,0.0001340275539690033
Logistic Reg,No SMOTE,0,0,2.6078490208365782e-06
Logistic Reg,No SMOTE,0,0,9.677065573435807e-07
Logistic Reg,No SMOTE,0,0,0.010664710539314426
Logistic Reg,No SMOTE,0,0,4.828292786989504e-09
Logistic Reg,No SMOTE,0,0,0.04283632089094389
Logistic Reg,No SMOTE,0,0,1.5088247151150532e-06
Logistic Reg,No SMOTE,0,0,1.0486619764495028e-16
Logistic Reg,No SMOTE,0,0,4.626618355028307e-05
Logistic Reg,No SMOTE,0,0,2.841971599758821e-09
Logistic Reg,No SMOTE,0,0,4.662551495629538e-05
Logistic Reg,No SMOTE,0,0,8.839493117256796e-07
Logistic Reg,No SMOTE,0,0,0.0330851187344586
Logistic Reg,No SMOTE,0,0,4.635795974357742e-05
Logistic Reg,No SMOTE,0,0,7.803944256959519e-07
Logistic Reg,No SMOTE,0,0,8.50910698781412e-07
Logistic Reg,No SMOTE,0,0,0.03917311877045785
Logistic Reg,No SMOTE,0,0,0.03760953297178386
Logistic Reg,No SMOTE,0,0,5.345452359262359e-07
Logistic Reg,No SMOTE,0,0,6.452376841630759e-07
Logistic Reg,No SMOTE,0,0,4.738431837951494e-08
Logistic Reg,No SMOTE,0,0,0.012887020835568922
Logistic Reg,No SMOTE,0,0,0.02494986006034689
Logistic Reg,No SMOTE,0,0,0.03721774753845143
Logistic Reg,No SMOTE,0,0,0.012352267942158346
Logistic Reg,No SMOTE,0,0,9.280574541519294e-07
Logistic Reg,No SMOTE,0,0,0.028547375123298052
Logistic Reg,No SMOTE,0,0,4.866614989755656e-07
Logistic Reg,No SMOTE,0,0,0.03335249346889808
Logistic Reg,No SMOTE,0,0,0.006124247381767048
Logistic Reg,No SMOTE,0,0,0.023631162308662385
Logistic Reg,No SMOTE,0,0,0.04399128236312639
Logistic Reg,No SMOTE,0,0,7.840421645137957e-10
Logistic Reg,No SMOTE,0,0,0.0009323705644913885
Logistic Reg,No SMOTE,0,0,0.03761844381193483
Logistic Reg,No SMOTE,0,0,9.486017941269475e-07
Logistic Reg,No SMOTE,0,0,0.034071380627357865
Logistic Reg,No SMOTE,0,0,0.02958456316309113
Logistic Reg,No SMOTE,0,0,0.0024962540339011877
Logistic Reg,No SMOTE,0,0,0.0007403792120395045
Logistic Reg,No SMOTE,0,0,1.8874860343830714e-20
Logistic Reg,No SMOTE,0,0,0.000995960785632859
Logistic Reg,No SMOTE,0,0,4.411568385734878e-09
Logistic Reg,No SMOTE,0,0,4.863296781508149e-05
Logistic Reg,No SMOTE,0,0,4.629109158788251e-05
Logistic Reg,No SMOTE,0,0,4.900909684155944e-05
Logistic Reg,No SMOTE,0,0,5.4168459520810015e-09
Logistic Reg,No SMOTE,0,0,1.3256045465162682e-12
Logistic Reg,No SMOTE,0,0,0.03045707342909647
Logistic Reg,No SMOTE,1,1,0.9806587217856824
Logistic Reg,No SMOTE,0,0,4.0248745099421867e-13
Logistic Reg,No SMOTE,0,0,0.0014378652527114195
Logistic Reg,No SMOTE,0,0,4.849114425804562e-07
Logistic Reg,No SMOTE,0,0,4.7738626970166725e-05
Logistic Reg,No SMOTE,0,0,0.00014241484408321413
Logistic Reg,No SMOTE,0,0,1.5682082237689003e-08
Logistic Reg,No SMOTE,0,0,1.2678821124261249e-08
Logistic Reg,No SMOTE,0,0,6.739504045617445e-07
Logistic Reg,No SMOTE,0,0,4.558504152796968e-05
Logistic Reg,No SMOTE,0,0,0.0005075954441870438
Logistic Reg,No SMOTE,0,0,2.4796987454199974e-07
Logistic Reg,No SMOTE,0,0,0.0006681977175597105
Logistic Reg,No SMOTE,0,0,3.8356162104633395e-15
Logistic Reg,No SMOTE,0,0,4.583662980691883e-05
Logistic Reg,No SMOTE,0,1,0.5428232153743433
Logistic Reg,No SMOTE,0,0,0.012715289564499532
Logistic Reg,No SMOTE,0,0,0.3387097742831367
Logistic Reg,No SMOTE,0,0,0.023404513929987148
Logistic Reg,No SMOTE,0,0,4.792247369970277e-05
Logistic Reg,No SMOTE,0,0,0.27448104927267064
Logistic Reg,No SMOTE,0,0,0.01866147527972547
Logistic Reg,No SMOTE,0,0,4.6578408363691725e-05
Logistic Reg,No SMOTE,0,0,0.009919385133059502
Logistic Reg,No SMOTE,0,0,0.002910946241088267
Logistic Reg,No SMOTE,0,0,4.5990771063073916e-05
Logistic Reg,No SMOTE,0,0,0.010288503884104148
Logistic Reg,No SMOTE,0,0,1.0939478698426933e-06
Logistic Reg,No SMOTE,0,0,4.574345289850907e-05
Logistic Reg,No SMOTE,0,0,5.074490418197843e-08
Logistic Reg,No SMOTE,0,0,0.013682863898018035
Logistic Reg,No SMOTE,0,0,0.04283514656003124
Logistic Reg,No SMOTE,0,0,0.015373136715121473
Logistic Reg,No SMOTE,0,0,0.0008836381542496281
Logistic Reg,No SMOTE,0,0,0.0047545736344858334
Logistic Reg,No SMOTE,0,0,5.583540889328889e-10
Logistic Reg,No SMOTE,0,0,6.362491519798168e-07
Logistic Reg,No SMOTE,0,0,4.649662933331452e-05
Logistic Reg,No SMOTE,0,0,0.043651228013723446
Logistic Reg,No SMOTE,0,0,6.871039941602387e-20
Logistic Reg,No SMOTE,0,0,6.23467191063268e-10
Logistic Reg,No SMOTE,0,0,0.02609052551438354
Logistic Reg,No SMOTE,0,0,0.0006441741211847789
Logistic Reg,No SMOTE,0,0,5.691182161037243e-10
Logistic Reg,No SMOTE,0,0,4.619390228598784e-05
Logistic Reg,No SMOTE,0,0,0.007340016863239406
Logistic Reg,No SMOTE,0,0,1.0796714707460174e-06
Logistic Reg,No SMOTE,0,0,1.7143076482762337e-08
Logistic Reg,No SMOTE,0,0,0.0028650364549016373
Logistic Reg,No SMOTE,0,0,5.4436553740707515e-05
Logistic Reg,No SMOTE,0,0,0.04003816943608207
Logistic Reg,No SMOTE,0,0,3.875709037900618e-12
Logistic Reg,No SMOTE,0,0,3.485056519100268e-18
Logistic Reg,No SMOTE,0,0,0.0001436096704175974
Logistic Reg,No SMOTE,0,0,1.8089127000062773e-10
Logistic Reg,No SMOTE,0,0,0.0008060765056309966
Logistic Reg,No SMOTE,0,0,8.435272514873354e-09
Logistic Reg,No SMOTE,0,0,2.0656220285270313e-13
Logistic Reg,No SMOTE,0,0,0.03295409792347936
Logistic Reg,No SMOTE,0,0,0.00016106220092394335
Logistic Reg,No SMOTE,0,0,1.960049893808216e-06
Logistic Reg,No SMOTE,0,0,6.890564726728071e-07
Logistic Reg,No SMOTE,0,0,0.023025755228002567
Logistic Reg,No SMOTE,0,0,0.025752424953929185
Logistic Reg,No SMOTE,0,0,1.0581582814780571e-14
Logistic Reg,No SMOTE,0,0,9.755859552233995e-22
Logistic Reg,No SMOTE,0,0,1.0314728538773706e-06
Logistic Reg,No SMOTE,0,0,4.592770186119062e-05
Logistic Reg,No SMOTE,0,0,8.578764191000931e-07
Logistic Reg,No SMOTE,0,0,5.764272299498699e-07
Logistic Reg,No SMOTE,0,0,1.0356783922858663e-06
Logistic Reg,No SMOTE,0,0,0.0004957029980102837
Logistic Reg,No SMOTE,0,0,1.7721752523372037e-20
Logistic Reg,No SMOTE,0,0,4.5795642202665135e-05
Logistic Reg,No SMOTE,0,0,0.0007429484134669901
Logistic Reg,No SMOTE,0,0,1.0095940744942451e-06
Logistic Reg,No SMOTE,0,0,5.582042941538293e-05
Logistic Reg,No SMOTE,0,0,3.1743499804227024e-08
Logistic Reg,No SMOTE,0,0,0.0002793972495908769
Logistic Reg,No SMOTE,0,0,6.44061704274522e-15
Logistic Reg,No SMOTE,0,0,0.03990927263926784
Logistic Reg,No SMOTE,0,0,0.20334747047058044
Logistic Reg,No SMOTE,0,1,0.6007051425363146
Logistic Reg,No SMOTE,0,0,0.03929516882938853
Logistic Reg,No SMOTE,0,0,8.094348942787726e-07
Logistic Reg,No SMOTE,0,0,8.042583660882397e-24
Logistic Reg,No SMOTE,0,0,0.002424617130003988
Logistic Reg,No SMOTE,0,0,0.011035206865497381
Logistic Reg,No SMOTE,0,0,0.39811291090228934
Logistic Reg,No SMOTE,0,1,0.728032385554847
Logistic Reg,No SMOTE,0,0,1.3907280639115948e-06
Logistic Reg,No SMOTE,0,0,0.014310255511389255
Logistic Reg,No SMOTE,0,0,4.6697242222007246e-05
Logistic Reg,No SMOTE,0,0,0.0007398913951954209
Logistic Reg,No SMOTE,0,0,0.022666354505837726
Logistic Reg,No SMOTE,0,0,0.0004390777738803244
Logistic Reg,No SMOTE,0,0,4.540546505546679e-09
Logistic Reg,No SMOTE,0,0,8.479211930676316e-15
Logistic Reg,No SMOTE,0,0,4.015474341040166e-08
Logistic Reg,No SMOTE,0,0,1.443708150222337e-06
Logistic Reg,No SMOTE,0,0,6.448360283427577e-07
Logistic Reg,No SMOTE,0,0,9.7416694655572e-07
Logistic Reg,No SMOTE,0,0,2.4465401648287685e-11
Logistic Reg,No SMOTE,0,0,4.675781072485972e-05
Logistic Reg,No SMOTE,0,0,0.007675364052388885
Logistic Reg,No SMOTE,0,0,4.6022239470882523e-05
Logistic Reg,No SMOTE,0,0,0.012202622055498361
Logistic Reg,No SMOTE,0,0,4.564426261614274e-05
Logistic Reg,No SMOTE,0,0,0.029098271393284678
Logistic Reg,No SMOTE,0,0,4.9199311131009446e-05
Logistic Reg,No SMOTE,0,0,0.013122225995657284
Logistic Reg,No SMOTE,0,0,9.868264839682832e-07
Logistic Reg,No SMOTE,0,0,0.00036091934330946903
Logistic Reg,No SMOTE,0,0,4.657453178736741e-05
Logistic Reg,No SMOTE,0,0,2.3304163313562636e-06
Logistic Reg,No SMOTE,0,0,0.026188734135928513
Logistic Reg,No SMOTE,0,0,9.962187621105088e-07
Logistic Reg,No SMOTE,0,0,0.0008499211411695004
Logistic Reg,No SMOTE,0,0,0.0002995410995320804
Logistic Reg,No SMOTE,0,0,4.653276446902067e-05
Logistic Reg,No SMOTE,0,0,8.844153898341712e-07
Logistic Reg,No SMOTE,0,0,8.952811034151071e-07
Logistic Reg,No SMOTE,0,0,0.0012235531771547902
Logistic Reg,No SMOTE,0,0,8.743451173982399e-07
Logistic Reg,No SMOTE,0,0,0.355404608885267
Logistic Reg,No SMOTE,0,0,1.1968330203148536e-05
Logistic Reg,No SMOTE,0,0,0.015245090846762071
Logistic Reg,No SMOTE,0,0,9.033161395508632e-07
Logistic Reg,No SMOTE,0,0,0.028705616708921643
Logistic Reg,No SMOTE,0,0,9.095582745860319e-07
Logistic Reg,No SMOTE,0,0,4.227398291156736e-06
Logistic Reg,No SMOTE,0,0,0.006112348124137323
Logistic Reg,No SMOTE,0,0,8.919090245949372e-07
Logistic Reg,No SMOTE,0,0,7.79478188106059e-12
Logistic Reg,No SMOTE,0,0,3.3460109781691123e-06
Logistic Reg,No SMOTE,0,0,0.03333246283611609
Logistic Reg,No SMOTE,0,0,7.250512628776719e-07
Logistic Reg,No SMOTE,0,0,3.642637758441415e-05
Logistic Reg,No SMOTE,0,0,7.456466955064707e-07
Logistic Reg,No SMOTE,0,0,7.020568512146116e-07
Logistic Reg,No SMOTE,0,0,1.1441652327442035e-11
Logistic Reg,No SMOTE,0,0,1.0238832802203471e-06
Logistic Reg,No SMOTE,0,0,7.680251166273741e-09
Logistic Reg,No SMOTE,0,0,5.095977427018866e-10
Logistic Reg,No SMOTE,0,0,2.4927488491949158e-06
Logistic Reg,No SMOTE,0,0,7.993887128207164e-12
Logistic Reg,No SMOTE,0,0,8.3865918736472e-07
Logistic Reg,No SMOTE,0,0,4.649868079977272e-05
Logistic Reg,No SMOTE,0,1,0.56282128945877
Logistic Reg,No SMOTE,0,0,4.812740646124078e-05
Logistic Reg,No SMOTE,0,1,0.8240930096075229
Logistic Reg,No SMOTE,0,1,0.5390005805321935
Logistic Reg,No SMOTE,0,0,0.025658161858685757
Logistic Reg,No SMOTE,0,0,0.03673414073090966
Logistic Reg,No SMOTE,0,0,6.3665222413973e-08
Logistic Reg,No SMOTE,0,0,5.814252331764663e-13
Logistic Reg,No SMOTE,0,0,9.495602222842879e-07
Logistic Reg,No SMOTE,0,0,4.5808622160929505e-05
Logistic Reg,No SMOTE,0,0,0.030200022801957247
Logistic Reg,No SMOTE,0,0,1.256490320392624e-28
Logistic Reg,No SMOTE,0,0,0.04324810476338206
Logistic Reg,No SMOTE,0,0,8.012296933792003e-07
Logistic Reg,No SMOTE,0,0,0.0304633180230892
Logistic Reg,No SMOTE,0,0,9.520900748538499e-07
Logistic Reg,No SMOTE,0,0,0.027212774621699333
Logistic Reg,No SMOTE,0,0,8.255260541997541e-07
Logistic Reg,No SMOTE,0,0,0.00018155925641251215
Logistic Reg,No SMOTE,0,0,7.393105069915257e-07
Logistic Reg,No SMOTE,0,0,0.024632169434021363
Logistic Reg,No SMOTE,0,0,4.85588783137598e-22
Logistic Reg,No SMOTE,0,0,6.899891632905379e-07
Logistic Reg,No SMOTE,0,0,0.031889460007799075
Logistic Reg,No SMOTE,0,0,4.6095600232790254e-05
Logistic Reg,No SMOTE,0,0,0.05811367801763217
Logistic Reg,No SMOTE,0,0,1.328630916660514e-06
Logistic Reg,No SMOTE,0,0,0.006980421020702722
Logistic Reg,No SMOTE,0,0,9.099460101179906e-11
Logistic Reg,No SMOTE,0,0,0.31957436037212794
Logistic Reg,No SMOTE,0,0,0.023086611289864677
Logistic Reg,No SMOTE,0,1,0.7890061903429532
Logistic Reg,No SMOTE,0,0,0.00010786987598643787
Logistic Reg,No SMOTE,0,0,0.03429068069216623
Logistic Reg,No SMOTE,0,0,5.301602712823029e-05
Logistic Reg,No SMOTE,0,0,0.027249995618224956
Logistic Reg,No SMOTE,0,0,3.2348098614444845e-18
Logistic Reg,No SMOTE,0,0,0.0010576389270612325
Logistic Reg,No SMOTE,0,0,0.024595698105167724
Logistic Reg,No SMOTE,0,0,0.038647938932456515
Logistic Reg,No SMOTE,0,0,0.040101757549800006
Logistic Reg,No SMOTE,0,0,4.577964850044665e-05
Logistic Reg,No SMOTE,0,0,0.01783909952120305
Logistic Reg,No SMOTE,0,0,2.2491200662586548e-05
Logistic Reg,No SMOTE,0,0,1.2571231284574516e-06
Logistic Reg,No SMOTE,0,0,0.2691110953425052
Logistic Reg,No SMOTE,0,0,6.8457963418539445e-09
Logistic Reg,No SMOTE,0,0,0.009554644167644347
Logistic Reg,No SMOTE,0,0,1.7855945326798472e-06
Logistic Reg,No SMOTE,0,0,0.00012240746212165883
Logistic Reg,No SMOTE,0,0,0.0012571898759550569
Logistic Reg,No SMOTE,0,0,3.0042978720389266e-13
Logistic Reg,No SMOTE,0,0,9.681540608504048e-11
Logistic Reg,No SMOTE,0,0,1.257781568691896e-06
Logistic Reg,No SMOTE,0,0,4.5758383531231e-05
Logistic Reg,No SMOTE,0,0,1.607042323536328e-09
Logistic Reg,No SMOTE,0,0,6.347571916178669e-07
Logistic Reg,No SMOTE,0,0,0.00033052915977268275
Logistic Reg,No SMOTE,0,0,0.00015322113244553803
Logistic Reg,No SMOTE,0,0,0.023131107244514275
Logistic Reg,No SMOTE,0,0,8.093498347679323e-07
Logistic Reg,No SMOTE,0,0,4.8740517895155395e-05
Logistic Reg,No SMOTE,0,0,0.006348183649296514
Logistic Reg,No SMOTE,0,0,0.0001404334122403909
Logistic Reg,No SMOTE,0,0,0.03174501888128934
Logistic Reg,No SMOTE,0,0,9.628084531662249e-06
Logistic Reg,No SMOTE,0,0,8.724923912471368e-07
Logistic Reg,No SMOTE,0,0,0.0002624337156245314
Logistic Reg,No SMOTE,0,0,7.661630023884432e-07
Logistic Reg,No SMOTE,0,0,5.050982927440636e-18
Logistic Reg,No SMOTE,0,0,0.03288217638557444
Logistic Reg,No SMOTE,0,0,4.575115165206712e-05
Logistic Reg,No SMOTE,0,0,0.042977178632428295
Logistic Reg,No SMOTE,0,0,0.000365982554564886
Logistic Reg,No SMOTE,0,0,4.629500817082267e-05
Logistic Reg,No SMOTE,0,0,1.0122145759821748e-06
Logistic Reg,No SMOTE,0,0,7.549362849077377e-07
Logistic Reg,No SMOTE,0,0,1.1520304850895895e-06
Logistic Reg,No SMOTE,0,0,0.011387192240985373
Logistic Reg,No SMOTE,0,0,0.013290209949413065
Logistic Reg,No SMOTE,0,0,9.205550258001339e-10
Logistic Reg,No SMOTE,0,0,6.153356252897385e-14
Logistic Reg,No SMOTE,0,0,0.010436608005923283
Logistic Reg,No SMOTE,0,0,0.04262513427660594
Logistic Reg,No SMOTE,0,0,1.9497635465871069e-10
Logistic Reg,No SMOTE,0,0,3.6017659919246287e-06
Logistic Reg,No SMOTE,0,0,7.171332439579977e-26
Logistic Reg,No SMOTE,0,0,0.002531167271697273
Logistic Reg,No SMOTE,0,0,0.13737589139458098
Logistic Reg,No SMOTE,0,0,1.040034577799071e-14
Logistic Reg,No SMOTE,0,0,0.0406967780197018
Logistic Reg,No SMOTE,0,0,0.029384548531742407
Logistic Reg,No SMOTE,0,0,2.2124678666299067e-10
Logistic Reg,No SMOTE,0,0,9.9915656621777e-21
Logistic Reg,No SMOTE,0,0,0.008647430377101226
Logistic Reg,No SMOTE,0,0,4.972002486639378e-16
Logistic Reg,No SMOTE,0,0,0.36957516721996975
Logistic Reg,No SMOTE,0,0,1.633024725073303e-05
Logistic Reg,No SMOTE,0,0,0.03948129847874566
Logistic Reg,No SMOTE,0,0,0.011003279499334372
Logistic Reg,No SMOTE,0,0,0.03424381645898524
Logistic Reg,No SMOTE,0,0,1.0303032442899322e-06
Logistic Reg,No SMOTE,0,0,0.009669995561968693
Logistic Reg,No SMOTE,0,0,1.8057614132719682e-19
Logistic Reg,No SMOTE,0,0,0.03516286818881821
Logistic Reg,No SMOTE,0,0,5.366723220157785e-11
Logistic Reg,No SMOTE,0,0,9.72822188159176e-07
Logistic Reg,No SMOTE,0,0,0.039107148534834935
Logistic Reg,No SMOTE,0,0,5.939432987956952e-07
Logistic Reg,No SMOTE,0,0,5.086594263403582e-06
Logistic Reg,No SMOTE,0,0,3.5309556486512364e-12
Logistic Reg,No SMOTE,0,0,3.592941878037689e-19
Logistic Reg,No SMOTE,0,1,0.8915717846819342
Logistic Reg,No SMOTE,0,0,4.572338052719551e-05
Logistic Reg,No SMOTE,0,0,0.19787673959820984
Logistic Reg,No SMOTE,0,0,0.025364521109392652
Logistic Reg,No SMOTE,0,0,0.023013146929450768
Logistic Reg,No SMOTE,0,0,4.5992309083211574e-11
Logistic Reg,No SMOTE,0,0,0.030765946948957623
Logistic Reg,No SMOTE,0,0,7.936534337835706e-07
Logistic Reg,No SMOTE,0,0,1.0089787053351573e-06
Logistic Reg,No SMOTE,0,0,0.0001986382743727432
Logistic Reg,No SMOTE,0,0,0.030311709149518657
Logistic Reg,No SMOTE,0,0,5.011521726221651e-23
Logistic Reg,No SMOTE,0,0,7.258251983783384e-17
Logistic Reg,No SMOTE,0,0,4.636215934016005e-05
Logistic Reg,No SMOTE,0,0,0.0003901110625449613
Logistic Reg,No SMOTE,0,0,1.0992627580548637e-07
Logistic Reg,No SMOTE,0,0,1.0234826268306012e-06
Logistic Reg,No SMOTE,0,0,4.868488055679577e-15
Logistic Reg,No SMOTE,0,0,0.0010174284799787524
Logistic Reg,No SMOTE,0,0,0.036898992245981095
Logistic Reg,No SMOTE,0,0,1.2671241492019702e-12
Logistic Reg,No SMOTE,0,0,7.564604151522091e-07
Logistic Reg,No SMOTE,0,0,0.0075757410955598105
Logistic Reg,No SMOTE,0,0,5.878239467065813e-07
Logistic Reg,No SMOTE,0,0,1.2369295379998057e-12
Logistic Reg,No SMOTE,0,0,0.023225627245793294
Logistic Reg,No SMOTE,0,0,7.989965320158906e-07
Logistic Reg,No SMOTE,0,0,0.023992793721080926
Logistic Reg,No SMOTE,0,0,2.3509412205643433e-14
Logistic Reg,No SMOTE,0,0,3.97205469909707e-05
Logistic Reg,No SMOTE,0,0,1.6640152968792034e-11
Logistic Reg,No SMOTE,0,0,1.114089881789485e-06
Logistic Reg,No SMOTE,0,0,2.271301087645432e-13
Logistic Reg,No SMOTE,0,0,8.522146031277727e-07
Logistic Reg,No SMOTE,0,0,9.850230645734389e-07
Logistic Reg,No SMOTE,0,0,8.449888491343183e-07
Logistic Reg,No SMOTE,0,0,0.00048342874442895294
Logistic Reg,No SMOTE,0,0,0.025266561437195727
Logistic Reg,No SMOTE,0,0,2.3315871159378646e-24
Logistic Reg,No SMOTE,0,0,0.04301489855588036
Logistic Reg,No SMOTE,0,0,1.4362861350783502e-10
Logistic Reg,No SMOTE,0,0,0.03640329301725632
Logistic Reg,No SMOTE,0,0,0.0002884386688314617
Logistic Reg,No SMOTE,0,0,2.1139431718883823e-09
Logistic Reg,No SMOTE,0,0,5.5905353686501087e-14
Logistic Reg,No SMOTE,0,0,0.03244357902807689
Logistic Reg,No SMOTE,0,0,0.011191193898356126
Logistic Reg,No SMOTE,0,1,0.8226036753764236
Logistic Reg,No SMOTE,0,0,0.030283429586130586
Logistic Reg,No SMOTE,0,0,5.869429831793486e-05
Logistic Reg,No SMOTE,0,0,1.0005004597376482e-08
Logistic Reg,No SMOTE,0,0,0.008473367873636077
Logistic Reg,No SMOTE,0,0,1.1817447576314426e-06
Logistic Reg,No SMOTE,0,0,0.019987909391074872
Logistic Reg,No SMOTE,0,0,6.989686695470486e-21
Logistic Reg,No SMOTE,0,0,8.050536212353243e-05
Logistic Reg,No SMOTE,0,0,0.01832051304088162
Logistic Reg,No SMOTE,0,0,4.575124271411952e-05
Logistic Reg,No SMOTE,0,0,3.615470953325112e-18
Logistic Reg,No SMOTE,0,0,0.02884931215518017
Logistic Reg,No SMOTE,0,0,0.06886348426029563
Logistic Reg,No SMOTE,0,0,4.588038804660507e-05
Logistic Reg,No SMOTE,0,0,4.751391759411586e-07
Logistic Reg,No SMOTE,0,0,7.88302228095015e-12
Logistic Reg,No SMOTE,0,0,9.512015137741143e-07
Logistic Reg,No SMOTE,0,0,0.001143298639155355
Logistic Reg,No SMOTE,0,0,0.03519384295961273
Logistic Reg,No SMOTE,0,0,9.629089808067215e-07
Logistic Reg,No SMOTE,0,0,0.04228784502948906
Logistic Reg,No SMOTE,0,0,5.649417713348833e-20
Logistic Reg,No SMOTE,0,0,0.010553793231762369
Logistic Reg,No SMOTE,0,0,2.2813809305935543e-16
Logistic Reg,No SMOTE,0,0,4.835778727971353e-05
Logistic Reg,No SMOTE,0,0,5.027602850345815e-05
Logistic Reg,No SMOTE,0,0,8.000163129277682e-07
Logistic Reg,No SMOTE,0,0,1.687373997081038e-09
Logistic Reg,No SMOTE,0,0,4.805286410663054e-05
Logistic Reg,No SMOTE,0,0,0.11200222264321213
Logistic Reg,No SMOTE,0,0,0.030410278157163375
Logistic Reg,No SMOTE,0,0,0.02251870483326498
Logistic Reg,No SMOTE,0,0,4.635457195445867e-05
Logistic Reg,No SMOTE,0,0,0.010208155450090276
Logistic Reg,No SMOTE,0,0,4.5783089722775235e-05
Logistic Reg,No SMOTE,0,0,1.0007300819304466e-10
Logistic Reg,No SMOTE,0,0,8.993290165901392e-05
Logistic Reg,No SMOTE,0,0,0.0008012509567948749
Logistic Reg,No SMOTE,0,0,0.02315083754983475
Logistic Reg,No SMOTE,0,0,0.0016407049039584816
Logistic Reg,No SMOTE,0,0,8.18661768065264e-07
Logistic Reg,No SMOTE,0,0,0.000785816559451224
Logistic Reg,No SMOTE,0,0,0.062042497560646816
Logistic Reg,No SMOTE,0,0,0.0006989480137554442
Logistic Reg,No SMOTE,0,0,0.0027713300057399188
Logistic Reg,No SMOTE,0,0,1.2830476290754124e-08
Logistic Reg,No SMOTE,0,0,9.193894307271924e-07
Logistic Reg,No SMOTE,0,0,5.517523326041853e-08
Logistic Reg,No SMOTE,0,0,5.911666834271691e-15
Logistic Reg,No SMOTE,0,0,2.3613087374494758e-15
Logistic Reg,No SMOTE,0,0,9.821404554209464e-07
Logistic Reg,No SMOTE,0,0,9.930624310408187e-05
Logistic Reg,No SMOTE,0,0,1.0781534721341013e-06
Logistic Reg,No SMOTE,0,0,5.718303145396339e-06
Logistic Reg,No SMOTE,0,0,4.192602215384167e-28
Logistic Reg,No SMOTE,0,1,0.914934326954151
Logistic Reg,No SMOTE,0,0,1.1506264142446336e-06
Logistic Reg,No SMOTE,0,0,0.007140528950031459
Logistic Reg,No SMOTE,0,0,7.790540168639437e-06
Logistic Reg,No SMOTE,0,0,1.0169186840132198e-06
Logistic Reg,No SMOTE,0,0,9.286313203915738e-07
Logistic Reg,No SMOTE,0,0,0.028247689513888476
Logistic Reg,No SMOTE,0,0,1.1243844342210248e-06
Logistic Reg,No SMOTE,0,0,1.0878242757562408e-06
Logistic Reg,No SMOTE,0,0,0.06037578971470646
Logistic Reg,No SMOTE,0,0,6.703667791532827e-07
Logistic Reg,No SMOTE,0,0,0.04177616244655
Logistic Reg,No SMOTE,0,0,4.906918305385938e-05
Logistic Reg,No SMOTE,0,0,4.587898047033758e-05
Logistic Reg,No SMOTE,0,0,1.3853201685930488e-07
Logistic Reg,No SMOTE,0,0,0.0001113900533794201
Logistic Reg,No SMOTE,0,0,4.905733696832152e-05
Logistic Reg,No SMOTE,0,0,4.5860784360640014e-05
Logistic Reg,No SMOTE,0,0,0.010888584425218959
Logistic Reg,No SMOTE,0,0,0.011396362585416724
Logistic Reg,No SMOTE,0,0,9.562260260815365e-07
Logistic Reg,No SMOTE,0,0,0.03557388541664374
Logistic Reg,No SMOTE,0,0,0.025816365929427248
Logistic Reg,No SMOTE,0,0,0.04764668897039959
Logistic Reg,No SMOTE,0,0,0.011523392497385572
Logistic Reg,No SMOTE,0,0,0.0006642880408506978
Logistic Reg,No SMOTE,0,0,0.013587651359955481
Logistic Reg,No SMOTE,0,0,0.024593135234971964
Logistic Reg,No SMOTE,0,0,4.811853778134544e-07
Logistic Reg,No SMOTE,0,0,3.539111315252122e-16
Logistic Reg,No SMOTE,0,0,5.983002404990785e-05
Logistic Reg,No SMOTE,0,0,0.42515244847258193
Logistic Reg,No SMOTE,0,0,3.829271059438615e-09
Logistic Reg,No SMOTE,0,0,0.22438043412248543
Logistic Reg,No SMOTE,0,0,6.639451224755992e-07
Logistic Reg,No SMOTE,0,0,7.537894819771236e-07
Logistic Reg,No SMOTE,0,0,4.576714785500093e-05
Logistic Reg,No SMOTE,0,0,0.06943975556391382
Logistic Reg,No SMOTE,0,0,8.569378292922102e-07
Logistic Reg,No SMOTE,0,0,0.035828209127075544
Logistic Reg,No SMOTE,0,0,0.013967614315796585
Logistic Reg,No SMOTE,0,0,0.0012045333055581105
Logistic Reg,No SMOTE,0,0,0.0382870214253436
Logistic Reg,No SMOTE,0,0,0.000287565666954648
Logistic Reg,No SMOTE,0,0,4.4420047367164686e-17
Logistic Reg,No SMOTE,0,0,4.241133184817023e-25
Logistic Reg,No SMOTE,0,0,1.1466473620987094e-229
Logistic Reg,No SMOTE,0,0,7.504963047785983e-07
Logistic Reg,No SMOTE,0,0,0.002769401423673515
Logistic Reg,No SMOTE,0,0,7.973481619514038e-07
Logistic Reg,No SMOTE,0,0,4.1041292783309207e-07
Logistic Reg,No SMOTE,0,0,8.950508136461705e-09
Logistic Reg,No SMOTE,0,0,0.0007443690239572997
Logistic Reg,No SMOTE,0,0,1.3258663514748167e-06
Logistic Reg,No SMOTE,0,0,8.422105566904346e-06
Logistic Reg,No SMOTE,0,0,1.047423865358592e-06
Logistic Reg,No SMOTE,0,0,9.975045892330886e-07
Logistic Reg,No SMOTE,0,0,0.0003964248764538673
Logistic Reg,No SMOTE,0,0,1.0029441838241178e-06
Logistic Reg,No SMOTE,0,0,0.038073968415409894
Logistic Reg,No SMOTE,0,0,0.03795501541455345
Logistic Reg,No SMOTE,0,1,0.7960900277831134
Logistic Reg,No SMOTE,0,0,1.5740645962442115e-10
Logistic Reg,No SMOTE,0,0,1.068976190233433e-06
Logistic Reg,No SMOTE,0,1,0.6551655599122606
Logistic Reg,No SMOTE,0,0,1.3353002951691085e-06
Logistic Reg,No SMOTE,0,0,0.023044919093959598
Logistic Reg,No SMOTE,0,0,4.567205493188818e-05
Logistic Reg,No SMOTE,0,0,0.024187327318374367
Logistic Reg,No SMOTE,0,0,0.003684640762874842
Logistic Reg,No SMOTE,0,0,1.0620696856699802e-06
Logistic Reg,No SMOTE,0,0,5.355967477560573e-06
Logistic Reg,No SMOTE,0,0,6.7664752830960214e-15
Logistic Reg,No SMOTE,0,0,0.0009077933984482344
Logistic Reg,No SMOTE,0,0,4.653061699381925e-05
Logistic Reg,No SMOTE,0,0,0.47852942435720447
Logistic Reg,No SMOTE,0,0,1.4553302398445107e-09
Logistic Reg,No SMOTE,0,0,5.1104743057015985e-09
Logistic Reg,No SMOTE,0,0,9.94588829387796e-18
Logistic Reg,No SMOTE,0,0,0.0632779337466155
Logistic Reg,No SMOTE,0,0,0.01057729184908582
Logistic Reg,No SMOTE,0,0,3.9878727645581883e-14
Logistic Reg,No SMOTE,0,0,1.0442332070913256e-06
Logistic Reg,No SMOTE,0,0,6.642889215764835e-07
Logistic Reg,No SMOTE,0,0,1.2441320162528541e-11
Logistic Reg,No SMOTE,0,0,9.70917537884869e-08
Logistic Reg,No SMOTE,0,0,8.363905893832567e-07
Logistic Reg,No SMOTE,0,0,0.00014329299591725117
Logistic Reg,No SMOTE,0,0,9.924149621442496e-14
Logistic Reg,No SMOTE,0,0,1.7917589639792774e-09
Logistic Reg,No SMOTE,0,0,2.780274486252642e-09
Logistic Reg,No SMOTE,0,0,7.774753170760639e-07
Logistic Reg,No SMOTE,0,0,9.358771438684102e-14
Logistic Reg,No SMOTE,0,0,0.03320380042402903
Logistic Reg,No SMOTE,0,0,1.8087778721692664e-10
Logistic Reg,No SMOTE,0,0,2.2754818817800728e-18
Logistic Reg,No SMOTE,0,0,0.012321307850888493
Logistic Reg,No SMOTE,0,0,0.0035941285507036158
Logistic Reg,No SMOTE,0,0,4.5582793075819485e-05
Logistic Reg,No SMOTE,0,0,0.04126145008289245
Logistic Reg,No SMOTE,0,0,7.194849405910966e-07
Logistic Reg,No SMOTE,0,0,4.5903171596708127e-05
Logistic Reg,No SMOTE,0,0,0.0012811690407802331
Logistic Reg,No SMOTE,0,0,1.3785132228227274e-08
Logistic Reg,No SMOTE,0,0,5.346481831926549e-07
Logistic Reg,No SMOTE,0,0,0.03165580719007673
Logistic Reg,No SMOTE,0,0,0.0010023682677893224
Logistic Reg,No SMOTE,0,0,7.794947352550253e-07
Logistic Reg,No SMOTE,0,0,1.0961141982198928e-16
Logistic Reg,No SMOTE,0,0,1.2113649339535278e-07
Logistic Reg,No SMOTE,0,0,0.015351778763504917
Logistic Reg,No SMOTE,0,0,0.014749839958308022
Logistic Reg,No SMOTE,0,0,0.001295255199229053
Logistic Reg,No SMOTE,0,0,1.0206980119308025e-13
Logistic Reg,No SMOTE,0,0,1.8182035145781423e-11
Logistic Reg,No SMOTE,0,1,0.6101030265783624
Logistic Reg,No SMOTE,0,0,0.03246994916611914
Logistic Reg,No SMOTE,0,0,0.017086228768096654
Logistic Reg,No SMOTE,0,0,6.588785641071949e-07
Logistic Reg,No SMOTE,0,0,5.6017618840485255e-09
Logistic Reg,No SMOTE,0,0,0.025267744543039077
Logistic Reg,No SMOTE,0,0,9.367958416105595e-14
Logistic Reg,No SMOTE,0,0,1.0193928980247439e-10
Logistic Reg,No SMOTE,0,0,0.030850595834358188
Logistic Reg,No SMOTE,0,0,0.03782238759616286
Logistic Reg,No SMOTE,0,0,0.031661375156312926
Logistic Reg,No SMOTE,0,0,3.2071234629150495e-08
Logistic Reg,No SMOTE,0,0,0.07966095832576182
Logistic Reg,No SMOTE,0,0,0.008216771251872668
Logistic Reg,No SMOTE,0,0,9.19338375873673e-15
Logistic Reg,No SMOTE,0,0,0.03945300279928838
Logistic Reg,No SMOTE,0,0,6.704580849411403e-07
Logistic Reg,No SMOTE,0,0,0.0003217755989512814
Logistic Reg,No SMOTE,0,0,4.7779553209241394e-05
Logistic Reg,No SMOTE,0,0,1.2702855477657124e-09
Logistic Reg,No SMOTE,0,0,0.0006942365945397013
Logistic Reg,No SMOTE,0,0,3.7425790367609733e-66
Logistic Reg,No SMOTE,0,0,0.042901263628342665
Logistic Reg,No SMOTE,0,0,0.010408617459903314
Logistic Reg,No SMOTE,0,0,4.591136611365244e-05
Logistic Reg,No SMOTE,0,0,7.62592223287232e-07
Logistic Reg,No SMOTE,0,0,1.20679244988162e-06
Logistic Reg,No SMOTE,0,0,6.234604589484005e-13
Logistic Reg,No SMOTE,0,0,4.8861769679136e-05
Logistic Reg,No SMOTE,0,0,4.636703806735451e-05
Logistic Reg,No SMOTE,0,0,0.030964570563134484
Logistic Reg,No SMOTE,0,0,0.007975525244538342
Logistic Reg,No SMOTE,0,0,0.03259000892487705
Logistic Reg,No SMOTE,0,0,2.01365092586501e-24
Logistic Reg,No SMOTE,0,0,2.681206868754767e-13
Logistic Reg,No SMOTE,0,0,6.273233502887745e-10
Logistic Reg,No SMOTE,0,0,2.9464818906582735e-09
Logistic Reg,No SMOTE,0,0,0.013916023647176479
Logistic Reg,No SMOTE,0,0,0.00036257025327705763
Logistic Reg,No SMOTE,0,0,3.1027593311562332e-06
Logistic Reg,No SMOTE,0,0,1.9530056136606658e-13
Logistic Reg,No SMOTE,0,0,1.762909584989555e-07
Logistic Reg,No SMOTE,0,0,4.588155797317975e-08
Logistic Reg,No SMOTE,0,0,8.1421983866874e-06
Logistic Reg,No SMOTE,0,0,7.277763900640696e-07
Logistic Reg,No SMOTE,0,0,0.04914425655080088
Logistic Reg,No SMOTE,0,0,2.4352597182739538e-05
Logistic Reg,No SMOTE,0,0,9.67464725323254e-14
Logistic Reg,No SMOTE,0,0,4.6806010086107987e-05
Logistic Reg,No SMOTE,0,0,2.4322280171505948e-05
Logistic Reg,No SMOTE,0,0,2.7554424282996903e-17
Logistic Reg,No SMOTE,0,0,0.018276615463777176
Logistic Reg,No SMOTE,0,0,3.0794140563988354e-09
Logistic Reg,No SMOTE,0,0,1.087290811547756e-06
Logistic Reg,No SMOTE,0,0,1.2147506228999691e-06
Logistic Reg,No SMOTE,0,0,0.0002244941705144542
Logistic Reg,No SMOTE,0,0,1.086510428851879e-06
Logistic Reg,No SMOTE,0,0,0.031018486512653053
Logistic Reg,No SMOTE,0,0,0.028774031510355493
Logistic Reg,No SMOTE,0,0,1.0034461489038618e-05
Logistic Reg,No SMOTE,0,0,0.0004543928757747949
Logistic Reg,No SMOTE,0,0,0.007591251474299395
Logistic Reg,No SMOTE,0,0,3.199366340104383e-06
Logistic Reg,No SMOTE,0,0,3.6161920896334044e-05
Logistic Reg,No SMOTE,0,0,7.096691711325628e-07
Logistic Reg,No SMOTE,0,0,0.020655529026366075
Logistic Reg,No SMOTE,0,0,0.12742678340628946
Logistic Reg,No SMOTE,0,0,0.038245566684035344
Logistic Reg,No SMOTE,0,0,0.027753456038179518
Logistic Reg,No SMOTE,0,0,1.1683432766476397e-06
Logistic Reg,No SMOTE,0,0,0.0004960278288102987
Logistic Reg,No SMOTE,0,0,9.803566104719931e-07
Logistic Reg,No SMOTE,0,0,0.0007850640040844316
Logistic Reg,No SMOTE,0,0,1.2632794955892266e-48
Logistic Reg,No SMOTE,0,0,0.03206409361790674
Logistic Reg,No SMOTE,0,0,0.23227004807347557
Logistic Reg,No SMOTE,0,0,0.0038869439282109776
Logistic Reg,No SMOTE,0,0,7.237502198936444e-07
Logistic Reg,No SMOTE,0,0,0.03173988162239012
Logistic Reg,No SMOTE,0,0,8.740623939449391e-07
Logistic Reg,No SMOTE,0,0,4.820870547332241e-05
Logistic Reg,No SMOTE,0,0,6.1693806527510185e-09
Logistic Reg,No SMOTE,0,0,0.00038099591123899953
Logistic Reg,No SMOTE,0,0,0.024828107448370437
Logistic Reg,No SMOTE,0,0,0.012771155501576804
Logistic Reg,No SMOTE,0,0,1.2138759543157634e-14
Logistic Reg,No SMOTE,0,0,2.3361585919431426e-16
Logistic Reg,No SMOTE,0,0,0.03414632321618674
Logistic Reg,No SMOTE,0,0,9.218206033108258e-07
Logistic Reg,No SMOTE,0,0,0.00018388305141437664
Logistic Reg,No SMOTE,0,0,0.0009109351491752726
Logistic Reg,No SMOTE,0,1,0.732076155065224
Logistic Reg,No SMOTE,0,0,0.0004060150916651947
Logistic Reg,No SMOTE,0,0,1.5468812160042316e-13
Logistic Reg,No SMOTE,0,0,0.03405694749494702
Logistic Reg,No SMOTE,0,0,4.8555549693591764e-05
Logistic Reg,No SMOTE,0,0,2.0919992879639156e-06
Logistic Reg,No SMOTE,0,0,7.480884906021731e-07
Logistic Reg,No SMOTE,0,0,0.02194540590237187
Logistic Reg,No SMOTE,0,0,3.6088610296421954e-08
Logistic Reg,No SMOTE,0,1,0.9209537377956298
Logistic Reg,No SMOTE,0,0,4.562148130021924e-05
Logistic Reg,No SMOTE,0,0,8.012334790636228e-08
Logistic Reg,No SMOTE,0,0,3.4898546764707215e-09
Logistic Reg,No SMOTE,0,0,1.322998679041772e-22
Logistic Reg,No SMOTE,0,0,0.01259314754329148
Logistic Reg,No SMOTE,0,0,0.015560093618858831
Logistic Reg,No SMOTE,0,0,6.43187649869564e-06
Logistic Reg,No SMOTE,0,0,3.1742478539419065e-09
Logistic Reg,No SMOTE,0,0,0.12146090786085018
Logistic Reg,No SMOTE,0,0,0.41358933001916104
Logistic Reg,No SMOTE,0,0,0.0013931758018547317
Logistic Reg,No SMOTE,0,0,4.9342943753468044e-05
Logistic Reg,No SMOTE,0,0,0.009071561945072594
Logistic Reg,No SMOTE,0,0,9.398635563290001e-07
Logistic Reg,No SMOTE,0,0,0.007538589672865202
Logistic Reg,No SMOTE,0,0,0.016207134752989644
Logistic Reg,No SMOTE,0,0,0.03321960270640593
Logistic Reg,No SMOTE,0,0,2.1733933792381665e-14
Logistic Reg,No SMOTE,0,0,2.3522943903464833e-15
Logistic Reg,No SMOTE,0,0,1.1362066836590655e-22
Logistic Reg,No SMOTE,0,0,2.052281672816169e-09
Logistic Reg,No SMOTE,0,0,7.851593341813144e-07
Logistic Reg,No SMOTE,0,0,0.006177773414005763
Logistic Reg,No SMOTE,0,0,4.6464066698575205e-05
Logistic Reg,No SMOTE,0,0,4.887255116775265e-05
Logistic Reg,No SMOTE,0,0,0.03670459628600411
Logistic Reg,No SMOTE,0,0,0.021130762627820023
Logistic Reg,No SMOTE,0,0,1.0916691610254399e-11
Logistic Reg,No SMOTE,0,0,4.601194428726994e-05
Logistic Reg,No SMOTE,0,1,0.5597745011638438
Logistic Reg,No SMOTE,0,0,0.04818237168460186
Logistic Reg,No SMOTE,0,0,7.952156258990931e-07
Logistic Reg,No SMOTE,0,0,0.01956731878223835
Logistic Reg,No SMOTE,0,0,9.379469510274424e-07
Logistic Reg,No SMOTE,0,0,0.11248446985162591
Logistic Reg,No SMOTE,0,0,0.011703529309325833
Logistic Reg,No SMOTE,0,0,1.5363655941329607e-07
Logistic Reg,No SMOTE,0,0,0.03776827549889297
Logistic Reg,No SMOTE,0,0,0.0004023414853959153
Logistic Reg,No SMOTE,0,0,0.0006964346007213441
Logistic Reg,No SMOTE,0,0,0.018923455282388858
Logistic Reg,No SMOTE,0,0,9.023894902707126e-07
Logistic Reg,No SMOTE,0,0,9.67526774877884e-07
Logistic Reg,No SMOTE,0,0,4.061189379271439e-20
Logistic Reg,No SMOTE,0,0,9.99359695146588e-07
Logistic Reg,No SMOTE,0,0,1.272482275673404e-06
Logistic Reg,No SMOTE,0,0,3.589728226569752e-05
Logistic Reg,No SMOTE,0,0,8.621710439243304e-06
Logistic Reg,No SMOTE,0,0,0.020463952958957903
Logistic Reg,No SMOTE,0,0,0.028100814176627787
Logistic Reg,No SMOTE,0,0,5.240856874099451e-13
Logistic Reg,No SMOTE,0,0,4.575830812120326e-05
Logistic Reg,No SMOTE,0,0,0.013473245693443481
Logistic Reg,No SMOTE,0,1,0.7775004438941908
Logistic Reg,No SMOTE,0,0,3.295551790893035e-13
Logistic Reg,No SMOTE,0,0,9.07571133605609e-11
Logistic Reg,No SMOTE,0,0,6.112382012935093e-13
Logistic Reg,No SMOTE,0,0,1.733719880700423e-12
Logistic Reg,No SMOTE,0,0,1.3901263330630506e-08
Logistic Reg,No SMOTE,0,0,0.021605746758123854
Logistic Reg,No SMOTE,0,0,0.013509646686028528
Logistic Reg,No SMOTE,0,0,0.003404760891111948
Logistic Reg,No SMOTE,0,0,0.033491769562220275
Logistic Reg,No SMOTE,0,0,5.61360077837335e-07
Logistic Reg,No SMOTE,0,0,0.030976447832768664
Logistic Reg,No SMOTE,0,0,4.6004031488741324e-05
Logistic Reg,No SMOTE,0,0,0.024395848442911684
Logistic Reg,No SMOTE,0,0,5.92419480691695e-12
Logistic Reg,No SMOTE,0,0,4.57865312790908e-05
Logistic Reg,No SMOTE,0,0,0.0056921198311760375
Logistic Reg,No SMOTE,0,0,8.702431802454817e-10
Logistic Reg,No SMOTE,0,0,4.6241968396317034e-05
Logistic Reg,No SMOTE,0,0,5.304747595398985e-06
Logistic Reg,No SMOTE,0,0,0.012618992029891855
Logistic Reg,No SMOTE,0,0,0.042132512763186865
Logistic Reg,No SMOTE,0,0,1.979973832773367e-12
Logistic Reg,No SMOTE,0,1,0.6761549865640045
Logistic Reg,No SMOTE,0,0,0.001047541442761041
Logistic Reg,No SMOTE,0,0,0.03085835998489659
Logistic Reg,No SMOTE,0,0,5.413067561991143e-05
Logistic Reg,No SMOTE,0,0,0.002862683031261182
Logistic Reg,No SMOTE,0,0,4.727533698855186e-05
Logistic Reg,No SMOTE,0,0,0.030038140663713124
Logistic Reg,No SMOTE,0,0,6.419794616004053e-07
Logistic Reg,No SMOTE,0,0,6.062579902966903e-05
Logistic Reg,No SMOTE,0,0,4.0102899751578616e-10
Logistic Reg,No SMOTE,0,0,4.558228183852316e-05
Logistic Reg,No SMOTE,0,0,0.00036635483157457753
Logistic Reg,No SMOTE,0,0,0.0021867270717732777
Logistic Reg,No SMOTE,0,0,0.016758288243623045
Logistic Reg,No SMOTE,0,0,2.0778790609203776e-07
Logistic Reg,No SMOTE,0,0,8.843519951503356e-11
Logistic Reg,No SMOTE,0,0,1.4186067866092975e-11
Logistic Reg,No SMOTE,0,0,5.125191875438241e-12
Logistic Reg,No SMOTE,0,0,0.0002095650835572911
Logistic Reg,No SMOTE,0,0,0.00030345922324956994
Logistic Reg,No SMOTE,0,0,0.0010593414511452161
Logistic Reg,No SMOTE,0,0,2.2282539340305428e-15
Logistic Reg,No SMOTE,0,0,1.2351109876205305e-08
Logistic Reg,No SMOTE,0,0,0.0215904897997956
Logistic Reg,No SMOTE,0,0,3.419772954769076e-16
Logistic Reg,No SMOTE,0,0,0.03699280761312827
Logistic Reg,No SMOTE,0,0,1.6891107221580754e-05
Logistic Reg,No SMOTE,0,0,0.028886086851009792
Logistic Reg,No SMOTE,0,0,8.4497285583284e-18
Logistic Reg,No SMOTE,0,0,0.37082090703969106
Logistic Reg,No SMOTE,0,0,0.03257016995386151
Logistic Reg,No SMOTE,0,0,1.9191102380111788e-06
Logistic Reg,No SMOTE,0,0,2.3793940024477742e-08
Logistic Reg,No SMOTE,0,0,0.43219105861763946
Logistic Reg,No SMOTE,0,0,0.022112590553913167
Logistic Reg,No SMOTE,0,0,4.7127171581665296e-05
Logistic Reg,No SMOTE,0,0,5.099761684390177e-05
Logistic Reg,No SMOTE,0,0,0.034107103208065113
Logistic Reg,No SMOTE,0,0,1.660477732640715e-13
Logistic Reg,No SMOTE,0,0,8.972507185895608e-07
Logistic Reg,No SMOTE,0,0,0.12470248919856343
Logistic Reg,No SMOTE,0,0,2.9059214689003176e-16
Logistic Reg,No SMOTE,0,0,9.382461387890628e-07
Logistic Reg,No SMOTE,0,0,0.001028371464122961
Logistic Reg,No SMOTE,0,0,1.1143552480416433e-06
Logistic Reg,No SMOTE,0,0,0.0790601014878456
Logistic Reg,No SMOTE,0,0,0.01278081394586083
Logistic Reg,No SMOTE,0,0,5.632988914570483e-08
Logistic Reg,No SMOTE,0,0,2.404925420032057e-12
Logistic Reg,No SMOTE,0,0,0.03805610605643229
Logistic Reg,No SMOTE,0,0,3.919134047967898e-09
Logistic Reg,No SMOTE,0,0,0.03312708934284208
Logistic Reg,No SMOTE,0,0,1.889956442798893e-07
Logistic Reg,No SMOTE,0,0,0.03395751156180911
Logistic Reg,No SMOTE,0,0,6.854228125254458e-13
Logistic Reg,No SMOTE,0,0,4.656166774788661e-05
Logistic Reg,No SMOTE,0,0,4.8734825474285766e-05
Logistic Reg,No SMOTE,0,0,9.339132105552714e-07
Logistic Reg,No SMOTE,0,0,0.08856233105268801
Logistic Reg,No SMOTE,0,0,1.0433298251429935e-06
Logistic Reg,No SMOTE,0,0,4.5812052537121945e-05
Logistic Reg,No SMOTE,0,0,2.255315064921388e-12
Logistic Reg,No SMOTE,0,0,0.03839568915004608
Logistic Reg,No SMOTE,0,0,5.233698730588542e-05
Logistic Reg,No SMOTE,0,0,8.37411181646112e-07
Logistic Reg,No SMOTE,0,0,0.02719678772345918
Logistic Reg,No SMOTE,0,0,0.021565754265554515
Logistic Reg,No SMOTE,0,0,6.543074600015899e-07
Logistic Reg,No SMOTE,0,0,3.62671142841187e-11
Logistic Reg,No SMOTE,0,0,0.00029756306055392714
Logistic Reg,No SMOTE,0,0,9.692511811649817e-05
Logistic Reg,No SMOTE,0,1,0.8361294493804075
Logistic Reg,No SMOTE,0,0,0.017974109261297114
Logistic Reg,No SMOTE,0,0,8.219264930435921e-07
Logistic Reg,No SMOTE,0,0,8.775780952513775e-07
Logistic Reg,No SMOTE,0,0,2.298014561613484e-11
Logistic Reg,No SMOTE,0,0,1.7882987665974776e-12
Logistic Reg,No SMOTE,0,0,5.125526649699212e-10
Logistic Reg,No SMOTE,0,0,0.011856707014750981
Logistic Reg,No SMOTE,0,0,0.0010513845019167593
Logistic Reg,No SMOTE,0,0,0.021831241406495887
Logistic Reg,No SMOTE,0,0,4.859823734390527e-07
Logistic Reg,No SMOTE,0,0,1.4262384231323032e-11
Logistic Reg,No SMOTE,0,0,0.002518675467154933
Logistic Reg,No SMOTE,0,0,9.318987247336196e-11
Logistic Reg,No SMOTE,0,0,0.0016034406143158482
Logistic Reg,No SMOTE,0,0,0.0027863064759191115
Logistic Reg,No SMOTE,0,0,2.9661804871286654e-12
Logistic Reg,No SMOTE,0,0,4.616887155404043e-05
Logistic Reg,No SMOTE,0,0,0.038521415391112146
Logistic Reg,No SMOTE,0,0,1.85846475675869e-19
Logistic Reg,No SMOTE,0,1,0.8389264937070998
Logistic Reg,No SMOTE,0,0,7.800279007043649e-07
Logistic Reg,No SMOTE,0,0,0.009299609599086874
Logistic Reg,No SMOTE,0,0,0.00622847210241631
Logistic Reg,No SMOTE,0,0,5.723921071911358e-19
Logistic Reg,No SMOTE,0,0,8.061263450451328e-13
Logistic Reg,No SMOTE,0,0,0.04983895051708526
Logistic Reg,No SMOTE,0,0,0.0010313895948170881
Logistic Reg,No SMOTE,0,0,0.000520916670907906
Logistic Reg,No SMOTE,0,0,0.07050460400198405
Logistic Reg,No SMOTE,0,0,4.6055604589761046e-05
Logistic Reg,No SMOTE,0,0,1.0963949058798246e-06
Logistic Reg,No SMOTE,0,0,6.686238735809174e-07
Logistic Reg,No SMOTE,0,0,0.0025716401804829537
Logistic Reg,No SMOTE,0,0,4.7748167249862815e-05
Logistic Reg,No SMOTE,0,0,4.650029531534215e-05
Logistic Reg,No SMOTE,0,0,1.7213050990871912e-17
Logistic Reg,No SMOTE,0,0,7.735183329305398e-13
Logistic Reg,No SMOTE,0,1,0.8778659172943216
Logistic Reg,No SMOTE,0,0,0.03100742436877552
Logistic Reg,No SMOTE,0,0,1.985116804379406e-07
Logistic Reg,No SMOTE,0,0,2.4882366603443064e-06
Logistic Reg,No SMOTE,0,0,0.13369119150745207
Logistic Reg,No SMOTE,0,0,0.01804481844009402
Logistic Reg,No SMOTE,0,0,0.019082401193527006
Logistic Reg,No SMOTE,0,0,0.007604930036195543
Logistic Reg,No SMOTE,0,0,0.20814260663203335
Logistic Reg,No SMOTE,0,0,4.92979489365085e-05
Logistic Reg,No SMOTE,0,0,0.028545041595027135
Logistic Reg,No SMOTE,0,1,0.8145595490169811
Logistic Reg,No SMOTE,0,0,0.04713845002858602
Logistic Reg,No SMOTE,0,0,7.237597961568608e-07
Logistic Reg,No SMOTE,0,0,3.158702076503819e-05
Logistic Reg,No SMOTE,0,0,0.05540094839585898
Logistic Reg,No SMOTE,0,0,9.384086048662453e-07
Logistic Reg,No SMOTE,0,0,0.011166628089795884
Logistic Reg,No SMOTE,0,0,0.03342346097022977
Logistic Reg,No SMOTE,0,0,0.0010645871868254226
Logistic Reg,No SMOTE,0,0,8.733044023553896e-07
Logistic Reg,No SMOTE,0,0,0.006359651746589792
Logistic Reg,No SMOTE,0,0,0.030521084906979315
Logistic Reg,No SMOTE,0,0,1.2202703344043028e-12
Logistic Reg,No SMOTE,0,0,2.5425495623819353e-13
Logistic Reg,No SMOTE,1,1,0.992417519703195
Logistic Reg,No SMOTE,0,1,0.9518325814101184
Logistic Reg,No SMOTE,0,0,2.2349438299445676e-06
Logistic Reg,No SMOTE,0,0,7.89030836257412e-07
Logistic Reg,No SMOTE,0,0,2.1329708529010167e-10
Logistic Reg,No SMOTE,0,0,0.0011019415623954578
Logistic Reg,No SMOTE,0,0,5.2286359197067705e-09
Logistic Reg,No SMOTE,0,0,0.1733433549956222
Logistic Reg,No SMOTE,0,0,1.166723569258199e-06
Logistic Reg,No SMOTE,0,0,0.036891191742749824
Logistic Reg,No SMOTE,0,0,8.543347081564442e-07
Logistic Reg,No SMOTE,0,0,4.6154893967501614e-05
Logistic Reg,No SMOTE,0,0,7.069843011089493e-07
Logistic Reg,No SMOTE,0,0,4.5657160839083304e-05
Logistic Reg,No SMOTE,0,0,4.795802988169492e-05
Logistic Reg,No SMOTE,0,0,4.561389454701427e-05
Logistic Reg,No SMOTE,0,0,4.6590092472547976e-05
Logistic Reg,No SMOTE,0,0,2.883495886955125e-16
Logistic Reg,No SMOTE,0,0,1.0506089994649748e-06
Logistic Reg,No SMOTE,0,0,4.861558122518993e-05
Logistic Reg,No SMOTE,0,0,3.1232998511686636e-22
Logistic Reg,No SMOTE,0,0,4.1287142900083806e-20
Logistic Reg,No SMOTE,0,0,0.303189642586083
Logistic Reg,No SMOTE,0,0,8.093642058020989e-07
Logistic Reg,No SMOTE,0,0,1.0009256878024636e-09
Logistic Reg,No SMOTE,0,0,4.582884238414863e-05
Logistic Reg,No SMOTE,0,0,0.0010012463783268244
Logistic Reg,No SMOTE,0,0,5.068951855885135e-05
Logistic Reg,No SMOTE,0,0,4.677376796204252e-05
Logistic Reg,No SMOTE,0,0,2.9234336301736267e-05
Logistic Reg,No SMOTE,0,0,0.00037982788045818277
Logistic Reg,No SMOTE,0,0,1.2150657636779049e-11
Logistic Reg,No SMOTE,0,0,0.02156156033943815
Logistic Reg,No SMOTE,0,0,7.555938611460079e-07
Logistic Reg,No SMOTE,0,0,0.06079810476534453
Logistic Reg,No SMOTE,0,0,5.350467409729631e-23
Logistic Reg,No SMOTE,0,0,1.2004340838636196e-06
Logistic Reg,No SMOTE,0,0,0.00036714476117458513
Logistic Reg,No SMOTE,0,0,5.854514948292179e-07
Logistic Reg,No SMOTE,0,0,0.0007217560462826937
Logistic Reg,No SMOTE,0,0,4.745376861786317e-16
Logistic Reg,No SMOTE,0,0,0.010168347110698273
Logistic Reg,No SMOTE,0,0,5.930105279441006e-07
Logistic Reg,No SMOTE,0,0,2.7725192547149254e-07
Logistic Reg,No SMOTE,0,0,4.850689829306296e-07
Logistic Reg,No SMOTE,0,0,0.001360641714007744
Logistic Reg,No SMOTE,0,0,1.4188931930827781e-05
Logistic Reg,No SMOTE,0,0,4.633283889041437e-05
Logistic Reg,No SMOTE,0,0,4.6530788761562334e-05
Logistic Reg,No SMOTE,0,1,0.5193697960151319
Logistic Reg,No SMOTE,0,0,8.74894485621966e-12
Logistic Reg,No SMOTE,0,0,0.02659305431411097
Logistic Reg,No SMOTE,0,0,0.008892489817597049
Logistic Reg,No SMOTE,0,0,0.04208303061107038
Logistic Reg,No SMOTE,0,0,1.9346569919355837e-06
Logistic Reg,No SMOTE,0,0,0.000573012855365552
Logistic Reg,No SMOTE,0,0,2.0047222309876364e-10
Logistic Reg,No SMOTE,0,1,0.9800076566518714
Logistic Reg,No SMOTE,0,0,4.6471603869230156e-05
Logistic Reg,No SMOTE,0,1,0.7779128014436836
Logistic Reg,No SMOTE,0,0,1.631804604530785e-10
Logistic Reg,No SMOTE,0,0,4.5826431792219525e-05
Logistic Reg,No SMOTE,0,0,0.013907399146586511
Logistic Reg,No SMOTE,0,0,9.737957622152927e-07
Logistic Reg,No SMOTE,0,0,1.386685748971661e-06
Logistic Reg,No SMOTE,0,0,1.1722872686372867e-08
Logistic Reg,No SMOTE,0,0,0.0005624583192150862
Logistic Reg,No SMOTE,0,0,3.518545241334828e-18
Logistic Reg,No SMOTE,0,0,1.4933078667142326e-16
Logistic Reg,No SMOTE,0,0,0.020862024206894453
Logistic Reg,No SMOTE,0,0,0.04034812220109511
Logistic Reg,No SMOTE,0,0,0.00034500896877489657
Logistic Reg,No SMOTE,0,0,6.525302067007526e-08
Logistic Reg,No SMOTE,0,0,3.7821403577424486e-05
Logistic Reg,No SMOTE,0,0,0.036251982684798276
Logistic Reg,No SMOTE,0,0,0.025786326500989023
Logistic Reg,No SMOTE,0,0,0.04895170672825233
Logistic Reg,No SMOTE,0,0,9.862712990821448e-07
Logistic Reg,No SMOTE,0,0,4.073081831032698e-11
Logistic Reg,No SMOTE,0,0,2.9504479529095165e-09
Logistic Reg,No SMOTE,0,0,8.015778164726652e-13
Logistic Reg,No SMOTE,0,0,7.411448100642403e-07
Logistic Reg,No SMOTE,0,0,0.0012804254809485262
Logistic Reg,No SMOTE,0,0,1.113568485585797e-06
Logistic Reg,No SMOTE,0,0,7.190313009803677e-08
Logistic Reg,No SMOTE,0,0,1.0899571191521874e-06
Logistic Reg,No SMOTE,0,0,2.5537682891238467e-05
Logistic Reg,No SMOTE,0,0,0.013914319145562863
Logistic Reg,No SMOTE,0,0,0.000758634686368467
Logistic Reg,No SMOTE,0,0,0.17411321837159463
Logistic Reg,No SMOTE,0,0,4.585655476726296e-05
Logistic Reg,No SMOTE,0,0,0.010997676014892372
Logistic Reg,No SMOTE,0,0,7.28878840506579e-07
Logistic Reg,No SMOTE,0,0,4.562511515588928e-05
Logistic Reg,No SMOTE,0,0,0.057162083974194866
Logistic Reg,No SMOTE,0,0,0.00900127820656151
Logistic Reg,No SMOTE,0,0,0.04228199077386465
Logistic Reg,No SMOTE,0,0,0.022941442016285167
Logistic Reg,No SMOTE,0,1,0.7935742234694348
Logistic Reg,No SMOTE,0,0,1.120635330064574e-06
Logistic Reg,No SMOTE,0,0,8.554345540632154e-07
Logistic Reg,No SMOTE,0,0,4.126147521704665e-24
Logistic Reg,No SMOTE,0,0,4.565446415104566e-05
Logistic Reg,No SMOTE,0,0,0.04312220603872679
Logistic Reg,No SMOTE,0,0,2.8532283586946095e-12
Logistic Reg,No SMOTE,0,0,0.00017291130666216114
Logistic Reg,No SMOTE,0,0,6.110422142645592e-06
Logistic Reg,No SMOTE,0,0,6.927156945152069e-08
Logistic Reg,No SMOTE,0,0,1.0651337486001314e-11
Logistic Reg,No SMOTE,0,0,0.021365396565295132
Logistic Reg,No SMOTE,0,1,0.5207486293491556
Logistic Reg,No SMOTE,0,0,1.9246883727351176e-06
Logistic Reg,No SMOTE,0,0,8.956672435784888e-07
Logistic Reg,No SMOTE,0,0,3.6301544909413193e-12
Logistic Reg,No SMOTE,0,0,0.01622242496997281
Logistic Reg,No SMOTE,0,0,2.805024935587208e-10
Logistic Reg,No SMOTE,0,0,5.998424059608253e-07
Logistic Reg,No SMOTE,0,0,0.03218328662951943
Logistic Reg,No SMOTE,0,0,9.11175914795283e-09
Logistic Reg,No SMOTE,0,1,0.8082724609962785
Logistic Reg,No SMOTE,0,0,8.859090013485067e-07
Logistic Reg,No SMOTE,0,0,3.7333086426835705e-06
Logistic Reg,No SMOTE,0,0,1.1456661276032354e-06
Logistic Reg,No SMOTE,0,0,6.884066999695996e-07
Logistic Reg,No SMOTE,0,0,0.013963120782172694
Logistic Reg,No SMOTE,0,0,0.007504232796894328
Logistic Reg,No SMOTE,0,0,0.015490957048640423
Logistic Reg,No SMOTE,0,0,4.663335955496399e-05
Logistic Reg,No SMOTE,0,0,1.1648653862963496e-07
Logistic Reg,No SMOTE,0,0,1.5066106107687774e-25
Logistic Reg,No SMOTE,0,0,7.848169162279018e-06
Logistic Reg,No SMOTE,0,0,0.00037294064628750663
Logistic Reg,No SMOTE,0,0,9.976313751061036e-12
Logistic Reg,No SMOTE,0,0,1.1923768821034456e-06
Logistic Reg,No SMOTE,0,0,4.581711579351764e-05
Logistic Reg,No SMOTE,0,0,6.205597431108795e-07
Logistic Reg,No SMOTE,0,0,1.6421548019642582e-31
Logistic Reg,No SMOTE,0,0,5.921097408424279e-07
Logistic Reg,No SMOTE,0,0,1.2760197108391696e-06
Logistic Reg,No SMOTE,0,0,0.03803349615226226
Logistic Reg,No SMOTE,0,0,0.02881622758874678
Logistic Reg,No SMOTE,0,0,0.003987856582694432
Logistic Reg,No SMOTE,0,0,4.6054545569645236e-05
Logistic Reg,No SMOTE,0,0,0.03270043885080128
Logistic Reg,No SMOTE,0,0,0.18284437592037217
Logistic Reg,No SMOTE,0,0,0.011899992930126358
Logistic Reg,No SMOTE,0,0,1.715531242636686e-13
Logistic Reg,No SMOTE,0,0,8.171366684515409e-14
Logistic Reg,No SMOTE,0,0,5.093260520410594e-05
Logistic Reg,No SMOTE,0,0,2.1219680490362822e-13
Logistic Reg,No SMOTE,0,0,8.174807520471975e-06
Logistic Reg,No SMOTE,0,0,1.0536536073065191e-06
Logistic Reg,No SMOTE,0,1,0.7650579749441174
Logistic Reg,No SMOTE,0,0,4.372028157631904e-21
Logistic Reg,No SMOTE,0,0,0.04095148266583914
Logistic Reg,No SMOTE,0,0,0.015555332901658642
Logistic Reg,No SMOTE,0,0,2.0053177345408685e-07
Logistic Reg,No SMOTE,0,0,0.0027873738865011677
Logistic Reg,No SMOTE,0,0,1.4414321284784834e-06
Logistic Reg,No SMOTE,0,0,6.9830783541467e-07
Logistic Reg,No SMOTE,0,0,0.033467540241120884
Logistic Reg,No SMOTE,0,0,7.357470849030952e-07
Logistic Reg,No SMOTE,0,0,4.605069105665453e-12
Logistic Reg,No SMOTE,0,0,0.0011194382620496317
Logistic Reg,No SMOTE,0,0,0.00651046454146679
Logistic Reg,No SMOTE,0,0,2.927205947999707e-05
Logistic Reg,No SMOTE,0,0,6.2108077085301735e-06
Logistic Reg,No SMOTE,0,0,3.822309291920925e-10
Logistic Reg,No SMOTE,0,0,0.000742894154537698
Logistic Reg,No SMOTE,0,0,4.5601119949346814e-05
Logistic Reg,No SMOTE,0,0,8.988803980514085e-07
Logistic Reg,No SMOTE,0,0,8.339011707138958e-07
Logistic Reg,No SMOTE,0,0,0.007351389562453363
Logistic Reg,No SMOTE,0,0,1.985495557523183e-11
Logistic Reg,No SMOTE,0,0,0.04188123296348514
Logistic Reg,No SMOTE,0,0,1.647578922983461e-06
Logistic Reg,No SMOTE,0,0,7.240396265134527e-07
Logistic Reg,No SMOTE,0,0,6.735268992895667e-07
Logistic Reg,No SMOTE,0,0,9.643223392206365e-07
Logistic Reg,No SMOTE,0,0,4.7145543394153116e-05
Logistic Reg,No SMOTE,0,0,4.5582660115402713e-05
Logistic Reg,No SMOTE,0,0,3.7242806574356587e-13
Logistic Reg,No SMOTE,0,0,1.1637142837477878e-06
Logistic Reg,No SMOTE,0,0,3.4992334633556207e-15
Logistic Reg,No SMOTE,0,0,5.172637892957169e-19
Logistic Reg,No SMOTE,0,0,0.0017154938162224707
Logistic Reg,No SMOTE,0,0,2.3748361892680376e-10
Logistic Reg,No SMOTE,0,0,9.704223061381245e-07
Logistic Reg,No SMOTE,0,0,8.488563301226514e-07
Logistic Reg,No SMOTE,0,0,0.010321056383552848
Logistic Reg,No SMOTE,0,0,0.4471874302762106
Logistic Reg,No SMOTE,0,0,0.04277684637959115
Logistic Reg,No SMOTE,0,0,8.223441102833107e-07
Logistic Reg,No SMOTE,0,0,4.5929541774690364e-05
Logistic Reg,No SMOTE,0,0,0.0024903704717981166
Logistic Reg,No SMOTE,0,0,1.0602272538631866e-06
Logistic Reg,No SMOTE,0,0,9.024543839830454e-06
Logistic Reg,No SMOTE,0,0,0.2007648015772146
Logistic Reg,No SMOTE,0,0,0.0028841529065369662
Logistic Reg,No SMOTE,0,0,7.79924383642854e-05
Logistic Reg,No SMOTE,0,0,1.271832369559036e-06
Logistic Reg,No SMOTE,0,0,2.4909169398066178e-17
Logistic Reg,No SMOTE,0,0,7.448351941889064e-10
Logistic Reg,No SMOTE,0,0,0.07329250567252443
Logistic Reg,No SMOTE,0,0,0.047633680021305684
Logistic Reg,No SMOTE,0,1,0.648973989949644
Logistic Reg,No SMOTE,0,0,0.008827098465702853
Logistic Reg,No SMOTE,0,0,0.031121080036604184
Logistic Reg,No SMOTE,0,0,1.1080306867312172e-06
Logistic Reg,No SMOTE,0,0,6.224842256729534e-07
Logistic Reg,No SMOTE,0,0,0.03503489532227218
Logistic Reg,No SMOTE,0,0,2.8581416514881095e-44
Logistic Reg,No SMOTE,0,0,2.8148270534308425e-05
Logistic Reg,No SMOTE,0,0,7.269633350615786e-07
Logistic Reg,No SMOTE,0,0,0.02458014504714704
Logistic Reg,No SMOTE,0,0,0.18410824363184394
Logistic Reg,No SMOTE,0,0,4.11513688614621e-10
Logistic Reg,No SMOTE,0,0,0.01131694466526464
Logistic Reg,No SMOTE,0,0,0.002670137583094645
Logistic Reg,No SMOTE,0,0,0.1810751043700818
Logistic Reg,No SMOTE,0,0,8.207356950855479e-14
Logistic Reg,No SMOTE,0,1,0.8834046698017247
Logistic Reg,No SMOTE,0,0,4.562112863831024e-05
Logistic Reg,No SMOTE,0,0,0.030252821715185275
Logistic Reg,No SMOTE,0,0,5.995200585535862e-05
Logistic Reg,No SMOTE,0,0,7.411623632698872e-07
Logistic Reg,No SMOTE,0,0,1.2926371010146397e-10
Logistic Reg,No SMOTE,0,0,0.03441092292578983
Logistic Reg,No SMOTE,0,0,1.8174923933620335e-10
Logistic Reg,No SMOTE,0,0,0.008849708033617166
Logistic Reg,No SMOTE,0,0,0.019108325379085467
Logistic Reg,No SMOTE,0,0,0.039065908771205235
Logistic Reg,No SMOTE,0,0,0.012313548566359717
Logistic Reg,No SMOTE,0,0,0.027749707184452813
Logistic Reg,No SMOTE,0,0,1.309012381056311e-07
Logistic Reg,No SMOTE,0,0,1.4864791556393403e-07
Logistic Reg,No SMOTE,0,0,4.9816417406563685e-05
Logistic Reg,No SMOTE,0,0,5.764339826035231e-14
Logistic Reg,No SMOTE,0,0,1.1583096449510177e-06
Logistic Reg,No SMOTE,0,0,6.290460526344424e-08
Logistic Reg,No SMOTE,0,0,2.3843917320513988e-05
Logistic Reg,No SMOTE,0,0,0.0010744311737772084
Logistic Reg,No SMOTE,0,0,3.012262486388109e-12
Logistic Reg,No SMOTE,0,0,2.6048742899618484e-19
Logistic Reg,No SMOTE,0,0,2.3972458702564402e-11
Logistic Reg,No SMOTE,0,0,4.583438816875281e-05
Logistic Reg,No SMOTE,0,0,0.0005430610964529413
Logistic Reg,No SMOTE,0,0,1.0244635224561641e-09
Logistic Reg,No SMOTE,0,0,1.1319177721465752e-15
Logistic Reg,No SMOTE,0,0,6.375410890463397e-05
Logistic Reg,No SMOTE,0,0,3.552195754240141e-15
Logistic Reg,No SMOTE,0,0,0.0038101163558492065
Logistic Reg,No SMOTE,0,0,0.0009763091338017062
Logistic Reg,No SMOTE,0,0,0.03742241831878134
Logistic Reg,No SMOTE,0,0,0.00041059269270011557
Logistic Reg,No SMOTE,0,0,0.0021282595512847765
Logistic Reg,No SMOTE,0,0,9.118538102463078e-07
Logistic Reg,No SMOTE,0,0,4.5582811628706055e-05
Logistic Reg,No SMOTE,0,0,0.022179619452338636
Logistic Reg,No SMOTE,0,0,0.028376170956795503
Logistic Reg,No SMOTE,0,0,0.021035992777203277
Logistic Reg,No SMOTE,0,0,0.03324663596533067
Logistic Reg,No SMOTE,0,0,0.00822479759331154
Logistic Reg,No SMOTE,0,0,0.12924579736305175
Logistic Reg,No SMOTE,0,0,1.8543175372047166e-06
Logistic Reg,No SMOTE,0,0,8.659131455395851e-09
Logistic Reg,No SMOTE,0,0,0.028401489520324334
Logistic Reg,No SMOTE,0,0,4.5583767105494164e-05
Logistic Reg,No SMOTE,0,0,1.220610216516751e-07
Logistic Reg,No SMOTE,0,0,0.0015459436454173144
Logistic Reg,No SMOTE,0,0,4.323856237751343e-09
Logistic Reg,No SMOTE,0,0,5.397030915613161e-05
Logistic Reg,No SMOTE,0,0,0.04315893562543233
Logistic Reg,No SMOTE,0,0,0.0007830901106516485
Logistic Reg,No SMOTE,0,0,0.022514310116022503
Logistic Reg,No SMOTE,0,0,4.604382199789825e-05
Logistic Reg,No SMOTE,0,0,1.5988501854303284e-06
Logistic Reg,No SMOTE,0,0,7.918331636060877e-21
Logistic Reg,No SMOTE,0,0,6.26338829915157e-16
Logistic Reg,No SMOTE,0,0,4.9094685108198276e-05
Logistic Reg,No SMOTE,0,0,4.6458023014712235e-05
Logistic Reg,No SMOTE,0,0,2.020147293695781e-13
Logistic Reg,No SMOTE,0,0,0.022873596107190582
Logistic Reg,No SMOTE,0,0,9.699969554905472e-07
Logistic Reg,No SMOTE,0,1,0.7770902887255204
Logistic Reg,No SMOTE,0,0,0.002480465138675365
Logistic Reg,No SMOTE,0,0,2.3209542784282872e-06
Logistic Reg,No SMOTE,0,0,4.6069037780630514e-05
Logistic Reg,No SMOTE,0,0,6.764109828110598e-07
Logistic Reg,No SMOTE,0,0,1.023181026937859e-05
Logistic Reg,No SMOTE,0,0,2.664726848491496e-07
Logistic Reg,No SMOTE,0,0,7.206318396101831e-10
Logistic Reg,No SMOTE,0,0,7.963582250464568e-07
Logistic Reg,No SMOTE,0,0,5.787145583559685e-13
Logistic Reg,No SMOTE,0,0,2.633168076619237e-10
Logistic Reg,No SMOTE,0,0,0.00014508596143417932
Logistic Reg,No SMOTE,1,1,0.9266204226151792
Logistic Reg,No SMOTE,0,0,0.11156421804309717
Logistic Reg,No SMOTE,0,0,0.0010057288346469833
Logistic Reg,No SMOTE,0,0,0.015537793083150547
Logistic Reg,No SMOTE,0,0,0.047828180181748677
Logistic Reg,No SMOTE,0,0,0.022597428692588337
Logistic Reg,No SMOTE,0,0,4.425531746025742e-05
Logistic Reg,No SMOTE,0,0,1.3817964062819627e-14
Logistic Reg,No SMOTE,0,0,3.8022407235326023e-06
Logistic Reg,No SMOTE,1,1,0.9948177543052243
Logistic Reg,No SMOTE,0,0,0.05482955704985726
Logistic Reg,No SMOTE,0,1,0.5655615278792131
Logistic Reg,No SMOTE,0,0,2.762305646547888e-23
Logistic Reg,No SMOTE,0,0,0.0014752319599736889
Logistic Reg,No SMOTE,0,0,2.9015574648172874e-11
Logistic Reg,No SMOTE,0,0,4.5589256743177886e-05
Logistic Reg,No SMOTE,0,0,6.681054157055658e-07
Logistic Reg,No SMOTE,0,0,0.04552861446648698
Logistic Reg,No SMOTE,0,0,1.149510252979286e-06
Logistic Reg,No SMOTE,0,0,7.284539197888354e-07
Logistic Reg,No SMOTE,0,0,0.037765233117403395
Logistic Reg,No SMOTE,0,0,2.4610653723330283e-10
Logistic Reg,No SMOTE,0,0,0.07942184680299093
Logistic Reg,No SMOTE,0,0,0.001381735502043941
Logistic Reg,No SMOTE,0,0,1.2337630688442386e-06
Logistic Reg,No SMOTE,0,0,1.58845251874702e-19
Logistic Reg,No SMOTE,0,0,0.011874187896236565
Logistic Reg,No SMOTE,0,0,5.819646509200439e-10
Logistic Reg,No SMOTE,0,0,4.697290324111988e-05
Logistic Reg,No SMOTE,0,0,5.113603394206084e-05
Logistic Reg,No SMOTE,1,1,0.9999999999987585
Logistic Reg,No SMOTE,0,0,0.02386538403723223
Logistic Reg,No SMOTE,0,0,9.818238185605519e-07
Logistic Reg,No SMOTE,0,0,3.3540729236693674e-08
Logistic Reg,No SMOTE,0,0,1.1718902388920932e-24
Logistic Reg,No SMOTE,0,0,0.03536573227846225
Logistic Reg,No SMOTE,0,0,5.505554129003778e-05
Logistic Reg,No SMOTE,0,0,0.007964345080558264
Logistic Reg,No SMOTE,0,0,4.6463103305804306e-05
Logistic Reg,No SMOTE,0,0,0.0064847511715415
Logistic Reg,No SMOTE,0,0,4.686848265249807e-05
Logistic Reg,No SMOTE,0,0,2.856417085905243e-10
Logistic Reg,No SMOTE,0,0,0.0023477598571663206
Logistic Reg,No SMOTE,0,0,0.005944854392002601
Logistic Reg,No SMOTE,0,0,0.0013774038391187336
Logistic Reg,No SMOTE,0,0,2.78665007589445e-09
Logistic Reg,No SMOTE,0,0,0.4844303707821357
Logistic Reg,No SMOTE,0,0,0.03121969769095173
Logistic Reg,No SMOTE,0,0,7.640865675965545e-07
Logistic Reg,No SMOTE,0,1,0.7860537473871797
Logistic Reg,No SMOTE,0,0,0.000869589591972156
Logistic Reg,No SMOTE,0,0,2.623502070776217e-07
Logistic Reg,No SMOTE,0,0,0.026075607529926298
Logistic Reg,No SMOTE,0,0,5.037610584181984e-05
Logistic Reg,No SMOTE,0,0,4.344979036394545e-06
Logistic Reg,No SMOTE,0,0,4.645552580026875e-05
Logistic Reg,No SMOTE,0,0,0.0006415002841003976
Logistic Reg,No SMOTE,0,0,0.2775245569144615
Logistic Reg,No SMOTE,0,0,5.161875868986052e-05
Logistic Reg,No SMOTE,0,0,0.01905524370249426
Logistic Reg,No SMOTE,0,0,2.3513905393175108e-17
Logistic Reg,No SMOTE,0,0,0.03312225552405644
Logistic Reg,No SMOTE,0,0,5.9168199439520115e-05
Logistic Reg,No SMOTE,0,0,0.01156853405843635
Logistic Reg,No SMOTE,0,0,6.639054857379471e-07
Logistic Reg,No SMOTE,0,0,1.0920326987379448e-06
Logistic Reg,No SMOTE,0,0,0.007133815656527441
Logistic Reg,No SMOTE,0,0,0.0021553397403512808
Logistic Reg,No SMOTE,0,0,2.1916407780673017e-21
Logistic Reg,No SMOTE,0,0,0.0026324549240354118
Logistic Reg,No SMOTE,0,0,0.0012766133415870761
Logistic Reg,No SMOTE,0,0,2.5052727681873904e-10
Logistic Reg,No SMOTE,0,0,4.561662422095238e-05
Logistic Reg,No SMOTE,0,1,0.9435297975288658
Logistic Reg,No SMOTE,0,0,4.5625513869835055e-05
Logistic Reg,No SMOTE,0,0,4.9570626068617747e-05
Logistic Reg,No SMOTE,0,0,0.00018522396679068712
Logistic Reg,No SMOTE,0,0,3.7667250761112787e-06
Logistic Reg,No SMOTE,0,1,0.5621198475597404
Logistic Reg,No SMOTE,0,0,1.2967287358672545e-06
Logistic Reg,No SMOTE,0,0,5.345626168856975e-05
Logistic Reg,No SMOTE,0,0,4.574222434020218e-05
Logistic Reg,No SMOTE,0,0,0.04117415737514275
Logistic Reg,No SMOTE,0,0,0.0008955924057785608
Logistic Reg,No SMOTE,0,0,4.625604392381328e-05
Logistic Reg,No SMOTE,0,0,0.004894964557273384
Logistic Reg,No SMOTE,0,0,2.86817531504223e-15
Logistic Reg,No SMOTE,0,0,2.2429941307972094e-11
Logistic Reg,No SMOTE,0,0,5.157799855926698e-05
Logistic Reg,No SMOTE,0,0,4.6393013287610495e-05
Logistic Reg,No SMOTE,0,0,0.14773850058184848
Logistic Reg,No SMOTE,0,0,4.7768594688074596e-05
Logistic Reg,No SMOTE,0,0,0.012722609816456464
Logistic Reg,No SMOTE,0,0,5.327230200563335e-05
Logistic Reg,No SMOTE,0,0,9.392742130635035e-07
Logistic Reg,No SMOTE,0,0,8.333677804213558e-15
Logistic Reg,No SMOTE,0,0,1.3741666358132015e-09
Logistic Reg,No SMOTE,0,0,0.004422362454186958
Logistic Reg,No SMOTE,0,0,4.602525179843299e-05
Logistic Reg,No SMOTE,0,0,6.4286036943572905e-12
Logistic Reg,No SMOTE,0,0,0.02190965336225363
Logistic Reg,No SMOTE,0,0,0.031731662915091545
Logistic Reg,No SMOTE,0,0,4.480108872926595e-08
Logistic Reg,No SMOTE,0,0,0.031501755810920004
Logistic Reg,No SMOTE,0,0,3.270361368621319e-11
Logistic Reg,No SMOTE,0,0,7.623979390296455e-07
Logistic Reg,No SMOTE,0,0,0.005204278191310822
Logistic Reg,No SMOTE,0,0,6.698135213239014e-05
Logistic Reg,No SMOTE,0,0,6.65634516729243e-13
Logistic Reg,No SMOTE,0,0,0.019649573983858894
Logistic Reg,No SMOTE,0,0,6.495791004159563e-06
Logistic Reg,No SMOTE,0,0,6.293616130899022e-15
Logistic Reg,No SMOTE,0,0,0.13356775788911485
Logistic Reg,No SMOTE,0,0,4.888086132912592e-12
Logistic Reg,No SMOTE,0,0,9.107026215453297e-05
Logistic Reg,No SMOTE,0,0,0.03268045638559465
Logistic Reg,No SMOTE,0,0,0.0026718988296998863
Logistic Reg,No SMOTE,0,0,1.5479178460808005e-14
Logistic Reg,No SMOTE,0,0,0.032257998359486346
Logistic Reg,No SMOTE,0,0,4.560026640916298e-05
Logistic Reg,No SMOTE,0,0,0.012613157808963552
Logistic Reg,No SMOTE,0,0,4.5601114831555966e-05
Logistic Reg,No SMOTE,0,0,3.0135001214759867e-13
Logistic Reg,No SMOTE,0,0,0.01319136745573695
Logistic Reg,No SMOTE,0,0,4.6702946465175494e-05
Logistic Reg,No SMOTE,0,0,0.026251941148853045
Logistic Reg,No SMOTE,0,0,0.04886543629068522
Logistic Reg,No SMOTE,0,0,0.028303287637080055
Logistic Reg,No SMOTE,0,0,4.560365567432438e-05
Logistic Reg,No SMOTE,0,0,0.004824783788055853
Logistic Reg,No SMOTE,0,0,3.0104368142762275e-13
Logistic Reg,No SMOTE,0,0,1.078908467627174e-06
Logistic Reg,No SMOTE,0,0,2.3163476706601507e-07
Logistic Reg,No SMOTE,0,0,7.065520063707028e-21
Logistic Reg,No SMOTE,0,0,5.813352606665551e-07
Logistic Reg,No SMOTE,0,0,1.6784538520397623e-06
Logistic Reg,No SMOTE,0,0,0.010669739608270905
Logistic Reg,No SMOTE,0,0,3.384594339318728e-10
Logistic Reg,No SMOTE,0,0,0.000582827828747077
Logistic Reg,No SMOTE,0,0,0.013650494961293187
Logistic Reg,No SMOTE,0,0,1.9514839250981888e-10
Logistic Reg,No SMOTE,0,0,1.0434463598637235e-06
Logistic Reg,No SMOTE,0,0,8.955158499782323e-08
Logistic Reg,No SMOTE,0,0,0.018948136283803506
Logistic Reg,No SMOTE,0,0,1.1503132003719333e-14
Logistic Reg,No SMOTE,0,0,0.0051996208213695915
Logistic Reg,No SMOTE,0,0,3.277540225405978e-17
Logistic Reg,No SMOTE,0,0,2.2982984367227646e-08
Logistic Reg,No SMOTE,0,0,0.0003251842514467965
Logistic Reg,No SMOTE,0,0,0.06901735320790969
Logistic Reg,No SMOTE,0,0,1.4605256469481534e-19
Logistic Reg,No SMOTE,0,0,2.720530637164932e-10
Logistic Reg,No SMOTE,0,0,0.0005288316127544878
Logistic Reg,No SMOTE,0,0,0.0005078183677904842
Logistic Reg,No SMOTE,0,0,1.1601763317751376e-06
Logistic Reg,No SMOTE,0,0,0.00141219925124016
Logistic Reg,No SMOTE,0,0,9.866723338034475e-09
Logistic Reg,No SMOTE,0,0,5.637892366174853e-05
Logistic Reg,No SMOTE,0,0,6.294262179627207e-07
Logistic Reg,No SMOTE,0,0,0.013941901927471405
Logistic Reg,No SMOTE,0,0,0.011796712391416525
Logistic Reg,No SMOTE,0,0,0.011621258855786588
Logistic Reg,No SMOTE,0,0,0.05036205406681382
Logistic Reg,No SMOTE,0,0,0.00032268235968093057
Logistic Reg,No SMOTE,0,0,0.0036662995858915974
Logistic Reg,No SMOTE,0,0,1.4916439674726496e-15
Logistic Reg,No SMOTE,0,0,1.777501245628524e-46
Logistic Reg,No SMOTE,0,0,0.03982519961588279
Logistic Reg,No SMOTE,0,0,1.382420427921333e-06
Logistic Reg,No SMOTE,0,0,0.04222210472618086
Logistic Reg,No SMOTE,0,0,8.322129531348319e-07
Logistic Reg,No SMOTE,0,0,2.032842014506203e-09
Logistic Reg,No SMOTE,0,0,5.474826589691162e-05
Logistic Reg,No SMOTE,0,0,6.045395010343904e-07
Logistic Reg,No SMOTE,0,0,0.0004996270270395427
Logistic Reg,No SMOTE,0,0,0.029409446071139125
Logistic Reg,No SMOTE,0,0,4.636571923226341e-05
Logistic Reg,No SMOTE,0,0,0.002523732519392375
Logistic Reg,No SMOTE,0,0,0.018346151916671192
Logistic Reg,No SMOTE,0,0,0.03623726049091781
Logistic Reg,No SMOTE,0,0,0.023612059278060347
Logistic Reg,No SMOTE,1,1,0.996770788384854
Logistic Reg,No SMOTE,0,0,0.04353250393291955
Logistic Reg,No SMOTE,0,0,8.876696033046884e-07
Logistic Reg,No SMOTE,0,0,4.5743304256762924e-05
Logistic Reg,No SMOTE,0,0,0.003816585013224623
Logistic Reg,No SMOTE,0,0,0.21269666420493832
Logistic Reg,No SMOTE,0,0,0.0910273387124188
Logistic Reg,No SMOTE,0,0,0.0013363887722042376
Logistic Reg,No SMOTE,0,1,0.6887318805066691
Logistic Reg,No SMOTE,0,0,0.012773602468933816
Logistic Reg,No SMOTE,0,0,4.7585002625269406e-05
Logistic Reg,No SMOTE,0,0,8.712875047605578e-07
Logistic Reg,No SMOTE,0,0,0.000867914029945616
Logistic Reg,No SMOTE,0,0,9.531406895845694e-07
Logistic Reg,No SMOTE,0,0,0.3854338382836977
Logistic Reg,No SMOTE,0,0,1.048725227994836e-06
Logistic Reg,No SMOTE,0,0,2.28188223481231e-09
Logistic Reg,No SMOTE,0,0,0.004933167631734746
Logistic Reg,No SMOTE,0,0,6.515304776269868e-08
Logistic Reg,No SMOTE,0,0,1.4921901336338165e-06
Logistic Reg,No SMOTE,0,0,8.940734073856082e-07
Logistic Reg,No SMOTE,0,0,0.01965457651181989
Logistic Reg,No SMOTE,0,0,7.721735876375524e-07
Logistic Reg,No SMOTE,0,0,8.798733403544166e-07
Logistic Reg,No SMOTE,0,0,0.02471772085670167
Logistic Reg,No SMOTE,0,0,0.00014094207052276086
Logistic Reg,No SMOTE,0,0,4.5752098602973766e-05
Logistic Reg,No SMOTE,0,0,4.5963800482038084e-05
Logistic Reg,No SMOTE,0,0,6.382021605548615e-05
Logistic Reg,No SMOTE,0,0,1.8283707578219384e-07
Logistic Reg,No SMOTE,1,1,0.9998979572172816
Logistic Reg,No SMOTE,0,0,1.3883713815366706e-08
Logistic Reg,No SMOTE,0,0,9.807256485303818e-07
Logistic Reg,No SMOTE,0,0,4.591010174860985e-05
Logistic Reg,No SMOTE,0,0,4.564766270275215e-05
Logistic Reg,No SMOTE,0,0,9.121433280660555e-07
Logistic Reg,No SMOTE,0,0,0.0002741942858109026
Logistic Reg,No SMOTE,0,0,0.0008986350788756907
Logistic Reg,No SMOTE,0,0,0.046851952431661695
Logistic Reg,No SMOTE,0,0,0.039628736052122734
Logistic Reg,No SMOTE,0,0,0.0011162896763250655
Logistic Reg,No SMOTE,0,0,4.568461868868412e-05
Logistic Reg,No SMOTE,0,0,7.12005084185768e-07
Logistic Reg,No SMOTE,0,0,0.0044047338931292096
Logistic Reg,No SMOTE,0,0,6.986940253777906e-07
Logistic Reg,No SMOTE,0,0,0.00028083126109403143
Logistic Reg,No SMOTE,0,0,0.00014130126660536285
Logistic Reg,No SMOTE,0,1,0.8340242906938089
Logistic Reg,No SMOTE,0,0,6.964214782536537e-09
Logistic Reg,No SMOTE,0,0,4.5753509279834966e-05
Logistic Reg,No SMOTE,0,0,0.018519659990814723
Logistic Reg,No SMOTE,0,0,4.6154978343639526e-05
Logistic Reg,No SMOTE,0,0,0.003560798931964204
Logistic Reg,No SMOTE,0,0,0.030406209821019874
Logistic Reg,No SMOTE,0,0,6.310901707243686e-06
Logistic Reg,No SMOTE,0,0,1.0607025842795352e-17
Logistic Reg,No SMOTE,0,0,4.574816332464567e-05
Logistic Reg,No SMOTE,0,0,9.983069412451177e-07
Logistic Reg,No SMOTE,0,0,0.0019074538676658811
Logistic Reg,No SMOTE,0,0,0.00045219463896210236
Logistic Reg,No SMOTE,0,0,1.1841343901178732e-06
Logistic Reg,No SMOTE,0,0,1.4937725002081325e-17
Logistic Reg,No SMOTE,0,0,0.03719020332354902
Logistic Reg,No SMOTE,0,0,3.159051952379929e-12
Logistic Reg,No SMOTE,0,0,0.04606766202980045
Logistic Reg,No SMOTE,0,0,3.1080821710197274e-09
Logistic Reg,No SMOTE,0,0,4.5731488638766615e-05
Logistic Reg,No SMOTE,0,0,4.600446724133134e-05
Logistic Reg,No SMOTE,0,0,0.02818968319359729
Logistic Reg,No SMOTE,0,0,4.641854962566915e-16
Logistic Reg,No SMOTE,0,0,1.0533951603179086e-06
Logistic Reg,No SMOTE,0,0,4.952764926463534e-05
Logistic Reg,No SMOTE,0,0,0.06597515433777285
Logistic Reg,No SMOTE,0,0,7.51359994699076e-07
Logistic Reg,No SMOTE,0,0,0.03988208026143192
Logistic Reg,No SMOTE,0,0,0.000947089766577629
Logistic Reg,No SMOTE,0,0,1.1865240804912597e-06
Logistic Reg,No SMOTE,0,0,4.572918761945592e-05
Logistic Reg,No SMOTE,0,0,0.0040835802466210195
Logistic Reg,No SMOTE,0,0,0.00037192460171560517
Logistic Reg,No SMOTE,0,0,0.02658246558882751
Logistic Reg,No SMOTE,0,0,5.002452732677157e-05
Logistic Reg,No SMOTE,0,0,0.3390398264557492
Logistic Reg,No SMOTE,0,0,0.02751938027099402
Logistic Reg,No SMOTE,0,0,0.0016023823978867293
Logistic Reg,No SMOTE,0,0,2.4736891070891427e-06
Logistic Reg,No SMOTE,0,0,0.0005060833095498216
Logistic Reg,No SMOTE,0,0,4.0323182956941215e-11
Logistic Reg,No SMOTE,0,0,3.5016028208943896e-10
Logistic Reg,No SMOTE,0,0,0.033553211902055964
Logistic Reg,No SMOTE,0,0,1.0834647408947783e-19
Logistic Reg,No SMOTE,0,1,0.7799356747972457
Logistic Reg,No SMOTE,0,0,1.0205392305010937e-06
Logistic Reg,No SMOTE,0,0,0.03485437807040495
Logistic Reg,No SMOTE,0,0,4.5756127062447797e-05
Logistic Reg,No SMOTE,0,0,7.239458294386189e-07
Logistic Reg,No SMOTE,0,0,0.021615518606198595
Logistic Reg,No SMOTE,0,0,1.4184519099748738e-15
Logistic Reg,No SMOTE,0,0,0.013311919619105104
Logistic Reg,No SMOTE,0,0,6.993384396579811e-09
Logistic Reg,No SMOTE,0,0,0.03576255013583843
Logistic Reg,No SMOTE,0,0,0.055623152241533344
Logistic Reg,No SMOTE,0,0,2.5809972746686362e-26
Logistic Reg,No SMOTE,0,0,0.012983365292787529
Logistic Reg,No SMOTE,0,0,1.5098671335721889e-19
Logistic Reg,No SMOTE,0,0,1.0297857879792079e-06
Logistic Reg,No SMOTE,0,0,0.22880438266572675
Logistic Reg,No SMOTE,0,0,0.0005833721026523604
Logistic Reg,No SMOTE,0,0,0.027628777388843378
Logistic Reg,No SMOTE,0,0,0.005470562195799248
Logistic Reg,No SMOTE,0,0,0.007062455836916237
Logistic Reg,No SMOTE,0,0,1.4602815491642375e-06
Logistic Reg,No SMOTE,0,0,7.978335329796883e-18
Logistic Reg,No SMOTE,0,0,6.616983126452301e-07
Logistic Reg,No SMOTE,0,0,0.044611317821589794
Logistic Reg,No SMOTE,0,0,8.016145932458455e-07
Logistic Reg,No SMOTE,0,0,0.031327298600446155
Logistic Reg,No SMOTE,0,0,7.4815563527407995e-06
Logistic Reg,No SMOTE,0,0,0.046908413966703394
Logistic Reg,No SMOTE,0,0,0.023394922813322706
Logistic Reg,No SMOTE,0,0,1.7591644561392445e-14
Logistic Reg,No SMOTE,0,0,0.015144850710646408
Logistic Reg,No SMOTE,0,0,5.037850866217435e-17
Logistic Reg,No SMOTE,0,0,0.015739600524609588
Logistic Reg,No SMOTE,0,0,0.008784195027463637
Logistic Reg,No SMOTE,0,0,8.330930426212134e-07
Logistic Reg,No SMOTE,0,0,3.378707019847814e-21
Logistic Reg,No SMOTE,0,0,0.31945107507241993
Logistic Reg,No SMOTE,0,0,0.0012217002240935363
Logistic Reg,No SMOTE,0,0,9.03643305787918e-07
Logistic Reg,No SMOTE,0,0,4.655966347925464e-08
Logistic Reg,No SMOTE,0,0,0.004213755606322151
Logistic Reg,No SMOTE,0,0,2.0065934367262946e-05
Logistic Reg,No SMOTE,0,0,9.382179505673652e-12
Logistic Reg,No SMOTE,0,0,1.054575383953929e-06
Logistic Reg,No SMOTE,0,0,0.03536800408700399
Logistic Reg,No SMOTE,0,0,1.8524292296989673e-05
Logistic Reg,No SMOTE,0,0,0.00035079703670812127
Logistic Reg,No SMOTE,0,0,2.096497745058828e-09
Logistic Reg,No SMOTE,0,0,4.562872431643265e-05
Logistic Reg,No SMOTE,0,0,4.7751676198932145e-05
Logistic Reg,No SMOTE,0,0,0.3131729531172408
Logistic Reg,No SMOTE,0,0,4.5589952186420714e-05
Logistic Reg,No SMOTE,0,0,9.430074085008081e-07
Logistic Reg,No SMOTE,0,0,0.1286631322050417
Logistic Reg,No SMOTE,0,0,0.003283925767086784
Logistic Reg,No SMOTE,0,0,0.038934729554498636
Logistic Reg,No SMOTE,0,0,0.38198871328890793
Logistic Reg,No SMOTE,0,0,3.8860015111175577e-07
Logistic Reg,No SMOTE,0,0,0.3697475701090876
Logistic Reg,No SMOTE,0,0,3.357249784045143e-08
Logistic Reg,No SMOTE,0,0,0.04785436299259513
Logistic Reg,No SMOTE,0,0,9.939838608342422e-07
Logistic Reg,No SMOTE,0,0,0.007703631146609886
Logistic Reg,No SMOTE,0,0,0.00039584457900998765
Logistic Reg,No SMOTE,0,0,0.002158838954330947
Logistic Reg,No SMOTE,0,0,1.005836511027176e-06
Logistic Reg,No SMOTE,0,0,7.877261820025366e-07
Logistic Reg,No SMOTE,0,0,1.0223430833016599e-25
Logistic Reg,No SMOTE,0,0,7.804819410382764e-07
Logistic Reg,No SMOTE,0,0,9.423012337264938e-07
Logistic Reg,No SMOTE,0,0,0.040541245522270904
Logistic Reg,No SMOTE,0,0,6.236518670782806e-95
Logistic Reg,No SMOTE,0,0,0.0007595117998092464
Logistic Reg,No SMOTE,0,0,4.8040380895937005e-05
Logistic Reg,No SMOTE,0,1,0.7596869856159405
Logistic Reg,No SMOTE,0,0,0.1600861870355039
Logistic Reg,No SMOTE,0,0,0.028310182360542807
Logistic Reg,No SMOTE,0,0,0.0013186264919136626
Logistic Reg,No SMOTE,0,0,0.030664082971467128
Logistic Reg,No SMOTE,0,0,0.02628360096815205
Logistic Reg,No SMOTE,0,0,0.0012033853331748908
Logistic Reg,No SMOTE,0,0,0.058875066336988725
Logistic Reg,No SMOTE,0,0,9.664129354901852e-07
Logistic Reg,No SMOTE,0,0,0.01799188591600215
Logistic Reg,No SMOTE,0,0,0.033981505694430876
Logistic Reg,No SMOTE,0,0,3.705511209144321e-12
Logistic Reg,No SMOTE,0,0,6.412631126885414e-07
Logistic Reg,No SMOTE,0,0,8.365544951979526e-07
Logistic Reg,No SMOTE,0,0,1.91624336957833e-16
Logistic Reg,No SMOTE,0,0,0.03796432090472805
Logistic Reg,No SMOTE,0,0,0.0005191337019173118
Logistic Reg,No SMOTE,0,0,0.02548158070902162
Logistic Reg,No SMOTE,0,0,4.144348574100806e-13
Logistic Reg,No SMOTE,0,0,0.005607158172814793
Logistic Reg,No SMOTE,0,0,0.05510336313254272
Logistic Reg,No SMOTE,0,0,1.680116782486441e-09
Logistic Reg,No SMOTE,0,0,0.0014158041204468937
Logistic Reg,No SMOTE,0,0,1.1578868188738969e-07
Logistic Reg,No SMOTE,0,0,9.940039549260038e-18
Logistic Reg,No SMOTE,0,0,1.8888205457072854e-08
Logistic Reg,No SMOTE,0,1,0.5699575577995322
Logistic Reg,No SMOTE,0,0,0.000854361022252255
Logistic Reg,No SMOTE,0,0,1.1468813432062648e-06
Logistic Reg,No SMOTE,0,0,1.1568060513456245e-06
Logistic Reg,No SMOTE,0,0,4.741724500879309e-05
Logistic Reg,No SMOTE,0,0,7.368409455687932e-07
Logistic Reg,No SMOTE,0,0,8.252150547763077e-07
Logistic Reg,No SMOTE,0,0,0.012441818708373522
Logistic Reg,No SMOTE,0,0,0.025545482561016526
Logistic Reg,No SMOTE,0,0,4.242092312716203e-10
Logistic Reg,No SMOTE,0,0,4.905538102155821e-05
Logistic Reg,No SMOTE,0,0,1.7234846954644613e-05
Logistic Reg,No SMOTE,0,0,0.012283241517050692
Logistic Reg,No SMOTE,0,0,6.887669714911078e-12
Logistic Reg,No SMOTE,0,0,3.440210969589245e-87
Logistic Reg,No SMOTE,0,0,0.0016021103589225383
Logistic Reg,No SMOTE,0,0,4.5588514531062645e-05
Logistic Reg,No SMOTE,0,0,9.76827143534344e-07
Logistic Reg,No SMOTE,0,0,0.030004684049336185
Logistic Reg,No SMOTE,0,0,3.82408939117111e-12
Logistic Reg,No SMOTE,0,0,8.610496808092433e-08
Logistic Reg,No SMOTE,0,0,3.3998113518059597e-06
Logistic Reg,No SMOTE,0,0,4.591072404322361e-05
Logistic Reg,No SMOTE,0,0,1.1090338845163184e-06
Logistic Reg,No SMOTE,0,0,8.682683046047077e-09
Logistic Reg,No SMOTE,0,0,0.026751941415536346
Logistic Reg,No SMOTE,0,0,4.59128256887252e-05
Logistic Reg,No SMOTE,0,0,4.563181572151051e-05
Logistic Reg,No SMOTE,0,0,0.0003785367370105087
Logistic Reg,No SMOTE,0,0,1.0495041688349973e-19
Logistic Reg,No SMOTE,0,0,4.567640726158874e-05
Logistic Reg,No SMOTE,0,0,0.18820313608696052
Logistic Reg,No SMOTE,0,0,7.985561162982402e-07
Logistic Reg,No SMOTE,0,0,4.5727449048039724e-05
Logistic Reg,No SMOTE,0,0,0.03508818139122342
Logistic Reg,No SMOTE,0,0,0.0005842950612948605
Logistic Reg,No SMOTE,0,0,4.641534138990241e-05
Logistic Reg,No SMOTE,0,0,1.160457661727498e-05
Logistic Reg,No SMOTE,0,0,7.30060153431839e-07
Logistic Reg,No SMOTE,0,1,0.7811325993824233
Logistic Reg,No SMOTE,0,0,1.020611224331823e-06
Logistic Reg,No SMOTE,0,0,4.614786529876868e-05
Logistic Reg,No SMOTE,0,0,6.35774262868618e-07
Logistic Reg,No SMOTE,0,0,4.062935538579463e-09
Logistic Reg,No SMOTE,0,0,9.146651854250831e-07
Logistic Reg,No SMOTE,0,0,0.01802823167230857
Logistic Reg,No SMOTE,0,0,6.36746889774329e-19
Logistic Reg,No SMOTE,0,0,0.042404292797875
Logistic Reg,No SMOTE,0,0,6.748217985932684e-12
Logistic Reg,No SMOTE,0,0,4.983286694141693e-09
Logistic Reg,No SMOTE,0,0,0.009308511504468396
Logistic Reg,No SMOTE,0,0,0.03164445915909836
Logistic Reg,No SMOTE,0,0,0.005257193070269249
Logistic Reg,No SMOTE,0,0,2.389973760679543e-11
Logistic Reg,No SMOTE,0,0,2.237587210307121e-19
Logistic Reg,No SMOTE,0,0,0.0006303122554218259
Logistic Reg,No SMOTE,0,0,0.00017170748014294765
Logistic Reg,No SMOTE,0,0,0.02503492713771039
Logistic Reg,No SMOTE,0,0,1.0788393890726504e-06
Logistic Reg,No SMOTE,0,0,4.7365657499174244e-05
Logistic Reg,No SMOTE,0,0,4.5735405266841226e-05
Logistic Reg,No SMOTE,0,0,7.019473285593259e-07
Logistic Reg,No SMOTE,0,0,4.814540290130926e-05
Logistic Reg,No SMOTE,0,0,0.022616883423614932
Logistic Reg,No SMOTE,0,0,0.02899409383488623
Logistic Reg,No SMOTE,0,0,0.006748124802333612
Logistic Reg,No SMOTE,0,0,7.164867850884334e-07
Logistic Reg,No SMOTE,0,0,0.010372355841351488
Logistic Reg,No SMOTE,0,0,8.31934206753472e-07
Logistic Reg,No SMOTE,0,0,7.924341153363984e-06
Logistic Reg,No SMOTE,0,0,6.541014256990168e-11
Logistic Reg,No SMOTE,0,0,0.17456752253381766
Logistic Reg,No SMOTE,0,0,0.0001631296362033793
Logistic Reg,No SMOTE,0,0,1.0125315940573184e-06
Logistic Reg,No SMOTE,0,0,2.5262836457389176e-13
Logistic Reg,No SMOTE,0,0,8.085606193870932e-07
Logistic Reg,No SMOTE,0,0,0.004662627833053577
Logistic Reg,No SMOTE,0,0,0.03215222152012147
Logistic Reg,No SMOTE,0,0,7.816472125138022e-07
Logistic Reg,No SMOTE,0,0,0.03397070470518125
Logistic Reg,No SMOTE,0,0,1.0342932849295874e-72
Logistic Reg,No SMOTE,0,0,1.127024259610293e-06
Logistic Reg,No SMOTE,0,0,5.894054774600279e-07
Logistic Reg,No SMOTE,0,0,0.10815417978012265
Logistic Reg,No SMOTE,0,0,0.017790601938311987
Logistic Reg,No SMOTE,0,0,4.812157703270577e-13
Logistic Reg,No SMOTE,0,0,0.020403385185147702
Logistic Reg,No SMOTE,0,0,4.716181241203123e-05
Logistic Reg,No SMOTE,0,0,6.59753032949843e-08
Logistic Reg,No SMOTE,0,0,4.222724048201087e-08
Logistic Reg,No SMOTE,0,0,0.0009848721680610704
Logistic Reg,No SMOTE,0,0,2.0368236905611605e-06
Logistic Reg,No SMOTE,0,0,0.0006401390495997887
Logistic Reg,No SMOTE,0,0,0.009139253036369888
Logistic Reg,No SMOTE,0,0,9.330771423041084e-07
Logistic Reg,No SMOTE,0,0,0.00404102132903084
Logistic Reg,No SMOTE,0,0,4.778214899314757e-05
Logistic Reg,No SMOTE,0,0,9.40516301622877e-07
Logistic Reg,No SMOTE,0,0,5.332447760927489e-07
Logistic Reg,No SMOTE,0,0,0.0024696235529789645
Logistic Reg,No SMOTE,0,0,0.20272419841838935
Logistic Reg,No SMOTE,0,0,4.567156847893022e-05
Logistic Reg,No SMOTE,0,0,0.0009391444029474631
Logistic Reg,No SMOTE,0,0,0.026305023147951325
Logistic Reg,No SMOTE,0,0,0.017382216538227063
Logistic Reg,No SMOTE,0,0,3.293296598711242e-13
Logistic Reg,No SMOTE,0,0,9.330593487383627e-07
Logistic Reg,No SMOTE,0,0,0.0033756481648352325
Logistic Reg,No SMOTE,0,0,1.1086555939184042e-06
Logistic Reg,No SMOTE,0,0,0.010536862128455693
Logistic Reg,No SMOTE,0,0,7.467324465890967e-07
Logistic Reg,No SMOTE,0,0,0.019402210370332604
Logistic Reg,No SMOTE,0,0,0.014648517092993387
Logistic Reg,No SMOTE,0,0,0.029263560612336724
Logistic Reg,No SMOTE,0,0,1.9519446622334845e-06
Logistic Reg,No SMOTE,0,0,3.6122638716360037e-10
Logistic Reg,No SMOTE,0,0,4.565338836341866e-05
Logistic Reg,No SMOTE,0,0,5.530467837064382e-14
Logistic Reg,No SMOTE,0,0,1.103782408684714e-06
Logistic Reg,No SMOTE,0,0,9.142184689821109e-07
Logistic Reg,No SMOTE,0,0,7.983072990667633e-07
Logistic Reg,No SMOTE,0,0,4.932364061143e-05
Logistic Reg,No SMOTE,0,0,1.0880569149398406e-06
Logistic Reg,No SMOTE,0,0,0.05308610024161086
Logistic Reg,No SMOTE,0,0,0.05649131072436391
Logistic Reg,No SMOTE,0,0,0.09488784989966716
Logistic Reg,No SMOTE,0,0,3.542681319315373e-08
Logistic Reg,No SMOTE,0,0,1.287892920748434e-10
Logistic Reg,No SMOTE,0,0,0.03567062281851464
Logistic Reg,No SMOTE,0,0,1.1867606539659419e-06
Logistic Reg,No SMOTE,0,0,0.00026935687646700786
Logistic Reg,No SMOTE,0,0,4.5816728382432815e-05
Logistic Reg,No SMOTE,0,0,0.04179557224375908
Logistic Reg,No SMOTE,0,0,0.062155645710120305
Logistic Reg,No SMOTE,0,0,1.967050341971287e-13
Logistic Reg,No SMOTE,0,0,0.06739247336335048
Logistic Reg,No SMOTE,0,0,0.012082174454729467
Logistic Reg,No SMOTE,0,0,0.01626979041273383
Logistic Reg,No SMOTE,0,0,1.0644167889482492e-06
Logistic Reg,No SMOTE,0,0,0.0031462814186260387
Logistic Reg,No SMOTE,0,0,0.0019329238097367347
Logistic Reg,No SMOTE,0,0,8.904984704387649e-18
Logistic Reg,No SMOTE,0,0,0.0024901827513230377
Logistic Reg,No SMOTE,0,0,5.0227830777268904e-12
Logistic Reg,No SMOTE,0,0,0.0006472906630274065
Logistic Reg,No SMOTE,0,0,6.958398645754965e-07
Logistic Reg,No SMOTE,0,0,0.032265787057785475
Logistic Reg,No SMOTE,0,0,2.5578209250559888e-05
Logistic Reg,No SMOTE,0,0,4.672803832716603e-05
Logistic Reg,No SMOTE,0,0,0.0029020083395603575
Logistic Reg,No SMOTE,0,0,4.472196338669168e-07
Logistic Reg,No SMOTE,0,0,5.2666128537805135e-05
Logistic Reg,No SMOTE,0,0,9.426179844697984e-07
Logistic Reg,No SMOTE,0,0,0.05791520587790348
Logistic Reg,No SMOTE,0,0,9.264327287782234e-07
Logistic Reg,No SMOTE,0,0,1.7159074023467778e-05
Logistic Reg,No SMOTE,0,0,1.8094138474932933e-08
Logistic Reg,No SMOTE,0,0,2.8919444201644813e-17
Logistic Reg,No SMOTE,0,0,0.028425902964678763
Logistic Reg,No SMOTE,0,0,0.00021827253852417365
Logistic Reg,No SMOTE,0,0,3.192011067023627e-08
Logistic Reg,No SMOTE,0,0,1.213176957201639e-07
Logistic Reg,No SMOTE,0,0,4.558868059888319e-05
Logistic Reg,No SMOTE,0,0,0.009471890240467995
Logistic Reg,No SMOTE,0,0,4.4709210711315724e-09
Logistic Reg,No SMOTE,0,0,2.0731600279938567e-08
Logistic Reg,No SMOTE,0,1,0.5948640711213657
Logistic Reg,No SMOTE,0,0,9.339752008107502e-07
Logistic Reg,No SMOTE,0,0,7.998815246866018e-06
Logistic Reg,No SMOTE,0,0,0.03340345082067928
Logistic Reg,No SMOTE,0,0,4.680102354941865e-05
Logistic Reg,No SMOTE,0,0,1.021381008453475e-06
Logistic Reg,No SMOTE,0,0,0.02242645133733533
Logistic Reg,No SMOTE,0,0,3.6129761328656874e-09
Logistic Reg,No SMOTE,0,0,4.5606847424005734e-05
Logistic Reg,No SMOTE,0,0,4.619822275732946e-05
Logistic Reg,No SMOTE,0,1,0.9753168793148124
Logistic Reg,No SMOTE,0,0,0.0005198159240315842
Logistic Reg,No SMOTE,0,1,0.9136690649362467
Logistic Reg,No SMOTE,0,0,0.02851423507220564
Logistic Reg,No SMOTE,0,0,0.011149375781341083
Logistic Reg,No SMOTE,0,0,8.469266538232894e-07
Logistic Reg,No SMOTE,0,0,9.06725634334346e-07
Logistic Reg,No SMOTE,0,0,0.010928543446091106
Logistic Reg,No SMOTE,0,0,0.03599601009267696
Logistic Reg,No SMOTE,0,0,7.212269057385227e-12
Logistic Reg,No SMOTE,0,1,0.7021200981300275
Logistic Reg,No SMOTE,0,0,5.314575375549969e-10
Logistic Reg,No SMOTE,0,0,0.0001311792768927245
Logistic Reg,No SMOTE,0,0,1.8096631330929038e-09
Logistic Reg,No SMOTE,0,0,1.1650810218245243e-06
Logistic Reg,No SMOTE,0,0,1.058095120771927e-07
Logistic Reg,No SMOTE,0,0,4.419309993577339e-05
Logistic Reg,No SMOTE,0,0,0.009841090576477219
Logistic Reg,No SMOTE,0,0,4.6468404885234284e-05
Logistic Reg,No SMOTE,0,0,0.024532331793551704
Logistic Reg,No SMOTE,0,0,0.21723945366107533
Logistic Reg,No SMOTE,0,0,0.00010419166929087365
Logistic Reg,No SMOTE,0,0,1.4603906095303191e-05
Logistic Reg,No SMOTE,0,0,9.800224432710138e-07
Logistic Reg,No SMOTE,0,0,0.0016697785974637905
Logistic Reg,No SMOTE,0,0,4.583805415126226e-05
Logistic Reg,No SMOTE,0,0,7.182339741612123e-07
Logistic Reg,No SMOTE,0,0,1.2905430518148298e-06
Logistic Reg,No SMOTE,0,0,0.001221117424584798
Logistic Reg,No SMOTE,0,0,7.904330667061949e-08
Logistic Reg,No SMOTE,0,0,6.123764107527381e-15
Logistic Reg,No SMOTE,0,0,6.796611691186367e-06
Logistic Reg,No SMOTE,0,0,7.91051347028737e-15
Logistic Reg,No SMOTE,0,0,4.752219023652491e-05
Logistic Reg,No SMOTE,0,0,2.568567592010946e-06
Logistic Reg,No SMOTE,0,0,0.2076358337049422
Logistic Reg,No SMOTE,0,0,4.950077772830393e-05
Logistic Reg,No SMOTE,0,0,0.0014922581396150957
Logistic Reg,No SMOTE,0,0,0.0033331834046581234
Logistic Reg,No SMOTE,0,0,4.529762059159414e-05
Logistic Reg,No SMOTE,0,0,2.242395523284483e-05
Logistic Reg,No SMOTE,0,0,3.9128087852718155e-06
Logistic Reg,No SMOTE,0,0,0.0411897312086074
Logistic Reg,No SMOTE,0,0,1.9163014939954816e-15
Logistic Reg,No SMOTE,0,0,1.179974922711947e-19
Logistic Reg,No SMOTE,0,0,8.20253370415661e-07
Logistic Reg,No SMOTE,0,0,8.0880758724506e-07
Logistic Reg,No SMOTE,0,0,7.519115310494001e-14
Logistic Reg,No SMOTE,0,0,7.409576938942663e-19
Logistic Reg,No SMOTE,0,0,4.614799826010489e-05
Logistic Reg,No SMOTE,0,0,9.300512676457523e-10
Logistic Reg,No SMOTE,0,0,4.621261748308718e-05
Logistic Reg,No SMOTE,0,0,7.976066734366426e-15
Logistic Reg,No SMOTE,0,0,1.4459166704551549e-08
Logistic Reg,No SMOTE,0,0,0.01676047960716634
Logistic Reg,No SMOTE,0,0,4.6523430301273036e-05
Logistic Reg,No SMOTE,0,0,1.2533289538493433e-17
Logistic Reg,No SMOTE,0,0,7.949790461843519e-07
Logistic Reg,No SMOTE,0,0,0.04036022406420327
Logistic Reg,No SMOTE,0,0,0.001186521977018382
Logistic Reg,No SMOTE,0,0,4.6508131928222107e-05
Logistic Reg,No SMOTE,0,0,8.645960267861977e-07
Logistic Reg,No SMOTE,0,0,1.0012758637537008e-06
Logistic Reg,No SMOTE,0,0,0.053134323909280606
Logistic Reg,No SMOTE,0,0,0.11245210854132254
Logistic Reg,No SMOTE,0,0,2.0098840511526605e-24
Logistic Reg,No SMOTE,0,0,0.035210812616293705
Logistic Reg,No SMOTE,0,0,3.5486611015497015e-20
Logistic Reg,No SMOTE,0,0,9.944858151670984e-06
Logistic Reg,No SMOTE,0,0,0.01714830736779629
Logistic Reg,No SMOTE,0,0,4.71142149310831e-05
Logistic Reg,No SMOTE,0,0,0.045984145056498976
Logistic Reg,No SMOTE,0,1,0.7395042826106184
Logistic Reg,No SMOTE,0,0,4.677103133382082e-05
Logistic Reg,No SMOTE,0,0,1.0277998598610907e-06
Logistic Reg,No SMOTE,0,0,2.362148647475079e-05
Logistic Reg,No SMOTE,0,0,1.1917282848432938e-06
Logistic Reg,No SMOTE,0,0,0.0031319582551173272
Logistic Reg,No SMOTE,0,1,0.8114119254970461
Logistic Reg,No SMOTE,0,0,4.500735548910726e-05
Logistic Reg,No SMOTE,0,0,6.914240206658218e-21
Logistic Reg,No SMOTE,0,0,0.011545977367010178
Logistic Reg,No SMOTE,0,0,1.3194783791037524e-07
Logistic Reg,No SMOTE,0,0,0.044731273266909066
Logistic Reg,No SMOTE,0,1,0.92396045678391
Logistic Reg,No SMOTE,0,0,9.646453370834966e-08
Logistic Reg,No SMOTE,0,0,0.04075728561972595
Logistic Reg,No SMOTE,0,0,0.0018133051572749679
Logistic Reg,No SMOTE,0,0,0.045827234730135454
Logistic Reg,No SMOTE,0,0,0.007145442924692369
Logistic Reg,No SMOTE,0,0,1.0264482049813558e-06
Logistic Reg,No SMOTE,0,0,0.031193992263937702
Logistic Reg,No SMOTE,0,0,0.00034068449602073507
Logistic Reg,No SMOTE,0,0,0.006506438577096363
Logistic Reg,No SMOTE,0,0,0.09257613340087373
Logistic Reg,No SMOTE,0,0,1.175516512651188e-06
Logistic Reg,No SMOTE,0,0,5.6894977055789046e-05
Logistic Reg,No SMOTE,0,0,1.0014660548854164e-06
Logistic Reg,No SMOTE,0,0,0.033479619404755905
Logistic Reg,No SMOTE,0,0,0.48794768267088817
Logistic Reg,No SMOTE,0,0,0.018191542023291592
Logistic Reg,No SMOTE,0,0,0.01005407158510872
Logistic Reg,No SMOTE,0,0,0.0003696529256999685
Logistic Reg,No SMOTE,0,0,1.3008914183349186e-06
Logistic Reg,No SMOTE,0,0,7.51795384627756e-07
Logistic Reg,No SMOTE,0,0,0.011765596671006044
Logistic Reg,No SMOTE,0,0,4.7652272491199354e-05
Logistic Reg,No SMOTE,0,0,8.087322154300437e-16
Logistic Reg,No SMOTE,0,0,0.0001577937127045732
Logistic Reg,No SMOTE,0,0,9.525138107678942e-06
Logistic Reg,No SMOTE,0,0,9.848614811891303e-20
Logistic Reg,No SMOTE,0,0,1.4837943659631554e-18
Logistic Reg,No SMOTE,0,0,1.156210292093187e-09
Logistic Reg,No SMOTE,0,0,1.385911361674915e-07
Logistic Reg,No SMOTE,0,0,1.2104049319753792e-08
Logistic Reg,No SMOTE,0,0,3.059194708282699e-05
Logistic Reg,No SMOTE,0,0,0.00010960849573778768
Logistic Reg,No SMOTE,0,0,1.6811543237771984e-07
Logistic Reg,No SMOTE,0,0,0.000326558646815422
Logistic Reg,No SMOTE,0,0,0.030492480645101974
Logistic Reg,No SMOTE,0,0,6.648442226735382e-05
Logistic Reg,No SMOTE,0,0,1.1649188967353288e-06
Logistic Reg,No SMOTE,0,0,0.04950500576783162
Logistic Reg,No SMOTE,0,0,0.03200012497625406
Logistic Reg,No SMOTE,0,0,9.301061531592737e-07
Logistic Reg,No SMOTE,0,0,1.188137505179953e-06
Logistic Reg,No SMOTE,0,0,4.5791142183124895e-05
Logistic Reg,No SMOTE,0,0,0.0007006291500030437
Logistic Reg,No SMOTE,0,0,0.0058198901474733255
Logistic Reg,No SMOTE,0,0,5.367802314167707e-23
Logistic Reg,No SMOTE,0,0,0.045041455698199666
Logistic Reg,No SMOTE,0,0,8.811846511316606e-07
Logistic Reg,No SMOTE,0,0,2.6701968668832965e-37
Logistic Reg,No SMOTE,0,0,0.0431125479101083
Logistic Reg,No SMOTE,0,0,1.7074616860460066e-12
Logistic Reg,No SMOTE,0,0,0.000581836606643071
Logistic Reg,No SMOTE,0,0,4.558714316823417e-05
Logistic Reg,No SMOTE,0,0,4.8276012129652666e-05
Logistic Reg,No SMOTE,0,0,8.248575444245685e-07
Logistic Reg,No SMOTE,0,0,8.212176564355114e-07
Logistic Reg,No SMOTE,0,1,0.947209163927963
Logistic Reg,No SMOTE,0,0,4.562005405612392e-05
Logistic Reg,No SMOTE,0,0,2.9134534212595705e-27
Logistic Reg,No SMOTE,0,0,0.172307024425239
Logistic Reg,No SMOTE,0,0,0.02955398803608325
Logistic Reg,No SMOTE,0,0,7.018884048892551e-07
Logistic Reg,No SMOTE,0,0,0.015305268085333442
Logistic Reg,No SMOTE,0,0,0.0816801098880934
Logistic Reg,No SMOTE,0,0,0.05123448671901692
Logistic Reg,No SMOTE,0,0,8.218426156653414e-07
Logistic Reg,No SMOTE,0,0,4.5650635324141134e-05
Logistic Reg,No SMOTE,0,0,4.5768825100777496e-05
Logistic Reg,No SMOTE,0,0,0.041436232962566016
Logistic Reg,No SMOTE,0,0,0.1172460480173749
Logistic Reg,No SMOTE,0,0,6.663407346076972e-06
Logistic Reg,No SMOTE,0,0,0.0005937111176038218
Logistic Reg,No SMOTE,0,0,4.586719491995742e-05
Logistic Reg,No SMOTE,0,0,0.03707224926610525
Logistic Reg,No SMOTE,0,0,1.3163457221534888e-06
Logistic Reg,No SMOTE,0,1,0.8600655105028603
Logistic Reg,No SMOTE,0,0,2.7228786478262264e-15
Logistic Reg,No SMOTE,0,0,7.279906121575422e-11
Logistic Reg,No SMOTE,0,0,0.03083584979165213
Logistic Reg,No SMOTE,0,0,0.02223938206380694
Logistic Reg,No SMOTE,0,0,0.0021157776621057818
Logistic Reg,No SMOTE,0,0,3.975669317396232e-12
Logistic Reg,No SMOTE,0,0,0.0004956885542306527
Logistic Reg,No SMOTE,0,0,4.7281012060945765e-05
Logistic Reg,No SMOTE,0,0,0.034025702909772984
Logistic Reg,No SMOTE,0,0,2.509473296830938e-13
Logistic Reg,No SMOTE,0,0,0.0002585962123436966
Logistic Reg,No SMOTE,0,0,1.0443229436070482e-06
Logistic Reg,No SMOTE,0,0,0.0004723587865556217
Logistic Reg,No SMOTE,0,0,0.03473948583711881
Logistic Reg,No SMOTE,0,0,9.630340607549508e-07
Logistic Reg,No SMOTE,0,0,0.03511178000738074
Logistic Reg,No SMOTE,0,0,1.0331476526530054e-06
Logistic Reg,No SMOTE,0,0,5.830756081592504e-07
Logistic Reg,No SMOTE,0,0,8.033729252987792e-07
Logistic Reg,No SMOTE,0,0,7.095182925834179e-07
Logistic Reg,No SMOTE,0,0,0.057561891261532244
Logistic Reg,No SMOTE,0,0,0.030654016938324355
Logistic Reg,No SMOTE,0,0,0.00930887239359348
Logistic Reg,No SMOTE,0,0,0.008133728425548064
Logistic Reg,No SMOTE,0,0,0.00033173269800968196
Logistic Reg,No SMOTE,0,0,0.04929451174526875
Logistic Reg,No SMOTE,0,0,0.02290635370036187
Logistic Reg,No SMOTE,0,0,0.0002681275016389581
Logistic Reg,No SMOTE,0,0,3.5196870147216933e-06
Logistic Reg,No SMOTE,0,0,8.334323642544479e-13
Logistic Reg,No SMOTE,0,0,1.3043545721647197e-06
Logistic Reg,No SMOTE,0,0,0.029461295429404285
Logistic Reg,No SMOTE,0,0,4.243741125607135e-05
Logistic Reg,No SMOTE,0,0,7.763712857646186e-07
Logistic Reg,No SMOTE,0,0,0.026694886285445894
Logistic Reg,No SMOTE,0,0,0.2554352534002554
Logistic Reg,No SMOTE,0,0,0.029617911361807477
Logistic Reg,No SMOTE,0,0,0.025462837471204296
Logistic Reg,No SMOTE,0,0,0.1044506012358615
Logistic Reg,No SMOTE,0,0,0.001418745452378476
Logistic Reg,No SMOTE,0,0,0.0003017081605949407
Logistic Reg,No SMOTE,0,0,7.507712413067303e-07
Logistic Reg,No SMOTE,0,0,4.90323810944911e-05
Logistic Reg,No SMOTE,0,0,0.28840120963216753
Logistic Reg,No SMOTE,0,0,0.032227276484382714
Logistic Reg,No SMOTE,0,0,0.0005588109610150453
Logistic Reg,No SMOTE,0,0,0.0008635309908879649
Logistic Reg,No SMOTE,0,0,1.0863581411770823e-13
Logistic Reg,No SMOTE,0,0,1.0205792111689802e-06
Logistic Reg,No SMOTE,0,0,1.125798144632001e-06
Logistic Reg,No SMOTE,0,0,0.011082318359871956
Logistic Reg,No SMOTE,0,0,1.3421023910711899e-06
Logistic Reg,No SMOTE,0,0,0.00019589055938387881
Logistic Reg,No SMOTE,0,0,4.692174139047006e-05
Logistic Reg,No SMOTE,0,0,0.008117381760954636
Logistic Reg,No SMOTE,0,0,5.0761515304152875e-05
Logistic Reg,No SMOTE,0,0,0.05288525860553362
Logistic Reg,No SMOTE,0,0,0.027048265820271707
Logistic Reg,No SMOTE,0,0,8.203118524001978e-07
Logistic Reg,No SMOTE,0,0,4.6516542025021607e-05
Logistic Reg,No SMOTE,0,0,0.012597896099399415
Logistic Reg,No SMOTE,0,0,8.507968523968781e-07
Logistic Reg,No SMOTE,0,0,4.6827417099416214e-05
Logistic Reg,No SMOTE,0,0,9.616072221183824e-07
Logistic Reg,No SMOTE,0,0,0.0004904432438887632
Logistic Reg,No SMOTE,0,0,0.023769024106237383
Logistic Reg,No SMOTE,0,0,9.621156542747776e-07
Logistic Reg,No SMOTE,0,1,0.7207976308786694
Logistic Reg,No SMOTE,0,0,0.030423608141768737
Logistic Reg,No SMOTE,0,0,0.034345575923035415
Logistic Reg,No SMOTE,0,0,4.6327755212285285e-05
Logistic Reg,No SMOTE,0,0,0.013422568907023098
Logistic Reg,No SMOTE,0,0,4.5623912404855336e-05
Logistic Reg,No SMOTE,0,0,0.04508671596349509
Logistic Reg,No SMOTE,0,0,9.506600728908312e-07
Logistic Reg,No SMOTE,0,0,1.0659357813793383e-06
Logistic Reg,No SMOTE,0,0,0.02627422321530202
Logistic Reg,No SMOTE,0,0,4.479499066949123e-11
Logistic Reg,No SMOTE,0,0,0.017697101084062354
Logistic Reg,No SMOTE,0,0,4.11094125213692e-18
Logistic Reg,No SMOTE,0,0,0.019306753193435968
Logistic Reg,No SMOTE,0,0,0.03857409966658877
Logistic Reg,No SMOTE,0,0,1.0784139273913012e-06
Logistic Reg,No SMOTE,0,0,9.297203057232873e-07
Logistic Reg,No SMOTE,0,0,1.3808809350087977e-09
Logistic Reg,No SMOTE,0,0,2.868225607875299e-05
Logistic Reg,No SMOTE,0,1,0.9664745635589592
Logistic Reg,No SMOTE,0,0,1.157780713270377e-06
Logistic Reg,No SMOTE,0,0,0.007890885483650866
Logistic Reg,No SMOTE,0,0,9.550761339403795e-07
Logistic Reg,No SMOTE,0,0,5.137966027305613e-10
Logistic Reg,No SMOTE,0,1,0.5817202446262797
Logistic Reg,No SMOTE,0,0,0.04299120589335719
Logistic Reg,No SMOTE,0,0,0.010419052780778648
Logistic Reg,No SMOTE,0,0,8.235265548223615e-07
Logistic Reg,No SMOTE,0,0,4.8530357493189095e-05
Logistic Reg,No SMOTE,0,0,4.202003687145121e-13
Logistic Reg,No SMOTE,0,0,4.566326718989799e-05
Logistic Reg,No SMOTE,0,0,1.8639547159820682e-06
Logistic Reg,No SMOTE,0,0,0.00561011712989254
Logistic Reg,No SMOTE,0,0,0.0014298016402732368
Logistic Reg,No SMOTE,0,0,8.344812875894325e-07
Logistic Reg,No SMOTE,0,0,6.545183887722471e-07
Logistic Reg,No SMOTE,0,0,9.461429667567401e-07
Logistic Reg,No SMOTE,0,0,3.430322523496885e-05
Logistic Reg,No SMOTE,0,0,1.0609500238770365e-07
Logistic Reg,No SMOTE,0,0,6.600498329478596e-07
Logistic Reg,No SMOTE,0,0,0.04374666176459582
Logistic Reg,No SMOTE,0,0,0.0011074281669727225
Logistic Reg,No SMOTE,0,1,0.9447393306561296
Logistic Reg,No SMOTE,0,0,3.3759509466335834e-16
Logistic Reg,No SMOTE,0,0,2.4098944726557262e-26
Logistic Reg,No SMOTE,0,0,0.0011195600032835493
Logistic Reg,No SMOTE,0,0,4.806174167835033e-06
Logistic Reg,No SMOTE,0,0,7.292257675922357e-07
Logistic Reg,No SMOTE,0,0,4.63496362524364e-05
Logistic Reg,No SMOTE,0,0,0.023857825064154826
Logistic Reg,No SMOTE,0,0,6.439907697508686e-05
Logistic Reg,No SMOTE,0,0,0.0914675432119726
Logistic Reg,No SMOTE,0,0,7.926982613330522e-07
Logistic Reg,No SMOTE,0,0,0.0001483721298123676
Logistic Reg,No SMOTE,0,0,0.03415755612647039
Logistic Reg,No SMOTE,0,0,7.044862803239746e-07
Logistic Reg,No SMOTE,0,0,0.01132374803511091
Logistic Reg,No SMOTE,0,0,0.03228204936666105
Logistic Reg,No SMOTE,0,0,1.1204161008224788e-06
Logistic Reg,No SMOTE,0,0,4.5886284308396054e-05
Logistic Reg,No SMOTE,0,0,1.2095191603728671e-06
Logistic Reg,No SMOTE,0,0,4.583261393125152e-05
Logistic Reg,No SMOTE,0,0,0.012140861321452704
Logistic Reg,No SMOTE,0,0,3.1919914063785873e-16
Logistic Reg,No SMOTE,0,0,2.9769297411313897e-06
Logistic Reg,No SMOTE,0,0,0.0040182831302512665
Logistic Reg,No SMOTE,0,0,0.003856639398681708
Logistic Reg,No SMOTE,0,0,1.401739705027219e-06
Logistic Reg,No SMOTE,0,0,1.536829832352235e-13
Logistic Reg,No SMOTE,0,0,0.0004789802033332265
Logistic Reg,No SMOTE,0,0,2.0292447893190708e-08
Logistic Reg,No SMOTE,0,0,1.1817762852825144e-09
Logistic Reg,No SMOTE,0,0,7.926640825510932e-07
Logistic Reg,No SMOTE,0,0,4.643182579532997e-20
Logistic Reg,No SMOTE,0,0,2.56806033907788e-05
Logistic Reg,No SMOTE,0,0,4.753384308763924e-05
Logistic Reg,No SMOTE,0,0,5.457295094314668e-05
Logistic Reg,No SMOTE,0,0,1.0023913201206755e-12
Logistic Reg,No SMOTE,0,0,9.673973399072077e-07
Logistic Reg,No SMOTE,0,1,0.8217658472144602
Logistic Reg,No SMOTE,0,0,0.03537753012592826
Logistic Reg,No SMOTE,0,1,0.9855222945699547
Logistic Reg,No SMOTE,0,0,2.2238717840697052e-09
Logistic Reg,No SMOTE,0,0,7.930290737195265e-07
Logistic Reg,No SMOTE,0,0,0.024564237260161496
Logistic Reg,No SMOTE,0,0,0.00014431548484290639
Logistic Reg,No SMOTE,0,0,0.01711350278541711
Logistic Reg,No SMOTE,0,0,0.0014654350782024824
Logistic Reg,No SMOTE,0,0,0.009634526695413129
Logistic Reg,No SMOTE,0,0,8.047366965806077e-07
Logistic Reg,No SMOTE,0,0,1.1398827982805332e-08
Logistic Reg,No SMOTE,0,0,8.328248460944061e-11
Logistic Reg,No SMOTE,0,0,0.01669536817173242
Logistic Reg,No SMOTE,0,0,2.369493423066735e-16
Logistic Reg,No SMOTE,0,0,4.6671968697359626e-05
Logistic Reg,No SMOTE,0,0,0.0007365860513321328
Logistic Reg,No SMOTE,0,0,0.07587700195644768
Logistic Reg,No SMOTE,0,0,6.645371187264856e-07
Logistic Reg,No SMOTE,0,0,0.018675748699237677
Logistic Reg,No SMOTE,0,0,0.039772161473146404
Logistic Reg,No SMOTE,0,0,1.416165338463906e-06
Logistic Reg,No SMOTE,0,0,2.5258884291982484e-07
Logistic Reg,No SMOTE,0,0,1.1724062788128985e-06
Logistic Reg,No SMOTE,0,0,4.176216943646129e-21
Logistic Reg,No SMOTE,0,0,4.578223160588243e-05
Logistic Reg,No SMOTE,0,0,0.023019230758903893
Logistic Reg,No SMOTE,0,0,0.02637273635469587
Logistic Reg,No SMOTE,0,0,1.3849888961704608e-07
Logistic Reg,No SMOTE,0,0,1.2874896077264496e-06
Logistic Reg,No SMOTE,0,0,0.00012509817182687838
Logistic Reg,No SMOTE,0,0,0.013038204179295184
Logistic Reg,No SMOTE,0,0,4.574806749782328e-05
Logistic Reg,No SMOTE,0,0,4.942943943418774e-05
Logistic Reg,No SMOTE,0,0,0.0011584601870044818
Logistic Reg,No SMOTE,0,0,0.022797540320786625
Logistic Reg,No SMOTE,0,0,0.019303213829638503
Logistic Reg,No SMOTE,0,0,4.576487492923164e-05
Logistic Reg,No SMOTE,0,0,4.574995259416183e-05
Logistic Reg,No SMOTE,0,0,0.004301320044351992
Logistic Reg,No SMOTE,0,0,9.332748920825026e-20
Logistic Reg,No SMOTE,0,0,0.04720851132743368
Logistic Reg,No SMOTE,0,0,1.2964132274971291e-06
Logistic Reg,No SMOTE,0,0,0.02062104392330476
Logistic Reg,No SMOTE,0,0,0.001373937629578457
Logistic Reg,No SMOTE,0,0,1.160051049279099e-16
Logistic Reg,No SMOTE,0,0,7.150781710459156e-07
Logistic Reg,No SMOTE,0,0,8.247448269160506e-07
Logistic Reg,No SMOTE,0,0,0.017884389674274775
Logistic Reg,No SMOTE,0,0,2.0155620688460657e-05
Logistic Reg,No SMOTE,0,0,4.469826094349428e-08
Logistic Reg,No SMOTE,0,0,1.558603323153848e-08
Logistic Reg,No SMOTE,0,0,0.003702846713708787
Logistic Reg,No SMOTE,0,0,4.831247429983668e-10
Logistic Reg,No SMOTE,0,0,3.6430313911324754e-15
Logistic Reg,No SMOTE,0,1,0.7879921101335903
Logistic Reg,No SMOTE,0,0,6.828782796023123e-07
Logistic Reg,No SMOTE,0,0,4.6608458272568234e-05
Logistic Reg,No SMOTE,0,0,0.02985996166598831
Logistic Reg,No SMOTE,0,0,0.00037988596911815394
Logistic Reg,No SMOTE,0,0,4.608730880440858e-05
Logistic Reg,No SMOTE,0,0,0.0035795868029034734
Logistic Reg,No SMOTE,0,0,6.379647289136513e-07
Logistic Reg,No SMOTE,0,0,0.0006331503226457641
Logistic Reg,No SMOTE,0,0,6.162671210745706e-07
Logistic Reg,No SMOTE,0,0,0.048572716065075384
Logistic Reg,No SMOTE,0,0,9.512042539287497e-07
Logistic Reg,No SMOTE,0,0,5.1067049735593584e-06
Logistic Reg,No SMOTE,0,0,0.03368141146014296
Logistic Reg,No SMOTE,0,1,0.9215353136406162
Logistic Reg,No SMOTE,0,0,4.740431253567667e-10
Logistic Reg,No SMOTE,0,0,8.939465765489415e-07
Logistic Reg,No SMOTE,0,0,0.0005665358941785199
Logistic Reg,No SMOTE,0,0,0.029033983850835395
Logistic Reg,No SMOTE,0,0,0.024757617454311223
Logistic Reg,No SMOTE,0,0,4.2915450518868363e-17
Logistic Reg,No SMOTE,0,0,0.004692101426890487
Logistic Reg,No SMOTE,0,0,0.032507817052634023
Logistic Reg,No SMOTE,1,1,0.9938876887920745
Logistic Reg,No SMOTE,0,0,3.4474836387037374e-07
Logistic Reg,No SMOTE,0,0,1.2499389239725031e-09
Logistic Reg,No SMOTE,0,0,1.6507708046302388e-06
Logistic Reg,No SMOTE,0,0,1.0537483484910007e-06
Logistic Reg,No SMOTE,0,0,0.105348482056791
Logistic Reg,No SMOTE,0,0,0.03091576580724088
Logistic Reg,No SMOTE,0,0,5.695265212616921e-06
Logistic Reg,No SMOTE,0,0,0.009565906702298468
Logistic Reg,No SMOTE,0,0,1.4055529602202709e-06
Logistic Reg,No SMOTE,0,0,0.001987437131605061
Logistic Reg,No SMOTE,0,0,6.47807556503568e-07
Logistic Reg,No SMOTE,0,0,4.672442066467662e-05
Logistic Reg,No SMOTE,0,1,0.6254411088547067
Logistic Reg,No SMOTE,0,0,0.031059494546278682
Logistic Reg,No SMOTE,0,0,0.0021239114803600382
Logistic Reg,No SMOTE,0,0,4.3496692937093705e-11
Logistic Reg,No SMOTE,0,0,8.050603719063637e-07
Logistic Reg,No SMOTE,0,0,0.28890983482580374
Logistic Reg,No SMOTE,0,0,8.43327589821686e-07
Logistic Reg,No SMOTE,0,0,4.575947155622597e-05
Logistic Reg,No SMOTE,0,0,1.3459172667702963e-07
Logistic Reg,No SMOTE,0,0,0.002634130405292386
Logistic Reg,No SMOTE,0,0,0.011044785489952606
Logistic Reg,No SMOTE,0,0,8.17193864586929e-08
Logistic Reg,No SMOTE,0,0,2.299109801694471e-06
Logistic Reg,No SMOTE,0,0,0.021679033416073693
Logistic Reg,No SMOTE,0,0,0.00010252291443374546
Logistic Reg,No SMOTE,0,0,6.845600876270063e-20
Logistic Reg,No SMOTE,0,0,1.3126424428066773e-05
Logistic Reg,No SMOTE,0,0,0.02914006536401661
Logistic Reg,No SMOTE,0,0,5.777511840747044e-13
Logistic Reg,No SMOTE,0,0,0.0009258705683700814
Logistic Reg,No SMOTE,0,0,1.0665002973614501e-06
Logistic Reg,No SMOTE,0,0,8.288644416194979e-07
Logistic Reg,No SMOTE,0,0,8.595024095184013e-05
Logistic Reg,No SMOTE,0,1,0.8158647030300833
Logistic Reg,No SMOTE,0,0,0.05141870049740036
Logistic Reg,No SMOTE,0,0,4.5637439899408285e-05
Logistic Reg,No SMOTE,0,1,0.7740846207493121
Logistic Reg,No SMOTE,0,0,0.025693414274312203
Logistic Reg,No SMOTE,0,0,1.3468385985901845e-07
Logistic Reg,No SMOTE,0,0,1.8952114951851994e-12
Logistic Reg,No SMOTE,0,0,0.05289416795136901
Logistic Reg,No SMOTE,0,0,0.0333766709142462
Logistic Reg,No SMOTE,0,0,7.492851220235443e-06
Logistic Reg,No SMOTE,0,0,0.03293783965374067
Logistic Reg,No SMOTE,0,0,0.03780842277115493
Logistic Reg,No SMOTE,0,0,9.482900891715113e-07
Logistic Reg,No SMOTE,0,0,9.727378320341657e-07
Logistic Reg,No SMOTE,0,0,4.944991605212613e-05
Logistic Reg,No SMOTE,0,0,4.5665005066453615e-05
Logistic Reg,No SMOTE,0,0,2.4208221677802185e-08
Logistic Reg,No SMOTE,0,0,0.007042503215424918
Logistic Reg,No SMOTE,0,0,0.0008449333591794143
Logistic Reg,No SMOTE,0,0,0.09083339457447426
Logistic Reg,No SMOTE,0,0,1.560051500674362e-11
Logistic Reg,No SMOTE,0,0,0.010341030160738304
Logistic Reg,No SMOTE,0,0,0.01223081849178211
Logistic Reg,No SMOTE,0,0,1.248286161302557e-06
Logistic Reg,No SMOTE,0,0,0.044235003899702884
Logistic Reg,No SMOTE,0,0,6.92893832078022e-08
Logistic Reg,No SMOTE,0,0,9.994888319371627e-07
Logistic Reg,No SMOTE,0,0,0.03436202459082796
Logistic Reg,No SMOTE,0,0,0.0003798527498663896
Logistic Reg,No SMOTE,0,0,4.823647749898797e-05
Logistic Reg,No SMOTE,0,0,0.017616610161117322
Logistic Reg,No SMOTE,0,0,8.606028131588449e-05
Logistic Reg,No SMOTE,0,0,0.04028506306108213
Logistic Reg,No SMOTE,0,0,5.995603643184632e-07
Logistic Reg,No SMOTE,0,0,1.3104217224131914e-11
Logistic Reg,No SMOTE,0,0,0.025297062121196975
Logistic Reg,No SMOTE,0,0,4.702755966516338e-05
Logistic Reg,No SMOTE,0,0,1.4607113450456252e-05
Logistic Reg,No SMOTE,0,0,1.6092558508000676e-12
Logistic Reg,No SMOTE,0,0,0.011363554523074743
Logistic Reg,No SMOTE,0,0,0.06833742020559908
Logistic Reg,No SMOTE,0,0,0.01906849512256804
Logistic Reg,No SMOTE,0,0,0.043394566281446896
Logistic Reg,No SMOTE,0,0,0.015045261753730653
Logistic Reg,No SMOTE,0,0,0.0390273154223498
Logistic Reg,No SMOTE,0,0,0.011448392360653745
Logistic Reg,No SMOTE,0,0,0.0008693236555320503
Logistic Reg,No SMOTE,0,0,6.949178760058504e-06
Logistic Reg,No SMOTE,0,0,7.243328446509632e-10
Logistic Reg,No SMOTE,0,0,0.016380430826711152
Logistic Reg,No SMOTE,0,0,0.0013559629784249657
Logistic Reg,No SMOTE,0,0,0.007024131386488903
Logistic Reg,No SMOTE,0,0,0.002794332305324707
Logistic Reg,No SMOTE,0,0,8.777634212981365e-07
Logistic Reg,No SMOTE,0,0,0.0006763003988638807
Logistic Reg,No SMOTE,0,0,0.011827136365979174
Logistic Reg,No SMOTE,0,0,0.1872615408959798
Logistic Reg,No SMOTE,0,0,4.5583554922432774e-05
Logistic Reg,No SMOTE,0,0,2.2916653956606065e-06
Logistic Reg,No SMOTE,0,0,4.6954367482868576e-05
Logistic Reg,No SMOTE,0,0,1.9433131492227597e-18
Logistic Reg,No SMOTE,0,0,0.000291573647340743
Logistic Reg,No SMOTE,0,0,0.20841601214509048
Logistic Reg,No SMOTE,0,0,6.77492855250012e-07
Logistic Reg,No SMOTE,0,0,0.0003068711158598635
Logistic Reg,No SMOTE,0,0,0.03675125811922889
Logistic Reg,No SMOTE,0,0,0.04255837538847525
Logistic Reg,No SMOTE,0,1,0.7818832612815917
Logistic Reg,No SMOTE,0,1,0.5803497121159321
Logistic Reg,No SMOTE,0,0,0.0327120259389472
Logistic Reg,No SMOTE,0,0,4.828160549913802e-05
Logistic Reg,No SMOTE,0,0,7.341430807804624e-16
Logistic Reg,No SMOTE,0,0,6.334863726354262e-10
Logistic Reg,No SMOTE,0,0,9.70641741440532e-07
Logistic Reg,No SMOTE,0,0,4.740207720842706e-06
Logistic Reg,No SMOTE,0,0,0.00016338773978962114
Logistic Reg,No SMOTE,0,0,0.3830034747796628
Logistic Reg,No SMOTE,0,0,0.02040658575781449
Logistic Reg,No SMOTE,0,0,0.032403573555289826
Logistic Reg,No SMOTE,0,0,7.718744426314481e-15
Logistic Reg,No SMOTE,0,0,0.018579940706655626
Logistic Reg,No SMOTE,0,0,4.62725672964004e-05
Logistic Reg,No SMOTE,0,0,0.24776018729931143
Logistic Reg,No SMOTE,0,0,0.0015052944974089052
Logistic Reg,No SMOTE,0,0,4.897288352291101e-05
Logistic Reg,No SMOTE,0,0,0.0001771089829477978
Logistic Reg,No SMOTE,0,0,4.5675885108428443e-05
Logistic Reg,No SMOTE,0,1,0.8230826893224009
Logistic Reg,No SMOTE,0,0,0.043063178177216596
Logistic Reg,No SMOTE,0,0,1.570874796001642e-11
Logistic Reg,No SMOTE,0,1,0.5014862323549082
Logistic Reg,No SMOTE,0,0,4.5661222650666996e-05
Logistic Reg,No SMOTE,0,0,0.04287166734034166
Logistic Reg,No SMOTE,0,0,6.682998717822566e-11
Logistic Reg,No SMOTE,0,0,0.013091895603578239
Logistic Reg,No SMOTE,0,0,6.636643222755962e-07
Logistic Reg,No SMOTE,0,0,0.008429001906085774
Logistic Reg,No SMOTE,0,0,5.7115757906643364e-15
Logistic Reg,No SMOTE,0,0,3.0714042146950477e-27
Logistic Reg,No SMOTE,0,0,2.2783773963068237e-07
Logistic Reg,No SMOTE,0,0,1.1456409896179285e-11
Logistic Reg,No SMOTE,0,0,3.183942781966242e-45
Logistic Reg,No SMOTE,0,0,4.3920383856962007e-11
Logistic Reg,No SMOTE,0,0,1.1382734139457491e-06
Logistic Reg,No SMOTE,0,0,0.00010485654144123917
Logistic Reg,No SMOTE,0,0,0.05899004937410203
Logistic Reg,No SMOTE,0,0,0.46741278894491944
Logistic Reg,No SMOTE,0,0,0.019702110692088146
Logistic Reg,No SMOTE,0,0,8.079247408434608e-07
Logistic Reg,No SMOTE,0,0,0.01032862592316976
Logistic Reg,No SMOTE,0,0,4.558890634468001e-05
Logistic Reg,No SMOTE,0,0,0.0061158430627782714
Logistic Reg,No SMOTE,0,0,4.721729211049355e-05
Logistic Reg,No SMOTE,0,0,6.956954524286517e-13
Logistic Reg,No SMOTE,0,0,9.432261688796358e-07
Logistic Reg,No SMOTE,0,0,4.825467153212613e-05
Logistic Reg,No SMOTE,0,0,6.231982855878353e-20
Logistic Reg,No SMOTE,0,0,0.0023132306085846548
Logistic Reg,No SMOTE,0,0,3.0365049180289775e-21
Logistic Reg,No SMOTE,0,0,1.0010685222785008e-06
Logistic Reg,No SMOTE,0,0,0.015089931263539646
Logistic Reg,No SMOTE,0,0,5.028705181664755e-11
Logistic Reg,No SMOTE,0,0,1.1253546100325067e-07
Logistic Reg,No SMOTE,0,0,0.00010113624352279183
Logistic Reg,No SMOTE,0,0,0.0006948392143308621
Logistic Reg,No SMOTE,0,0,0.011547683393062877
Logistic Reg,No SMOTE,0,0,2.421634771961387e-11
Logistic Reg,No SMOTE,0,0,0.0008982833303715343
Logistic Reg,No SMOTE,0,0,0.0009221775502193832
Logistic Reg,No SMOTE,0,0,8.389536907227883e-07
Logistic Reg,No SMOTE,0,0,0.00014478601036819146
Logistic Reg,No SMOTE,0,0,5.85980815493878e-08
Logistic Reg,No SMOTE,0,0,0.054365095158522295
Logistic Reg,No SMOTE,0,0,4.583325054228815e-05
Logistic Reg,No SMOTE,0,0,2.3361018796415507e-10
Logistic Reg,No SMOTE,0,0,0.012717627075981496
Logistic Reg,No SMOTE,0,0,0.02226138962822057
Logistic Reg,No SMOTE,0,0,9.010413734415388e-07
Logistic Reg,No SMOTE,0,0,0.010983905843169774
Logistic Reg,No SMOTE,0,0,9.470760178415918e-07
Logistic Reg,No SMOTE,0,0,0.0010277461020458379
Logistic Reg,No SMOTE,0,0,7.204645668503295e-07
Logistic Reg,No SMOTE,0,0,4.5583992155664e-05
Logistic Reg,No SMOTE,0,0,0.00785836598743094
Logistic Reg,No SMOTE,0,0,2.3036103841687178e-07
Logistic Reg,No SMOTE,0,0,0.0003153765450038984
Logistic Reg,No SMOTE,0,0,0.013436583346363416
Logistic Reg,No SMOTE,0,0,4.6142349914568776e-05
Logistic Reg,No SMOTE,0,0,0.01636483063866154
Logistic Reg,No SMOTE,0,0,1.6663643751079777e-06
Logistic Reg,No SMOTE,0,0,0.0024281905516564785
Logistic Reg,No SMOTE,0,0,1.0452975470664661e-07
Logistic Reg,No SMOTE,0,0,8.767647316701825e-07
Logistic Reg,No SMOTE,0,0,1.7233384529752513e-06
Logistic Reg,No SMOTE,0,0,4.5741331734997715e-05
Logistic Reg,No SMOTE,0,0,4.55887045448824e-05
Logistic Reg,No SMOTE,0,0,5.462184191626262e-07
Logistic Reg,No SMOTE,0,0,4.577364817731938e-05
Logistic Reg,No SMOTE,0,0,3.939008283693232e-13
Logistic Reg,No SMOTE,0,0,0.19869942616958447
Logistic Reg,No SMOTE,0,0,1.564270681500368e-06
Logistic Reg,No SMOTE,0,0,6.618153338298985e-07
Logistic Reg,No SMOTE,0,0,5.84922069651619e-09
Logistic Reg,No SMOTE,0,0,0.4739462580851144
Logistic Reg,No SMOTE,0,0,0.02375501875971639
Logistic Reg,No SMOTE,0,0,0.032229104210074695
Logistic Reg,No SMOTE,0,0,4.184926366203476e-06
Logistic Reg,No SMOTE,0,0,2.479116527667641e-20
Logistic Reg,No SMOTE,0,0,7.243001485993344e-07
Logistic Reg,No SMOTE,0,0,0.14155667121979462
Logistic Reg,No SMOTE,0,0,0.0341905866700019
Logistic Reg,No SMOTE,0,0,1.4802518336187014e-10
Logistic Reg,No SMOTE,0,0,0.28957054880944816
Logistic Reg,No SMOTE,0,0,3.515903759574129e-07
Logistic Reg,No SMOTE,0,0,4.758072509546552e-05
Logistic Reg,No SMOTE,0,1,0.6565157778451083
Logistic Reg,No SMOTE,0,0,0.00027566567171534684
Logistic Reg,No SMOTE,0,0,9.99581034850175e-07
Logistic Reg,No SMOTE,0,0,0.012156534683482502
Logistic Reg,No SMOTE,0,0,1.8053543759342658e-06
Logistic Reg,No SMOTE,0,0,1.9708732855784465e-12
Logistic Reg,No SMOTE,0,0,0.014561260505289665
Logistic Reg,No SMOTE,0,0,1.0912660785618457e-06
Logistic Reg,No SMOTE,0,0,0.01087732981048043
Logistic Reg,No SMOTE,0,0,9.189973997112192e-07
Logistic Reg,No SMOTE,0,0,0.031748612414967715
Logistic Reg,No SMOTE,0,0,8.177687051243944e-07
Logistic Reg,No SMOTE,0,0,0.03286413790774302
Logistic Reg,No SMOTE,0,0,0.03567148534826236
Logistic Reg,No SMOTE,0,0,4.653944163870561e-05
Logistic Reg,No SMOTE,0,0,4.617940921291019e-05
Logistic Reg,No SMOTE,0,0,1.1010586111799915e-05
Logistic Reg,No SMOTE,0,0,1.2172672590890925e-06
Logistic Reg,No SMOTE,0,0,2.2141030519692681e-10
Logistic Reg,No SMOTE,0,0,1.2173429508438082e-06
Logistic Reg,No SMOTE,0,0,3.1030423302311104e-05
Logistic Reg,No SMOTE,0,0,7.83210379753949e-05
Logistic Reg,No SMOTE,0,0,7.831755935461132e-07
Logistic Reg,No SMOTE,0,0,0.030938361484631253
Logistic Reg,No SMOTE,0,0,8.693068845467716e-07
Logistic Reg,No SMOTE,0,0,0.04065705689505528
Logistic Reg,No SMOTE,0,0,9.204151743405531e-07
Logistic Reg,No SMOTE,0,0,4.5955034718731846e-05
Logistic Reg,No SMOTE,0,0,1.4507958929467952e-43
Logistic Reg,No SMOTE,0,0,1.0419021781261442e-05
Logistic Reg,No SMOTE,0,0,4.757444649632774e-05
Logistic Reg,No SMOTE,0,0,0.02661055334646427
Logistic Reg,No SMOTE,0,0,9.844304979386705e-09
Logistic Reg,No SMOTE,0,0,1.4945072141701098e-11
Logistic Reg,No SMOTE,0,0,2.821976660698746e-05
Logistic Reg,No SMOTE,0,0,0.02621793144175842
Logistic Reg,No SMOTE,0,0,3.545236749014965e-05
Logistic Reg,No SMOTE,0,0,5.507605287644067e-14
Logistic Reg,No SMOTE,0,0,9.931949013527427e-07
Logistic Reg,No SMOTE,0,0,0.036196820695423834
Logistic Reg,No SMOTE,0,0,4.8269360275897055e-05
Logistic Reg,No SMOTE,0,0,2.5256941284652518e-05
Logistic Reg,No SMOTE,0,0,0.010166540558970899
Logistic Reg,No SMOTE,0,0,0.04916512428788089
Logistic Reg,No SMOTE,0,0,4.707629189528636e-05
Logistic Reg,No SMOTE,0,0,4.673794292755718e-05
Logistic Reg,No SMOTE,0,0,0.03576555118393664
Logistic Reg,No SMOTE,0,0,0.38191704314765657
Logistic Reg,No SMOTE,0,0,0.024774652761439715
Logistic Reg,No SMOTE,0,0,2.3302988894766295e-25
Logistic Reg,No SMOTE,0,0,0.24627674901073626
Logistic Reg,No SMOTE,0,0,6.710340124800023e-07
Logistic Reg,No SMOTE,0,0,5.808345830609608e-15
Logistic Reg,No SMOTE,0,0,6.482835295635102e-05
Logistic Reg,No SMOTE,0,0,0.0026637436680492783
Logistic Reg,No SMOTE,0,0,0.03954079562753671
Logistic Reg,No SMOTE,0,0,4.5584619657912766e-05
Logistic Reg,No SMOTE,0,0,0.000985717636589708
Logistic Reg,No SMOTE,0,0,0.0013671007361883549
Logistic Reg,No SMOTE,0,0,4.734782598982286e-05
Logistic Reg,No SMOTE,0,0,7.181854099468268e-07
Logistic Reg,No SMOTE,0,0,9.837985192578193e-07
Logistic Reg,No SMOTE,0,0,2.2593188297832075e-06
Logistic Reg,No SMOTE,0,0,0.001168929341578986
Logistic Reg,No SMOTE,0,0,0.4172031970866435
Logistic Reg,No SMOTE,0,1,0.825541610653143
Logistic Reg,No SMOTE,0,0,0.016526957379170815
Logistic Reg,No SMOTE,0,0,4.506035960384609e-05
Logistic Reg,No SMOTE,0,0,0.02299642545846008
Logistic Reg,No SMOTE,0,0,3.443316077729547e-18
Logistic Reg,No SMOTE,0,0,1.1455152336012612e-06
Logistic Reg,No SMOTE,0,0,2.4214744019607593e-09
Logistic Reg,No SMOTE,0,0,0.0008138984769593347
Logistic Reg,No SMOTE,0,0,0.015082255784967065
Logistic Reg,No SMOTE,0,0,6.524614504001087e-16
Logistic Reg,No SMOTE,0,0,0.0005536871872244626
Logistic Reg,No SMOTE,0,0,7.003201876808099e-07
Logistic Reg,No SMOTE,0,0,4.564980413578046e-05
Logistic Reg,No SMOTE,0,0,0.00025364099130156066
Logistic Reg,No SMOTE,0,0,0.2451361359435872
Logistic Reg,No SMOTE,0,0,4.6198823257967494e-05
Logistic Reg,No SMOTE,0,0,1.1394348098971068e-12
Logistic Reg,No SMOTE,0,0,0.08106867646342748
Logistic Reg,No SMOTE,0,0,7.788816283602175e-07
Logistic Reg,No SMOTE,0,0,8.433544104412657e-07
Logistic Reg,No SMOTE,0,0,8.73159746727076e-21
Logistic Reg,No SMOTE,0,0,4.6041624764159646e-05
Logistic Reg,No SMOTE,0,0,4.6428765466732206e-05
Logistic Reg,No SMOTE,0,0,8.03400141238721e-07
Logistic Reg,No SMOTE,0,0,2.5135666603879985e-07
Logistic Reg,No SMOTE,0,0,0.03628565357595983
Logistic Reg,No SMOTE,0,0,1.1433849814157828e-06
Logistic Reg,No SMOTE,0,0,8.533723963978977e-07
Logistic Reg,No SMOTE,0,0,0.0016195935193132455
Logistic Reg,No SMOTE,0,0,4.561546597494861e-05
Logistic Reg,No SMOTE,0,0,5.3590603645186195e-06
Logistic Reg,No SMOTE,0,0,2.3676419059412085e-15
Logistic Reg,No SMOTE,0,0,4.558416822706255e-05
Logistic Reg,No SMOTE,0,0,5.060629754008229e-05
Logistic Reg,No SMOTE,0,0,9.035785505666095e-07
Logistic Reg,No SMOTE,0,0,0.003454168227897387
Logistic Reg,No SMOTE,0,0,0.006749097748969712
Logistic Reg,No SMOTE,0,0,0.029874069958094305
Logistic Reg,No SMOTE,0,0,7.619610585318866e-09
Logistic Reg,No SMOTE,0,0,8.170806575327679e-07
Logistic Reg,No SMOTE,0,0,8.090273476046303e-07
Logistic Reg,No SMOTE,0,0,0.0018288397221530586
Logistic Reg,No SMOTE,0,0,6.934863985602027e-07
Logistic Reg,No SMOTE,0,0,8.362721522481316e-09
Logistic Reg,No SMOTE,0,0,6.502527105646968e-07
Logistic Reg,No SMOTE,0,0,9.60895366129549e-13
Logistic Reg,No SMOTE,0,0,9.643990241167485e-07
Logistic Reg,No SMOTE,0,0,2.4306783033219505e-08
Logistic Reg,No SMOTE,0,0,3.3623805324217413e-21
Logistic Reg,No SMOTE,0,0,0.17056336677263928
Logistic Reg,No SMOTE,0,0,2.437460592760887e-05
Logistic Reg,No SMOTE,0,0,0.01249795276054379
Logistic Reg,No SMOTE,0,0,0.016907369168785585
Logistic Reg,No SMOTE,0,0,0.009478798528366575
Logistic Reg,No SMOTE,0,0,5.013405560364376e-16
Logistic Reg,No SMOTE,0,0,2.803182780505005e-15
Logistic Reg,No SMOTE,0,0,1.864805772443057e-08
Logistic Reg,No SMOTE,0,0,2.4832538231028567e-07
Logistic Reg,No SMOTE,0,0,2.2644779228133965e-11
Logistic Reg,No SMOTE,0,0,1.1760370110608002e-06
Logistic Reg,No SMOTE,0,0,9.668005051817271e-07
Logistic Reg,No SMOTE,0,0,1.4460210705287088e-09
Logistic Reg,No SMOTE,0,0,8.478009760207826e-07
Logistic Reg,No SMOTE,0,0,0.03830464387777914
Logistic Reg,No SMOTE,0,0,1.212079751723387e-06
Logistic Reg,No SMOTE,0,0,0.020043152077100817
Logistic Reg,No SMOTE,0,0,2.6476358802842176e-09
Logistic Reg,No SMOTE,0,0,0.030945136735387197
Logistic Reg,No SMOTE,0,0,4.7197953791330105e-05
Logistic Reg,No SMOTE,0,1,0.7134247087504128
Logistic Reg,No SMOTE,0,0,7.728757385236055e-07
Logistic Reg,No SMOTE,0,0,0.00011181529605008619
Logistic Reg,No SMOTE,0,0,4.7898045022757665e-05
Logistic Reg,No SMOTE,0,0,0.00045209660108018874
Logistic Reg,No SMOTE,0,0,5.7102683532514425e-18
Logistic Reg,No SMOTE,0,0,8.415840883113134e-07
Logistic Reg,No SMOTE,0,0,7.096828860168018e-07
Logistic Reg,No SMOTE,0,0,9.39734889199645e-07
Logistic Reg,No SMOTE,0,0,0.0018323046571005414
Logistic Reg,No SMOTE,0,0,0.0033102329930435204
Logistic Reg,No SMOTE,0,0,0.00010685854140985022
Logistic Reg,No SMOTE,0,0,5.097689663481426e-05
Logistic Reg,No SMOTE,0,0,8.24792523892336e-07
Logistic Reg,No SMOTE,0,0,7.540514739766103e-07
Logistic Reg,No SMOTE,0,0,0.18582940685303445
Logistic Reg,No SMOTE,0,0,0.0406024267939415
Logistic Reg,No SMOTE,0,0,4.802006075791321e-05
Logistic Reg,No SMOTE,0,0,0.021367580727561532
Logistic Reg,No SMOTE,0,0,0.04051556356453454
Logistic Reg,No SMOTE,0,0,0.2701579492877759
Logistic Reg,No SMOTE,0,0,7.061206620789839e-07
Logistic Reg,No SMOTE,0,0,0.03964582721987766
Logistic Reg,No SMOTE,0,0,1.0567962783753786e-06
Logistic Reg,No SMOTE,0,0,2.4942469977151514e-18
Logistic Reg,No SMOTE,0,0,0.009602744386618527
Logistic Reg,No SMOTE,0,0,4.586024863091037e-05
Logistic Reg,No SMOTE,0,0,0.00440215743762593
Logistic Reg,No SMOTE,0,0,6.387518818584999e-08
Logistic Reg,No SMOTE,0,0,0.005672792893951994
Logistic Reg,No SMOTE,0,0,4.615070642323336e-05
Logistic Reg,No SMOTE,0,0,0.03191454866521407
Logistic Reg,No SMOTE,0,0,0.013590891492235755
Logistic Reg,No SMOTE,0,0,4.650275805339676e-05
Logistic Reg,No SMOTE,0,0,0.0004664228108293836
Logistic Reg,No SMOTE,0,0,4.030184220673139e-07
Logistic Reg,No SMOTE,0,0,9.568401907389206e-07
Logistic Reg,No SMOTE,0,0,1.4804046876489682e-05
Logistic Reg,No SMOTE,0,0,0.0002981837243988062
Logistic Reg,No SMOTE,0,0,0.000923438547948579
Logistic Reg,No SMOTE,0,0,0.37538145320793753
Logistic Reg,No SMOTE,0,0,8.918177624810142e-10
Logistic Reg,No SMOTE,0,0,0.04061668114629867
Logistic Reg,No SMOTE,0,0,9.447797876787291e-07
Logistic Reg,No SMOTE,0,0,1.0021713513862636e-06
Logistic Reg,No SMOTE,0,0,8.06386932939039e-06
Logistic Reg,No SMOTE,0,0,1.0366659183002283e-20
Logistic Reg,No SMOTE,0,0,4.197911285370655e-37
Logistic Reg,No SMOTE,0,0,0.00048742551041904724
Logistic Reg,No SMOTE,0,1,0.7903625711457597
Logistic Reg,No SMOTE,0,0,1.247312698866745e-06
Logistic Reg,No SMOTE,0,0,0.0006409613432558571
Logistic Reg,No SMOTE,0,0,0.03879158612901657
Logistic Reg,No SMOTE,0,0,0.024170671642177143
Logistic Reg,No SMOTE,0,0,0.00043306744409653036
Logistic Reg,No SMOTE,0,0,8.132913742606828e-07
Logistic Reg,No SMOTE,0,0,0.004724749534308682
Logistic Reg,No SMOTE,0,0,3.6505444426140956e-08
Logistic Reg,No SMOTE,0,0,6.674955788481606e-07
Logistic Reg,No SMOTE,0,0,7.803863006817248e-05
Logistic Reg,No SMOTE,0,0,5.089077369321704e-05
Logistic Reg,No SMOTE,0,0,1.7836663390485413e-08
Logistic Reg,No SMOTE,0,0,0.00029164873017335335
Logistic Reg,No SMOTE,0,0,3.9535846030770895e-10
Logistic Reg,No SMOTE,0,0,7.497390228332543e-07
Logistic Reg,No SMOTE,0,0,8.144368547742721e-07
Logistic Reg,No SMOTE,0,0,6.975568109179865e-07
Logistic Reg,No SMOTE,0,0,6.714199880461098e-06
Logistic Reg,No SMOTE,0,0,4.893679433815118e-07
Logistic Reg,No SMOTE,0,0,0.019071678229865843
Logistic Reg,No SMOTE,0,0,7.4479459322485e-09
Logistic Reg,No SMOTE,0,0,1.3753658106516289e-05
Logistic Reg,No SMOTE,0,0,0.016268389611882247
Logistic Reg,No SMOTE,0,0,7.593026659672107e-09
Logistic Reg,No SMOTE,0,0,0.05267968225052614
Logistic Reg,No SMOTE,0,0,9.494556414584806e-07
Logistic Reg,No SMOTE,0,0,0.020611399211529737
Logistic Reg,No SMOTE,0,0,4.569960290567964e-05
Logistic Reg,No SMOTE,0,0,4.616463062226378e-05
Logistic Reg,No SMOTE,0,0,4.5599525658340845e-05
Logistic Reg,No SMOTE,0,0,0.0003217349199448983
Logistic Reg,No SMOTE,0,0,0.0008779503391109453
Logistic Reg,No SMOTE,0,0,0.0011676390965248426
Logistic Reg,No SMOTE,0,1,0.8698019092700884
Logistic Reg,No SMOTE,0,0,0.028357666774215546
Logistic Reg,No SMOTE,0,0,0.04070372085611876
Logistic Reg,No SMOTE,0,0,0.00278156175550525
Logistic Reg,No SMOTE,0,0,9.012224925890529e-07
Logistic Reg,No SMOTE,0,0,0.018482189695607172
Logistic Reg,No SMOTE,0,0,0.009151528082654358
Logistic Reg,No SMOTE,0,0,0.022802938956338056
Logistic Reg,No SMOTE,0,0,0.0013933957662377106
Logistic Reg,No SMOTE,0,0,4.5584232136458496e-05
Logistic Reg,No SMOTE,0,0,1.9618756328179744e-09
Logistic Reg,No SMOTE,0,0,3.4132378999702505e-18
Logistic Reg,No SMOTE,0,0,1.0257787444355239e-05
Logistic Reg,No SMOTE,0,0,4.750121219598042e-05
Logistic Reg,No SMOTE,0,0,9.54221502192818e-07
Logistic Reg,No SMOTE,0,0,0.04506038041847971
Logistic Reg,No SMOTE,0,0,2.1445741070856145e-09
Logistic Reg,No SMOTE,0,0,0.015726186990518063
Logistic Reg,No SMOTE,0,0,9.411230314298781e-09
Logistic Reg,No SMOTE,0,0,0.000868326219157607
Logistic Reg,No SMOTE,0,0,8.945889923480914e-07
Logistic Reg,No SMOTE,0,0,0.20863192271652356
Logistic Reg,No SMOTE,0,0,7.866841431503244e-07
Logistic Reg,No SMOTE,0,0,0.014001215158293313
Logistic Reg,No SMOTE,0,1,0.9192460661569823
Logistic Reg,No SMOTE,0,0,0.014597922726656014
Logistic Reg,No SMOTE,0,0,0.018844453268731774
Logistic Reg,No SMOTE,0,0,4.5802395961071134e-05
Logistic Reg,No SMOTE,0,0,1.7791837280928014e-13
Logistic Reg,No SMOTE,0,0,2.5757769381133585e-13
Logistic Reg,No SMOTE,0,0,4.563013381245391e-05
Logistic Reg,No SMOTE,0,0,0.0033631531984572027
Logistic Reg,No SMOTE,0,0,0.107008153409723
Logistic Reg,No SMOTE,0,0,0.021008593414550455
Logistic Reg,No SMOTE,0,0,7.67860560174919e-07
Logistic Reg,No SMOTE,0,0,0.00043287615191328545
Logistic Reg,No SMOTE,0,0,0.00018595204838681587
Logistic Reg,No SMOTE,0,0,0.000877531249633364
Logistic Reg,No SMOTE,0,0,0.041212074629588466
Logistic Reg,No SMOTE,0,0,0.00023259921216366508
Logistic Reg,No SMOTE,0,0,0.0002960901212606603
Logistic Reg,No SMOTE,0,0,4.626208355385598e-05
Logistic Reg,No SMOTE,0,0,0.029911156476980314
Logistic Reg,No SMOTE,0,0,0.019995090765176183
Logistic Reg,No SMOTE,0,0,9.867917971302013e-07
Logistic Reg,No SMOTE,0,0,6.323584279157596e-07
Logistic Reg,No SMOTE,0,0,8.332203777263102e-07
Logistic Reg,No SMOTE,0,0,1.0594487687192642e-19
Logistic Reg,No SMOTE,0,0,4.5596672010841595e-05
Logistic Reg,No SMOTE,0,0,6.727421757068908e-07
Logistic Reg,No SMOTE,0,0,0.003184058543104187
Logistic Reg,No SMOTE,0,0,0.012636568744506832
Logistic Reg,No SMOTE,0,0,0.007419791662791915
Logistic Reg,No SMOTE,0,0,7.832883435958983e-07
Logistic Reg,No SMOTE,0,0,4.725117652287034e-05
Logistic Reg,No SMOTE,0,0,0.04520546086483821
Logistic Reg,No SMOTE,0,0,0.0002601181082353696
Logistic Reg,No SMOTE,0,0,9.244243523405935e-07
Logistic Reg,No SMOTE,0,0,3.7565042621035657e-07
Logistic Reg,No SMOTE,0,0,1.0286308808377831e-06
Logistic Reg,No SMOTE,0,0,0.0011449780222617173
Logistic Reg,No SMOTE,0,1,0.7986626952017609
Logistic Reg,No SMOTE,0,1,0.8950367390787506
Logistic Reg,No SMOTE,0,0,0.0006988418261378422
Logistic Reg,No SMOTE,0,0,0.3953437225697236
Logistic Reg,No SMOTE,0,0,8.875469683852133e-07
Logistic Reg,No SMOTE,0,0,8.205786244303754e-07
Logistic Reg,No SMOTE,0,0,9.748663681077926e-05
Logistic Reg,No SMOTE,0,0,4.642451182509297e-05
Logistic Reg,No SMOTE,0,0,8.43402617980749e-07
Logistic Reg,No SMOTE,0,0,0.01158489266413912
Logistic Reg,No SMOTE,0,0,0.04240313267985341
Logistic Reg,No SMOTE,0,0,0.01990216896618536
Logistic Reg,No SMOTE,0,0,8.511845553814332e-07
Logistic Reg,No SMOTE,0,0,0.000377440398052344
Logistic Reg,No SMOTE,0,0,1.2347202071009706e-11
Logistic Reg,No SMOTE,0,0,0.00100416985503928
Logistic Reg,No SMOTE,0,0,9.034445415189203e-07
Logistic Reg,No SMOTE,0,0,3.788800047116473e-05
Logistic Reg,No SMOTE,0,1,0.9233660813311655
Logistic Reg,No SMOTE,0,0,0.04374782706837568
Logistic Reg,No SMOTE,0,0,4.617242590400295e-05
Logistic Reg,No SMOTE,0,0,0.0007568209881073284
Logistic Reg,No SMOTE,0,0,1.7078674809171812e-28
Logistic Reg,No SMOTE,0,0,4.998294929312206e-05
Logistic Reg,No SMOTE,0,0,1.0774102255532611e-05
Logistic Reg,No SMOTE,0,0,9.597339645942602e-07
Logistic Reg,No SMOTE,0,0,4.657046991232989e-05
Logistic Reg,No SMOTE,0,0,4.217986752154945e-11
Logistic Reg,No SMOTE,0,0,0.017073823955242262
Logistic Reg,No SMOTE,0,0,5.497632283331933e-07
Logistic Reg,No SMOTE,0,0,1.5033123821463018e-09
Logistic Reg,No SMOTE,0,0,0.00037487596377522525
Logistic Reg,No SMOTE,0,0,0.018682334648277395
Logistic Reg,No SMOTE,0,0,0.043175205467501074
Logistic Reg,No SMOTE,0,0,3.1418661169369155e-05
Logistic Reg,No SMOTE,0,0,1.0843809614469622e-06
Logistic Reg,No SMOTE,0,0,8.357865181793914e-07
Logistic Reg,No SMOTE,0,0,2.5052020192161253e-05
Logistic Reg,No SMOTE,0,0,5.683735468216756e-247
Logistic Reg,No SMOTE,0,0,1.0038469024727017e-06
Logistic Reg,No SMOTE,0,0,1.1383124308859805e-06
Logistic Reg,No SMOTE,0,0,4.584717954996892e-05
Logistic Reg,No SMOTE,0,0,0.0006033993988008511
Logistic Reg,No SMOTE,0,0,1.6645000120817485e-27
Logistic Reg,No SMOTE,0,0,1.04570693972167e-09
Logistic Reg,No SMOTE,0,0,0.03948151114269505
Logistic Reg,No SMOTE,0,0,0.014232436488447487
Logistic Reg,No SMOTE,0,0,0.061739469302406
Logistic Reg,No SMOTE,0,0,4.861430679076237e-07
Logistic Reg,No SMOTE,0,0,0.0002076108306049586
Logistic Reg,No SMOTE,0,0,0.004389338412166684
Logistic Reg,No SMOTE,0,0,1.0142942230328508e-06
Logistic Reg,No SMOTE,0,0,1.8326022445892418e-09
Logistic Reg,No SMOTE,0,0,7.911794115893535e-07
Logistic Reg,No SMOTE,0,0,3.1516642090428165e-11
Logistic Reg,No SMOTE,0,0,2.005323228122601e-17
Logistic Reg,No SMOTE,0,1,0.8218025890018718
Logistic Reg,No SMOTE,0,0,0.0016973302336152957
Logistic Reg,No SMOTE,0,0,0.09592538210340495
Logistic Reg,No SMOTE,0,0,7.172232407928215e-07
Logistic Reg,No SMOTE,0,0,0.029512187326085272
Logistic Reg,No SMOTE,0,0,1.6971011755849912e-21
Logistic Reg,No SMOTE,0,0,0.02527701057053894
Logistic Reg,No SMOTE,0,0,0.007318309242853438
Logistic Reg,No SMOTE,0,0,4.63131523790168e-05
Logistic Reg,No SMOTE,0,0,1.5052005485864745e-06
Logistic Reg,No SMOTE,0,0,7.010855951987308e-12
Logistic Reg,No SMOTE,0,0,8.728738051301631e-13
Logistic Reg,No SMOTE,0,0,4.5602383154965846e-05
Logistic Reg,No SMOTE,0,0,0.022993909718927605
Logistic Reg,No SMOTE,0,0,4.886613880596224e-07
Logistic Reg,No SMOTE,0,0,1.5869334514775668e-11
Logistic Reg,No SMOTE,0,0,4.7363383328286966e-05
Logistic Reg,No SMOTE,0,0,6.684581020355373e-12
Logistic Reg,No SMOTE,0,0,0.05726092338123281
Logistic Reg,No SMOTE,0,0,1.1690175903416802e-19
Logistic Reg,No SMOTE,0,0,8.21836747713996e-07
Logistic Reg,No SMOTE,0,0,9.281366414170003e-07
Logistic Reg,No SMOTE,0,0,8.183295974489649e-07
Logistic Reg,No SMOTE,0,0,0.02803807450211244
Logistic Reg,No SMOTE,0,0,0.0018335451226801633
Logistic Reg,No SMOTE,0,0,0.03134665886279012
Logistic Reg,No SMOTE,0,0,0.01186268252296394
Logistic Reg,No SMOTE,0,0,0.0012455092467508427
Logistic Reg,No SMOTE,0,0,7.04858756350265e-07
Logistic Reg,No SMOTE,0,0,0.00046505578206775086
Logistic Reg,No SMOTE,0,0,0.008001671338562222
Logistic Reg,No SMOTE,0,0,0.032889321124409225
Logistic Reg,No SMOTE,0,0,4.05780093917186e-08
Logistic Reg,No SMOTE,0,0,4.5679400887416526e-05
Logistic Reg,No SMOTE,0,0,4.159027139365277e-08
Logistic Reg,No SMOTE,0,0,4.576106004056678e-05
Logistic Reg,No SMOTE,0,0,1.164928051598349e-47
Logistic Reg,No SMOTE,0,0,1.0610859339270577e-06
Logistic Reg,No SMOTE,0,0,6.8492063087317365e-06
Logistic Reg,No SMOTE,0,0,0.00016875133561919408
Logistic Reg,No SMOTE,0,0,8.532674227066897e-08
Logistic Reg,No SMOTE,0,0,3.362776616016587e-09
Logistic Reg,No SMOTE,0,0,4.802832398504374e-05
Logistic Reg,No SMOTE,0,0,3.278769964277648e-05
Logistic Reg,No SMOTE,0,0,1.6822475819140538e-13
Logistic Reg,No SMOTE,0,0,4.7392739561878375e-05
Logistic Reg,No SMOTE,0,0,4.5582570871969026e-05
Logistic Reg,No SMOTE,0,0,0.016042740818131982
Logistic Reg,No SMOTE,0,0,4.561417717653931e-05
Logistic Reg,No SMOTE,0,0,0.2928811328186978
Logistic Reg,No SMOTE,0,0,0.019271043524486147
Logistic Reg,No SMOTE,0,1,0.5162314984357359
Logistic Reg,No SMOTE,0,0,2.9703513005011503e-13
Logistic Reg,No SMOTE,0,0,0.03508580906936453
Logistic Reg,No SMOTE,0,0,4.564187048937386e-05
Logistic Reg,No SMOTE,0,1,0.7087301638243669
Logistic Reg,No SMOTE,0,0,0.0018798673296716497
Logistic Reg,No SMOTE,0,0,0.002513441191920099
Logistic Reg,No SMOTE,0,0,0.017688702773910166
Logistic Reg,No SMOTE,0,0,2.2542902278073506e-05
Logistic Reg,No SMOTE,0,0,1.010334547719686e-06
Logistic Reg,No SMOTE,0,0,4.925163377407452e-05
Logistic Reg,No SMOTE,0,0,5.327707472520606e-05
Logistic Reg,No SMOTE,0,0,4.5622071165459286e-05
Logistic Reg,No SMOTE,0,0,0.03287041941483478
Logistic Reg,No SMOTE,0,0,0.007917616026781269
Logistic Reg,No SMOTE,0,0,3.636059036996552e-08
Logistic Reg,No SMOTE,0,0,0.050270377254446066
Logistic Reg,No SMOTE,0,0,0.036157369413585605
Logistic Reg,No SMOTE,0,0,0.03275645046653799
Logistic Reg,No SMOTE,0,0,8.151177241536144e-07
Logistic Reg,No SMOTE,0,0,0.01383753970268406
Logistic Reg,No SMOTE,0,0,0.0005886241379223329
Logistic Reg,No SMOTE,0,0,0.0009211089700465506
Logistic Reg,No SMOTE,0,0,2.3199554758021296e-17
Logistic Reg,No SMOTE,0,0,4.114866781247846e-05
Logistic Reg,No SMOTE,0,0,2.0514450035228054e-31
Logistic Reg,No SMOTE,0,0,0.03935530850595852
Logistic Reg,No SMOTE,0,0,0.30376532379284543
Logistic Reg,No SMOTE,0,0,7.311306399212674e-10
Logistic Reg,No SMOTE,0,0,1.0028073923771184e-12
Logistic Reg,No SMOTE,0,0,0.0003160539186736564
Logistic Reg,No SMOTE,0,0,5.675056732264887e-07
Logistic Reg,No SMOTE,0,0,4.6875096699919686e-05
Logistic Reg,No SMOTE,0,0,8.766561723115611e-07
Logistic Reg,No SMOTE,0,0,4.565266140199331e-05
Logistic Reg,No SMOTE,0,0,7.00783708694914e-07
Logistic Reg,No SMOTE,0,0,0.028942875279292506
Logistic Reg,No SMOTE,0,0,0.036133853415665086
Logistic Reg,No SMOTE,0,0,0.005653734348760868
Logistic Reg,No SMOTE,0,0,0.011852384136088665
Logistic Reg,No SMOTE,0,0,9.140065249364958e-07
Logistic Reg,No SMOTE,0,0,1.2939375406169868e-09
Logistic Reg,No SMOTE,0,0,0.00011789610413397572
Logistic Reg,No SMOTE,0,0,1.1330333888262637e-06
Logistic Reg,No SMOTE,0,1,0.79567110246847
Logistic Reg,No SMOTE,0,0,4.5889270163188615e-05
Logistic Reg,No SMOTE,0,0,0.03377314130125003
Logistic Reg,No SMOTE,0,0,1.115073863909618e-06
Logistic Reg,No SMOTE,0,0,0.011931625401005355
Logistic Reg,No SMOTE,0,0,0.00017208597711816542
Logistic Reg,No SMOTE,0,0,2.3623026844836476e-15
Logistic Reg,No SMOTE,0,0,0.000535892104518337
Logistic Reg,No SMOTE,0,0,7.385923124214465e-10
Logistic Reg,No SMOTE,0,0,7.801526996169487e-21
Logistic Reg,No SMOTE,0,0,0.00010707350535442002
Logistic Reg,No SMOTE,0,0,7.308040232130516e-07
Logistic Reg,No SMOTE,0,0,0.01089247180661951
Logistic Reg,No SMOTE,0,0,0.004625818921101757
Logistic Reg,No SMOTE,0,0,4.624520198683121e-05
Logistic Reg,No SMOTE,0,0,0.03115924173310156
Logistic Reg,No SMOTE,0,0,0.03280835512964133
Logistic Reg,No SMOTE,0,0,5.639763182462347e-07
Logistic Reg,No SMOTE,0,0,0.00023494023552041317
Logistic Reg,No SMOTE,0,0,0.02719242575404751
Logistic Reg,No SMOTE,0,0,0.04183245067761105
Logistic Reg,No SMOTE,0,0,1.0183078721742948e-06
Logistic Reg,No SMOTE,0,0,4.6737927679277034e-05
Logistic Reg,No SMOTE,0,0,0.04793888999312463
Logistic Reg,No SMOTE,0,0,0.001074603487550488
Logistic Reg,No SMOTE,0,0,0.027955671537935073
Logistic Reg,No SMOTE,0,0,4.642972614771586e-05
Logistic Reg,No SMOTE,0,0,1.768191328340368e-05
Logistic Reg,No SMOTE,0,0,0.027418398283464502
Logistic Reg,No SMOTE,0,0,8.419822129784607e-14
Logistic Reg,No SMOTE,0,0,7.976597247910178e-05
Logistic Reg,No SMOTE,0,0,0.00015252807795121853
Logistic Reg,No SMOTE,0,0,6.462104636104923e-11
Logistic Reg,No SMOTE,0,0,1.119058309588141e-06
Logistic Reg,No SMOTE,0,0,9.757304840963632e-07
Logistic Reg,No SMOTE,0,0,1.3245261790656164e-08
Logistic Reg,No SMOTE,0,0,0.02170424760783015
Logistic Reg,No SMOTE,0,1,0.8127225573660797
Logistic Reg,No SMOTE,0,0,0.04095472115308123
Logistic Reg,No SMOTE,0,0,3.394687889416876e-11
Logistic Reg,No SMOTE,0,0,8.011884561720049e-07
Logistic Reg,No SMOTE,0,0,0.009181847035151467
Logistic Reg,No SMOTE,0,0,4.656327893811517e-05
Logistic Reg,No SMOTE,0,0,2.4632077824503247e-06
Logistic Reg,No SMOTE,0,0,1.2165375723393534e-06
Logistic Reg,No SMOTE,0,0,1.1584469767060222e-06
Logistic Reg,No SMOTE,0,0,8.538276539427957e-13
Logistic Reg,No SMOTE,0,0,0.047236451749295985
Logistic Reg,No SMOTE,0,0,9.410027239472422e-07
Logistic Reg,No SMOTE,0,0,0.016761999590023485
Logistic Reg,No SMOTE,0,0,6.93666337542488e-07
Logistic Reg,No SMOTE,0,0,0.0019336245195849526
Logistic Reg,No SMOTE,0,0,0.03033370443563202
Logistic Reg,No SMOTE,0,0,2.6592285433070296e-07
Logistic Reg,No SMOTE,0,0,2.870366107883563e-05
Logistic Reg,No SMOTE,0,0,0.034254327683830195
Logistic Reg,No SMOTE,0,0,0.3217078186222383
Logistic Reg,No SMOTE,0,0,9.258089893048361e-07
Logistic Reg,No SMOTE,0,0,9.85890397473861e-07
Logistic Reg,No SMOTE,0,0,0.032435333715158506
Logistic Reg,No SMOTE,0,0,3.398107294532567e-09
Logistic Reg,No SMOTE,0,0,0.000431720090758507
Logistic Reg,No SMOTE,0,0,5.136530539435403e-09
Logistic Reg,No SMOTE,0,0,6.09420118933493e-11
Logistic Reg,No SMOTE,0,0,0.021479013948450237
Logistic Reg,No SMOTE,0,0,0.03648559142025462
Logistic Reg,No SMOTE,0,0,1.1736725790306747e-11
Logistic Reg,No SMOTE,0,0,4.63354541792681e-05
Logistic Reg,No SMOTE,0,0,0.018651484197180872
Logistic Reg,No SMOTE,0,0,0.0041908281820003095
Logistic Reg,No SMOTE,0,0,0.00033128299800800167
Logistic Reg,No SMOTE,0,0,9.472238311047991e-07
Logistic Reg,No SMOTE,0,0,1.2653728904285005e-06
Logistic Reg,No SMOTE,0,0,1.0973821937716866e-13
Logistic Reg,No SMOTE,0,0,1.7578066782849579e-09
Logistic Reg,No SMOTE,0,0,3.7802156402198e-17
Logistic Reg,No SMOTE,0,0,0.02977388096933929
Logistic Reg,No SMOTE,0,0,7.088318805656911e-07
Logistic Reg,No SMOTE,0,0,4.6169428214949534e-05
Logistic Reg,No SMOTE,0,1,0.6189058254192595
Logistic Reg,No SMOTE,0,0,0.007427655836380363
Logistic Reg,No SMOTE,0,0,1.8662696694490134e-06
Logistic Reg,No SMOTE,0,0,4.591318241885688e-05
Logistic Reg,No SMOTE,0,0,0.032005871479657264
Logistic Reg,No SMOTE,0,0,0.0007476748694050151
Logistic Reg,No SMOTE,0,0,4.683917109610028e-05
Logistic Reg,No SMOTE,0,0,0.028287574430023818
Logistic Reg,No SMOTE,0,0,8.891894705009278e-07
Logistic Reg,No SMOTE,0,0,0.046797287231871085
Logistic Reg,No SMOTE,0,0,2.31798703800761e-09
Logistic Reg,No SMOTE,0,0,0.05301004830994959
Logistic Reg,No SMOTE,0,0,6.37498847888257e-14
Logistic Reg,No SMOTE,0,0,1.1476673886305651e-06
Logistic Reg,No SMOTE,0,0,0.002507765190097171
Logistic Reg,No SMOTE,0,0,0.002098657272227566
Logistic Reg,No SMOTE,0,0,0.03102462705904178
Logistic Reg,No SMOTE,0,0,9.725754312135912e-07
Logistic Reg,No SMOTE,0,0,0.06183240437879716
Logistic Reg,No SMOTE,0,0,4.011580904036537e-08
Logistic Reg,No SMOTE,0,0,2.4243437796036337e-08
Logistic Reg,No SMOTE,0,0,6.532072834115811e-23
Logistic Reg,No SMOTE,0,0,0.021249223582969125
Logistic Reg,No SMOTE,0,0,7.957012813424538e-11
Logistic Reg,No SMOTE,0,0,0.0002906727306272128
Logistic Reg,No SMOTE,0,0,0.48894175809459334
Logistic Reg,No SMOTE,0,0,7.822672727949411e-07
Logistic Reg,No SMOTE,0,0,9.544613194701498e-07
Logistic Reg,No SMOTE,0,0,4.564941664072145e-05
Logistic Reg,No SMOTE,0,0,4.8395087709821695e-15
Logistic Reg,No SMOTE,0,0,4.840014647059927e-05
Logistic Reg,No SMOTE,0,0,5.106978888725665e-05
Logistic Reg,No SMOTE,0,1,0.6276717395704978
Logistic Reg,No SMOTE,0,0,0.03455366001490853
Logistic Reg,No SMOTE,0,0,0.004938277212149458
Logistic Reg,No SMOTE,0,0,5.026760773768959e-15
Logistic Reg,No SMOTE,0,0,4.652964150669436e-05
Logistic Reg,No SMOTE,0,0,4.737324205196805e-05
Logistic Reg,No SMOTE,0,0,0.013025120615643223
Logistic Reg,No SMOTE,0,0,0.04036707641265241
Logistic Reg,No SMOTE,0,0,0.04006354082540468
Logistic Reg,No SMOTE,0,0,5.002474922033582e-05
Logistic Reg,No SMOTE,0,0,0.000833579680577034
Logistic Reg,No SMOTE,0,0,0.0162523833065697
Logistic Reg,No SMOTE,0,0,3.8174380269278106e-16
Logistic Reg,No SMOTE,0,0,3.730534968414815e-07
Logistic Reg,No SMOTE,0,0,1.2586840342992047e-11
Logistic Reg,No SMOTE,0,0,0.0011453777575092183
Logistic Reg,No SMOTE,0,0,8.729891864386311e-07
Logistic Reg,No SMOTE,0,0,4.345791397458089e-06
Logistic Reg,No SMOTE,0,0,8.078008529879408e-07
Logistic Reg,No SMOTE,0,0,0.0021292125283302976
Logistic Reg,No SMOTE,0,0,5.555711914449078e-07
Logistic Reg,No SMOTE,0,0,8.372640837344288e-07
Logistic Reg,No SMOTE,0,0,0.028342317546387327
Logistic Reg,No SMOTE,0,0,2.473590468733359e-13
Logistic Reg,No SMOTE,0,0,0.02950422634688733
Logistic Reg,No SMOTE,0,0,4.5923430622138277e-05
Logistic Reg,No SMOTE,0,0,0.0007693653077372618
Logistic Reg,No SMOTE,0,0,0.009191771349948944
Logistic Reg,No SMOTE,0,0,0.001212427472311647
Logistic Reg,No SMOTE,0,0,1.1631362671606988e-11
Logistic Reg,No SMOTE,0,0,6.269292101504767e-11
Logistic Reg,No SMOTE,0,0,0.00040135154443946604
Logistic Reg,No SMOTE,0,0,1.860907930709681e-13
Logistic Reg,No SMOTE,0,0,0.031050623309630127
Logistic Reg,No SMOTE,0,0,2.727406032049976e-05
Logistic Reg,No SMOTE,0,0,0.026738658809313445
Logistic Reg,No SMOTE,0,0,0.001148396924676416
Logistic Reg,No SMOTE,0,0,9.007208746210778e-07
Logistic Reg,No SMOTE,0,0,0.04967122030184837
Logistic Reg,No SMOTE,0,0,1.2336668878951791e-06
Logistic Reg,No SMOTE,0,0,8.282399134544288e-07
Logistic Reg,No SMOTE,0,0,8.584799489100863e-07
Logistic Reg,No SMOTE,0,0,4.572089124705427e-05
Logistic Reg,No SMOTE,0,0,9.4925330906059e-07
Logistic Reg,No SMOTE,0,0,6.445165409797856e-06
Logistic Reg,No SMOTE,0,0,4.675041978029059e-05
Logistic Reg,No SMOTE,0,0,2.2134728614779904e-15
Logistic Reg,No SMOTE,0,0,1.2857360921742619e-06
Logistic Reg,No SMOTE,0,0,4.7458843753516855e-05
Logistic Reg,No SMOTE,0,0,0.03785214795004009
Logistic Reg,No SMOTE,0,0,0.0006433771187511726
Logistic Reg,No SMOTE,0,0,4.567296890210976e-05
Logistic Reg,No SMOTE,0,0,3.160031182733133e-13
Logistic Reg,No SMOTE,0,0,0.02009949522248997
Logistic Reg,No SMOTE,0,0,1.4638325797269164e-08
Logistic Reg,No SMOTE,0,0,7.623641867815272e-07
Logistic Reg,No SMOTE,0,1,0.8333488101041737
Logistic Reg,No SMOTE,0,0,0.000793253833953856
Logistic Reg,No SMOTE,0,0,4.575888128309447e-05
Logistic Reg,No SMOTE,0,0,4.616164943968505e-05
Logistic Reg,No SMOTE,0,0,0.2886135207604433
Logistic Reg,No SMOTE,0,0,0.008192192313847036
Logistic Reg,No SMOTE,0,0,0.032054242985017294
Logistic Reg,No SMOTE,0,0,0.0030200387250398863
Logistic Reg,No SMOTE,0,0,0.03920869761328761
Logistic Reg,No SMOTE,0,0,3.481820406514786e-16
Logistic Reg,No SMOTE,0,0,0.017688174202707126
Logistic Reg,No SMOTE,0,0,0.0036669367305167335
Logistic Reg,No SMOTE,0,0,0.17750787097849696
Logistic Reg,No SMOTE,0,0,4.582386998360207e-05
Logistic Reg,No SMOTE,0,0,0.0012105466593698214
Logistic Reg,No SMOTE,0,0,7.89935201334655e-07
Logistic Reg,No SMOTE,0,0,0.05350542264284876
Logistic Reg,No SMOTE,0,0,0.0006097536854433759
Logistic Reg,No SMOTE,0,0,0.0002330662008847352
Logistic Reg,No SMOTE,0,0,0.02624531366772517
Logistic Reg,No SMOTE,0,0,0.0038582251546509234
Logistic Reg,No SMOTE,0,0,9.079348897628456e-07
Logistic Reg,No SMOTE,0,0,8.473587122807764e-07
Logistic Reg,No SMOTE,0,0,1.3450965700716712e-06
Logistic Reg,No SMOTE,0,0,0.024912757084651727
Logistic Reg,No SMOTE,0,0,2.4794657368017695e-13
Logistic Reg,No SMOTE,0,0,9.596340965935921e-07
Logistic Reg,No SMOTE,0,0,0.0038219009266647567
Logistic Reg,No SMOTE,0,0,7.039802083678649e-07
Logistic Reg,No SMOTE,0,0,0.03623531182356082
Logistic Reg,No SMOTE,0,0,0.0005306389474946758
Logistic Reg,No SMOTE,0,0,2.6876283197184727e-15
Logistic Reg,No SMOTE,0,0,1.1371118689384383e-06
Logistic Reg,No SMOTE,0,0,1.0634829631808415e-06
Logistic Reg,No SMOTE,0,0,0.0031263581246380487
Logistic Reg,No SMOTE,0,0,0.002345903665265116
Logistic Reg,No SMOTE,0,0,1.0307897923754698e-06
Logistic Reg,No SMOTE,0,0,4.723356825327188e-05
Logistic Reg,No SMOTE,0,0,2.606182974351697e-07
Logistic Reg,No SMOTE,0,0,0.00023695009371602353
Logistic Reg,No SMOTE,0,0,5.412379033459033e-14
Logistic Reg,No SMOTE,0,0,0.06529625593319202
Logistic Reg,No SMOTE,0,0,0.00028015898472847034
Logistic Reg,No SMOTE,0,0,5.556332788350961e-05
Logistic Reg,No SMOTE,0,0,1.1439671690303701e-11
Logistic Reg,No SMOTE,0,0,0.00020211420999365914
Logistic Reg,No SMOTE,0,0,0.014677821798272523
Logistic Reg,No SMOTE,0,0,6.95345712414854e-07
Logistic Reg,No SMOTE,0,0,7.155277429108631e-07
Logistic Reg,No SMOTE,0,0,4.5826415009042165e-05
Logistic Reg,No SMOTE,0,0,0.48274669956707283
Logistic Reg,No SMOTE,0,0,0.001414539849619927
Logistic Reg,No SMOTE,0,0,3.274250025863761e-16
Logistic Reg,No SMOTE,0,0,0.02878000651993072
Logistic Reg,No SMOTE,0,0,0.01008280933156657
Logistic Reg,No SMOTE,0,0,7.657235054630784e-07
Logistic Reg,No SMOTE,0,0,4.77671008775441e-05
Logistic Reg,No SMOTE,0,0,6.877859457673801e-09
Logistic Reg,No SMOTE,0,0,4.763257580535699e-05
Logistic Reg,No SMOTE,0,0,1.3098226018471482e-20
Logistic Reg,No SMOTE,0,0,0.0005806559718335987
Logistic Reg,No SMOTE,0,0,7.946813371184462e-07
Logistic Reg,No SMOTE,0,0,7.810094755013065e-07
Logistic Reg,No SMOTE,0,0,1.7580263405135293e-12
Logistic Reg,No SMOTE,0,0,1.0822723613788094e-11
Logistic Reg,No SMOTE,0,0,4.9139615279646586e-08
Logistic Reg,No SMOTE,0,0,0.0014862503903447608
Logistic Reg,No SMOTE,0,0,1.3873040662324908e-11
Logistic Reg,No SMOTE,0,0,0.00044932501640056893
Logistic Reg,No SMOTE,0,0,0.02464045491834892
Logistic Reg,No SMOTE,0,0,0.00016364604760111046
Logistic Reg,No SMOTE,0,0,0.006603517117767337
Logistic Reg,No SMOTE,0,0,0.026574360989995535
Logistic Reg,No SMOTE,0,0,5.223683832924888e-07
Logistic Reg,No SMOTE,0,0,0.00012427479039879563
Logistic Reg,No SMOTE,0,0,0.0009283423459879117
Logistic Reg,No SMOTE,0,0,4.5847050211772e-05
Logistic Reg,No SMOTE,0,0,8.710042756301669e-27
Logistic Reg,No SMOTE,0,0,5.5179339257062495e-09
Logistic Reg,No SMOTE,0,1,0.984041676647616
Logistic Reg,No SMOTE,0,0,7.822351585963799e-07
Logistic Reg,No SMOTE,0,0,0.19149585392947627
Logistic Reg,No SMOTE,0,0,0.00010898270780015728
Logistic Reg,No SMOTE,0,0,7.258635800895369e-07
Logistic Reg,No SMOTE,0,0,0.034633153758681284
Logistic Reg,No SMOTE,0,0,0.04967923577616049
Logistic Reg,No SMOTE,0,0,0.040189979312203285
Logistic Reg,No SMOTE,0,0,1.2863458790142273e-08
Logistic Reg,No SMOTE,0,0,0.03253813749520672
Logistic Reg,No SMOTE,0,0,9.359295847057824e-07
Logistic Reg,No SMOTE,0,0,0.008323712238705124
Logistic Reg,No SMOTE,0,0,4.949337774202005e-05
Logistic Reg,No SMOTE,0,0,4.558451119156678e-05
Logistic Reg,No SMOTE,0,1,0.7426161517647646
Logistic Reg,No SMOTE,0,0,3.438055850823969e-09
Logistic Reg,No SMOTE,0,0,3.360132530692265e-05
Logistic Reg,No SMOTE,0,0,5.670597703360398e-14
Logistic Reg,No SMOTE,0,0,0.00755311744673719
Logistic Reg,No SMOTE,0,0,0.27862501531430883
Logistic Reg,No SMOTE,0,0,0.0562819657115839
Logistic Reg,No SMOTE,0,0,0.026984376635031167
Logistic Reg,No SMOTE,0,0,4.607029647632843e-05
Logistic Reg,No SMOTE,0,0,6.54174258128993e-07
Logistic Reg,No SMOTE,0,0,1.7527827754214519e-12
Logistic Reg,No SMOTE,0,0,0.040703255753593924
Logistic Reg,No SMOTE,0,0,4.625937134358949e-05
Logistic Reg,No SMOTE,0,0,5.791796464012833e-07
Logistic Reg,No SMOTE,1,1,0.8861012531908955
Logistic Reg,No SMOTE,0,0,7.718991744564222e-07
Logistic Reg,No SMOTE,0,0,1.985825417779671e-05
Logistic Reg,No SMOTE,0,0,5.6716057503904855e-08
Logistic Reg,No SMOTE,0,0,0.002774762586904562
Logistic Reg,No SMOTE,0,0,0.01317679424740422
Logistic Reg,No SMOTE,0,0,1.7428441907431953e-07
Logistic Reg,No SMOTE,0,0,1.9205733574952468e-12
Logistic Reg,No SMOTE,0,0,0.03566592049393482
Logistic Reg,No SMOTE,0,0,7.021665799172602e-07
Logistic Reg,No SMOTE,0,0,1.582278350932152e-13
Logistic Reg,No SMOTE,0,0,8.819815518561693e-07
Logistic Reg,No SMOTE,0,0,8.787588212933637e-09
Logistic Reg,No SMOTE,0,0,0.0359694174269882
Logistic Reg,No SMOTE,0,0,0.023847400947962158
Logistic Reg,No SMOTE,0,0,0.02138545931496497
Logistic Reg,No SMOTE,0,0,0.037844356413536555
Logistic Reg,No SMOTE,0,0,4.63335575494453e-05
Logistic Reg,No SMOTE,0,0,0.0025380504828000135
Logistic Reg,No SMOTE,0,0,0.052163402084978536
Logistic Reg,No SMOTE,0,0,8.662420895909157e-07
Logistic Reg,No SMOTE,0,1,0.7656164482490925
Logistic Reg,No SMOTE,0,0,4.5657812157321884e-05
Logistic Reg,No SMOTE,0,0,5.593786926963382e-06
Logistic Reg,No SMOTE,0,0,0.0005737748969813473
Logistic Reg,No SMOTE,0,0,0.11634312715190821
Logistic Reg,No SMOTE,0,0,7.630351709498001e-07
Logistic Reg,No SMOTE,0,0,0.0009708313691320381
Logistic Reg,No SMOTE,0,0,0.02958094611943839
Logistic Reg,No SMOTE,0,0,1.1836538950607662e-17
Logistic Reg,No SMOTE,0,0,0.026264726663641377
Logistic Reg,No SMOTE,0,0,8.884715822337414e-07
Logistic Reg,No SMOTE,0,0,0.026609813474544435
Logistic Reg,No SMOTE,0,0,1.3356011471755414e-06
Logistic Reg,No SMOTE,0,0,2.3018216038150458e-07
Logistic Reg,No SMOTE,0,0,4.837377831627117e-07
Logistic Reg,No SMOTE,0,0,7.144698605909033e-11
Logistic Reg,No SMOTE,0,0,0.03522398644351837
Logistic Reg,No SMOTE,0,0,0.03518213258756159
Logistic Reg,No SMOTE,0,0,0.0011006961281008175
Logistic Reg,No SMOTE,0,0,0.0012902286684145286
Logistic Reg,No SMOTE,0,0,8.156900536722755e-07
Logistic Reg,No SMOTE,0,0,0.011328254131110799
Logistic Reg,No SMOTE,0,0,0.019736809398849673
Logistic Reg,No SMOTE,0,0,0.029976727921914175
Logistic Reg,No SMOTE,0,0,0.004190833260660104
Logistic Reg,No SMOTE,0,0,0.0267015887057722
Logistic Reg,No SMOTE,0,0,4.608981773864338e-05
Logistic Reg,No SMOTE,0,0,1.5849828932994517e-18
Logistic Reg,No SMOTE,0,0,2.9472260536945794e-07
Logistic Reg,No SMOTE,0,0,0.0035987817248488967
Logistic Reg,No SMOTE,0,0,1.7337911964832384e-09
Logistic Reg,No SMOTE,0,0,7.219025342366293e-23
Logistic Reg,No SMOTE,0,0,9.106871393415226e-07
Logistic Reg,No SMOTE,0,0,4.6134439657212555e-05
Logistic Reg,No SMOTE,0,0,1.3615403957422505e-11
Logistic Reg,No SMOTE,0,0,1.0292371098021864e-06
Logistic Reg,No SMOTE,0,0,2.0628261843314072e-06
Logistic Reg,No SMOTE,0,0,2.530740810460379e-20
Logistic Reg,No SMOTE,0,0,6.463046331535987e-09
Logistic Reg,No SMOTE,0,0,0.03430787455940676
Logistic Reg,No SMOTE,0,0,8.859060144470689e-07
Logistic Reg,No SMOTE,0,0,0.0004753315778338491
Logistic Reg,No SMOTE,0,0,1.297331953690785e-06
Logistic Reg,No SMOTE,0,0,0.015869843837808487
Logistic Reg,No SMOTE,0,1,0.8730402734409844
Logistic Reg,No SMOTE,0,0,0.01550287597788619
Logistic Reg,No SMOTE,0,0,0.03754929141860932
Logistic Reg,No SMOTE,0,0,0.20632080745001688
Logistic Reg,No SMOTE,0,0,4.766619771548332e-05
Logistic Reg,No SMOTE,0,0,0.01773588959435671
Logistic Reg,No SMOTE,0,0,8.113977187340529e-07
Logistic Reg,No SMOTE,0,0,4.8683465926698585e-05
Logistic Reg,No SMOTE,0,0,9.659774960635692e-07
Logistic Reg,No SMOTE,0,0,4.781608156799875e-05
Logistic Reg,No SMOTE,0,0,0.03909904486265061
Logistic Reg,No SMOTE,0,0,4.609186352533523e-05
Logistic Reg,No SMOTE,0,0,0.00022116758641136508
Logistic Reg,No SMOTE,0,0,0.0004562498302800451
Logistic Reg,No SMOTE,0,0,0.01193484747306226
Logistic Reg,No SMOTE,0,0,1.7254629003485745e-07
Logistic Reg,No SMOTE,0,0,1.03889826914991e-06
Logistic Reg,No SMOTE,0,0,0.0008325520943824322
Logistic Reg,No SMOTE,0,0,7.597249478015766e-15
Logistic Reg,No SMOTE,0,0,0.013463572089023658
Logistic Reg,No SMOTE,0,0,0.035374296718384005
Logistic Reg,No SMOTE,0,0,0.04216021546219695
Logistic Reg,No SMOTE,0,0,2.3944137506047624e-10
Logistic Reg,No SMOTE,0,0,0.08293121642489813
Logistic Reg,No SMOTE,0,0,0.017109669872132846
Logistic Reg,No SMOTE,0,0,1.430381476038437e-06
Logistic Reg,No SMOTE,0,0,2.8545412895980726e-09
Logistic Reg,No SMOTE,0,0,2.1593011390686456e-24
Logistic Reg,No SMOTE,0,0,4.617492669587929e-05
Logistic Reg,No SMOTE,0,0,1.625500444945393e-11
Logistic Reg,No SMOTE,0,1,0.9327093200963396
Logistic Reg,No SMOTE,0,0,1.4087286742816139e-06
Logistic Reg,No SMOTE,0,0,0.012113078000211266
Logistic Reg,No SMOTE,0,0,0.00038661152048680267
Logistic Reg,No SMOTE,0,0,0.05071001197115819
Logistic Reg,No SMOTE,0,0,0.04976702759676545
Logistic Reg,No SMOTE,0,0,8.851705915043947e-07
Logistic Reg,No SMOTE,0,0,0.0032232662790248924
Logistic Reg,No SMOTE,0,0,4.921739259952729e-05
Logistic Reg,No SMOTE,0,0,0.042691813602511945
Logistic Reg,No SMOTE,0,0,8.518112775706347e-07
Logistic Reg,No SMOTE,0,0,1.5581639123137007e-09
Logistic Reg,No SMOTE,0,0,0.013280180234319804
Logistic Reg,No SMOTE,0,0,4.453037739838987e-06
Logistic Reg,No SMOTE,0,0,8.484790671470681e-07
Logistic Reg,No SMOTE,0,0,0.0006825374604337176
Logistic Reg,No SMOTE,0,0,0.007578806211556355
Logistic Reg,No SMOTE,0,0,0.03404796740913313
Logistic Reg,No SMOTE,0,0,3.424292723436121e-05
Logistic Reg,No SMOTE,0,0,0.0037334908450964684
Logistic Reg,No SMOTE,0,0,8.431139380056605e-07
Logistic Reg,No SMOTE,0,0,8.518138933068966e-07
Logistic Reg,No SMOTE,0,0,2.111971616382281e-06
Logistic Reg,No SMOTE,0,0,6.650391467018335e-07
Logistic Reg,No SMOTE,0,0,0.020935959103772134
Logistic Reg,No SMOTE,0,0,6.563697568409262e-11
Logistic Reg,No SMOTE,0,0,1.315400950218455e-16
Logistic Reg,No SMOTE,0,0,3.598461958809545e-05
Logistic Reg,No SMOTE,0,0,0.00454828785834736
Logistic Reg,No SMOTE,0,0,4.615506272226495e-05
Logistic Reg,No SMOTE,0,0,4.785802514062071e-05
Logistic Reg,No SMOTE,0,0,6.32228262447254e-06
Logistic Reg,No SMOTE,0,0,8.83599782107392e-05
Logistic Reg,No SMOTE,0,0,0.006527769257511954
Logistic Reg,No SMOTE,0,0,0.04739448454745868
Logistic Reg,No SMOTE,0,0,0.14551678086504038
Logistic Reg,No SMOTE,0,0,0.028915741102078875
Logistic Reg,No SMOTE,0,0,0.040404218034570435
Logistic Reg,No SMOTE,0,0,0.0035718566502206095
Logistic Reg,No SMOTE,0,0,8.46010283047254e-07
Logistic Reg,No SMOTE,0,0,4.606959724768619e-05
Logistic Reg,No SMOTE,0,0,0.03698577240987946
Logistic Reg,No SMOTE,0,0,4.943601181919404e-05
Logistic Reg,No SMOTE,0,0,0.26995147122458646
Logistic Reg,No SMOTE,0,0,0.02486646120319652
Logistic Reg,No SMOTE,0,0,0.02401311311058186
Logistic Reg,No SMOTE,0,0,0.0011117116215177407
Logistic Reg,No SMOTE,0,0,0.0007148325779973606
Logistic Reg,No SMOTE,0,0,9.744242758781828e-05
Logistic Reg,No SMOTE,0,0,4.772699389175317e-10
Logistic Reg,No SMOTE,0,0,1.1219109207487483e-06
Logistic Reg,No SMOTE,0,0,4.560851982537914e-05
Logistic Reg,No SMOTE,0,0,1.3117765110504246e-06
Logistic Reg,No SMOTE,0,0,1.6212205749078245e-25
Logistic Reg,No SMOTE,0,0,2.882485612273991e-12
Logistic Reg,No SMOTE,0,0,3.3098617119832616e-15
Logistic Reg,No SMOTE,0,0,7.723414532869934e-07
Logistic Reg,No SMOTE,0,0,3.010285873220812e-07
Logistic Reg,No SMOTE,0,0,4.902555120634837e-05
Logistic Reg,No SMOTE,0,0,4.674200149433257e-05
Logistic Reg,No SMOTE,0,0,0.00014517293707221675
Logistic Reg,No SMOTE,0,0,0.05351728737521722
Logistic Reg,No SMOTE,0,0,9.85342183724136e-07
Logistic Reg,No SMOTE,0,0,0.03228211770070938
Logistic Reg,No SMOTE,0,0,1.7591120072540926e-10
Logistic Reg,No SMOTE,0,1,0.6751469948466706
Logistic Reg,No SMOTE,0,0,2.1153604799329725e-06
Logistic Reg,No SMOTE,0,0,0.04494128972192255
Logistic Reg,No SMOTE,0,0,1.0957257902325913e-06
Logistic Reg,No SMOTE,0,0,9.078407663047795e-07
Logistic Reg,No SMOTE,0,0,4.655137556944211e-05
Logistic Reg,No SMOTE,0,0,6.334064176865397e-07
Logistic Reg,No SMOTE,0,0,1.1501967454286818e-14
Logistic Reg,No SMOTE,0,0,0.0018157300746924378
Logistic Reg,No SMOTE,0,0,5.5551217071356425e-05
Logistic Reg,No SMOTE,0,0,8.557115444723092e-07
Logistic Reg,No SMOTE,0,0,9.200766849942314e-07
Logistic Reg,No SMOTE,0,0,0.027572893790749203
Logistic Reg,No SMOTE,0,0,1.0042419080298753e-05
Logistic Reg,No SMOTE,0,0,6.822731239400773e-07
Logistic Reg,No SMOTE,0,0,5.1015168656569315e-09
Logistic Reg,No SMOTE,0,0,7.162539855980129e-07
Logistic Reg,No SMOTE,0,0,9.695350605615527e-07
Logistic Reg,No SMOTE,0,0,4.572667402445063e-05
Logistic Reg,No SMOTE,0,0,9.114622168535607e-14
Logistic Reg,No SMOTE,0,0,5.1221526664667344e-14
Logistic Reg,No SMOTE,0,0,0.0691681240812221
Logistic Reg,No SMOTE,0,0,7.060422375792616e-07
Logistic Reg,No SMOTE,0,0,0.03274718362659027
Logistic Reg,No SMOTE,0,0,0.0328574187024252
Logistic Reg,No SMOTE,0,0,9.286239068708009e-07
Logistic Reg,No SMOTE,0,0,0.30032199718624203
Logistic Reg,No SMOTE,0,1,0.9824040707724918
Logistic Reg,No SMOTE,0,0,4.7607964296139067e-05
Logistic Reg,No SMOTE,0,0,7.471607464510778e-05
Logistic Reg,No SMOTE,0,0,1.0783418005734776e-06
Logistic Reg,No SMOTE,0,0,4.7125326890759524e-05
Logistic Reg,No SMOTE,0,0,1.5144953340757242e-06
Logistic Reg,No SMOTE,0,0,1.1991843429640819e-05
Logistic Reg,No SMOTE,0,0,5.261111374882849e-10
Logistic Reg,No SMOTE,0,0,0.0012541189163948
Logistic Reg,No SMOTE,0,0,0.010223881905812299
Logistic Reg,No SMOTE,0,0,0.4376189960520809
Logistic Reg,No SMOTE,0,0,0.023532275494909688
Logistic Reg,No SMOTE,0,0,0.0017705871238843335
Logistic Reg,No SMOTE,0,0,0.14529453427271985
Logistic Reg,No SMOTE,0,0,0.0009805834265855812
Logistic Reg,No SMOTE,0,0,0.0014475112434989992
Logistic Reg,No SMOTE,0,1,0.9362657576887581
Logistic Reg,No SMOTE,0,0,0.03220775299528186
Logistic Reg,No SMOTE,0,0,0.09780002895478562
Logistic Reg,No SMOTE,0,0,2.4773910045101063e-06
Logistic Reg,No SMOTE,0,0,0.02981421450477718
Logistic Reg,No SMOTE,0,0,0.17310896498463546
Logistic Reg,No SMOTE,0,0,0.012062706057902457
Logistic Reg,No SMOTE,0,0,0.16710461722798828
Logistic Reg,No SMOTE,0,0,0.0849933085238963
Logistic Reg,No SMOTE,0,0,0.027789262409293403
Logistic Reg,No SMOTE,0,0,4.796020509584077e-05
Logistic Reg,No SMOTE,0,0,0.04651728847562467
Logistic Reg,No SMOTE,0,0,7.441212871765305e-05
Logistic Reg,No SMOTE,0,0,0.009550457285997417
Logistic Reg,No SMOTE,0,0,0.0006031810390015386
Logistic Reg,No SMOTE,0,0,8.413516997837541e-07
Logistic Reg,No SMOTE,0,0,4.367264342962386e-07
Logistic Reg,No SMOTE,0,0,0.014674327834288556
Logistic Reg,No SMOTE,0,0,4.5687283098e-05
Logistic Reg,No SMOTE,0,0,1.1051397579466753e-06
Logistic Reg,No SMOTE,0,0,0.10629268784510826
Logistic Reg,No SMOTE,0,1,0.8152513695091133
Logistic Reg,No SMOTE,0,0,0.00024881526462383385
Logistic Reg,No SMOTE,0,0,7.986554158140062e-07
Logistic Reg,No SMOTE,0,0,3.0797167535331064e-10
Logistic Reg,No SMOTE,0,0,3.45747380452385e-11
Logistic Reg,No SMOTE,0,0,0.02243464983432273
Logistic Reg,No SMOTE,0,0,5.0134869185137884e-05
Logistic Reg,No SMOTE,0,0,0.025817423430895377
Logistic Reg,No SMOTE,0,0,8.604408763925856e-06
Logistic Reg,No SMOTE,0,0,2.847612361233634e-07
Logistic Reg,No SMOTE,0,0,1.3627298871728288e-06
Logistic Reg,No SMOTE,0,0,0.02561403152644862
Logistic Reg,No SMOTE,0,0,0.010413537390879277
Logistic Reg,No SMOTE,0,0,0.0019083279222721276
Logistic Reg,No SMOTE,0,0,1.2626711009766084e-06
Logistic Reg,No SMOTE,0,0,0.029274380913055505
Logistic Reg,No SMOTE,0,0,7.739056857837738e-10
Logistic Reg,No SMOTE,0,0,0.02427928992526198
Logistic Reg,No SMOTE,0,0,0.0006835716169594509
Logistic Reg,No SMOTE,0,0,1.6987304210022652e-07
Logistic Reg,No SMOTE,0,0,0.0023011234092487672
Logistic Reg,No SMOTE,0,0,0.0007257219938053735
Logistic Reg,No SMOTE,0,0,9.021301372815046e-07
Logistic Reg,No SMOTE,0,0,0.04050371891012308
Logistic Reg,No SMOTE,0,0,4.595684776023424e-05
Logistic Reg,No SMOTE,0,0,0.02078336850203824
Logistic Reg,No SMOTE,0,0,0.04349223201532497
Logistic Reg,No SMOTE,0,0,8.188846281312675e-07
Logistic Reg,No SMOTE,0,0,2.230822061278302e-24
Logistic Reg,No SMOTE,0,0,4.775729842979007e-14
Logistic Reg,No SMOTE,0,0,0.015285931948605625
Logistic Reg,No SMOTE,0,0,0.007620333546833421
Logistic Reg,No SMOTE,0,0,9.080627645074009e-07
Logistic Reg,No SMOTE,0,0,9.80726740376823e-07
Logistic Reg,No SMOTE,0,0,0.19968583780850369
Logistic Reg,No SMOTE,0,0,0.0018035833608252701
Logistic Reg,No SMOTE,0,0,0.02041834436836756
Logistic Reg,No SMOTE,0,0,1.0373017426938156e-08
Logistic Reg,No SMOTE,0,0,3.9837776816053495e-08
Logistic Reg,No SMOTE,0,0,6.442276089295638e-08
Logistic Reg,No SMOTE,0,0,0.011078414330111948
Logistic Reg,No SMOTE,0,0,9.415404707213513e-07
Logistic Reg,No SMOTE,0,0,0.02186091798572694
Logistic Reg,No SMOTE,0,0,0.00026002535607799905
Logistic Reg,No SMOTE,0,0,0.03569228059419495
Logistic Reg,No SMOTE,0,0,0.00041180358287958024
Logistic Reg,No SMOTE,0,0,8.129247846987096e-21
Logistic Reg,No SMOTE,0,0,0.027001217507492778
Logistic Reg,No SMOTE,0,0,0.001958452052652833
Logistic Reg,No SMOTE,0,1,0.6460414754472785
Logistic Reg,No SMOTE,0,0,0.04179483844456065
Logistic Reg,No SMOTE,0,0,6.606923469474877e-07
Logistic Reg,No SMOTE,0,0,0.03343046975833301
Logistic Reg,No SMOTE,0,0,0.028166563221135893
Logistic Reg,No SMOTE,0,0,4.595124561441032e-05
Logistic Reg,No SMOTE,0,0,0.020313911356907702
Logistic Reg,No SMOTE,0,0,9.118772185616975e-07
Logistic Reg,No SMOTE,0,0,1.4278085290238336e-13
Logistic Reg,No SMOTE,0,0,4.568907116880869e-14
Logistic Reg,No SMOTE,0,0,3.200943604282214e-08
Logistic Reg,No SMOTE,0,0,0.0016030209157321033
Logistic Reg,No SMOTE,0,0,8.472568053312983e-07
Logistic Reg,No SMOTE,0,0,0.047043515992961
Logistic Reg,No SMOTE,0,0,4.561938294195059e-05
Logistic Reg,No SMOTE,0,0,0.008306436792154934
Logistic Reg,No SMOTE,0,0,2.107264024296171e-15
Logistic Reg,No SMOTE,0,0,0.029912776361884413
Logistic Reg,No SMOTE,0,0,1.0597938680718997e-06
Logistic Reg,No SMOTE,0,0,1.0639039727967792e-06
Logistic Reg,No SMOTE,0,0,0.0003418401288242655
Logistic Reg,No SMOTE,0,1,0.9703390047499482
Logistic Reg,No SMOTE,0,0,0.0001962343387013791
Logistic Reg,No SMOTE,0,0,0.020826062247181785
Logistic Reg,No SMOTE,0,0,1.1435636307669919e-06
Logistic Reg,No SMOTE,0,0,2.497511914179242e-24
Logistic Reg,No SMOTE,0,0,4.722115063484245e-05
Logistic Reg,No SMOTE,0,0,0.04450912985211435
Logistic Reg,No SMOTE,0,0,9.502329126829438e-07
Logistic Reg,No SMOTE,0,0,9.018983893044654e-07
Logistic Reg,No SMOTE,0,0,0.048549893132789596
Logistic Reg,No SMOTE,0,0,4.901297242644941e-05
Logistic Reg,No SMOTE,0,0,6.557766345888755e-07
Logistic Reg,No SMOTE,0,0,8.918724602161413e-07
Logistic Reg,No SMOTE,0,0,0.011866552598852897
Logistic Reg,No SMOTE,0,0,0.005798699281688552
Logistic Reg,No SMOTE,0,0,9.746261623929157e-13
Logistic Reg,No SMOTE,0,0,0.0005953370983181682
Logistic Reg,No SMOTE,0,0,1.5064919625437517e-10
Logistic Reg,No SMOTE,0,0,0.039997402149821844
Logistic Reg,No SMOTE,0,0,1.14906753536869e-07
Logistic Reg,No SMOTE,0,0,1.2645052531563115e-16
Logistic Reg,No SMOTE,0,0,0.030183150240470975
Logistic Reg,No SMOTE,0,0,8.906850636907623e-07
Logistic Reg,No SMOTE,0,0,1.3395437242448017e-06
Logistic Reg,No SMOTE,0,0,7.657269280502276e-07
Logistic Reg,No SMOTE,0,0,4.565614472775562e-05
Logistic Reg,No SMOTE,0,0,0.05516783179737745
Logistic Reg,No SMOTE,0,1,0.7920050911730261
Logistic Reg,No SMOTE,0,0,0.008592594421110551
Logistic Reg,No SMOTE,0,0,7.986090449967595e-07
Logistic Reg,No SMOTE,0,0,0.016167241173901677
Logistic Reg,No SMOTE,0,0,7.321381082512692e-12
Logistic Reg,No SMOTE,0,0,4.7722712730557104e-05
Logistic Reg,No SMOTE,0,0,0.0187613527588751
Logistic Reg,No SMOTE,0,0,1.6036323316519053e-17
Logistic Reg,No SMOTE,0,0,4.2344428406574163e-07
Logistic Reg,No SMOTE,0,0,4.695735920657965e-05
Logistic Reg,No SMOTE,0,0,0.01663159553572942
Logistic Reg,No SMOTE,0,0,8.90000931715177e-07
Logistic Reg,No SMOTE,0,0,2.9560048352818354e-15
Logistic Reg,No SMOTE,0,0,4.605998657455822e-05
Logistic Reg,No SMOTE,0,0,0.041722890884238764
Logistic Reg,No SMOTE,0,0,0.008657749859262489
Logistic Reg,No SMOTE,0,0,1.3707269084693386e-05
Logistic Reg,No SMOTE,0,0,1.2604074652048e-06
Logistic Reg,No SMOTE,0,0,0.034915289986664266
Logistic Reg,No SMOTE,0,0,1.591230106812098e-12
Logistic Reg,No SMOTE,0,0,0.031463331337081
Logistic Reg,No SMOTE,0,0,0.035194098961484996
Logistic Reg,No SMOTE,0,0,1.0074656201805382e-06
Logistic Reg,No SMOTE,0,0,0.030954472291359544
Logistic Reg,No SMOTE,0,0,0.0012081057446971216
Logistic Reg,No SMOTE,0,0,1.1774760240829574e-06
Logistic Reg,No SMOTE,0,0,1.7119195851724352e-09
Logistic Reg,No SMOTE,0,0,0.0002543817023140211
Logistic Reg,No SMOTE,0,0,1.175741568265013e-06
Logistic Reg,No SMOTE,0,0,0.0016051142920699272
Logistic Reg,No SMOTE,0,0,1.3197939476228279e-05
Logistic Reg,No SMOTE,0,0,8.151161775196524e-05
Logistic Reg,No SMOTE,0,0,8.110863387075121e-07
Logistic Reg,No SMOTE,0,0,4.874018630562935e-05
Logistic Reg,No SMOTE,0,0,2.68915950354118e-10
Logistic Reg,No SMOTE,0,0,0.036498474339671204
Logistic Reg,No SMOTE,0,0,0.0005486576869826109
Logistic Reg,No SMOTE,0,0,9.870246200524023e-07
Logistic Reg,No SMOTE,0,0,2.8420237705819295e-06
Logistic Reg,No SMOTE,0,0,4.6712823051886833e-05
Logistic Reg,No SMOTE,0,0,0.03732004532402687
Logistic Reg,No SMOTE,0,0,3.365871117044252e-20
Logistic Reg,No SMOTE,0,0,6.242664565736437e-07
Logistic Reg,No SMOTE,0,0,0.014220267134752657
Logistic Reg,No SMOTE,0,0,1.9391376847954877e-10
Logistic Reg,No SMOTE,0,0,0.03713221943748872
Logistic Reg,No SMOTE,0,0,0.0010820030596831898
Logistic Reg,No SMOTE,0,0,7.114546149421793e-07
Logistic Reg,No SMOTE,0,0,0.020507939046208085
Logistic Reg,No SMOTE,0,1,0.9794347344389349
Logistic Reg,No SMOTE,0,0,0.007417581056538588
Logistic Reg,No SMOTE,0,0,1.6649576413394348e-09
Logistic Reg,No SMOTE,0,0,0.0006673789754044134
Logistic Reg,No SMOTE,0,0,4.681884060746921e-05
Logistic Reg,No SMOTE,0,0,4.559017041660299e-05
Logistic Reg,No SMOTE,0,0,3.984052807829674e-06
Logistic Reg,No SMOTE,0,0,9.14332795273883e-07
Logistic Reg,No SMOTE,0,0,1.145782187664178e-10
Logistic Reg,No SMOTE,0,0,0.03158262125795083
Logistic Reg,No SMOTE,0,0,8.338914578489443e-07
Logistic Reg,No SMOTE,0,0,0.019975507108700667
Logistic Reg,No SMOTE,0,0,0.0029959899313667998
Logistic Reg,No SMOTE,0,0,4.442522951432082e-07
Logistic Reg,No SMOTE,0,0,0.012108068565045158
Logistic Reg,No SMOTE,0,0,4.260483710164618e-09
Logistic Reg,No SMOTE,0,0,0.023762358040524102
Logistic Reg,No SMOTE,0,0,0.01016638966878169
Logistic Reg,No SMOTE,0,0,4.654995214797051e-05
Logistic Reg,No SMOTE,0,0,0.05359645763849049
Logistic Reg,No SMOTE,0,0,0.04067897333434919
Logistic Reg,No SMOTE,0,0,0.013030694073931192
Logistic Reg,No SMOTE,0,0,2.091718548816707e-05
Logistic Reg,No SMOTE,0,0,0.03282637795120319
Logistic Reg,No SMOTE,0,0,1.0333556473612395e-06
Logistic Reg,No SMOTE,0,0,8.534016584532605e-08
Logistic Reg,No SMOTE,0,0,0.00021791435479432626
Logistic Reg,No SMOTE,0,0,9.378565580845654e-08
Logistic Reg,No SMOTE,0,0,0.0009183062263691354
Logistic Reg,No SMOTE,0,0,6.190180312157677e-07
Logistic Reg,No SMOTE,0,0,4.657090908230283e-05
Logistic Reg,No SMOTE,0,0,1.0440354004475175e-06
Logistic Reg,No SMOTE,0,0,3.672742439127609e-07
Logistic Reg,No SMOTE,0,0,0.03539316659598466
Logistic Reg,No SMOTE,0,0,0.011802210134926
Logistic Reg,No SMOTE,0,0,1.7606696726674164e-10
Logistic Reg,No SMOTE,0,0,4.5640720938919474e-05
Logistic Reg,No SMOTE,0,0,2.6374453664708004e-11
Logistic Reg,No SMOTE,0,0,3.581248367425946e-06
Logistic Reg,No SMOTE,0,0,8.672724790114792e-07
Logistic Reg,No SMOTE,0,0,7.455447064019793e-14
Logistic Reg,No SMOTE,0,0,9.777661190972621e-16
Logistic Reg,No SMOTE,0,0,4.166579149843518e-12
Logistic Reg,No SMOTE,0,0,0.023729738567036678
Logistic Reg,No SMOTE,0,0,0.00872938930025984
Logistic Reg,No SMOTE,0,0,0.01913731382156466
Logistic Reg,No SMOTE,0,0,0.00526302433775059
Logistic Reg,No SMOTE,0,0,0.054356620434875415
Logistic Reg,No SMOTE,0,0,0.14616017499475856
Logistic Reg,No SMOTE,0,0,0.0002122207040595056
Logistic Reg,No SMOTE,0,0,6.89315051777062e-07
Logistic Reg,No SMOTE,0,0,1.2026535972558104e-13
Logistic Reg,No SMOTE,0,0,1.2638223345730629e-06
Logistic Reg,No SMOTE,0,0,3.264527366227751e-09
Logistic Reg,No SMOTE,0,0,9.143634560667362e-18
Logistic Reg,No SMOTE,0,0,4.0274294704996e-09
Logistic Reg,No SMOTE,0,0,7.198884353935001e-07
Logistic Reg,No SMOTE,0,1,0.5501739851604526
Logistic Reg,No SMOTE,0,0,2.6353055361648604e-14
Logistic Reg,No SMOTE,0,0,0.0008986419196547004
Logistic Reg,No SMOTE,0,0,7.595360750587615e-05
Logistic Reg,No SMOTE,0,0,0.00044727304480892804
Logistic Reg,No SMOTE,0,0,6.188582491320358e-08
Logistic Reg,No SMOTE,0,0,0.03082244043924598
Logistic Reg,No SMOTE,0,0,1.5769785273504437e-05
Logistic Reg,No SMOTE,0,0,1.500243331122588e-08
Logistic Reg,No SMOTE,0,0,0.0005748421800271472
Logistic Reg,No SMOTE,0,0,0.00028140116485822427
Logistic Reg,No SMOTE,0,0,0.023909204042782004
Logistic Reg,No SMOTE,0,0,0.030820609111009614
Logistic Reg,No SMOTE,0,0,9.118722004530798e-07
Logistic Reg,No SMOTE,0,0,4.7939517814569716e-05
Logistic Reg,No SMOTE,0,0,0.028748697844750364
Logistic Reg,No SMOTE,0,0,9.48384099789892e-05
Logistic Reg,No SMOTE,0,0,8.022920106337886e-21
Logistic Reg,No SMOTE,0,0,0.012917801625291016
Logistic Reg,No SMOTE,0,0,2.2752660291663384e-20
Logistic Reg,No SMOTE,0,0,1.2941774214975202e-22
Logistic Reg,No SMOTE,0,0,2.9841423912082314e-05
Logistic Reg,No SMOTE,0,0,1.0251920210460753e-14
Logistic Reg,No SMOTE,0,0,1.0937841458490549e-10
Logistic Reg,No SMOTE,0,0,0.13564109043908684
Logistic Reg,No SMOTE,0,0,0.015685085519366867
Logistic Reg,No SMOTE,0,0,0.010040312193408736
Logistic Reg,No SMOTE,0,0,0.0434294273097242
Logistic Reg,No SMOTE,0,0,4.6039875606167214e-05
Logistic Reg,No SMOTE,0,0,8.004584224341106e-07
Logistic Reg,No SMOTE,0,0,0.0032275972269900075
Logistic Reg,No SMOTE,0,0,0.018629634102973247
Logistic Reg,No SMOTE,0,0,1.4922802191367714e-07
Logistic Reg,No SMOTE,0,0,8.539963403558209e-07
Logistic Reg,No SMOTE,0,0,5.957882207083966e-07
Logistic Reg,No SMOTE,0,0,5.395026798575364e-259
Logistic Reg,No SMOTE,0,0,6.746659944057571e-07
Logistic Reg,No SMOTE,0,0,2.0828570727084296e-09
Logistic Reg,No SMOTE,0,0,0.003201933499991991
Logistic Reg,No SMOTE,0,0,1.2244566030803702e-06
Logistic Reg,No SMOTE,0,0,2.009286257863722e-06
Logistic Reg,No SMOTE,0,0,0.0034753668932826385
Logistic Reg,No SMOTE,0,0,0.010679608480434819
Logistic Reg,No SMOTE,0,0,5.836963376634856e-07
Logistic Reg,No SMOTE,0,0,0.0009485473884397719
Logistic Reg,No SMOTE,0,0,0.018854449639845398
Logistic Reg,No SMOTE,0,0,6.51858387867199e-14
Logistic Reg,No SMOTE,0,0,0.04043116036868714
Logistic Reg,No SMOTE,0,0,0.013920312975692154
Logistic Reg,No SMOTE,0,0,4.3020499571384984e-05
Logistic Reg,No SMOTE,0,0,0.013165961957122206
Logistic Reg,No SMOTE,0,0,8.390401238721156e-13
Logistic Reg,No SMOTE,0,0,1.33488391721454e-16
Logistic Reg,No SMOTE,0,0,0.008430667542594675
Logistic Reg,No SMOTE,0,0,0.003945131427301053
Logistic Reg,No SMOTE,0,0,6.401637801087757e-06
Logistic Reg,No SMOTE,0,0,0.03436841930836216
Logistic Reg,No SMOTE,0,0,9.413585875252485e-07
Logistic Reg,No SMOTE,0,0,0.015592102350742224
Logistic Reg,No SMOTE,0,0,9.122538840547326e-07
Logistic Reg,No SMOTE,0,0,0.04307948079886638
Logistic Reg,No SMOTE,0,0,2.0296845031843457e-05
Logistic Reg,No SMOTE,0,0,0.002655933906341859
Logistic Reg,No SMOTE,0,0,2.2454680368924308e-07
Logistic Reg,No SMOTE,0,0,1.088024641766426e-14
Logistic Reg,No SMOTE,0,0,8.917495717894178e-07
Logistic Reg,No SMOTE,0,0,0.03070803440357597
Logistic Reg,No SMOTE,0,0,0.0017862945310694813
Logistic Reg,No SMOTE,0,0,8.907759968907343e-07
Logistic Reg,No SMOTE,0,0,0.00133022510172958
Logistic Reg,No SMOTE,0,0,6.151486169260652e-08
Logistic Reg,No SMOTE,0,0,7.844754490834783e-07
Logistic Reg,No SMOTE,0,0,4.563517440528316e-05
Logistic Reg,No SMOTE,0,0,0.09458807191471423
Logistic Reg,No SMOTE,0,0,4.57673931161403e-05
Logistic Reg,No SMOTE,0,0,0.03839044974316007
Logistic Reg,No SMOTE,0,0,0.014170753134468783
Logistic Reg,No SMOTE,0,0,4.5685235816114866e-05
Logistic Reg,No SMOTE,0,0,0.029789857419544038
Logistic Reg,No SMOTE,0,0,2.489730716204619e-06
Logistic Reg,No SMOTE,0,0,1.089600060453759e-06
Logistic Reg,No SMOTE,0,0,0.03093355040864136
Logistic Reg,No SMOTE,0,0,0.09841189220630485
Logistic Reg,No SMOTE,0,0,5.4253052191561664e-05
Logistic Reg,No SMOTE,0,0,1.0012285217790917e-10
Logistic Reg,No SMOTE,0,0,0.0019520960185008698
Logistic Reg,No SMOTE,0,0,7.604865652245279e-12
Logistic Reg,No SMOTE,0,0,0.03831951235817934
Logistic Reg,No SMOTE,0,0,0.009821120404819608
Logistic Reg,No SMOTE,0,0,0.00030207342984021977
Logistic Reg,No SMOTE,0,0,0.01149804067250243
Logistic Reg,No SMOTE,0,0,4.561063045704899e-05
Logistic Reg,No SMOTE,0,0,0.04778171868190396
Logistic Reg,No SMOTE,0,0,0.02160058673023331
Logistic Reg,No SMOTE,0,0,1.0982752869691136e-07
Logistic Reg,No SMOTE,0,0,4.871344753383944e-05
Logistic Reg,No SMOTE,0,1,0.7370129661326793
Logistic Reg,No SMOTE,0,0,9.32831417844316e-07
Logistic Reg,No SMOTE,0,0,2.3998824434637597e-25
Logistic Reg,No SMOTE,0,0,7.209210426251983e-07
Logistic Reg,No SMOTE,0,0,0.00012788089289517626
Logistic Reg,No SMOTE,0,0,6.2375437482612e-14
Logistic Reg,No SMOTE,0,0,8.896852102259888e-07
Logistic Reg,No SMOTE,0,0,0.03398037947344223
Logistic Reg,No SMOTE,0,0,6.1713506413075885e-15
Logistic Reg,No SMOTE,0,0,9.969382409578902e-07
Logistic Reg,No SMOTE,0,0,0.011171162686952205
Logistic Reg,No SMOTE,0,0,7.42159025516422e-07
Logistic Reg,No SMOTE,0,0,0.025288009172034755
Logistic Reg,No SMOTE,0,0,6.072691892262446e-05
Logistic Reg,No SMOTE,0,0,6.586700720691652e-07
Logistic Reg,No SMOTE,0,0,0.0015407427536387353
Logistic Reg,No SMOTE,0,0,8.58028486655825e-07
Logistic Reg,No SMOTE,0,1,0.7558768401235927
Logistic Reg,No SMOTE,0,0,4.5600421561468205e-05
Logistic Reg,No SMOTE,0,0,0.14143770870138406
Logistic Reg,No SMOTE,0,0,0.4027806316286851
Logistic Reg,No SMOTE,0,0,4.8283194587565636e-05
Logistic Reg,No SMOTE,0,0,7.13987313220403e-07
Logistic Reg,No SMOTE,0,0,6.095725483839111e-06
Logistic Reg,No SMOTE,0,0,0.002864654520563855
Logistic Reg,No SMOTE,0,0,2.963763503996929e-11
Logistic Reg,No SMOTE,0,0,3.2820060245020364e-18
Logistic Reg,No SMOTE,0,0,4.610958685907576e-05
Logistic Reg,No SMOTE,0,0,3.863505182391277e-06
Logistic Reg,No SMOTE,0,0,4.4768631291278666e-07
Logistic Reg,No SMOTE,0,0,0.03491536568716681
Logistic Reg,No SMOTE,0,0,4.7903507426519557e-05
Logistic Reg,No SMOTE,0,0,4.563263890689963e-05
Logistic Reg,No SMOTE,0,0,9.672540375539537e-07
Logistic Reg,No SMOTE,0,0,8.148989799270053e-07
Logistic Reg,No SMOTE,0,0,0.00826989000599066
Logistic Reg,No SMOTE,0,0,7.293343357180735e-13
Logistic Reg,No SMOTE,0,0,0.03187290360482406
Logistic Reg,No SMOTE,0,0,0.0012147475984329067
Logistic Reg,No SMOTE,0,0,4.586674227871996e-05
Logistic Reg,No SMOTE,0,0,0.0031194910018347887
Logistic Reg,No SMOTE,0,0,4.636234997447876e-05
Logistic Reg,No SMOTE,0,0,9.59280329201974e-07
Logistic Reg,No SMOTE,0,0,9.66094621325022e-07
Logistic Reg,No SMOTE,0,0,0.042826563412411034
Logistic Reg,No SMOTE,0,0,4.578784266022768e-05
Logistic Reg,No SMOTE,0,0,4.566336200887354e-05
Logistic Reg,No SMOTE,0,0,1.4564774765823258e-06
Logistic Reg,No SMOTE,0,0,1.3838549225671243e-06
Logistic Reg,No SMOTE,0,0,4.869025922946036e-07
Logistic Reg,No SMOTE,0,0,5.5608625764900455e-05
Logistic Reg,No SMOTE,0,0,0.014676602665283775
Logistic Reg,No SMOTE,0,0,1.3315984267465648e-10
Logistic Reg,No SMOTE,0,0,8.774805681298849e-05
Logistic Reg,No SMOTE,0,0,1.0907087551112157e-06
Logistic Reg,No SMOTE,0,0,0.0310199589565635
Logistic Reg,No SMOTE,0,0,0.0008904110601561383
Logistic Reg,No SMOTE,0,0,2.364538108034504e-05
Logistic Reg,No SMOTE,0,0,4.573885173861177e-05
Logistic Reg,No SMOTE,0,0,1.13175059010744e-06
Logistic Reg,No SMOTE,0,0,1.1225100752889563e-12
Logistic Reg,No SMOTE,0,0,0.023573579969839987
Logistic Reg,No SMOTE,0,0,1.1321189156404095e-06
Logistic Reg,No SMOTE,0,0,1.4471532616930607e-13
Logistic Reg,No SMOTE,0,0,2.0419986121426893e-13
Logistic Reg,No SMOTE,0,0,9.429655502857847e-07
Logistic Reg,No SMOTE,0,0,6.564482563744322e-07
Logistic Reg,No SMOTE,0,0,4.5582601002470635e-05
Logistic Reg,No SMOTE,0,0,0.0014261628905451707
Logistic Reg,No SMOTE,0,0,8.369974162486978e-05
Logistic Reg,No SMOTE,0,0,1.0789607193311682e-06
Logistic Reg,No SMOTE,0,0,0.0060150773919847465
Logistic Reg,No SMOTE,0,0,0.009866028393186614
Logistic Reg,No SMOTE,0,0,6.064690837925666e-23
Logistic Reg,No SMOTE,0,0,0.02143136506385834
Logistic Reg,No SMOTE,0,0,7.639855036060275e-11
Logistic Reg,No SMOTE,0,0,0.2842010524717073
Logistic Reg,No SMOTE,0,0,0.00011211782437200294
Logistic Reg,No SMOTE,0,0,0.011610061327210867
Logistic Reg,No SMOTE,0,0,0.006455544152327017
Logistic Reg,No SMOTE,0,0,6.094058964900714e-13
Logistic Reg,No SMOTE,0,0,0.2908533442707179
Logistic Reg,No SMOTE,0,0,0.00903907221249038
Logistic Reg,No SMOTE,0,0,1.2922284322422124e-06
Logistic Reg,No SMOTE,0,0,0.0015662780011218788
Logistic Reg,No SMOTE,0,0,4.581598075635037e-05
Logistic Reg,No SMOTE,0,0,0.04057120997308114
Logistic Reg,No SMOTE,0,0,1.1754185544047206e-07
Logistic Reg,No SMOTE,0,0,1.126223928396797e-06
Logistic Reg,No SMOTE,0,0,0.0013029896954657681
Logistic Reg,No SMOTE,0,0,0.23940812514127763
Logistic Reg,No SMOTE,0,0,1.4116235771292016e-06
Logistic Reg,No SMOTE,0,0,7.350435308691265e-05
Logistic Reg,No SMOTE,0,0,5.886816592070398e-07
Logistic Reg,No SMOTE,0,0,2.319111831082758e-18
Logistic Reg,No SMOTE,0,1,0.6301932487203369
Logistic Reg,No SMOTE,0,0,2.9838259152544023e-05
Logistic Reg,No SMOTE,0,0,1.6367355022914336e-10
Logistic Reg,No SMOTE,0,0,1.0060078728695644e-06
Logistic Reg,No SMOTE,0,0,8.0439386883433e-09
Logistic Reg,No SMOTE,0,0,0.039808127106880795
Logistic Reg,No SMOTE,0,0,6.570947262738128e-07
Logistic Reg,No SMOTE,0,0,2.436970513133573e-13
Logistic Reg,No SMOTE,0,0,8.299157867860629e-12
Logistic Reg,No SMOTE,0,0,0.031769583962783086
Logistic Reg,No SMOTE,0,0,7.836305771625303e-18
Logistic Reg,No SMOTE,0,0,8.575127230523716e-16
Logistic Reg,No SMOTE,0,0,4.797579392369244e-05
Logistic Reg,No SMOTE,0,0,6.81813534711363e-10
Logistic Reg,No SMOTE,0,0,0.032871176774837724
Logistic Reg,No SMOTE,0,0,4.8628104248734004e-05
Logistic Reg,No SMOTE,0,0,5.120496440460937e-05
Logistic Reg,No SMOTE,0,0,0.029926316565484775
Logistic Reg,No SMOTE,0,0,0.0030295696163647125
Logistic Reg,No SMOTE,0,0,0.0012751955094823244
Logistic Reg,No SMOTE,0,0,0.03758399758556495
Logistic Reg,No SMOTE,0,0,1.0898629984438346e-06
Logistic Reg,No SMOTE,0,1,0.6930582793836558
Logistic Reg,No SMOTE,0,0,1.2971692826409502e-10
Logistic Reg,No SMOTE,0,0,0.015499239001834388
Logistic Reg,No SMOTE,0,0,1.1242288149172834e-06
Logistic Reg,No SMOTE,0,1,0.6039709030668061
Logistic Reg,No SMOTE,0,0,9.920656030947007e-07
Logistic Reg,No SMOTE,0,0,0.025060524245582912
Logistic Reg,No SMOTE,0,0,1.6754846975885297e-08
Logistic Reg,No SMOTE,0,0,6.762380595157157e-11
Logistic Reg,No SMOTE,0,0,0.01690076084696816
Logistic Reg,No SMOTE,0,0,1.2415912236506756e-08
Logistic Reg,No SMOTE,0,0,0.0005139111982717237
Logistic Reg,No SMOTE,0,0,1.9544832710136835e-05
Logistic Reg,No SMOTE,0,0,0.0022711783780952864
Logistic Reg,No SMOTE,0,0,0.02776294323347033
Logistic Reg,No SMOTE,0,0,0.00041742972688561987
Logistic Reg,No SMOTE,0,0,0.007153783786430108
Logistic Reg,No SMOTE,0,0,8.882183656162998e-07
Logistic Reg,No SMOTE,0,0,1.1186261191942977e-06
Logistic Reg,No SMOTE,0,0,0.021843571136006795
Logistic Reg,No SMOTE,0,0,1.6474055546504476e-12
Logistic Reg,No SMOTE,0,0,0.04033897501302666
Logistic Reg,No SMOTE,0,0,0.04785687130566664
Logistic Reg,No SMOTE,0,0,4.67312700249606e-05
Logistic Reg,No SMOTE,0,0,4.3869326966701e-10
Logistic Reg,No SMOTE,0,0,0.0331049621617412
Logistic Reg,No SMOTE,0,0,2.7707253604281034e-10
Logistic Reg,No SMOTE,0,1,0.8903925797643668
Logistic Reg,No SMOTE,0,0,4.598606273905821e-05
Logistic Reg,No SMOTE,0,0,5.439657807791354e-08
Logistic Reg,No SMOTE,0,0,1.3663851610202261e-05
Logistic Reg,No SMOTE,0,0,7.749962438234072e-07
Logistic Reg,No SMOTE,0,0,2.2208076986794132e-07
Logistic Reg,No SMOTE,0,0,0.012154268712504532
Logistic Reg,No SMOTE,0,0,8.58358063293507e-07
Logistic Reg,No SMOTE,0,0,0.004135232470558755
Logistic Reg,No SMOTE,0,0,0.041140366781878546
Logistic Reg,No SMOTE,0,0,3.6908057259173603e-10
Logistic Reg,No SMOTE,0,0,0.04062811611221359
Logistic Reg,No SMOTE,0,0,4.7073442814349e-05
Logistic Reg,No SMOTE,0,0,4.322566159723955e-14
Logistic Reg,No SMOTE,0,0,4.619050094090886e-05
Logistic Reg,No SMOTE,0,0,0.04192709407381367
Logistic Reg,No SMOTE,0,0,0.010041397562435191
Logistic Reg,No SMOTE,0,0,7.538623449177933e-07
Logistic Reg,No SMOTE,0,0,0.0008573295113605318
Logistic Reg,No SMOTE,0,0,1.0919259423673058e-18
Logistic Reg,No SMOTE,0,0,0.0005534239172754076
Logistic Reg,No SMOTE,0,0,4.13479234732439e-07
Logistic Reg,No SMOTE,0,0,3.28610643269658e-15
Logistic Reg,No SMOTE,0,0,0.010385178299275757
Logistic Reg,No SMOTE,0,0,9.760944917006492e-07
Logistic Reg,No SMOTE,0,0,0.01327242081557805
Logistic Reg,No SMOTE,0,0,0.03873219857417798
Logistic Reg,No SMOTE,0,0,0.07527014032593039
Logistic Reg,No SMOTE,0,0,4.678114020108649e-05
Logistic Reg,No SMOTE,0,0,4.762148408846783e-05
Logistic Reg,No SMOTE,0,0,1.5013234103967518e-10
Logistic Reg,No SMOTE,0,0,4.599120942815146e-05
Logistic Reg,No SMOTE,0,0,1.1784190478951633e-05
Logistic Reg,No SMOTE,0,0,0.0009597831572214153
Logistic Reg,No SMOTE,0,0,1.890704883167396e-11
Logistic Reg,No SMOTE,0,0,8.88721723459019e-07
Logistic Reg,No SMOTE,0,0,9.937685553311353e-07
Logistic Reg,No SMOTE,0,0,0.49342586876263683
Logistic Reg,No SMOTE,0,0,4.5842192282636474e-05
Logistic Reg,No SMOTE,0,0,7.227239112106728e-07
Logistic Reg,No SMOTE,0,0,0.026269422376704103
Logistic Reg,No SMOTE,0,0,8.67125274549236e-07
Logistic Reg,No SMOTE,0,0,0.02130162139707326
Logistic Reg,No SMOTE,0,0,9.490387369318547e-07
Logistic Reg,No SMOTE,0,0,0.0003930895571982062
Logistic Reg,No SMOTE,0,0,0.04638910212588629
Logistic Reg,No SMOTE,0,0,2.0231036879506636e-14
Logistic Reg,No SMOTE,0,0,0.05979778807144152
Logistic Reg,No SMOTE,0,0,1.6307702523230745e-11
Logistic Reg,No SMOTE,0,0,0.00013072730936529846
Logistic Reg,No SMOTE,0,0,0.0030256092475768733
Logistic Reg,No SMOTE,0,0,5.199568622208719e-13
Logistic Reg,No SMOTE,0,1,0.7562378442381464
Logistic Reg,No SMOTE,0,0,5.040850248706828e-07
Logistic Reg,No SMOTE,0,0,7.416726268223043e-07
Logistic Reg,No SMOTE,0,0,1.3231691817054187e-25
Logistic Reg,No SMOTE,0,0,4.943185510741909e-05
Logistic Reg,No SMOTE,0,0,0.0018320945009344398
Logistic Reg,No SMOTE,0,0,1.1905156855921657e-07
Logistic Reg,No SMOTE,0,0,0.009372308740075526
Logistic Reg,No SMOTE,0,1,0.764495753841273
Logistic Reg,No SMOTE,0,0,7.366699242748838e-07
Logistic Reg,No SMOTE,0,0,2.79658091910836e-08
Logistic Reg,No SMOTE,0,1,0.6064406002095336
Logistic Reg,No SMOTE,0,0,0.02780821327491808
Logistic Reg,No SMOTE,0,0,2.6817519541720297e-09
Logistic Reg,No SMOTE,0,0,0.025712409129540315
Logistic Reg,No SMOTE,0,0,4.5970739470375e-05
Logistic Reg,No SMOTE,0,0,1.0508344087958466e-06
Logistic Reg,No SMOTE,0,0,2.6257986627949963e-14
Logistic Reg,No SMOTE,0,0,0.027968254316554482
Logistic Reg,No SMOTE,0,1,0.827761744582266
Logistic Reg,No SMOTE,0,1,0.7020576499595558
Logistic Reg,No SMOTE,0,0,2.471645672908163e-12
Logistic Reg,No SMOTE,0,0,0.00048257268056889303
Logistic Reg,No SMOTE,0,0,4.730218360045224e-05
Logistic Reg,No SMOTE,0,0,0.0002865662956984838
Logistic Reg,No SMOTE,0,0,7.072170646753435e-08
Logistic Reg,No SMOTE,0,0,0.027555383204935068
Logistic Reg,No SMOTE,0,0,1.1140508193279648e-09
Logistic Reg,No SMOTE,0,1,0.6769970093514128
Logistic Reg,No SMOTE,0,0,4.570575278014189e-05
Logistic Reg,No SMOTE,0,0,4.65457381278305e-05
Logistic Reg,No SMOTE,0,0,0.03588923828987186
Logistic Reg,No SMOTE,0,0,1.5530407637139513e-07
Logistic Reg,No SMOTE,0,0,0.03678880982479144
Logistic Reg,No SMOTE,0,0,1.765457579749673e-64
Logistic Reg,No SMOTE,0,0,4.597555761698988e-05
Logistic Reg,No SMOTE,0,0,7.851787568432557e-07
Logistic Reg,No SMOTE,0,1,0.9463289595793948
Logistic Reg,No SMOTE,0,0,1.7724556451281724e-16
Logistic Reg,No SMOTE,0,0,4.583912909718284e-05
Logistic Reg,No SMOTE,0,0,2.0881395955140946e-17
Logistic Reg,No SMOTE,0,0,1.3305327284465815e-06
Logistic Reg,No SMOTE,0,0,4.6161265823345744e-05
Logistic Reg,No SMOTE,0,0,0.011935855993425143
Logistic Reg,No SMOTE,0,0,4.6614618217607394e-05
Logistic Reg,No SMOTE,0,0,0.019978770501101768
Logistic Reg,No SMOTE,0,0,4.723086271370295e-05
Logistic Reg,No SMOTE,0,0,0.004460155145842545
Logistic Reg,No SMOTE,0,0,0.3944958814703843
Logistic Reg,No SMOTE,0,0,0.029406135114616608
Logistic Reg,No SMOTE,0,0,4.6463798997531513e-05
Logistic Reg,No SMOTE,0,0,0.052988756245268775
Logistic Reg,No SMOTE,0,0,0.00115065714614152
Logistic Reg,No SMOTE,0,0,4.680975697888057e-05
Logistic Reg,No SMOTE,0,0,2.1807206774448296e-08
Logistic Reg,No SMOTE,0,0,0.0007677556800552796
Logistic Reg,No SMOTE,0,0,1.3346287571557276e-06
Logistic Reg,No SMOTE,0,0,4.806746388203151e-05
Logistic Reg,No SMOTE,0,0,6.094002930788968e-19
Logistic Reg,No SMOTE,0,0,0.0004486360873229708
Logistic Reg,No SMOTE,0,0,0.04857158427881873
Logistic Reg,No SMOTE,0,0,0.04392597254185849
Logistic Reg,No SMOTE,0,0,1.3133801695017531e-09
Logistic Reg,No SMOTE,0,0,0.06786929423374674
Logistic Reg,No SMOTE,0,0,0.0009960716787775162
Logistic Reg,No SMOTE,0,0,6.556966129154905e-07
Logistic Reg,No SMOTE,0,0,1.4646242369392187e-05
Logistic Reg,No SMOTE,0,0,0.0013537315308736252
Logistic Reg,No SMOTE,0,0,8.819549780619703e-06
Logistic Reg,No SMOTE,0,0,0.03264210266887159
Logistic Reg,No SMOTE,0,0,1.1182356947965236e-06
Logistic Reg,No SMOTE,0,0,0.035727681856951674
Logistic Reg,No SMOTE,0,0,0.025727006018890254
Logistic Reg,No SMOTE,0,0,0.025227564940347374
Logistic Reg,No SMOTE,0,0,5.793968495430912e-09
Logistic Reg,No SMOTE,0,0,0.0001777055632145655
Logistic Reg,No SMOTE,0,0,0.0316241700385675
Logistic Reg,No SMOTE,0,0,5.067348488344325e-11
Logistic Reg,No SMOTE,0,0,0.03891221973383659
Logistic Reg,No SMOTE,0,0,7.601970745645302e-07
Logistic Reg,No SMOTE,0,0,2.507282760895695e-06
Logistic Reg,No SMOTE,0,0,8.935488600696015e-38
Logistic Reg,No SMOTE,0,0,6.136724379663698e-05
Logistic Reg,No SMOTE,0,0,0.12480307086416341
Logistic Reg,No SMOTE,0,0,4.855407830005033e-10
Logistic Reg,No SMOTE,0,0,9.453398196059658e-20
Logistic Reg,No SMOTE,0,0,4.608345031980773e-05
Logistic Reg,No SMOTE,0,0,0.0748291188476353
Logistic Reg,No SMOTE,0,0,6.203665259254282e-07
Logistic Reg,No SMOTE,0,0,1.2660310924646255e-06
Logistic Reg,No SMOTE,0,0,0.0018014838948478037
Logistic Reg,No SMOTE,0,0,5.5753333065108783e-39
Logistic Reg,No SMOTE,0,0,5.0367929686731815e-05
Logistic Reg,No SMOTE,0,0,2.3973786643277308e-12
Logistic Reg,No SMOTE,0,0,1.1049146568434994e-10
Logistic Reg,No SMOTE,0,0,4.563153105396683e-05
Logistic Reg,No SMOTE,0,0,0.05988863054214361
Logistic Reg,No SMOTE,0,0,0.050577165571939635
Logistic Reg,No SMOTE,0,0,1.5259399393203818e-222
Logistic Reg,No SMOTE,0,0,0.0259226758330551
Logistic Reg,No SMOTE,0,0,0.04618757500775862
Logistic Reg,No SMOTE,0,0,1.2891665631662243e-13
Logistic Reg,No SMOTE,0,0,4.5516374318271234e-07
Logistic Reg,No SMOTE,0,0,5.308074788024629e-05
Logistic Reg,No SMOTE,0,0,0.022885248024506345
Logistic Reg,No SMOTE,0,0,4.442850648886632e-05
Logistic Reg,No SMOTE,0,0,0.01467730497014799
Logistic Reg,No SMOTE,0,0,8.529705186546829e-07
Logistic Reg,No SMOTE,0,0,0.023389640187592035
Logistic Reg,No SMOTE,0,0,2.1567690939624444e-11
Logistic Reg,No SMOTE,0,0,0.0011092797142191941
Logistic Reg,No SMOTE,0,0,1.9696922138039178e-13
Logistic Reg,No SMOTE,0,0,0.030147549971053046
Logistic Reg,No SMOTE,0,0,1.5712413025497468e-18
Logistic Reg,No SMOTE,0,0,4.662232940220545e-05
Logistic Reg,No SMOTE,0,0,0.002029309269076567
Logistic Reg,No SMOTE,0,0,8.408136599709574e-12
Logistic Reg,No SMOTE,0,0,0.0126281295392374
Logistic Reg,No SMOTE,0,0,3.4012977879423756e-05
Logistic Reg,No SMOTE,0,0,0.0014366275602395286
Logistic Reg,No SMOTE,0,0,0.04527206280620571
Logistic Reg,No SMOTE,0,0,0.45156543909176594
Logistic Reg,No SMOTE,0,0,5.896979205474832e-10
Logistic Reg,No SMOTE,0,0,9.32598276151082e-07
Logistic Reg,No SMOTE,0,0,4.916176681622072e-08
Logistic Reg,No SMOTE,0,0,0.030555391695067238
Logistic Reg,No SMOTE,0,0,3.938742710196546e-16
Logistic Reg,No SMOTE,0,0,0.030703525037356672
Logistic Reg,No SMOTE,0,0,4.582542108431532e-05
Logistic Reg,No SMOTE,0,0,8.507464636211335e-07
Logistic Reg,No SMOTE,0,0,5.974084205531237e-07
Logistic Reg,No SMOTE,0,0,1.0510589687683442e-06
Logistic Reg,No SMOTE,0,0,0.0009969237705585228
Logistic Reg,No SMOTE,0,0,0.022079628092264693
Logistic Reg,No SMOTE,0,0,1.0939473151825324e-06
Logistic Reg,No SMOTE,0,0,0.0005141699301226402
Logistic Reg,No SMOTE,0,0,3.388233526617873e-09
Logistic Reg,No SMOTE,0,0,0.013973791318217734
Logistic Reg,No SMOTE,0,0,0.002095024556373078
Logistic Reg,No SMOTE,0,0,9.078860322743168e-07
Logistic Reg,No SMOTE,0,0,8.533371406781022e-07
Logistic Reg,No SMOTE,0,0,1.879936105547499e-09
Logistic Reg,No SMOTE,0,0,8.573359501889252e-07
Logistic Reg,No SMOTE,0,0,0.2101273441467119
Logistic Reg,No SMOTE,0,0,7.98059666708082e-07
Logistic Reg,No SMOTE,0,0,4.558512754426317e-05
Logistic Reg,No SMOTE,0,0,4.694089782344059e-05
Logistic Reg,No SMOTE,0,1,0.9786997344836812
Logistic Reg,No SMOTE,0,0,0.0014956939561301327
Logistic Reg,No SMOTE,0,0,8.836318551427382e-07
Logistic Reg,No SMOTE,0,0,4.622451132185146e-05
Logistic Reg,No SMOTE,0,0,0.0012058689945893654
Logistic Reg,No SMOTE,0,0,0.03257591450510443
Logistic Reg,No SMOTE,0,0,2.6016128954297246e-20
Logistic Reg,No SMOTE,0,0,0.021663052228717245
Logistic Reg,No SMOTE,0,0,0.0006269170463661137
Logistic Reg,No SMOTE,0,0,8.765428282861105e-15
Logistic Reg,No SMOTE,0,0,6.874921827415037e-07
Logistic Reg,No SMOTE,0,0,7.941755149816795e-07
Logistic Reg,No SMOTE,0,0,0.007493012346433756
Logistic Reg,No SMOTE,0,0,0.03353066652134802
Logistic Reg,No SMOTE,0,0,0.012471821482511915
Logistic Reg,No SMOTE,0,0,1.0564200251694433e-18
Logistic Reg,No SMOTE,0,0,0.01169253176023444
Logistic Reg,No SMOTE,0,0,0.025058151116903
Logistic Reg,No SMOTE,0,0,0.020619980273735156
Logistic Reg,No SMOTE,0,0,1.6732557610540217e-17
Logistic Reg,No SMOTE,0,0,1.120577054820734e-06
Logistic Reg,No SMOTE,0,0,4.6527126421209076e-05
Logistic Reg,No SMOTE,0,0,0.035895234984344694
Logistic Reg,No SMOTE,0,0,4.5717396396425134e-05
Logistic Reg,No SMOTE,0,0,0.0010616030077877673
Logistic Reg,No SMOTE,0,1,0.9179701147006725
Logistic Reg,No SMOTE,0,0,2.5775592909128796e-19
Logistic Reg,No SMOTE,0,0,4.630362415559318e-05
Logistic Reg,No SMOTE,0,0,4.3031691573736797e-05
Logistic Reg,No SMOTE,0,0,4.5634279902456306e-05
Logistic Reg,No SMOTE,0,0,0.01048969167176072
Logistic Reg,No SMOTE,0,0,6.564175316903752e-05
Logistic Reg,No SMOTE,0,0,4.0923508516006767e-07
Logistic Reg,No SMOTE,0,0,0.0006016075974979039
Logistic Reg,No SMOTE,1,1,0.9999274881507061
Logistic Reg,No SMOTE,0,0,3.4591444456824173e-09
Logistic Reg,No SMOTE,0,0,7.281579250750394e-07
Logistic Reg,No SMOTE,0,0,7.490467264801689e-13
Logistic Reg,No SMOTE,0,0,0.003413587565942955
Logistic Reg,No SMOTE,0,0,3.852634896148571e-06
Logistic Reg,No SMOTE,0,0,5.917886117886626e-09
Logistic Reg,No SMOTE,0,0,2.1489372681060953e-28
Logistic Reg,No SMOTE,0,0,0.0009036814291039368
Logistic Reg,No SMOTE,0,0,1.2559250342402436e-06
Logistic Reg,No SMOTE,0,0,1.064795412456063e-19
Logistic Reg,No SMOTE,0,0,1.0217147291766756e-20
Logistic Reg,No SMOTE,0,0,0.0009319521839850809
Logistic Reg,No SMOTE,0,0,0.044057719232650276
Logistic Reg,No SMOTE,0,0,6.562452748658879e-13
Logistic Reg,No SMOTE,0,0,2.8566163745453747e-08
Logistic Reg,No SMOTE,0,0,0.019352097628990015
Logistic Reg,No SMOTE,0,0,0.0021816828157766575
Logistic Reg,No SMOTE,0,0,0.0008835268119660899
Logistic Reg,No SMOTE,0,0,2.1036875967168067e-09
Logistic Reg,No SMOTE,0,0,1.224216482112293e-06
Logistic Reg,No SMOTE,0,0,2.418562146214138e-07
Logistic Reg,No SMOTE,0,0,4.908579260049205e-05
Logistic Reg,No SMOTE,0,0,0.02197047018714653
Logistic Reg,No SMOTE,0,0,3.682179537212458e-18
Logistic Reg,No SMOTE,0,0,0.034043370946142175
Logistic Reg,No SMOTE,0,0,0.047929327142421284
Logistic Reg,No SMOTE,0,0,1.9159124142421081e-07
Logistic Reg,No SMOTE,0,0,1.1081956580371483e-06
Logistic Reg,No SMOTE,0,0,0.0019356939919727627
Logistic Reg,No SMOTE,0,0,0.00756250120202063
Logistic Reg,No SMOTE,0,0,4.820151465154284e-05
Logistic Reg,No SMOTE,0,0,0.03217054025201721
Logistic Reg,No SMOTE,0,0,4.567435459264825e-05
Logistic Reg,No SMOTE,0,0,0.025200951557249298
Logistic Reg,No SMOTE,0,0,0.029975557542791055
Logistic Reg,No SMOTE,0,0,1.2833547466939983e-06
Logistic Reg,No SMOTE,0,0,1.1435424492679308e-06
Logistic Reg,No SMOTE,0,0,0.4308216881553902
Logistic Reg,No SMOTE,0,0,4.558913736885993e-05
Logistic Reg,No SMOTE,0,0,0.019800033821447433
Logistic Reg,No SMOTE,0,0,5.981988312400665e-06
Logistic Reg,No SMOTE,0,0,0.0002541154350875079
Logistic Reg,No SMOTE,0,0,1.6568067446690375e-06
Logistic Reg,No SMOTE,0,0,1.177762262398571e-13
Logistic Reg,No SMOTE,0,0,0.0019384406611384058
Logistic Reg,No SMOTE,0,0,3.414051975853786e-08
Logistic Reg,No SMOTE,0,0,4.777501313711819e-05
Logistic Reg,No SMOTE,0,0,8.278576754503347e-16
Logistic Reg,No SMOTE,0,0,0.0009018045622997086
Logistic Reg,No SMOTE,0,0,0.02829546208627695
Logistic Reg,No SMOTE,0,0,5.6883882048162436e-08
Logistic Reg,No SMOTE,0,0,8.458222148462093e-07
Logistic Reg,No SMOTE,0,0,9.505857884058894e-07
Logistic Reg,No SMOTE,0,0,0.01800399106589814
Logistic Reg,No SMOTE,0,0,3.4504508333751215e-09
Logistic Reg,No SMOTE,0,0,6.192891642827739e-07
Logistic Reg,No SMOTE,0,0,1.1728666793566078e-05
Logistic Reg,No SMOTE,0,0,5.965190909742573e-07
Logistic Reg,No SMOTE,0,0,4.7301644835502154e-05
Logistic Reg,No SMOTE,0,0,7.328985446994167e-06
Logistic Reg,No SMOTE,0,0,0.008240748910107953
Logistic Reg,No SMOTE,0,0,1.6512960490500424e-06
Logistic Reg,No SMOTE,0,0,0.0248979088854734
Logistic Reg,No SMOTE,0,0,7.971358681189788e-06
Logistic Reg,No SMOTE,0,0,8.173814554980144e-06
Logistic Reg,No SMOTE,0,0,3.633896089679721e-09
Logistic Reg,No SMOTE,0,0,5.295039901346073e-05
Logistic Reg,No SMOTE,0,0,4.585846173196981e-05
Logistic Reg,No SMOTE,0,0,0.028938213433237155
Logistic Reg,No SMOTE,0,0,2.646191342599307e-19
Logistic Reg,No SMOTE,0,0,4.604465122010762e-05
Logistic Reg,No SMOTE,0,0,9.589961478761988e-10
Logistic Reg,No SMOTE,0,0,0.0008034156884421632
Logistic Reg,No SMOTE,0,0,4.6704578488046804e-05
Logistic Reg,No SMOTE,0,0,0.006275774758391393
Logistic Reg,No SMOTE,0,0,0.1037017632198335
Logistic Reg,No SMOTE,0,0,5.853428421021122e-05
Logistic Reg,No SMOTE,0,0,1.3945700154006465e-06
Logistic Reg,No SMOTE,0,0,7.351649808504818e-07
Logistic Reg,No SMOTE,0,0,2.9211400878491476e-12
Logistic Reg,No SMOTE,0,0,8.700353428660174e-07
Logistic Reg,No SMOTE,0,0,1.2572897087512017e-05
Logistic Reg,No SMOTE,0,0,4.50523534714767e-07
Logistic Reg,No SMOTE,0,0,1.5617705670141718e-06
Logistic Reg,No SMOTE,0,0,0.00016047018920272338
Logistic Reg,No SMOTE,0,0,0.0019412614369915136
Logistic Reg,No SMOTE,0,0,4.804206948299791e-05
Logistic Reg,No SMOTE,0,0,0.004735904551194662
Logistic Reg,No SMOTE,0,0,2.046002679692277e-06
Logistic Reg,No SMOTE,0,0,8.645212271606765e-07
Logistic Reg,No SMOTE,0,0,0.023997414953330645
Logistic Reg,No SMOTE,0,1,0.5287005985747512
Logistic Reg,No SMOTE,0,0,0.0009377479507087198
Logistic Reg,No SMOTE,0,0,5.272585138202797e-05
Logistic Reg,No SMOTE,0,0,3.0428062981700906e-10
Logistic Reg,No SMOTE,0,0,0.06318390821133286
Logistic Reg,No SMOTE,0,0,0.443808259691916
Logistic Reg,No SMOTE,0,0,8.773555570316044e-06
Logistic Reg,No SMOTE,0,0,0.02774067215185834
Logistic Reg,No SMOTE,0,0,1.0501673140443476e-06
Logistic Reg,No SMOTE,0,0,1.1833740813844266e-06
Logistic Reg,No SMOTE,0,0,0.02763801706825562
Logistic Reg,No SMOTE,0,0,0.0005098510347729013
Logistic Reg,No SMOTE,0,0,1.385519638490083e-13
Logistic Reg,No SMOTE,0,0,6.432485136362467e-07
Logistic Reg,No SMOTE,0,0,0.0004018973282779813
Logistic Reg,No SMOTE,0,0,9.882806687550965e-07
Logistic Reg,No SMOTE,0,1,0.528086086426665
Logistic Reg,No SMOTE,0,0,0.0008098171956416341
Logistic Reg,No SMOTE,0,0,0.0394034720632993
Logistic Reg,No SMOTE,0,0,0.0476940981439309
Logistic Reg,No SMOTE,0,0,0.007433063455447286
Logistic Reg,No SMOTE,0,0,1.6044890607047288e-09
Logistic Reg,No SMOTE,0,0,0.027288282414725955
Logistic Reg,No SMOTE,0,0,9.780904416539928e-07
Logistic Reg,No SMOTE,0,0,4.915813184948127e-05
Logistic Reg,No SMOTE,0,0,0.013407570326485726
Logistic Reg,No SMOTE,0,0,0.3326157790515172
Logistic Reg,No SMOTE,0,0,3.9853487263625604e-08
Logistic Reg,No SMOTE,0,0,4.5588062128997135e-05
Logistic Reg,No SMOTE,0,0,9.481080701893576e-07
Logistic Reg,No SMOTE,0,0,0.028293387132801804
Logistic Reg,No SMOTE,0,0,1.362614743930118e-07
Logistic Reg,No SMOTE,0,0,0.0029548774348534266
Logistic Reg,No SMOTE,0,0,0.038764309882280204
Logistic Reg,No SMOTE,0,0,4.780974884552652e-05
Logistic Reg,No SMOTE,0,0,6.359905897619564e-07
Logistic Reg,No SMOTE,0,0,0.001558868419093829
Logistic Reg,No SMOTE,0,0,0.043380634848170244
Logistic Reg,No SMOTE,0,0,0.00022056584815185857
Logistic Reg,No SMOTE,0,0,0.0002682610180258257
Logistic Reg,No SMOTE,0,0,6.966593525018615e-07
Logistic Reg,No SMOTE,0,0,0.01287775457882175
Logistic Reg,No SMOTE,0,0,3.858965234279181e-30
Logistic Reg,No SMOTE,0,0,0.013743856972067163
Logistic Reg,No SMOTE,0,0,1.3493078923487905e-11
Logistic Reg,No SMOTE,0,0,0.035654667800555595
Logistic Reg,No SMOTE,0,0,0.00016160365605178613
Logistic Reg,No SMOTE,0,0,5.750846190947412e-09
Logistic Reg,No SMOTE,0,0,9.82156957963417e-11
Logistic Reg,No SMOTE,0,0,8.654719589184341e-07
Logistic Reg,No SMOTE,0,0,5.045641898475374e-05
Logistic Reg,No SMOTE,0,0,0.0008448635849889852
Logistic Reg,No SMOTE,0,0,2.0839787895090352e-19
Logistic Reg,No SMOTE,0,0,9.352461169279819e-07
Logistic Reg,No SMOTE,0,0,0.0278494302012016
Logistic Reg,No SMOTE,0,0,1.1710894594822096e-05
Logistic Reg,No SMOTE,0,0,9.426057512835607e-07
Logistic Reg,No SMOTE,0,0,0.0012656442040896202
Logistic Reg,No SMOTE,0,0,7.916813034528002e-07
Logistic Reg,No SMOTE,0,0,0.004572085558763269
Logistic Reg,No SMOTE,0,0,0.03887631633876012
Logistic Reg,No SMOTE,0,0,1.1343999403100596e-08
Logistic Reg,No SMOTE,0,0,7.360942113561201e-07
Logistic Reg,No SMOTE,0,0,0.004466997669325826
Logistic Reg,No SMOTE,0,0,1.3205252050275082e-15
Logistic Reg,No SMOTE,0,0,0.039647144629305506
Logistic Reg,No SMOTE,0,1,0.5736048994935827
Logistic Reg,No SMOTE,0,0,0.0002949255563226558
Logistic Reg,No SMOTE,0,0,4.652985886323894e-05
Logistic Reg,No SMOTE,0,0,0.2819739388992253
Logistic Reg,No SMOTE,0,0,6.915575882132935e-05
Logistic Reg,No SMOTE,0,0,7.752988060191621e-07
Logistic Reg,No SMOTE,0,0,0.0336307110713767
Logistic Reg,No SMOTE,0,1,0.8690469303219761
Logistic Reg,No SMOTE,0,0,1.331436305177855e-12
Logistic Reg,No SMOTE,0,0,0.024518881486612153
Logistic Reg,No SMOTE,0,0,4.4536406316994636e-08
Logistic Reg,No SMOTE,0,0,4.5582753434594335e-05
Logistic Reg,No SMOTE,0,0,6.819581936644165e-06
Logistic Reg,No SMOTE,0,0,4.789716006740188e-06
Logistic Reg,No SMOTE,0,0,8.132990466301225e-07
Logistic Reg,No SMOTE,0,0,2.821256195988128e-07
Logistic Reg,No SMOTE,0,0,1.2486487433427177e-17
Logistic Reg,No SMOTE,0,0,9.000311873358924e-10
Logistic Reg,No SMOTE,0,0,0.0008438285644423566
Logistic Reg,No SMOTE,0,0,8.573424326138963e-06
Logistic Reg,No SMOTE,0,0,1.4344677373653037e-06
Logistic Reg,No SMOTE,0,0,9.781312312871109e-12
Logistic Reg,No SMOTE,0,0,1.1111788151578105e-06
Logistic Reg,No SMOTE,0,0,7.054599879410116e-14
Logistic Reg,No SMOTE,0,0,0.006499176637687888
Logistic Reg,No SMOTE,0,0,6.275340488341319e-08
Logistic Reg,No SMOTE,0,0,1.7508862145199965e-06
Logistic Reg,No SMOTE,0,0,0.02437936851953265
Logistic Reg,No SMOTE,0,0,0.011565583789336937
Logistic Reg,No SMOTE,0,0,2.212945854539368e-06
Logistic Reg,No SMOTE,0,0,1.0390925244411894e-07
Logistic Reg,No SMOTE,0,0,6.386675258252723e-07
Logistic Reg,No SMOTE,0,0,4.57149540030597e-05
Logistic Reg,No SMOTE,0,0,0.08496641774433121
Logistic Reg,No SMOTE,0,0,7.11588916890765e-07
Logistic Reg,No SMOTE,0,0,4.668311333733093e-06
Logistic Reg,No SMOTE,0,1,0.6778507220215465
Logistic Reg,No SMOTE,0,0,4.502176029288827e-06
Logistic Reg,No SMOTE,0,0,0.0007319040770390801
Logistic Reg,No SMOTE,0,0,0.014340518546195228
Logistic Reg,No SMOTE,0,1,0.9227882778232505
Logistic Reg,No SMOTE,0,0,3.6765499550424957e-07
Logistic Reg,No SMOTE,0,0,1.3789045606979247e-14
Logistic Reg,No SMOTE,0,0,3.1158384968411234e-12
Logistic Reg,No SMOTE,0,0,0.0005173886147355599
Logistic Reg,No SMOTE,0,0,0.005712327404369941
Logistic Reg,No SMOTE,0,0,3.994973032146259e-11
Logistic Reg,No SMOTE,0,0,0.2077708094652622
Logistic Reg,No SMOTE,0,0,2.819916106295685e-07
Logistic Reg,No SMOTE,0,0,0.02596408739900615
Logistic Reg,No SMOTE,0,0,0.02378915033618471
Logistic Reg,No SMOTE,0,0,0.006544438657788555
Logistic Reg,No SMOTE,0,0,0.0011755172082960393
Logistic Reg,No SMOTE,0,0,5.437468245017583e-16
Logistic Reg,No SMOTE,0,0,6.677071724418771e-12
Logistic Reg,No SMOTE,0,0,0.03340045736857599
Logistic Reg,No SMOTE,0,0,4.8951771850769815e-05
Logistic Reg,No SMOTE,0,0,0.03252113499226299
Logistic Reg,No SMOTE,0,0,4.944170213796367e-14
Logistic Reg,No SMOTE,0,0,1.706026148018356e-14
Logistic Reg,No SMOTE,0,0,0.0002193088365057723
Logistic Reg,No SMOTE,0,1,0.9280398548251548
Logistic Reg,No SMOTE,0,0,4.718343539148984e-05
Logistic Reg,No SMOTE,0,1,0.6666248775586943
Logistic Reg,No SMOTE,0,0,1.9320849742569935e-16
Logistic Reg,No SMOTE,0,0,0.007014247125264646
Logistic Reg,No SMOTE,0,0,5.356099507622432e-06
Logistic Reg,No SMOTE,0,0,0.012424679496198169
Logistic Reg,No SMOTE,0,0,0.03138690848573623
Logistic Reg,No SMOTE,0,0,7.845634983638537e-07
Logistic Reg,No SMOTE,0,0,8.487672009294507e-10
Logistic Reg,No SMOTE,0,0,0.03133713403068677
Logistic Reg,No SMOTE,0,0,0.056602800784191165
Logistic Reg,No SMOTE,0,0,3.6871499533483047e-07
Logistic Reg,No SMOTE,0,0,1.2278544098612932e-05
Logistic Reg,No SMOTE,0,0,0.01220683380613052
Logistic Reg,No SMOTE,0,0,0.012740472481513398
Logistic Reg,No SMOTE,0,0,4.664501316587804e-05
Logistic Reg,No SMOTE,0,1,0.5044430851385878
Logistic Reg,No SMOTE,0,0,4.709030678961599e-05
Logistic Reg,No SMOTE,0,0,0.0472799678913399
Logistic Reg,No SMOTE,0,0,0.03106843148531036
Logistic Reg,No SMOTE,0,0,7.094844518319482e-07
Logistic Reg,No SMOTE,0,0,0.09800256301536511
Logistic Reg,No SMOTE,0,0,4.807273001184241e-05
Logistic Reg,No SMOTE,0,0,0.00249231192409211
Logistic Reg,No SMOTE,0,0,1.100272942265091e-06
Logistic Reg,No SMOTE,0,0,1.0397040655692409e-06
Logistic Reg,No SMOTE,0,0,0.03212934647372149
Logistic Reg,No SMOTE,0,0,6.880042668760372e-07
Logistic Reg,No SMOTE,0,0,2.1716660443989274e-09
Logistic Reg,No SMOTE,0,0,1.2313375671452937e-06
Logistic Reg,No SMOTE,0,0,5.042469888803018e-09
Logistic Reg,No SMOTE,0,0,4.744897566023674e-05
Logistic Reg,No SMOTE,0,0,0.0021264798168096175
Logistic Reg,No SMOTE,0,0,0.008432763013639245
Logistic Reg,No SMOTE,0,0,4.570732137444336e-05
Logistic Reg,No SMOTE,0,0,5.191138054958386e-15
Logistic Reg,No SMOTE,0,0,0.034522374651287
Logistic Reg,No SMOTE,0,0,9.364624053783271e-05
Logistic Reg,No SMOTE,0,0,4.565690689545266e-05
Logistic Reg,No SMOTE,0,0,7.987548566655162e-08
Logistic Reg,No SMOTE,0,0,0.0008302452204254516
Logistic Reg,No SMOTE,0,0,0.02101786493377535
Logistic Reg,No SMOTE,0,0,9.966874358425292e-07
Logistic Reg,No SMOTE,0,0,0.10308151210345287
Logistic Reg,No SMOTE,0,0,7.239563153304241e-11
Logistic Reg,No SMOTE,0,0,0.011262237307428482
Logistic Reg,No SMOTE,0,0,4.6080179047474214e-05
Logistic Reg,No SMOTE,0,0,0.015469147307940273
Logistic Reg,No SMOTE,0,0,0.004020894997132875
Logistic Reg,No SMOTE,0,0,4.560928819583079e-05
Logistic Reg,No SMOTE,0,0,2.674898059106174e-07
Logistic Reg,No SMOTE,0,0,2.804765543146787e-11
Logistic Reg,No SMOTE,0,0,0.0008951333107853949
Logistic Reg,No SMOTE,0,0,4.985762345740589e-05
Logistic Reg,No SMOTE,0,0,4.611122043669451e-05
Logistic Reg,No SMOTE,0,0,7.762684409043275e-07
Logistic Reg,No SMOTE,0,0,0.034392618327897306
Logistic Reg,No SMOTE,0,0,2.2515531879491297e-08
Logistic Reg,No SMOTE,0,0,0.03480172908536196
Logistic Reg,No SMOTE,0,0,0.026928429393729386
Logistic Reg,No SMOTE,0,0,7.046254242772819e-12
Logistic Reg,No SMOTE,0,0,0.36297514101364126
Logistic Reg,No SMOTE,0,0,5.552701067350765e-07
Logistic Reg,No SMOTE,0,0,0.0006102955709074631
Logistic Reg,No SMOTE,0,0,0.000641188153208729
Logistic Reg,No SMOTE,0,0,4.5617162174371914e-05
Logistic Reg,No SMOTE,0,0,7.796831090165036e-07
Logistic Reg,No SMOTE,0,0,0.029821669293058732
Logistic Reg,No SMOTE,0,0,1.8088740584842694e-07
Logistic Reg,No SMOTE,0,0,0.0017027938095574928
Logistic Reg,No SMOTE,0,0,0.0004471949825932331
Logistic Reg,No SMOTE,0,0,1.2028747468029813e-06
Logistic Reg,No SMOTE,0,1,0.5391355062057787
Logistic Reg,No SMOTE,0,0,9.648022500084662e-05
Logistic Reg,No SMOTE,0,0,0.03684164984838005
Logistic Reg,No SMOTE,0,0,0.0018571297229747889
Logistic Reg,No SMOTE,0,0,4.5663886648295216e-05
Logistic Reg,No SMOTE,0,0,4.640965919339463e-05
Logistic Reg,No SMOTE,0,0,4.5675210317641773e-05
Logistic Reg,No SMOTE,0,0,4.7691201910991685e-05
Logistic Reg,No SMOTE,0,0,0.1292423825987324
Logistic Reg,No SMOTE,0,0,0.001316313762166454
Logistic Reg,No SMOTE,0,0,0.011333945210000843
Logistic Reg,No SMOTE,0,0,0.0037601379329341078
Logistic Reg,No SMOTE,0,0,0.03872443700411813
Logistic Reg,No SMOTE,0,0,8.663072961337902e-07
Logistic Reg,No SMOTE,0,0,2.8670392728216838e-09
Logistic Reg,No SMOTE,0,0,4.575350193729834e-05
Logistic Reg,No SMOTE,0,0,5.5059986981874575e-05
Logistic Reg,No SMOTE,0,0,4.567172822669554e-05
Logistic Reg,No SMOTE,0,0,9.613736526782567e-07
Logistic Reg,No SMOTE,0,0,6.3465766294429285e-24
Logistic Reg,No SMOTE,0,0,0.013263669001543651
Logistic Reg,No SMOTE,0,0,0.006934997538222908
Logistic Reg,No SMOTE,0,0,0.019988004321584738
Logistic Reg,No SMOTE,0,0,0.0008610867308521701
Logistic Reg,No SMOTE,0,0,1.2972880598625326e-10
Logistic Reg,No SMOTE,0,0,1.8927808704705757e-06
Logistic Reg,No SMOTE,0,0,0.21239184561830945
Logistic Reg,No SMOTE,0,0,7.972272180508443e-07
Logistic Reg,No SMOTE,0,0,0.03153318162198099
Logistic Reg,No SMOTE,0,0,0.000647874866876905
Logistic Reg,No SMOTE,0,0,6.875467177839763e-17
Logistic Reg,No SMOTE,0,0,0.019229398968155717
Logistic Reg,No SMOTE,0,0,4.572415105083557e-05
Logistic Reg,No SMOTE,0,0,2.2716378978729122e-14
Logistic Reg,No SMOTE,0,0,1.7972217473106929e-06
Logistic Reg,No SMOTE,0,0,0.0009350646164772249
Logistic Reg,No SMOTE,0,0,0.02534547605920438
Logistic Reg,No SMOTE,0,0,2.283072539706649e-06
Logistic Reg,No SMOTE,0,0,0.025479417163222582
Logistic Reg,No SMOTE,0,0,3.575056613739643e-06
Logistic Reg,No SMOTE,0,1,0.5051438858029362
Logistic Reg,No SMOTE,0,0,0.0010679305761123023
Logistic Reg,No SMOTE,0,0,3.7589822382909826e-06
Logistic Reg,No SMOTE,0,0,4.088040646090162e-05
Logistic Reg,No SMOTE,0,1,0.9350605334968717
Logistic Reg,No SMOTE,0,0,7.351678935345604e-09
Logistic Reg,No SMOTE,0,0,4.827467217553795e-05
Logistic Reg,No SMOTE,0,0,4.908883010041168e-05
Logistic Reg,No SMOTE,0,0,4.745852329337401e-05
Logistic Reg,No SMOTE,0,0,4.7252184951233054e-05
Logistic Reg,No SMOTE,0,0,0.04325126018739632
Logistic Reg,No SMOTE,0,0,0.03260192507419805
Logistic Reg,No SMOTE,0,0,2.990835444955707e-12
Logistic Reg,No SMOTE,0,0,0.04896444560988719
Logistic Reg,No SMOTE,0,0,0.020813591034592578
Logistic Reg,No SMOTE,0,0,0.014462647180406182
Logistic Reg,No SMOTE,0,0,0.021588401468412385
Logistic Reg,No SMOTE,0,0,4.619784936313261e-05
Logistic Reg,No SMOTE,0,0,0.021098794687228757
Logistic Reg,No SMOTE,0,0,4.573163768065079e-05
Logistic Reg,No SMOTE,0,0,1.6032975055746634e-52
Logistic Reg,No SMOTE,0,1,0.6210294271981937
Logistic Reg,No SMOTE,0,0,4.560396650082987e-05
Logistic Reg,No SMOTE,0,0,0.01461252070572557
Logistic Reg,No SMOTE,0,0,8.658272409829086e-07
Logistic Reg,No SMOTE,0,0,4.8157945767847737e-11
Logistic Reg,No SMOTE,0,0,0.00019673840496006343
Logistic Reg,No SMOTE,0,0,0.033126935602719135
Logistic Reg,No SMOTE,0,0,0.024885545623733834
Logistic Reg,No SMOTE,0,0,0.0017168001405278059
Logistic Reg,No SMOTE,0,0,0.0005003081199303146
Logistic Reg,No SMOTE,0,0,0.044875981954202004
Logistic Reg,No SMOTE,0,0,1.0140769618727033e-06
Logistic Reg,No SMOTE,0,0,3.423154862545505e-06
Logistic Reg,No SMOTE,0,1,0.5592012431447925
Logistic Reg,No SMOTE,0,0,3.4797746119234574e-13
Logistic Reg,No SMOTE,0,0,2.1864222724101646e-11
Logistic Reg,No SMOTE,0,0,0.0008405666425781469
Logistic Reg,No SMOTE,0,0,1.013659990287671e-06
Logistic Reg,No SMOTE,0,0,0.004435592058663261
Logistic Reg,No SMOTE,0,0,1.1480187491051267e-06
Logistic Reg,No SMOTE,0,0,3.407347781292474e-14
Logistic Reg,No SMOTE,0,1,0.8947876560398643
Logistic Reg,No SMOTE,0,0,2.962429701977189e-10
Logistic Reg,No SMOTE,0,0,1.6553099964559253e-05
Logistic Reg,No SMOTE,0,0,4.5582251813781366e-05
Logistic Reg,No SMOTE,0,0,4.8285577824266275e-05
Logistic Reg,No SMOTE,0,0,0.06834051467821582
Logistic Reg,No SMOTE,0,0,8.075393845354417e-07
Logistic Reg,No SMOTE,0,0,6.995534504282735e-07
Logistic Reg,No SMOTE,0,0,0.09099782596655995
Logistic Reg,No SMOTE,0,0,6.919845801303672e-07
Logistic Reg,No SMOTE,0,0,4.731536439829276e-05
Logistic Reg,No SMOTE,0,0,0.011527291747504598
Logistic Reg,No SMOTE,0,0,5.109229029066323e-05
Logistic Reg,No SMOTE,0,0,0.020901441546900688
Logistic Reg,No SMOTE,0,0,7.843612722595102e-07
Logistic Reg,No SMOTE,0,0,0.48110860109805254
Logistic Reg,No SMOTE,0,0,4.617462629339843e-05
Logistic Reg,No SMOTE,0,0,9.618356659459026e-07
Logistic Reg,No SMOTE,0,0,9.205382783827424e-07
Logistic Reg,No SMOTE,0,0,0.03649983199047764
Logistic Reg,No SMOTE,0,0,4.598400974893352e-05
Logistic Reg,No SMOTE,0,0,0.00011094719873771404
Logistic Reg,No SMOTE,0,0,3.2945754139172136e-08
Logistic Reg,No SMOTE,0,0,6.752105418128742e-05
Logistic Reg,No SMOTE,0,0,4.656857903012108e-13
Logistic Reg,No SMOTE,0,0,4.838064233809389e-05
Logistic Reg,No SMOTE,0,0,5.78153753355839e-13
Logistic Reg,No SMOTE,0,0,0.0018007339612427294
Logistic Reg,No SMOTE,0,0,0.43355807049322576
Logistic Reg,No SMOTE,0,0,1.1490336199108096e-10
Logistic Reg,No SMOTE,0,0,0.030659488462615812
Logistic Reg,No SMOTE,0,0,9.253475115596987e-07
Logistic Reg,No SMOTE,0,0,1.273156746311424e-15
Logistic Reg,No SMOTE,0,0,5.804830826821396e-07
Logistic Reg,No SMOTE,0,1,0.9692560728820526
Logistic Reg,No SMOTE,0,0,6.731804191955928e-07
Logistic Reg,No SMOTE,0,1,0.9593498359185281
Logistic Reg,No SMOTE,0,0,0.005124538366129185
Logistic Reg,No SMOTE,0,0,2.596549608337415e-05
Logistic Reg,No SMOTE,0,0,5.6862679938338436e-11
Logistic Reg,No SMOTE,0,0,0.042074435251708425
Logistic Reg,No SMOTE,0,0,4.799099702352501e-05
Logistic Reg,No SMOTE,0,0,2.8026838514561574e-11
Logistic Reg,No SMOTE,0,0,0.0006840614005206403
Logistic Reg,No SMOTE,0,0,3.837978941999471e-15
Logistic Reg,No SMOTE,0,0,0.04423898921406173
Logistic Reg,No SMOTE,0,0,8.765302099261745e-07
Logistic Reg,No SMOTE,0,0,3.095593839137431e-09
Logistic Reg,No SMOTE,0,0,0.0011287572609454232
Logistic Reg,No SMOTE,0,0,0.0008848710230638092
Logistic Reg,No SMOTE,0,0,0.01986387935887332
Logistic Reg,No SMOTE,0,0,0.033634681211454305
Logistic Reg,No SMOTE,0,0,7.038163248939811e-07
Logistic Reg,No SMOTE,0,0,0.041861871759987054
Logistic Reg,No SMOTE,0,0,9.270938183483616e-07
Logistic Reg,No SMOTE,0,0,0.0006640339625615697
Logistic Reg,No SMOTE,0,0,0.00035698676496481713
Logistic Reg,No SMOTE,0,0,5.240128792399122e-08
Logistic Reg,No SMOTE,0,0,2.962939093062077e-09
Logistic Reg,No SMOTE,0,1,0.8863482866041529
Logistic Reg,No SMOTE,0,0,0.031105680296313203
Logistic Reg,No SMOTE,0,0,0.0010980849589299878
Logistic Reg,No SMOTE,0,0,4.590934779793099e-05
Logistic Reg,No SMOTE,0,0,1.0783201300140876e-10
Logistic Reg,No SMOTE,0,0,2.3704320265808372e-23
Logistic Reg,No SMOTE,0,0,9.294762861853032e-07
Logistic Reg,No SMOTE,0,0,1.271077383577114e-06
Logistic Reg,No SMOTE,0,0,0.004211466588951839
Logistic Reg,No SMOTE,0,0,4.030033980284001e-62
Logistic Reg,No SMOTE,0,0,0.01121022515668663
Logistic Reg,No SMOTE,0,0,1.0702648479949408e-06
Logistic Reg,No SMOTE,0,0,4.622071516640302e-05
Logistic Reg,No SMOTE,0,0,7.293968645610507e-07
Logistic Reg,No SMOTE,0,0,4.8205827258322375e-05
Logistic Reg,No SMOTE,0,0,8.307508803292228e-07
Logistic Reg,No SMOTE,0,0,1.2505922792823391e-13
Logistic Reg,No SMOTE,0,0,2.3648353833332349e-07
Logistic Reg,No SMOTE,0,0,5.359325096097279e-22
Logistic Reg,No SMOTE,0,0,0.07322171049048602
Logistic Reg,No SMOTE,0,0,0.021735630048429
Logistic Reg,No SMOTE,0,0,0.049676339794515405
Logistic Reg,No SMOTE,0,0,0.012492600207903564
Logistic Reg,No SMOTE,0,0,3.587827711439606e-22
Logistic Reg,No SMOTE,0,0,0.023029563118377817
Logistic Reg,No SMOTE,0,0,0.010494490517196127
Logistic Reg,No SMOTE,0,0,3.6125844908591144e-06
Logistic Reg,No SMOTE,0,0,0.011073427795973837
Logistic Reg,No SMOTE,0,0,6.560549574994857e-09
Logistic Reg,No SMOTE,0,0,0.05044612797778933
Logistic Reg,No SMOTE,0,0,4.5586493623755044e-05
Logistic Reg,No SMOTE,0,0,3.817362294912969e-09
Logistic Reg,No SMOTE,0,0,0.001213820771631486
Logistic Reg,No SMOTE,0,0,1.0749494295015567e-07
Logistic Reg,No SMOTE,0,0,0.03683752972236816
Logistic Reg,No SMOTE,0,0,4.5711891959449785e-05
Logistic Reg,No SMOTE,0,0,1.2624583989529386e-06
Logistic Reg,No SMOTE,0,0,3.3484812974707094e-07
Logistic Reg,No SMOTE,0,0,9.151810166158489e-07
Logistic Reg,No SMOTE,0,0,1.192935248704366e-07
Logistic Reg,No SMOTE,0,0,1.3433898533276197e-06
Logistic Reg,No SMOTE,0,0,7.186930942345176e-07
Logistic Reg,No SMOTE,0,0,0.012806469720233271
Logistic Reg,No SMOTE,0,0,0.01801104148291483
Logistic Reg,No SMOTE,0,0,6.078095698869522e-11
Logistic Reg,No SMOTE,0,0,4.6533802262395734e-05
Logistic Reg,No SMOTE,0,0,0.005126631508602153
Logistic Reg,No SMOTE,0,0,0.0009369431147102862
Logistic Reg,No SMOTE,0,0,0.030340442092440335
Logistic Reg,No SMOTE,0,0,5.580397511435603e-07
Logistic Reg,No SMOTE,0,0,0.05110222688543368
Logistic Reg,No SMOTE,0,0,5.496529513263767e-05
Logistic Reg,No SMOTE,0,0,2.58584911523587e-05
Logistic Reg,No SMOTE,0,0,1.093454034065396e-06
Logistic Reg,No SMOTE,0,0,0.018439954116590877
Logistic Reg,No SMOTE,0,0,5.607203234783945e-13
Logistic Reg,No SMOTE,0,0,0.04111468272232082
Logistic Reg,No SMOTE,0,0,0.45046107134257474
Logistic Reg,No SMOTE,0,0,0.038877050396853144
Logistic Reg,No SMOTE,0,0,6.20143465549345e-07
Logistic Reg,No SMOTE,0,0,0.0019120998552596546
Logistic Reg,No SMOTE,0,0,0.04976813193045483
Logistic Reg,No SMOTE,0,0,4.6413878547780143e-05
Logistic Reg,No SMOTE,0,0,0.039405309534909685
Logistic Reg,No SMOTE,0,0,1.731433708068272e-06
Logistic Reg,No SMOTE,0,0,1.775548514173558e-05
Logistic Reg,No SMOTE,0,0,0.018029911417249085
Logistic Reg,No SMOTE,0,0,5.925003947393875e-18
Logistic Reg,No SMOTE,0,0,9.848135183941475e-07
Logistic Reg,No SMOTE,0,0,8.380464797756849e-07
Logistic Reg,No SMOTE,0,0,0.04057195406253773
Logistic Reg,No SMOTE,0,0,0.019343583160135236
Logistic Reg,No SMOTE,0,0,9.743351464532739e-05
Logistic Reg,No SMOTE,0,0,4.023748282937862e-15
Logistic Reg,No SMOTE,0,0,0.01401149837527012
Logistic Reg,No SMOTE,0,0,4.358815962535865e-09
Logistic Reg,No SMOTE,0,0,7.60295985643042e-05
Logistic Reg,No SMOTE,0,0,4.587757559204081e-05
Logistic Reg,No SMOTE,0,0,0.0007409713886510994
Logistic Reg,No SMOTE,0,0,9.67279756987833e-07
Logistic Reg,No SMOTE,0,0,8.730175268651314e-07
Logistic Reg,No SMOTE,0,0,1.0646546361591041e-09
Logistic Reg,No SMOTE,0,0,0.03301831392563713
Logistic Reg,No SMOTE,0,0,1.237629704200737e-06
Logistic Reg,No SMOTE,0,0,0.42816535590306565
Logistic Reg,No SMOTE,0,0,6.569421566914641e-07
Logistic Reg,No SMOTE,0,0,1.4139692570847684e-06
Logistic Reg,No SMOTE,0,0,0.028041735935420493
Logistic Reg,No SMOTE,0,1,0.596533923258837
Logistic Reg,No SMOTE,0,0,9.221443675664554e-07
Logistic Reg,No SMOTE,0,0,5.796905436671184e-11
Logistic Reg,No SMOTE,0,0,0.01332904341488181
Logistic Reg,No SMOTE,0,0,3.414618584904347e-09
Logistic Reg,No SMOTE,0,0,6.480212074351685e-07
Logistic Reg,No SMOTE,0,0,4.5658109646508285e-05
Logistic Reg,No SMOTE,0,0,0.03358333274397356
Logistic Reg,No SMOTE,0,0,0.01514878647256857
Logistic Reg,No SMOTE,0,0,0.011465374559672545
Logistic Reg,No SMOTE,0,0,2.8039576509187688e-08
Logistic Reg,No SMOTE,0,0,6.0767653068881e-07
Logistic Reg,No SMOTE,0,0,0.0006144048889854306
Logistic Reg,No SMOTE,0,0,0.0003476764206016587
Logistic Reg,No SMOTE,0,0,2.1067132473792704e-09
Logistic Reg,No SMOTE,0,0,2.2720482827277272e-13
Logistic Reg,No SMOTE,0,0,2.2727666101771187e-07
Logistic Reg,No SMOTE,0,0,2.0904538443086262e-12
Logistic Reg,No SMOTE,0,0,0.11886777483528083
Logistic Reg,No SMOTE,0,0,4.596505989352241e-05
Logistic Reg,No SMOTE,0,0,1.062735845325116e-08
Logistic Reg,No SMOTE,0,0,9.585053909286385e-07
Logistic Reg,No SMOTE,0,0,2.618258667681299e-12
Logistic Reg,No SMOTE,0,1,0.5963911833615273
Logistic Reg,No SMOTE,0,0,0.0012882214493515024
Logistic Reg,No SMOTE,0,0,0.04233786477667497
Logistic Reg,No SMOTE,0,0,4.857049467351689e-07
Logistic Reg,No SMOTE,0,0,1.0252978768588299e-06
Logistic Reg,No SMOTE,0,0,4.701756630123716e-05
Logistic Reg,No SMOTE,0,0,8.171282844806927e-07
Logistic Reg,No SMOTE,0,0,8.738446125146584e-07
Logistic Reg,No SMOTE,0,0,0.03474528160029954
Logistic Reg,No SMOTE,0,0,4.7626942900057906e-05
Logistic Reg,No SMOTE,0,0,0.025085857678351312
Logistic Reg,No SMOTE,0,0,0.00045646796543078453
Logistic Reg,No SMOTE,0,0,0.04430354921142019
Logistic Reg,No SMOTE,0,0,0.00285529971449242
Logistic Reg,No SMOTE,0,0,1.055389658710356e-06
Logistic Reg,No SMOTE,0,0,9.278819098868889e-07
Logistic Reg,No SMOTE,0,0,4.998419337003858e-14
Logistic Reg,No SMOTE,0,0,0.0010728820513537022
Logistic Reg,No SMOTE,0,0,0.058882268599184606
Logistic Reg,No SMOTE,0,0,0.0005800187972622359
Logistic Reg,No SMOTE,0,0,4.583762849481718e-05
Logistic Reg,No SMOTE,0,0,1.0347576784448749e-06
Logistic Reg,No SMOTE,0,0,1.9544334891056522e-10
Logistic Reg,No SMOTE,0,0,0.05465438355258936
Logistic Reg,No SMOTE,0,0,0.02448269099810066
Logistic Reg,No SMOTE,0,0,0.04387157960661976
Logistic Reg,No SMOTE,0,0,4.6884760611271294e-05
Logistic Reg,No SMOTE,0,1,0.9346491655368284
Logistic Reg,No SMOTE,0,0,4.568388204421751e-05
Logistic Reg,No SMOTE,0,0,0.0017961319091710005
Logistic Reg,No SMOTE,0,0,6.097030650061961e-07
Logistic Reg,No SMOTE,0,0,0.03345569229620323
Logistic Reg,No SMOTE,0,0,8.715935983679913e-21
Logistic Reg,No SMOTE,0,0,0.000674185090858112
Logistic Reg,No SMOTE,0,0,3.744515322175094e-12
Logistic Reg,No SMOTE,0,0,6.451666772210617e-07
Logistic Reg,No SMOTE,0,0,0.00010095285036290132
Logistic Reg,No SMOTE,0,0,0.007309984737100758
Logistic Reg,No SMOTE,0,0,0.04504515832212351
Logistic Reg,No SMOTE,0,0,4.6735499453622034e-05
Logistic Reg,No SMOTE,0,0,9.109487119611229e-13
Logistic Reg,No SMOTE,0,0,0.03879231481040897
Logistic Reg,No SMOTE,0,0,4.615949914673949e-05
Logistic Reg,No SMOTE,0,0,5.069613584433049e-05
Logistic Reg,No SMOTE,0,0,3.5713468935944005e-06
Logistic Reg,No SMOTE,0,0,4.0201098221517464e-16
Logistic Reg,No SMOTE,0,0,1.0381112132601268e-06
Logistic Reg,No SMOTE,0,0,0.005566496739788292
Logistic Reg,No SMOTE,0,0,0.0005698094761636135
Logistic Reg,No SMOTE,0,0,2.283876963793161e-07
Logistic Reg,No SMOTE,0,0,4.558272216689474e-05
Logistic Reg,No SMOTE,0,0,3.369987278050982e-06
Logistic Reg,No SMOTE,0,0,0.41030561180599723
Logistic Reg,No SMOTE,0,0,1.2620407848847123e-09
Logistic Reg,No SMOTE,0,0,0.014285455997207049
Logistic Reg,No SMOTE,0,0,0.0012745624442624616
Logistic Reg,No SMOTE,0,0,0.014848853070874003
Logistic Reg,No SMOTE,0,0,9.112426741170418e-10
Logistic Reg,No SMOTE,0,0,1.8606022709069703e-05
Logistic Reg,No SMOTE,0,0,0.3614924759920651
Logistic Reg,No SMOTE,0,0,1.4513224073552297e-07
Logistic Reg,No SMOTE,0,0,2.3949436595462053e-10
Logistic Reg,No SMOTE,0,0,1.1355805344079957e-06
Logistic Reg,No SMOTE,0,0,0.03443231824988913
Logistic Reg,No SMOTE,0,0,5.011145310809786e-05
Logistic Reg,No SMOTE,0,0,0.011513444961221966
Logistic Reg,No SMOTE,0,0,0.01624966001259028
Logistic Reg,No SMOTE,0,0,5.136351753334192e-05
Logistic Reg,No SMOTE,0,0,5.401624497459936e-05
Logistic Reg,No SMOTE,0,0,6.760480573137677e-07
Logistic Reg,No SMOTE,0,0,4.561457993393705e-05
Logistic Reg,No SMOTE,0,0,0.025199785997821265
Logistic Reg,No SMOTE,0,0,5.226201450742107e-16
Logistic Reg,No SMOTE,0,0,6.174991821535345e-07
Logistic Reg,No SMOTE,0,0,4.739632879228325e-05
Logistic Reg,No SMOTE,0,0,1.1028044703168508e-06
Logistic Reg,No SMOTE,0,0,3.8699660735005154e-06
Logistic Reg,No SMOTE,0,0,6.575816784234329e-07
Logistic Reg,No SMOTE,0,0,0.01867962559300994
Logistic Reg,No SMOTE,0,0,0.018510910790417258
Logistic Reg,No SMOTE,0,0,8.430087700494486e-07
Logistic Reg,No SMOTE,0,0,9.65096271868429e-07
Logistic Reg,No SMOTE,0,0,4.617874711103778e-10
Logistic Reg,No SMOTE,0,0,0.0008257731667352328
Logistic Reg,No SMOTE,0,0,5.0928831666381024e-05
Logistic Reg,No SMOTE,0,0,8.980231107958718e-07
Logistic Reg,No SMOTE,0,0,4.5735379701053444e-05
Logistic Reg,No SMOTE,0,0,4.995158070097346e-05
Logistic Reg,No SMOTE,0,0,0.05219710762648984
Logistic Reg,No SMOTE,0,0,2.4345748955128096e-09
Logistic Reg,No SMOTE,0,0,1.1853759047812667e-06
Logistic Reg,No SMOTE,0,0,2.0581478931681539e-07
Logistic Reg,No SMOTE,0,0,6.115960406211888e-07
Logistic Reg,No SMOTE,0,0,1.2988973006319803e-05
Logistic Reg,No SMOTE,0,0,0.46602345328984474
Logistic Reg,No SMOTE,0,0,4.82648220151233e-05
Logistic Reg,No SMOTE,0,0,0.03312212654394333
Logistic Reg,No SMOTE,0,0,0.4400026376410178
Logistic Reg,No SMOTE,0,0,8.695751037527405e-07
Logistic Reg,No SMOTE,0,0,0.00019774889348784532
Logistic Reg,No SMOTE,0,0,0.003503370576165366
Logistic Reg,No SMOTE,0,0,0.0005783853059538453
Logistic Reg,No SMOTE,0,0,0.0008420885762276643
Logistic Reg,No SMOTE,0,0,9.55917754134815e-07
Logistic Reg,No SMOTE,0,0,3.446684346512148e-05
Logistic Reg,No SMOTE,0,0,0.0009731212634113534
Logistic Reg,No SMOTE,0,0,6.120153248531842e-07
Logistic Reg,No SMOTE,0,0,0.026048681999005383
Logistic Reg,No SMOTE,0,0,7.138580501223869e-07
Logistic Reg,No SMOTE,0,0,0.09546254483648467
Logistic Reg,No SMOTE,0,0,0.04301633067378505
Logistic Reg,No SMOTE,0,0,2.0034221309727184e-09
Logistic Reg,No SMOTE,0,0,0.02959801590694603
Logistic Reg,No SMOTE,0,0,4.809981957997433e-05
Logistic Reg,No SMOTE,0,0,4.585734496849153e-05
Logistic Reg,No SMOTE,0,0,2.9925507164196746e-08
Logistic Reg,No SMOTE,0,0,0.29684987457809525
Logistic Reg,No SMOTE,0,0,0.0485110995500414
Logistic Reg,No SMOTE,0,0,6.748335021701905e-17
Logistic Reg,No SMOTE,0,0,0.012899481157360847
Logistic Reg,No SMOTE,0,0,6.836807766835314e-07
Logistic Reg,No SMOTE,0,0,0.34104115766418047
Logistic Reg,No SMOTE,0,0,0.0015968810713801228
Logistic Reg,No SMOTE,0,0,1.3876920713281863e-13
Logistic Reg,No SMOTE,0,0,1.1999588468752598e-06
Logistic Reg,No SMOTE,0,0,0.019621139569054837
Logistic Reg,No SMOTE,0,0,1.2174183865849298e-06
Logistic Reg,No SMOTE,0,0,1.4007896247841983e-09
Logistic Reg,No SMOTE,0,0,2.125168301675739e-12
Logistic Reg,No SMOTE,0,0,0.03494799216665102
Logistic Reg,No SMOTE,0,0,1.8149667902155744e-13
Logistic Reg,No SMOTE,0,0,0.03564849567533072
Logistic Reg,No SMOTE,0,0,3.2995179967986056e-13
Logistic Reg,No SMOTE,0,0,4.574675104849433e-05
Logistic Reg,No SMOTE,0,0,7.324545664750312e-07
Logistic Reg,No SMOTE,0,0,0.026202970564281072
Logistic Reg,No SMOTE,0,0,0.056782879006108775
Logistic Reg,No SMOTE,0,0,1.0025593555129181e-22
Logistic Reg,No SMOTE,0,0,2.1199658419403311e-13
Logistic Reg,No SMOTE,0,0,4.683714725564841e-13
Logistic Reg,No SMOTE,0,0,0.03614872624731638
Logistic Reg,No SMOTE,0,0,7.24913701058932e-07
Logistic Reg,No SMOTE,0,0,0.05053379078273436
Logistic Reg,No SMOTE,0,0,0.029689961424367698
Logistic Reg,No SMOTE,0,0,0.0338330905089958
Logistic Reg,No SMOTE,0,0,0.03787856292176221
Logistic Reg,No SMOTE,0,1,0.6071798620553588
Logistic Reg,No SMOTE,0,0,1.9391035887508656e-06
Logistic Reg,No SMOTE,0,0,0.3748443881348146
Logistic Reg,No SMOTE,0,0,3.841388540263219e-08
Logistic Reg,No SMOTE,0,0,9.142186412776136e-07
Logistic Reg,No SMOTE,0,0,0.02303226769354858
Logistic Reg,No SMOTE,0,0,4.5593216510922264e-05
Logistic Reg,No SMOTE,0,0,1.0307445481038657e-10
Logistic Reg,No SMOTE,0,0,0.0001326394643926232
Logistic Reg,No SMOTE,0,0,2.8613048305058818e-05
Logistic Reg,No SMOTE,0,0,4.95928685107476e-16
Logistic Reg,No SMOTE,0,0,0.006631650207430596
Logistic Reg,No SMOTE,0,0,4.5597763626747235e-05
Logistic Reg,No SMOTE,0,0,4.2400896470569613e-07
Logistic Reg,No SMOTE,0,0,0.00014330265515784114
Logistic Reg,No SMOTE,0,0,1.3045558980281053e-05
Logistic Reg,No SMOTE,0,0,0.03746678489853921
Logistic Reg,No SMOTE,0,0,6.270139959315621e-07
Logistic Reg,No SMOTE,0,0,0.03507504223070172
Logistic Reg,No SMOTE,0,0,0.0003450340858701149
Logistic Reg,No SMOTE,0,0,1.3504869280946653e-05
Logistic Reg,No SMOTE,0,0,0.00329844319558341
Logistic Reg,No SMOTE,0,0,1.1028419075329715e-06
Logistic Reg,No SMOTE,0,0,0.09398098301262316
Logistic Reg,No SMOTE,0,0,0.01557335972005836
Logistic Reg,No SMOTE,0,0,7.746219448085231e-07
Logistic Reg,No SMOTE,0,0,0.03198115391295393
Logistic Reg,No SMOTE,0,0,9.34291845006146e-07
Logistic Reg,No SMOTE,0,0,6.338876875394667e-05
Logistic Reg,No SMOTE,0,0,0.0008441971077190268
Logistic Reg,No SMOTE,0,0,4.7325280498700695e-05
Logistic Reg,No SMOTE,0,0,0.0032265505499410284
Logistic Reg,No SMOTE,0,0,0.03747096010060755
Logistic Reg,No SMOTE,0,0,8.33422834747298e-07
Logistic Reg,No SMOTE,0,0,7.80752312164654e-07
Logistic Reg,No SMOTE,0,0,0.03179339400694636
Logistic Reg,No SMOTE,0,0,1.3371434203575986e-19
Logistic Reg,No SMOTE,0,0,0.49075327504268307
Logistic Reg,No SMOTE,0,0,1.3163869757747882e-12
Logistic Reg,No SMOTE,0,0,4.908257220116532e-06
Logistic Reg,No SMOTE,0,0,0.008103847445447038
Logistic Reg,No SMOTE,0,0,0.0352020824387042
Logistic Reg,No SMOTE,0,0,0.0007126679831306146
Logistic Reg,No SMOTE,0,0,3.40279457226467e-19
Logistic Reg,No SMOTE,0,0,0.035372172502295074
Logistic Reg,No SMOTE,0,0,8.956039164458744e-07
Logistic Reg,No SMOTE,0,0,0.03685657897286485
Logistic Reg,No SMOTE,0,0,8.250657553750965e-07
Logistic Reg,No SMOTE,0,0,9.578475409562007e-06
Logistic Reg,No SMOTE,0,0,0.037167732580781855
Logistic Reg,No SMOTE,0,1,0.5942293294725601
Logistic Reg,No SMOTE,0,0,0.0036492698028872963
Logistic Reg,No SMOTE,0,0,9.425676407821517e-05
Logistic Reg,No SMOTE,0,0,1.027511411004379e-19
Logistic Reg,No SMOTE,0,0,1.582950875153766e-05
Logistic Reg,No SMOTE,0,0,4.5742624768980376e-05
Logistic Reg,No SMOTE,0,0,0.11248554141951835
Logistic Reg,No SMOTE,0,0,0.008093417328968996
Logistic Reg,No SMOTE,0,0,7.11093004856445e-06
Logistic Reg,No SMOTE,0,0,0.041264653182525764
Logistic Reg,No SMOTE,0,0,5.057633455789186e-16
Logistic Reg,No SMOTE,0,0,9.923063683612562e-05
Logistic Reg,No SMOTE,0,0,4.310084018265175e-17
Logistic Reg,No SMOTE,0,0,0.0014378447621847619
Logistic Reg,No SMOTE,0,0,1.485906302328765e-06
Logistic Reg,No SMOTE,0,0,1.1759475597721977e-06
Logistic Reg,No SMOTE,0,0,0.17773184623278535
Logistic Reg,No SMOTE,0,0,1.6896090711355586e-10
Logistic Reg,No SMOTE,0,0,4.303276036343034e-09
Logistic Reg,No SMOTE,0,0,7.682063804680034e-07
Logistic Reg,No SMOTE,0,0,4.5678443218234634e-05
Logistic Reg,No SMOTE,0,0,5.816979745498997e-13
Logistic Reg,No SMOTE,0,0,4.5642980857282746e-05
Logistic Reg,No SMOTE,0,0,4.5589244145097104e-05
Logistic Reg,No SMOTE,0,0,0.0020525951510022887
Logistic Reg,No SMOTE,0,0,0.0033015319953823385
Logistic Reg,No SMOTE,0,0,4.727031061053086e-05
Logistic Reg,No SMOTE,0,0,2.388156631096064e-15
Logistic Reg,No SMOTE,0,0,9.757104059995139e-07
Logistic Reg,No SMOTE,0,0,1.9462749880002715e-08
Logistic Reg,No SMOTE,0,0,5.164065367552447e-10
Logistic Reg,No SMOTE,0,0,4.571721007017833e-05
Logistic Reg,No SMOTE,0,0,4.3038797675172893e-05
Logistic Reg,No SMOTE,0,0,0.009770336105426295
Logistic Reg,No SMOTE,0,0,2.5362386401024407e-18
Logistic Reg,No SMOTE,0,1,0.9700890422293381
Logistic Reg,No SMOTE,0,0,4.7677538005523234e-05
Logistic Reg,No SMOTE,0,1,0.8631201197926353
Logistic Reg,No SMOTE,0,0,0.018208776897788548
Logistic Reg,No SMOTE,0,0,5.376327499160327e-05
Logistic Reg,No SMOTE,0,0,7.70131983027455e-07
Logistic Reg,No SMOTE,0,0,0.02398307646495253
Logistic Reg,No SMOTE,0,0,0.035633949739691154
Logistic Reg,No SMOTE,0,0,6.554934695487472e-13
Logistic Reg,No SMOTE,0,0,1.2592101738352184e-06
Logistic Reg,No SMOTE,0,0,2.0921151274564775e-14
Logistic Reg,No SMOTE,0,0,0.031823227872201335
Logistic Reg,No SMOTE,0,0,4.0823160400687864e-07
Logistic Reg,No SMOTE,0,0,0.02280412153183787
Logistic Reg,No SMOTE,0,0,4.558356976188241e-05
Logistic Reg,No SMOTE,0,0,2.010851019546872e-24
Logistic Reg,No SMOTE,0,0,0.04244251402139218
Logistic Reg,No SMOTE,0,0,1.084662696126955e-06
Logistic Reg,No SMOTE,0,0,2.6759100359923822e-12
Logistic Reg,No SMOTE,0,0,0.0014529887976382399
Logistic Reg,No SMOTE,0,0,1.0602577087702193e-06
Logistic Reg,No SMOTE,0,0,0.03797932733887294
Logistic Reg,No SMOTE,0,0,0.006811754103867502
Logistic Reg,No SMOTE,0,0,6.714835075489272e-07
Logistic Reg,No SMOTE,0,0,4.9270367079547064e-05
Logistic Reg,No SMOTE,0,0,4.868717649246679e-05
Logistic Reg,No SMOTE,0,0,6.789071781402307e-10
Logistic Reg,No SMOTE,0,0,0.0014792166284052354
Logistic Reg,No SMOTE,0,0,0.0028545225849666658
Logistic Reg,No SMOTE,0,0,1.3342218337241115e-12
Logistic Reg,No SMOTE,0,0,0.02887680057104098
Logistic Reg,No SMOTE,0,0,0.4626059209509608
Logistic Reg,No SMOTE,0,0,5.318670094083524e-06
Logistic Reg,No SMOTE,0,0,5.016035104134344e-05
Logistic Reg,No SMOTE,0,0,0.0013574946601502054
Logistic Reg,No SMOTE,0,0,7.332515606248661e-11
Logistic Reg,No SMOTE,0,0,8.260941212452667e-07
Logistic Reg,No SMOTE,0,0,4.456432889398986e-14
Logistic Reg,No SMOTE,0,0,9.33598171409048e-06
Logistic Reg,No SMOTE,0,0,0.003036871775046603
Logistic Reg,No SMOTE,0,0,6.883015905112814e-07
Logistic Reg,No SMOTE,0,0,0.020056343899700336
Logistic Reg,No SMOTE,0,0,0.013966399260219507
Logistic Reg,No SMOTE,0,0,0.016309362591876864
Logistic Reg,No SMOTE,0,0,0.16682318962101989
Logistic Reg,No SMOTE,0,0,4.785737741312636e-05
Logistic Reg,No SMOTE,0,0,0.016736680311192003
Logistic Reg,No SMOTE,0,0,1.0013630290481596e-06
Logistic Reg,No SMOTE,0,0,0.0010398699693853748
Logistic Reg,No SMOTE,0,0,1.2531265937123934e-06
Logistic Reg,No SMOTE,0,0,4.588351760492934e-05
Logistic Reg,No SMOTE,0,0,1.6152104492332627e-11
Logistic Reg,No SMOTE,0,0,1.0521760424616478e-06
Logistic Reg,No SMOTE,0,0,0.002749392827189862
Logistic Reg,No SMOTE,0,0,0.22992286532583248
Logistic Reg,No SMOTE,0,0,0.018039912780553377
Logistic Reg,No SMOTE,0,0,4.568691033634541e-05
Logistic Reg,No SMOTE,0,0,7.754602975490165e-07
Logistic Reg,No SMOTE,0,0,0.011535383862650999
Logistic Reg,No SMOTE,0,0,0.0010290236642016204
Logistic Reg,No SMOTE,0,0,0.025314235323967652
Logistic Reg,No SMOTE,0,0,4.442169359606458e-06
Logistic Reg,No SMOTE,0,0,1.4219144998071191e-06
Logistic Reg,No SMOTE,0,0,8.890404373799282e-07
Logistic Reg,No SMOTE,0,1,0.519566769540509
Logistic Reg,No SMOTE,0,0,1.2054661330651845e-09
Logistic Reg,No SMOTE,0,0,0.022627234939663125
Logistic Reg,No SMOTE,0,0,1.6146540765667957e-13
Logistic Reg,No SMOTE,0,1,0.7057785224804348
Logistic Reg,No SMOTE,0,0,4.910257900734888e-05
Logistic Reg,No SMOTE,0,0,0.023305797913265147
Logistic Reg,No SMOTE,0,0,8.35686153429786e-07
Logistic Reg,No SMOTE,0,0,0.034700418702476324
Logistic Reg,No SMOTE,0,0,3.831341491694236e-09
Logistic Reg,No SMOTE,0,0,0.03255348652264887
Logistic Reg,No SMOTE,0,0,3.919926053661894e-05
Logistic Reg,No SMOTE,0,0,9.480327944919694e-07
Logistic Reg,No SMOTE,0,1,0.6341087031849806
Logistic Reg,No SMOTE,0,0,0.026444885468717268
Logistic Reg,No SMOTE,0,0,2.604233344711608e-26
Logistic Reg,No SMOTE,0,0,0.03348403731875282
Logistic Reg,No SMOTE,0,0,1.3527140871965592e-21
Logistic Reg,No SMOTE,0,0,0.002147413933421586
Logistic Reg,No SMOTE,0,0,0.004373829632582596
Logistic Reg,No SMOTE,0,0,0.012510143228357225
Logistic Reg,No SMOTE,0,0,0.00042722821362673315
Logistic Reg,No SMOTE,0,0,0.017450676310927338
Logistic Reg,No SMOTE,0,0,1.6681646122175373e-22
Logistic Reg,No SMOTE,0,0,0.0023493595558648603
Logistic Reg,No SMOTE,0,0,0.026319169390498377
Logistic Reg,No SMOTE,0,0,6.938905588163529e-07
Logistic Reg,No SMOTE,0,0,0.0016448056748329667
Logistic Reg,No SMOTE,0,1,0.545060767091887
Logistic Reg,No SMOTE,0,0,0.036377628163801926
Logistic Reg,No SMOTE,0,0,4.558338879654718e-05
Logistic Reg,No SMOTE,0,0,1.7644089553703388e-09
Logistic Reg,No SMOTE,0,0,2.5481718314308682e-11
Logistic Reg,No SMOTE,0,0,7.889880088072123e-07
Logistic Reg,No SMOTE,0,0,9.336439405017252e-07
Logistic Reg,No SMOTE,0,0,8.213289234596293e-22
Logistic Reg,No SMOTE,0,0,4.558255982654049e-05
Logistic Reg,No SMOTE,0,0,2.987687743475543e-12
Logistic Reg,No SMOTE,0,0,0.0398623666018372
Logistic Reg,No SMOTE,0,0,9.239676659656477e-07
Logistic Reg,No SMOTE,0,0,0.04189585461874937
Logistic Reg,No SMOTE,0,0,4.7128128108673965e-05
Logistic Reg,No SMOTE,0,0,4.560693154150612e-05
Logistic Reg,No SMOTE,0,0,1.4602323678179516e-18
Logistic Reg,No SMOTE,0,0,0.03129748585323084
Logistic Reg,No SMOTE,0,0,4.568357853066899e-05
Logistic Reg,No SMOTE,0,0,5.064397295722434e-05
Logistic Reg,No SMOTE,0,0,1.0092738248145847e-05
Logistic Reg,No SMOTE,0,0,0.0005622098948959552
Logistic Reg,No SMOTE,0,0,4.6089801035656546e-05
Logistic Reg,No SMOTE,0,0,0.0009155069208089959
Logistic Reg,No SMOTE,0,0,0.016199058467806827
Logistic Reg,No SMOTE,0,0,5.017811193585338e-05
Logistic Reg,No SMOTE,0,0,8.865871343137242e-07
Logistic Reg,No SMOTE,0,0,1.1701680871114625e-06
Logistic Reg,No SMOTE,0,0,0.05472492856593362
Logistic Reg,No SMOTE,0,0,1.9066816226061077e-06
Logistic Reg,No SMOTE,0,0,0.0533731203387503
Logistic Reg,No SMOTE,0,0,5.483166324675742e-07
Logistic Reg,No SMOTE,0,0,4.620959691741951e-05
Logistic Reg,No SMOTE,0,0,1.1864805586303848e-06
Logistic Reg,No SMOTE,0,0,1.0750153866235272e-06
Logistic Reg,No SMOTE,0,0,0.027680043545130862
Logistic Reg,No SMOTE,0,0,0.00019050971156213403
Logistic Reg,No SMOTE,0,0,8.009762153832189e-13
Logistic Reg,No SMOTE,0,0,0.03263081777880721
Logistic Reg,No SMOTE,0,0,1.0604540255593474e-06
Logistic Reg,No SMOTE,0,0,4.6533808975783785e-05
Logistic Reg,No SMOTE,0,0,0.04074791801431488
Logistic Reg,No SMOTE,0,0,8.816166453553525e-08
Logistic Reg,No SMOTE,0,0,1.29225043627348e-10
Logistic Reg,No SMOTE,0,1,0.6105388995171269
Logistic Reg,No SMOTE,0,0,8.04536601422104e-07
Logistic Reg,No SMOTE,0,0,2.5916813426557126e-09
Logistic Reg,No SMOTE,0,0,0.0015542562036978198
Logistic Reg,No SMOTE,0,0,0.04161533633052843
Logistic Reg,No SMOTE,0,0,0.022780855964338483
Logistic Reg,No SMOTE,0,0,8.446154210924845e-07
Logistic Reg,No SMOTE,0,0,0.023063679188446932
Logistic Reg,No SMOTE,0,0,6.34866723525769e-17
Logistic Reg,No SMOTE,0,0,6.396098519809652e-07
Logistic Reg,No SMOTE,0,0,1.4864300213792968e-10
Logistic Reg,No SMOTE,0,0,1.8279483113450802e-08
Logistic Reg,No SMOTE,0,0,9.343631689848247e-07
Logistic Reg,No SMOTE,0,0,0.03435615629390788
Logistic Reg,No SMOTE,0,0,2.2369572368735995e-07
Logistic Reg,No SMOTE,0,1,0.9832170844690616
Logistic Reg,No SMOTE,0,0,0.0006330121556687571
Logistic Reg,No SMOTE,0,0,0.009703267200993989
Logistic Reg,No SMOTE,0,0,0.00841155351121481
Logistic Reg,No SMOTE,0,0,2.2105580856886476e-09
Logistic Reg,No SMOTE,0,0,0.03534752277804365
Logistic Reg,No SMOTE,0,1,0.6019555063465717
Logistic Reg,No SMOTE,0,0,0.02897551531034869
Logistic Reg,No SMOTE,0,0,1.1229181715976898e-06
Logistic Reg,No SMOTE,0,0,0.017210558456661584
Logistic Reg,No SMOTE,0,0,0.0005871014202601678
Logistic Reg,No SMOTE,0,0,5.8039279733728414e-05
Logistic Reg,No SMOTE,0,0,5.414938753148788e-15
Logistic Reg,No SMOTE,0,0,1.2661671180053666e-26
Logistic Reg,No SMOTE,0,0,0.021727284464819804
Logistic Reg,No SMOTE,0,0,0.0004433510470634946
Logistic Reg,No SMOTE,0,0,0.023402462687501804
Logistic Reg,No SMOTE,0,0,0.0017071853825884917
Logistic Reg,No SMOTE,0,0,0.030557178588076928
Logistic Reg,No SMOTE,0,0,3.485247070866742e-08
Logistic Reg,No SMOTE,0,0,0.0004020811847826189
Logistic Reg,No SMOTE,0,0,0.020785775169757773
Logistic Reg,No SMOTE,0,0,0.010351086905633898
Logistic Reg,No SMOTE,0,0,2.1478060378627995e-13
Logistic Reg,No SMOTE,0,0,1.163851013884705e-11
Logistic Reg,No SMOTE,0,0,2.7102463732164525e-09
Logistic Reg,No SMOTE,0,0,0.02287169467509282
Logistic Reg,No SMOTE,0,0,0.0501630040656692
Logistic Reg,No SMOTE,0,0,4.6321261220618845e-05
Logistic Reg,No SMOTE,0,0,0.20590249794121607
Logistic Reg,No SMOTE,0,0,4.6339293278507977e-05
Logistic Reg,No SMOTE,0,0,4.868232270261668e-05
Logistic Reg,No SMOTE,0,0,0.01943090201321777
Logistic Reg,No SMOTE,0,0,4.6202868437679126e-05
Logistic Reg,No SMOTE,0,0,4.659450409094114e-05
Logistic Reg,No SMOTE,0,0,0.03389441776621054
Logistic Reg,No SMOTE,0,0,1.9890301242407343e-06
Logistic Reg,No SMOTE,0,0,0.02546726506392697
Logistic Reg,No SMOTE,0,0,9.056993434218946e-07
Logistic Reg,No SMOTE,0,1,0.5263643005346399
Logistic Reg,No SMOTE,0,0,3.065433707476853e-15
Logistic Reg,No SMOTE,0,0,1.2970925866932467e-06
Logistic Reg,No SMOTE,0,0,0.03454693114155141
Logistic Reg,No SMOTE,0,0,3.1865504966022955e-10
Logistic Reg,No SMOTE,0,0,0.03127953560610581
Logistic Reg,No SMOTE,0,0,0.03580589904538825
Logistic Reg,No SMOTE,0,0,0.0009815642947097877
Logistic Reg,No SMOTE,0,0,4.558428336458657e-05
Logistic Reg,No SMOTE,0,0,0.03373884957004738
Logistic Reg,No SMOTE,0,0,5.843565516864937e-09
Logistic Reg,No SMOTE,0,0,7.940871429781147e-07
Logistic Reg,No SMOTE,0,0,0.000841573276471168
Logistic Reg,No SMOTE,0,0,0.0011299648872053173
Logistic Reg,No SMOTE,0,0,4.558462826753424e-05
Logistic Reg,No SMOTE,0,0,2.616296204046998e-06
Logistic Reg,No SMOTE,0,0,4.63177557596994e-05
Logistic Reg,No SMOTE,0,0,1.3681455740267492e-07
Logistic Reg,No SMOTE,0,0,9.8741576972283e-07
Logistic Reg,No SMOTE,0,0,0.18426676940767214
Logistic Reg,No SMOTE,0,0,0.03995884128920487
Logistic Reg,No SMOTE,0,0,2.6530045301659375e-06
Logistic Reg,No SMOTE,0,0,9.343303489355374e-07
Logistic Reg,No SMOTE,0,0,1.5022950826854976e-05
Logistic Reg,No SMOTE,0,0,0.42802468546264744
Logistic Reg,No SMOTE,0,0,5.104612146872559e-11
Logistic Reg,No SMOTE,0,0,0.043850523582532296
Logistic Reg,No SMOTE,0,0,4.367610097493528e-06
Logistic Reg,No SMOTE,0,0,4.925003588814924e-07
Logistic Reg,No SMOTE,0,0,0.03319597788446571
Logistic Reg,No SMOTE,0,0,2.245345706326396e-09
Logistic Reg,No SMOTE,0,0,0.005803359232737679
Logistic Reg,No SMOTE,0,0,0.05373945958493648
Logistic Reg,No SMOTE,0,0,0.03264063643653905
Logistic Reg,No SMOTE,0,0,8.338992426226562e-07
Logistic Reg,No SMOTE,0,0,1.2414460314428666e-18
Logistic Reg,No SMOTE,0,0,0.04006099590345218
Logistic Reg,No SMOTE,0,0,0.0010723467799055207
Logistic Reg,No SMOTE,0,0,1.1494016522682848e-05
Logistic Reg,No SMOTE,0,0,9.311105634500168e-07
Logistic Reg,No SMOTE,0,0,5.753100067959334e-09
Logistic Reg,No SMOTE,0,0,4.8123495697943425e-11
Logistic Reg,No SMOTE,0,0,4.561971961529873e-05
Logistic Reg,No SMOTE,0,0,0.0017528969343211876
Logistic Reg,No SMOTE,0,0,0.0014230787311731838
Logistic Reg,No SMOTE,0,0,7.959696400998103e-06
Logistic Reg,No SMOTE,0,0,0.017248297192264065
Logistic Reg,No SMOTE,0,0,9.848589299061079e-18
Logistic Reg,No SMOTE,0,0,0.016979828420385396
Logistic Reg,No SMOTE,0,0,0.04231628288228635
Logistic Reg,No SMOTE,0,0,1.675981391429765e-16
Logistic Reg,No SMOTE,0,0,4.603179002835084e-05
Logistic Reg,No SMOTE,0,0,0.009333972034550522
Logistic Reg,No SMOTE,0,0,1.1604974978613318e-06
Logistic Reg,No SMOTE,0,0,9.38698343845875e-05
Logistic Reg,No SMOTE,0,0,3.399340325428948e-13
Logistic Reg,No SMOTE,0,0,3.2081542192999725e-11
Logistic Reg,No SMOTE,0,0,0.036306705105378964
Logistic Reg,No SMOTE,0,0,0.022538504767793347
Logistic Reg,No SMOTE,0,0,4.5828250993149844e-05
Logistic Reg,No SMOTE,0,0,0.039383246650013894
Logistic Reg,No SMOTE,0,0,4.871557562389655e-05
Logistic Reg,No SMOTE,0,0,4.558254037311587e-05
Logistic Reg,No SMOTE,0,0,2.6992558179273707e-07
Logistic Reg,No SMOTE,0,0,1.1395780717887145e-14
Logistic Reg,No SMOTE,0,0,0.007331066364443111
Logistic Reg,No SMOTE,0,0,0.04249293499244541
Logistic Reg,No SMOTE,0,0,0.057899957305989964
Logistic Reg,No SMOTE,0,0,2.1567834335615426e-05
Logistic Reg,No SMOTE,0,0,0.011201294722521741
Logistic Reg,No SMOTE,0,0,0.06980664142661137
Logistic Reg,No SMOTE,0,0,0.000964109911437432
Logistic Reg,No SMOTE,0,0,0.047911303833207845
Logistic Reg,No SMOTE,0,0,0.03835977173430835
Logistic Reg,No SMOTE,0,0,0.015586619248332637
Logistic Reg,No SMOTE,0,0,4.603169554641313e-05
Logistic Reg,No SMOTE,0,0,0.0006624508699214798
Logistic Reg,No SMOTE,0,0,4.558825187206101e-05
Logistic Reg,No SMOTE,0,0,4.779384636649184e-05
Logistic Reg,No SMOTE,0,0,0.026787882777166462
Logistic Reg,No SMOTE,0,0,7.808273522065602e-07
Logistic Reg,No SMOTE,0,0,0.0009183062292246765
Logistic Reg,No SMOTE,0,0,3.652364175963009e-12
Logistic Reg,No SMOTE,0,0,0.0012024283616718695
Logistic Reg,No SMOTE,0,0,4.573813739642451e-05
Logistic Reg,No SMOTE,0,0,0.027208894627668543
Logistic Reg,No SMOTE,0,0,7.488034557152569e-12
Logistic Reg,No SMOTE,0,0,0.0008621929423137421
Logistic Reg,No SMOTE,0,0,1.1291890860553523e-06
Logistic Reg,No SMOTE,0,0,8.31943533356474e-07
Logistic Reg,No SMOTE,0,0,0.02168955801520022
Logistic Reg,No SMOTE,0,0,1.884597709769098e-15
Logistic Reg,No SMOTE,0,0,1.0934669587687171e-06
Logistic Reg,No SMOTE,0,0,0.006357823667395734
Logistic Reg,No SMOTE,0,1,0.7498224793331154
Logistic Reg,No SMOTE,0,0,0.0009202943892159066
Logistic Reg,No SMOTE,0,0,0.047460612791271735
Logistic Reg,No SMOTE,0,0,8.378630081331091e-07
Logistic Reg,No SMOTE,0,0,0.03745991350847027
Logistic Reg,No SMOTE,0,0,0.03693695306977293
Logistic Reg,No SMOTE,0,0,0.0008051788606280197
Logistic Reg,No SMOTE,0,0,0.0339532637304699
Logistic Reg,No SMOTE,0,0,9.291671429802177e-07
Logistic Reg,No SMOTE,0,0,0.0253606536036077
Logistic Reg,No SMOTE,0,0,0.01631124731075973
Logistic Reg,No SMOTE,0,0,0.013883926170798264
Logistic Reg,No SMOTE,0,0,0.04216407627079856
Logistic Reg,No SMOTE,0,0,7.519774357889577e-05
Logistic Reg,No SMOTE,0,0,8.575046387287582e-07
Logistic Reg,No SMOTE,0,1,0.8308833047414699
Logistic Reg,No SMOTE,0,0,0.01249068153464385
Logistic Reg,No SMOTE,0,0,5.114184287284005e-10
Logistic Reg,No SMOTE,0,0,5.369366639477723e-05
Logistic Reg,No SMOTE,0,0,8.371299618088437e-07
Logistic Reg,No SMOTE,0,0,0.032599300866393066
Logistic Reg,No SMOTE,0,1,0.8709053138362504
Logistic Reg,No SMOTE,0,0,1.2947305954030007e-06
Logistic Reg,No SMOTE,0,0,0.0005891119829565499
Logistic Reg,No SMOTE,0,0,0.022446731577637432
Logistic Reg,No SMOTE,0,0,0.0013570392815381372
Logistic Reg,No SMOTE,0,0,0.0378107482128563
Logistic Reg,No SMOTE,0,0,5.4188403366438257e-05
Logistic Reg,No SMOTE,0,0,0.026704991466809748
Logistic Reg,No SMOTE,0,0,1.235581132294066e-06
Logistic Reg,No SMOTE,0,0,1.1726102890570296e-13
Logistic Reg,No SMOTE,0,0,5.0366297630407895e-14
Logistic Reg,No SMOTE,0,0,1.6223238759724052e-07
Logistic Reg,No SMOTE,0,0,2.262685641112505e-11
Logistic Reg,No SMOTE,0,0,4.781074737794676e-05
Logistic Reg,No SMOTE,0,0,0.021816574897586094
Logistic Reg,No SMOTE,0,0,4.558809005009337e-05
Logistic Reg,No SMOTE,0,0,9.1101266454585e-07
Logistic Reg,No SMOTE,0,0,0.026063555462640893
Logistic Reg,No SMOTE,0,0,5.014658641306015e-05
Logistic Reg,No SMOTE,0,0,1.593236211300925e-10
Logistic Reg,No SMOTE,0,0,9.876636460854849e-19
Logistic Reg,No SMOTE,0,0,0.024010264888466026
Logistic Reg,No SMOTE,0,0,0.0011015640730736302
Logistic Reg,No SMOTE,0,0,0.009931330653065805
Logistic Reg,No SMOTE,0,0,0.0007537386158477355
Logistic Reg,No SMOTE,0,0,4.595536705126042e-05
Logistic Reg,No SMOTE,0,0,4.818074132700575e-05
Logistic Reg,No SMOTE,0,0,8.824908624372274e-12
Logistic Reg,No SMOTE,0,0,0.031847929671365044
Logistic Reg,No SMOTE,0,0,0.00022478367895257363
Logistic Reg,No SMOTE,0,0,1.5549185403561148e-16
Logistic Reg,No SMOTE,0,0,4.611874362056393e-05
Logistic Reg,No SMOTE,0,0,0.046167233983765175
Logistic Reg,No SMOTE,0,0,1.0985766999194602e-12
Logistic Reg,No SMOTE,0,0,4.1081781413634454e-07
Logistic Reg,No SMOTE,0,0,0.011262445554813401
Logistic Reg,No SMOTE,0,0,4.561027043359908e-05
Logistic Reg,No SMOTE,0,0,0.009541426447487095
Logistic Reg,No SMOTE,0,0,0.018810078433017463
Logistic Reg,No SMOTE,0,0,6.389089126467139e-07
Logistic Reg,No SMOTE,0,0,7.211344261416168e-05
Logistic Reg,No SMOTE,0,0,1.0910539012654495e-06
Logistic Reg,No SMOTE,0,0,7.18496524845809e-07
Logistic Reg,No SMOTE,0,0,0.14184660828220805
Logistic Reg,No SMOTE,0,0,4.568819696396049e-05
Logistic Reg,No SMOTE,0,0,6.6651330504054e-07
Logistic Reg,No SMOTE,0,1,0.7640921508983776
Logistic Reg,No SMOTE,0,0,0.026481509393496007
Logistic Reg,No SMOTE,0,0,0.045019758181818956
Logistic Reg,No SMOTE,0,0,3.1203707944755814e-12
Logistic Reg,No SMOTE,0,0,2.8321376387656417e-09
Logistic Reg,No SMOTE,0,0,2.7059346395877292e-06
Logistic Reg,No SMOTE,0,0,6.77562000021635e-07
Logistic Reg,No SMOTE,0,0,0.002936849016229761
Logistic Reg,No SMOTE,0,0,1.1712012177370572e-12
Logistic Reg,No SMOTE,0,0,9.212149757836325e-07
Logistic Reg,No SMOTE,0,0,0.05612048020498625
Logistic Reg,No SMOTE,0,0,2.4314188768769114e-08
Logistic Reg,No SMOTE,0,0,0.02622107036603355
Logistic Reg,No SMOTE,0,0,6.767174207454462e-08
Logistic Reg,No SMOTE,0,0,3.560196500426346e-11
Logistic Reg,No SMOTE,0,0,3.50821487900031e-27
Logistic Reg,No SMOTE,0,0,1.1764086048596905e-06
Logistic Reg,No SMOTE,0,0,0.021472075785078985
Logistic Reg,No SMOTE,0,0,0.03578466887484985
Logistic Reg,No SMOTE,0,0,7.494034191682912e-07
Logistic Reg,No SMOTE,0,0,0.02868888802927089
Logistic Reg,No SMOTE,0,0,1.0849183703508784e-06
Logistic Reg,No SMOTE,0,0,0.025154557419718077
Logistic Reg,No SMOTE,0,0,1.1030746513846829e-10
Logistic Reg,No SMOTE,0,0,8.545092139427074e-07
Logistic Reg,No SMOTE,0,0,7.190620918893451e-10
Logistic Reg,No SMOTE,0,0,0.01778127157927638
Logistic Reg,No SMOTE,0,0,0.00019457751424322835
Logistic Reg,No SMOTE,0,0,0.03003633762629933
Logistic Reg,No SMOTE,0,0,2.9558267116699975e-07
Logistic Reg,No SMOTE,0,0,8.3739192738625e-07
Logistic Reg,No SMOTE,0,0,6.487798353403075e-07
Logistic Reg,No SMOTE,0,0,6.365350525178186e-17
Logistic Reg,No SMOTE,0,0,2.5778630061426113e-19
Logistic Reg,No SMOTE,0,0,3.045420702425293e-07
Logistic Reg,No SMOTE,0,1,0.5601198011068791
Logistic Reg,No SMOTE,0,0,1.1767143419040725e-06
Logistic Reg,No SMOTE,0,0,0.03698881666142883
Logistic Reg,No SMOTE,0,0,0.0007291614654004435
Logistic Reg,No SMOTE,0,0,4.746733653527002e-05
Logistic Reg,No SMOTE,0,0,1.2399586493152445e-06
Logistic Reg,No SMOTE,0,0,4.581964133413003e-05
Logistic Reg,No SMOTE,0,0,3.076125983761861e-05
Logistic Reg,No SMOTE,0,0,0.046817292308899174
Logistic Reg,No SMOTE,0,0,0.007213343342394901
Logistic Reg,No SMOTE,0,1,0.8832668103864701
Logistic Reg,No SMOTE,0,0,0.0008294233271761403
Logistic Reg,No SMOTE,0,0,4.863978434208555e-05
Logistic Reg,No SMOTE,0,0,4.723042526412346e-05
Logistic Reg,No SMOTE,0,0,0.017907761914211923
Logistic Reg,No SMOTE,0,0,4.796638869964108e-05
Logistic Reg,No SMOTE,0,0,1.030140356264554e-06
Logistic Reg,No SMOTE,0,0,4.559671536102382e-05
Logistic Reg,No SMOTE,0,0,0.03587684769352853
Logistic Reg,No SMOTE,0,0,0.06442547538970216
Logistic Reg,No SMOTE,0,0,1.1765755090737777e-06
Logistic Reg,No SMOTE,0,0,4.7794406140977095e-05
Logistic Reg,No SMOTE,0,0,1.3393059645244034e-05
Logistic Reg,No SMOTE,0,0,1.0374749062531845e-06
Logistic Reg,No SMOTE,0,0,0.014978107259595717
Logistic Reg,No SMOTE,0,0,1.0571047303378528e-09
Logistic Reg,No SMOTE,0,0,2.9416062147298834e-13
Logistic Reg,No SMOTE,0,0,0.0013978715530237767
Logistic Reg,No SMOTE,0,0,1.1812514648874764e-06
Logistic Reg,No SMOTE,0,0,1.452307668184683e-13
Logistic Reg,No SMOTE,0,0,8.166439866844561e-07
Logistic Reg,No SMOTE,0,0,0.001148437024099979
Logistic Reg,No SMOTE,0,0,0.0001517639831925845
Logistic Reg,No SMOTE,0,0,0.004063348724294164
Logistic Reg,No SMOTE,0,0,0.0001089098235460457
Logistic Reg,No SMOTE,0,0,1.1730783972558437e-06
Logistic Reg,No SMOTE,0,0,5.4556019294955456e-17
Logistic Reg,No SMOTE,0,0,1.0356290410401946e-06
Logistic Reg,No SMOTE,0,0,2.91229372521142e-16
Logistic Reg,No SMOTE,0,0,8.986229343917884e-07
Logistic Reg,No SMOTE,0,0,0.02874089381859403
Logistic Reg,No SMOTE,0,0,0.043980172414080546
Logistic Reg,No SMOTE,0,0,5.5977109178071806e-11
Logistic Reg,No SMOTE,0,0,3.2185235459129706e-33
Logistic Reg,No SMOTE,0,0,0.011133371981413702
Logistic Reg,No SMOTE,0,0,1.3882103778659392e-15
Logistic Reg,No SMOTE,0,0,0.0008627651553209636
Logistic Reg,No SMOTE,0,0,7.750989659193413e-07
Logistic Reg,No SMOTE,0,0,8.87057587902024e-09
Logistic Reg,No SMOTE,0,0,8.040946608459514e-07
Logistic Reg,No SMOTE,0,0,0.03263523232286745
Logistic Reg,No SMOTE,0,0,1.0584004505028961e-05
Logistic Reg,No SMOTE,0,0,7.869431413989766e-06
Logistic Reg,No SMOTE,0,0,0.035047319385288885
Logistic Reg,No SMOTE,0,0,0.00781690207683488
Logistic Reg,No SMOTE,0,0,7.192949538846131e-16
Logistic Reg,No SMOTE,0,0,0.19070511718324895
Logistic Reg,No SMOTE,0,0,0.0036615298056139924
Logistic Reg,No SMOTE,0,0,4.805950294126237e-07
Logistic Reg,No SMOTE,0,0,0.043797822773107106
Logistic Reg,No SMOTE,0,0,0.02704565323572987
Logistic Reg,No SMOTE,0,1,0.6529334636104299
Logistic Reg,No SMOTE,0,0,0.0006585585960815755
Logistic Reg,No SMOTE,0,0,4.5586810495714536e-05
Logistic Reg,No SMOTE,0,0,0.0002125357172108338
Logistic Reg,No SMOTE,0,1,0.843715989187064
Logistic Reg,No SMOTE,0,0,1.0106310229876669e-06
Logistic Reg,No SMOTE,0,0,9.112871986370169e-08
Logistic Reg,No SMOTE,0,0,2.4902996047614684e-05
Logistic Reg,No SMOTE,0,0,0.009620424865898083
Logistic Reg,No SMOTE,0,0,0.022008644261880213
Logistic Reg,No SMOTE,0,0,0.030304753207466145
Logistic Reg,No SMOTE,0,0,0.03517605032588292
Logistic Reg,No SMOTE,0,0,4.781038551728785e-05
Logistic Reg,No SMOTE,0,0,0.004959241394349603
Logistic Reg,No SMOTE,0,0,0.1202421188182956
Logistic Reg,No SMOTE,0,0,4.627223510219838e-05
Logistic Reg,No SMOTE,0,0,1.395460314255955e-06
Logistic Reg,No SMOTE,0,0,1.273253208050022e-05
Logistic Reg,No SMOTE,0,1,0.5671921085057863
Logistic Reg,No SMOTE,0,0,4.560136748781913e-05
Logistic Reg,No SMOTE,0,0,0.006718811501385762
Logistic Reg,No SMOTE,0,0,4.590199690455022e-05
Logistic Reg,No SMOTE,0,0,4.707416798441445e-05
Logistic Reg,No SMOTE,0,0,0.0700034161041204
Logistic Reg,No SMOTE,0,0,9.262690266734488e-07
Logistic Reg,No SMOTE,0,0,7.537986812668752e-07
Logistic Reg,No SMOTE,0,0,0.026097095234801856
Logistic Reg,No SMOTE,0,0,1.0374481231838254e-06
Logistic Reg,No SMOTE,0,1,0.5818187636961083
Logistic Reg,No SMOTE,0,0,2.9707050102209096e-11
Logistic Reg,No SMOTE,0,0,1.5655031748330688e-07
Logistic Reg,No SMOTE,0,0,9.83138877306604e-07
Logistic Reg,No SMOTE,0,0,2.5446785277937363e-10
Logistic Reg,No SMOTE,0,0,0.02448419327993396
Logistic Reg,No SMOTE,0,0,0.019577727579603205
Logistic Reg,No SMOTE,0,0,0.00023086743747860423
Logistic Reg,No SMOTE,0,0,6.185329878179257e-06
Logistic Reg,No SMOTE,0,0,0.012468116889066686
Logistic Reg,No SMOTE,0,0,3.9849407625116924e-16
Logistic Reg,No SMOTE,0,0,0.033351069374648996
Logistic Reg,No SMOTE,0,0,4.624901547082645e-05
Logistic Reg,No SMOTE,0,0,1.8193042659482823e-14
Logistic Reg,No SMOTE,0,0,0.00029420727384094666
Logistic Reg,No SMOTE,0,0,0.009199914408342287
Logistic Reg,No SMOTE,0,0,3.873747017355866e-09
Logistic Reg,No SMOTE,0,0,4.973247767549055e-06
Logistic Reg,No SMOTE,0,0,8.410035313844288e-07
Logistic Reg,No SMOTE,0,0,0.021685400527057953
Logistic Reg,No SMOTE,0,0,0.0017429301549153036
Logistic Reg,No SMOTE,0,0,0.04216962890541251
Logistic Reg,No SMOTE,0,0,0.039272446094715766
Logistic Reg,No SMOTE,0,0,0.00014814995394767946
Logistic Reg,No SMOTE,0,0,4.575223708740751e-05
Logistic Reg,No SMOTE,0,0,3.1795177442169687e-24
Logistic Reg,No SMOTE,0,0,4.577588199624836e-05
Logistic Reg,No SMOTE,0,0,0.0320495063713196
Logistic Reg,No SMOTE,0,0,0.03885332081020897
Logistic Reg,No SMOTE,0,0,3.840957364860437e-18
Logistic Reg,No SMOTE,0,0,7.865421605553049e-07
Logistic Reg,No SMOTE,0,0,0.06518289592795075
Logistic Reg,No SMOTE,0,0,0.02697506986401948
Logistic Reg,No SMOTE,0,0,0.053950667117312716
Logistic Reg,No SMOTE,0,0,1.633289761690336e-32
Logistic Reg,No SMOTE,0,0,7.081753277593417e-09
Logistic Reg,No SMOTE,0,0,0.03901317071534534
Logistic Reg,No SMOTE,0,0,0.11105100085234698
Logistic Reg,No SMOTE,1,0,0.07648353290146842
Logistic Reg,No SMOTE,0,0,0.0006514597478693802
Logistic Reg,No SMOTE,0,0,2.5552669316029855e-12
Logistic Reg,No SMOTE,0,0,4.5731874766874076e-05
Logistic Reg,No SMOTE,0,0,0.008818682550533285
Logistic Reg,No SMOTE,0,0,0.0014543579213614462
Logistic Reg,No SMOTE,0,0,0.03775711131360657
Logistic Reg,No SMOTE,0,0,0.0010935946463487773
Logistic Reg,No SMOTE,0,0,0.013285177374017215
Logistic Reg,No SMOTE,0,0,0.0007703845388716603
Logistic Reg,No SMOTE,0,0,3.0613056751894283e-12
Logistic Reg,No SMOTE,0,0,0.00022683772809747467
Logistic Reg,No SMOTE,0,0,1.7028687529001158e-07
Logistic Reg,No SMOTE,0,0,0.00012854281856740713
Logistic Reg,No SMOTE,0,0,1.4345797727765324e-06
Logistic Reg,No SMOTE,0,0,4.735128115623438e-05
Logistic Reg,No SMOTE,0,0,1.609124805138135e-10
Logistic Reg,No SMOTE,0,0,4.57277006536899e-05
Logistic Reg,No SMOTE,0,0,1.6606881350402723e-06
Logistic Reg,No SMOTE,0,0,0.11400766547285676
Logistic Reg,No SMOTE,0,0,7.457105304162841e-07
Logistic Reg,No SMOTE,0,0,1.1128307622400705e-06
Logistic Reg,No SMOTE,0,0,4.820423919389475e-05
Logistic Reg,No SMOTE,0,0,0.17900554052717324
Logistic Reg,No SMOTE,0,0,6.923616979109672e-07
Logistic Reg,No SMOTE,0,0,4.562669319087811e-05
Logistic Reg,No SMOTE,0,0,0.013872311193438569
Logistic Reg,No SMOTE,0,0,2.937007658193601e-17
Logistic Reg,No SMOTE,0,0,0.029338690933566357
Logistic Reg,No SMOTE,0,0,1.3404598297546085e-06
Logistic Reg,No SMOTE,0,0,0.00017220377775590358
Logistic Reg,No SMOTE,0,0,0.014165754067647607
Logistic Reg,No SMOTE,0,0,6.621587781053545e-11
Logistic Reg,No SMOTE,0,0,2.653350077202407e-11
Logistic Reg,No SMOTE,0,0,0.04747806636939839
Logistic Reg,No SMOTE,0,0,3.0038539651483193e-18
Logistic Reg,No SMOTE,0,0,1.7158297025104104e-32
Logistic Reg,No SMOTE,0,0,4.613245942218109e-10
Logistic Reg,No SMOTE,0,0,1.0508730859406191e-06
Logistic Reg,No SMOTE,0,0,2.332998874158174e-05
Logistic Reg,No SMOTE,0,0,0.012905254995792235
Logistic Reg,No SMOTE,0,0,0.04555876001996736
Logistic Reg,No SMOTE,0,0,4.932297709826382e-09
Logistic Reg,No SMOTE,0,0,8.968514628238855e-22
Logistic Reg,No SMOTE,0,0,4.597417841538214e-05
Logistic Reg,No SMOTE,0,0,0.0005153724405754495
Logistic Reg,No SMOTE,0,0,8.226916451087595e-07
Logistic Reg,No SMOTE,0,0,0.035550220050717674
Logistic Reg,No SMOTE,0,0,1.0136857195277076e-06
Logistic Reg,No SMOTE,0,0,1.1037384553885064e-06
Logistic Reg,No SMOTE,0,0,0.000942072318699396
Logistic Reg,No SMOTE,0,0,4.6411500924352874e-05
Logistic Reg,No SMOTE,0,0,4.678893639898453e-05
Logistic Reg,No SMOTE,0,0,4.5604788277036824e-05
Logistic Reg,No SMOTE,0,0,9.024600196008448e-07
Logistic Reg,No SMOTE,0,0,4.605680879513345e-05
Logistic Reg,No SMOTE,0,0,0.0015651575015001725
Logistic Reg,No SMOTE,0,0,2.487551534313726e-09
Logistic Reg,No SMOTE,0,0,0.047326587825422164
Logistic Reg,No SMOTE,0,0,0.02315337776804465
Logistic Reg,No SMOTE,0,0,0.006197685171030096
Logistic Reg,No SMOTE,0,0,0.0036608121800243316
Logistic Reg,No SMOTE,0,0,0.0001438651050888042
Logistic Reg,No SMOTE,0,0,0.03965728032249796
Logistic Reg,No SMOTE,0,0,0.010133421309959341
Logistic Reg,No SMOTE,0,0,1.8348322730821564e-05
Logistic Reg,No SMOTE,0,0,1.0481056258839116e-06
Logistic Reg,No SMOTE,0,0,7.40643499803702e-07
Logistic Reg,No SMOTE,0,0,0.0557509552810188
Logistic Reg,No SMOTE,0,0,0.18707056125950447
Logistic Reg,No SMOTE,0,0,8.937668238369496e-07
Logistic Reg,No SMOTE,0,0,7.618628540009618e-07
Logistic Reg,No SMOTE,0,0,2.120852457742458e-10
Logistic Reg,No SMOTE,0,0,1.4464714095043785e-06
Logistic Reg,No SMOTE,0,0,1.0096229285970123e-06
Logistic Reg,No SMOTE,0,0,1.4579103820705523e-12
Logistic Reg,No SMOTE,0,0,0.0006346416453608518
Logistic Reg,No SMOTE,0,0,1.9525958534651908e-20
Logistic Reg,No SMOTE,0,0,7.765319871614308e-07
Logistic Reg,No SMOTE,0,0,0.03364259878780899
Logistic Reg,No SMOTE,0,0,0.025161633149231772
Logistic Reg,No SMOTE,0,0,0.004365505749938412
Logistic Reg,No SMOTE,0,0,8.663314513266348e-07
Logistic Reg,No SMOTE,0,0,0.0009250946380643626
Logistic Reg,No SMOTE,0,0,0.04550998568099128
Logistic Reg,No SMOTE,0,0,2.4929390966241833e-08
Logistic Reg,No SMOTE,0,0,0.00900891257152288
Logistic Reg,No SMOTE,0,0,0.04246781758205364
Logistic Reg,No SMOTE,0,0,0.0015225433423601653
Logistic Reg,No SMOTE,0,0,4.343864000053805e-19
Logistic Reg,No SMOTE,0,0,0.06622149719783173
Logistic Reg,No SMOTE,0,0,7.603426049585236e-07
Logistic Reg,No SMOTE,0,0,0.04237429996518584
Logistic Reg,No SMOTE,0,0,0.017239190526967513
Logistic Reg,No SMOTE,0,0,8.983246191333735e-13
Logistic Reg,No SMOTE,0,0,3.903687496734611e-05
Logistic Reg,No SMOTE,0,0,0.013406478149990724
Logistic Reg,No SMOTE,0,0,7.220329923426104e-07
Logistic Reg,No SMOTE,0,0,7.559181892804615e-07
Logistic Reg,No SMOTE,0,0,1.0058184162936865e-06
Logistic Reg,No SMOTE,0,0,2.425588478504818e-10
Logistic Reg,No SMOTE,0,0,1.047776035942119e-06
Logistic Reg,No SMOTE,0,0,1.0140069982706613e-06
Logistic Reg,No SMOTE,0,0,9.094491898031197e-07
Logistic Reg,No SMOTE,0,0,4.584317348160671e-05
Logistic Reg,No SMOTE,0,0,0.0002902782640152707
Logistic Reg,No SMOTE,0,0,2.6392353025550603e-06
Logistic Reg,No SMOTE,0,0,4.582998888684713e-05
Logistic Reg,No SMOTE,0,0,3.2662667664701266e-08
Logistic Reg,No SMOTE,0,0,1.0789817194436191e-06
Logistic Reg,No SMOTE,0,0,0.0025303868805772556
Logistic Reg,No SMOTE,0,0,0.03888889174354562
Logistic Reg,No SMOTE,0,0,0.013934693437610687
Logistic Reg,No SMOTE,0,0,0.0006126318992516596
Logistic Reg,No SMOTE,0,0,0.00010178809654716357
Logistic Reg,No SMOTE,0,0,0.005428553120142432
Logistic Reg,No SMOTE,0,0,6.54588234377102e-14
Logistic Reg,No SMOTE,0,0,0.1525641879343685
Logistic Reg,No SMOTE,0,0,2.0945369253401714e-06
Logistic Reg,No SMOTE,0,0,0.0013421230118663599
Logistic Reg,No SMOTE,0,0,1.437276069551438e-06
Logistic Reg,No SMOTE,0,0,0.02463790420343016
Logistic Reg,No SMOTE,0,0,4.0463709773223996e-09
Logistic Reg,No SMOTE,0,0,0.3013393074004539
Logistic Reg,No SMOTE,0,0,1.0651821048423134e-06
Logistic Reg,No SMOTE,0,0,1.2700322702774422e-08
Logistic Reg,No SMOTE,0,0,0.2811116108662667
Logistic Reg,No SMOTE,0,0,4.5663602761139564e-05
Logistic Reg,No SMOTE,0,0,7.156453625938294e-11
Logistic Reg,No SMOTE,0,0,4.573980923967941e-05
Logistic Reg,No SMOTE,0,0,5.576070063358278e-08
Logistic Reg,No SMOTE,0,0,9.181688756256462e-07
Logistic Reg,No SMOTE,0,0,7.147211588872658e-14
Logistic Reg,No SMOTE,0,0,0.001198361124846659
Logistic Reg,No SMOTE,0,0,0.003049984341428224
Logistic Reg,No SMOTE,0,0,4.577957286116668e-05
Logistic Reg,No SMOTE,0,0,0.007897964755478154
Logistic Reg,No SMOTE,0,0,1.4480379148585643e-06
Logistic Reg,No SMOTE,0,0,9.643289154477765e-08
Logistic Reg,No SMOTE,0,0,8.006574645336254e-07
Logistic Reg,No SMOTE,0,0,0.00045779751989847195
Logistic Reg,No SMOTE,0,0,0.0009692268557170611
Logistic Reg,No SMOTE,0,0,2.8955018632873567e-08
Logistic Reg,No SMOTE,0,0,1.7873822607229209e-06
Logistic Reg,No SMOTE,0,0,0.05046175930197023
Logistic Reg,No SMOTE,0,0,6.496006174656719e-07
Logistic Reg,No SMOTE,0,0,5.652661674271822e-13
Logistic Reg,No SMOTE,0,0,4.768917168505739e-05
Logistic Reg,No SMOTE,0,0,3.6745953595512196e-07
Logistic Reg,No SMOTE,0,0,3.62272305630276e-07
Logistic Reg,No SMOTE,0,0,0.03844395145323569
Logistic Reg,No SMOTE,0,0,4.5601414644813906e-05
Logistic Reg,No SMOTE,0,0,0.0005823500267082816
Logistic Reg,No SMOTE,0,1,0.7589368672083827
Logistic Reg,No SMOTE,0,0,2.2445199619622425e-16
Logistic Reg,No SMOTE,0,0,5.101307788448812e-05
Logistic Reg,No SMOTE,0,0,7.371865394554779e-07
Logistic Reg,No SMOTE,0,0,4.6417510904702225e-05
Logistic Reg,No SMOTE,0,0,8.615887394190871e-07
Logistic Reg,No SMOTE,0,0,1.0686749931460468e-06
Logistic Reg,No SMOTE,0,0,6.633103155575288e-07
Logistic Reg,No SMOTE,0,0,0.056812413696232876
Logistic Reg,No SMOTE,0,0,0.04939013800587623
Logistic Reg,No SMOTE,0,0,6.904632619289904e-07
Logistic Reg,No SMOTE,0,0,5.276762607021484e-21
Logistic Reg,No SMOTE,0,0,7.739849983882297e-07
Logistic Reg,No SMOTE,0,0,0.0554421304468374
Logistic Reg,No SMOTE,0,0,1.2258123981625162e-06
Logistic Reg,No SMOTE,0,0,0.0009660851544546729
Logistic Reg,No SMOTE,0,0,0.035015900514995216
Logistic Reg,No SMOTE,0,0,0.0009386155361775385
Logistic Reg,No SMOTE,0,0,9.723710572774986e-05
Logistic Reg,No SMOTE,0,0,2.0424175408866116e-05
Logistic Reg,No SMOTE,0,1,0.6199462691034886
Logistic Reg,No SMOTE,0,0,4.79232039790275e-05
Logistic Reg,No SMOTE,0,0,4.570104872951627e-05
Logistic Reg,No SMOTE,0,0,7.757354396917944e-07
Logistic Reg,No SMOTE,0,0,1.3784475825208842e-06
Logistic Reg,No SMOTE,0,0,0.0042222788290445295
Logistic Reg,No SMOTE,0,0,8.892840851239893e-07
Logistic Reg,No SMOTE,0,0,5.059955943436797e-05
Logistic Reg,No SMOTE,0,0,8.634598920303618e-18
Logistic Reg,No SMOTE,0,0,4.558283623942628e-05
Logistic Reg,No SMOTE,0,0,1.4369815071698476e-05
Logistic Reg,No SMOTE,0,0,0.45906496407621156
Logistic Reg,No SMOTE,0,0,4.865382759934004e-14
Logistic Reg,No SMOTE,0,0,0.02613306608840157
Logistic Reg,No SMOTE,0,0,0.4105547693831166
Logistic Reg,No SMOTE,0,0,1.0191077829754185e-07
Logistic Reg,No SMOTE,0,0,1.583651125198499e-05
Logistic Reg,No SMOTE,0,0,0.010493612433034592
Logistic Reg,No SMOTE,0,0,0.0084485393764474
Logistic Reg,No SMOTE,0,0,1.2495333733427317e-06
Logistic Reg,No SMOTE,0,0,7.037833595428251e-07
Logistic Reg,No SMOTE,0,0,1.2321198377053344e-06
Logistic Reg,No SMOTE,0,0,1.1291412794360911e-06
Logistic Reg,No SMOTE,0,0,0.0009781610528239463
Logistic Reg,No SMOTE,0,0,0.03880569612155836
Logistic Reg,No SMOTE,0,0,0.023763189117980376
Logistic Reg,No SMOTE,0,0,1.646716562155817e-18
Logistic Reg,No SMOTE,0,1,0.9832532377058405
Logistic Reg,No SMOTE,0,0,4.796250384970391e-05
Logistic Reg,No SMOTE,0,0,1.1111456361827542e-14
Logistic Reg,No SMOTE,0,0,6.060450752492791e-05
Logistic Reg,No SMOTE,0,0,0.031400846568718825
Logistic Reg,No SMOTE,0,0,9.275721670750223e-07
Logistic Reg,No SMOTE,0,0,0.039239045635063745
Logistic Reg,No SMOTE,0,1,0.536454511959178
Logistic Reg,No SMOTE,0,0,8.106604275108573e-07
Logistic Reg,No SMOTE,0,0,9.099236623575885e-19
Logistic Reg,No SMOTE,0,0,2.702087960751667e-16
Logistic Reg,No SMOTE,0,0,4.607730509205679e-05
Logistic Reg,No SMOTE,0,0,8.944811883424968e-07
Logistic Reg,No SMOTE,0,0,2.350494948755967e-08
Logistic Reg,No SMOTE,0,0,0.030216152688731655
Logistic Reg,No SMOTE,0,0,7.981101477147775e-07
Logistic Reg,No SMOTE,0,0,9.474846988349938e-07
Logistic Reg,No SMOTE,0,0,0.016048561314503097
Logistic Reg,No SMOTE,0,0,4.558279474335566e-05
Logistic Reg,No SMOTE,0,0,5.307605221516008e-07
Logistic Reg,No SMOTE,0,0,9.97235957021549e-07
Logistic Reg,No SMOTE,0,0,1.2181188060107326e-13
Logistic Reg,No SMOTE,0,0,0.0070693811445362315
Logistic Reg,No SMOTE,0,0,0.02383733970767609
Logistic Reg,No SMOTE,0,0,0.006059089891955928
Logistic Reg,No SMOTE,0,0,0.009640140192700642
Logistic Reg,No SMOTE,0,0,0.00112083331949671
Logistic Reg,No SMOTE,0,0,9.728278169461844e-07
Logistic Reg,No SMOTE,0,0,0.0008542350691743637
Logistic Reg,No SMOTE,0,0,6.037996405018196e-09
Logistic Reg,No SMOTE,0,0,1.8646843562783699e-06
Logistic Reg,No SMOTE,0,0,4.82063394645717e-05
Logistic Reg,No SMOTE,0,0,0.0005527705416195344
Logistic Reg,No SMOTE,0,0,0.0008901957731199278
Logistic Reg,No SMOTE,0,0,0.02310453272688381
Logistic Reg,No SMOTE,0,0,0.044072462371645076
Logistic Reg,No SMOTE,0,0,1.8113873159779779e-07
Logistic Reg,No SMOTE,0,0,0.0026412379285151236
Logistic Reg,No SMOTE,0,0,8.801951298438427e-07
Logistic Reg,No SMOTE,0,0,4.800750939645405e-05
Logistic Reg,No SMOTE,0,0,0.0014631956193549168
Logistic Reg,No SMOTE,0,0,7.623581025066572e-07
Logistic Reg,No SMOTE,0,0,0.043009433750759885
Logistic Reg,No SMOTE,0,0,4.5591002135730826e-05
Logistic Reg,No SMOTE,0,1,0.9763517472840297
Logistic Reg,No SMOTE,0,0,8.65776531231835e-11
Logistic Reg,No SMOTE,0,0,7.618840131840738e-07
Logistic Reg,No SMOTE,0,0,3.2396804103106205e-06
Logistic Reg,No SMOTE,0,0,0.040246016232229134
Logistic Reg,No SMOTE,0,0,1.6277737331951349e-07
Logistic Reg,No SMOTE,0,0,0.0015836448144379961
Logistic Reg,No SMOTE,0,0,1.0200193763609162e-06
Logistic Reg,No SMOTE,0,0,4.182337269689001e-12
Logistic Reg,No SMOTE,0,0,2.8832392740286158e-08
Logistic Reg,No SMOTE,0,0,0.003174670646408365
Logistic Reg,No SMOTE,0,0,0.024575773506398682
Logistic Reg,No SMOTE,0,0,1.7776686745681702e-15
Logistic Reg,No SMOTE,0,0,3.7365536120210506e-07
Logistic Reg,No SMOTE,0,0,0.0007958019120818942
Logistic Reg,No SMOTE,0,0,0.04467708176346198
Logistic Reg,No SMOTE,0,0,4.1009451101606895e-223
Logistic Reg,No SMOTE,0,0,3.0575388606189713e-16
Logistic Reg,No SMOTE,0,0,6.253949990586055e-05
Logistic Reg,No SMOTE,0,0,2.4396500978277613e-19
Logistic Reg,No SMOTE,0,0,6.266858002473715e-07
Logistic Reg,No SMOTE,0,0,5.136247388825864e-05
Logistic Reg,No SMOTE,0,0,7.802342592516241e-07
Logistic Reg,No SMOTE,0,0,0.022316779365967456
Logistic Reg,No SMOTE,0,0,1.1450574686716889e-11
Logistic Reg,No SMOTE,0,0,5.948615680946517e-07
Logistic Reg,No SMOTE,0,0,4.834359124464341e-05
Logistic Reg,No SMOTE,0,0,3.5247556602512453e-13
Logistic Reg,No SMOTE,0,0,0.01788690109606481
Logistic Reg,No SMOTE,0,0,4.616229667719407e-05
Logistic Reg,No SMOTE,0,0,7.304252534700957e-07
Logistic Reg,No SMOTE,0,0,4.89960633450483e-05
Logistic Reg,No SMOTE,0,0,1.6825050396862894e-08
Logistic Reg,No SMOTE,0,0,3.471560739916833e-08
Logistic Reg,No SMOTE,0,0,5.863121441384094e-05
Logistic Reg,No SMOTE,0,0,0.2619563124549724
Logistic Reg,No SMOTE,0,0,0.041601874627602085
Logistic Reg,No SMOTE,0,0,0.04674178888729037
Logistic Reg,No SMOTE,0,0,2.7697736049992386e-14
Logistic Reg,No SMOTE,0,0,0.008230630776488801
Logistic Reg,No SMOTE,0,0,0.049549030077691056
Logistic Reg,No SMOTE,0,0,0.003786210377178345
Logistic Reg,No SMOTE,0,0,8.709212519369755e-07
Logistic Reg,No SMOTE,0,0,0.029904040223676476
Logistic Reg,No SMOTE,0,0,0.026125740124900373
Logistic Reg,No SMOTE,0,0,0.1370077473657613
Logistic Reg,No SMOTE,0,0,1.908538923718152e-12
Logistic Reg,No SMOTE,0,0,0.029956040277991206
Logistic Reg,No SMOTE,0,0,0.015170246047332865
Logistic Reg,No SMOTE,0,0,7.551862069792143e-07
Logistic Reg,No SMOTE,0,0,2.669348627655743e-10
Logistic Reg,No SMOTE,0,0,0.3761070180458197
Logistic Reg,No SMOTE,0,0,0.007273560306652357
Logistic Reg,No SMOTE,0,0,5.751492073691387e-15
Logistic Reg,No SMOTE,0,0,1.1084016739751961e-18
Logistic Reg,No SMOTE,0,0,3.7688384350267065e-06
Logistic Reg,No SMOTE,0,0,6.647858424468204e-10
Logistic Reg,No SMOTE,0,0,7.411574637315439e-07
Logistic Reg,No SMOTE,0,0,0.10513568558411993
Logistic Reg,No SMOTE,0,0,4.9386722389235e-05
Logistic Reg,No SMOTE,0,0,1.4550308468151717e-06
Logistic Reg,No SMOTE,0,0,0.0986270054271509
Logistic Reg,No SMOTE,0,0,4.7304902820844146e-05
Logistic Reg,No SMOTE,0,0,5.375145228708093e-98
Logistic Reg,No SMOTE,0,0,0.01273680904990758
Logistic Reg,No SMOTE,0,0,0.022125452282548246
Logistic Reg,No SMOTE,0,0,2.0168379187324434e-13
Logistic Reg,No SMOTE,0,0,0.014567516446757146
Logistic Reg,No SMOTE,0,0,0.0015324711563507272
Logistic Reg,No SMOTE,0,0,1.051804792648104e-06
Logistic Reg,No SMOTE,0,0,5.152857472238671e-05
Logistic Reg,No SMOTE,0,0,1.9788311128718578e-07
Logistic Reg,No SMOTE,0,0,1.1451058144573812e-05
Logistic Reg,No SMOTE,0,0,3.763189932475519e-05
Logistic Reg,No SMOTE,0,1,0.6150510153304535
Logistic Reg,No SMOTE,0,0,4.7141149711581504e-11
Logistic Reg,No SMOTE,0,0,0.037038830653855846
Logistic Reg,No SMOTE,0,0,0.2852814210123611
Logistic Reg,No SMOTE,0,0,4.5612059480418e-05
Logistic Reg,No SMOTE,0,0,0.030923948383563386
Logistic Reg,No SMOTE,0,0,2.280255850276655e-13
Logistic Reg,No SMOTE,0,0,8.643111866074414e-07
Logistic Reg,No SMOTE,0,0,0.01086823567754658
Logistic Reg,No SMOTE,0,0,0.03267419641957743
Logistic Reg,No SMOTE,0,0,0.4617229551803552
Logistic Reg,No SMOTE,0,0,6.392544889285323e-07
Logistic Reg,No SMOTE,0,0,2.2929036882272034e-07
Logistic Reg,No SMOTE,0,0,0.028706250997648352
Logistic Reg,No SMOTE,0,0,9.562482577584181e-07
Logistic Reg,No SMOTE,0,0,0.32766489728961484
Logistic Reg,No SMOTE,0,0,0.0885479907714764
Logistic Reg,No SMOTE,0,0,0.02754143213553939
Logistic Reg,No SMOTE,0,0,4.574360774779976e-05
Logistic Reg,No SMOTE,0,0,0.02352251679506493
Logistic Reg,No SMOTE,0,0,1.2179092634341458e-09
Logistic Reg,No SMOTE,0,0,4.674507014623725e-05
Logistic Reg,No SMOTE,0,0,9.331981986876989e-07
Logistic Reg,No SMOTE,0,0,0.022030688058702008
Logistic Reg,No SMOTE,0,0,0.047587111913937906
Logistic Reg,No SMOTE,0,0,0.05385184680337661
Logistic Reg,No SMOTE,0,0,0.008016085778705427
Logistic Reg,No SMOTE,0,1,0.8307320556533806
Logistic Reg,No SMOTE,0,0,2.885641681028362e-10
Logistic Reg,No SMOTE,0,0,6.113390071724867e-08
Logistic Reg,No SMOTE,0,0,0.002021665758924749
Logistic Reg,No SMOTE,0,0,0.01052653366861105
Logistic Reg,No SMOTE,0,0,7.670356385811191e-08
Logistic Reg,No SMOTE,0,0,0.001625293107500235
Logistic Reg,No SMOTE,0,0,0.08480728896094637
Logistic Reg,No SMOTE,0,0,1.571194274715872e-05
Logistic Reg,No SMOTE,0,0,9.786373052263248e-07
Logistic Reg,No SMOTE,0,0,9.136590594687768e-07
Logistic Reg,No SMOTE,0,0,7.163045684462395e-12
Logistic Reg,No SMOTE,0,0,0.0006450938340905357
Logistic Reg,No SMOTE,0,0,4.605717818388619e-05
Logistic Reg,No SMOTE,0,0,5.236159607258837e-05
Logistic Reg,No SMOTE,0,0,4.628436684172613e-05
Logistic Reg,No SMOTE,0,0,1.5162832879124335e-06
Logistic Reg,No SMOTE,0,0,8.460249100713137e-07
Logistic Reg,No SMOTE,0,0,7.915453246047009e-07
Logistic Reg,No SMOTE,0,0,0.03070013325233479
Logistic Reg,No SMOTE,0,0,0.0003695409553401358
Logistic Reg,No SMOTE,0,0,0.05895734256122587
Logistic Reg,No SMOTE,0,0,4.623361988654074e-05
Logistic Reg,No SMOTE,0,0,1.8225117310503566e-09
Logistic Reg,No SMOTE,0,0,1.0697151696278068e-06
Logistic Reg,No SMOTE,0,0,0.009878805656144594
Logistic Reg,No SMOTE,0,0,0.040038672532223665
Logistic Reg,No SMOTE,0,0,1.4716186789008308e-16
Logistic Reg,No SMOTE,0,0,7.619816173878426e-09
Logistic Reg,No SMOTE,0,0,6.164206641152755e-216
Logistic Reg,No SMOTE,0,0,2.0954217881151838e-08
Logistic Reg,No SMOTE,0,0,1.415540767072156e-06
Logistic Reg,No SMOTE,0,0,1.1067239459654489e-06
Logistic Reg,No SMOTE,0,0,1.1864051074252618e-06
Logistic Reg,No SMOTE,0,0,1.0450230680937424e-06
Logistic Reg,No SMOTE,0,1,0.9759084863855498
Logistic Reg,No SMOTE,0,0,1.2318431502565486e-07
Logistic Reg,No SMOTE,0,0,9.932806027224227e-14
Logistic Reg,No SMOTE,0,0,1.5006519266439935e-13
Logistic Reg,No SMOTE,0,0,0.00012401110282108586
Logistic Reg,No SMOTE,0,0,0.04824070616370911
Logistic Reg,No SMOTE,0,0,0.012211729983759695
Logistic Reg,No SMOTE,0,0,1.6550742806419537e-06
Logistic Reg,No SMOTE,0,0,9.804411876023204e-07
Logistic Reg,No SMOTE,0,0,2.1308385499404157e-18
Logistic Reg,No SMOTE,0,0,4.615695394414973e-05
Logistic Reg,No SMOTE,0,0,0.03339844113842401
Logistic Reg,No SMOTE,0,0,4.56092491236918e-05
Logistic Reg,No SMOTE,0,0,4.706723416496878e-05
Logistic Reg,No SMOTE,0,0,1.1249575143137758e-06
Logistic Reg,No SMOTE,0,0,4.5589176397776946e-05
Logistic Reg,No SMOTE,0,0,7.539477019750094e-07
Logistic Reg,No SMOTE,0,0,7.948768002480449e-07
Logistic Reg,No SMOTE,0,0,8.386337803455442e-07
Logistic Reg,No SMOTE,0,0,0.029837614814307085
Logistic Reg,No SMOTE,0,0,0.00764697341676941
Logistic Reg,No SMOTE,0,0,8.114290785324526e-07
Logistic Reg,No SMOTE,0,0,0.010875273065025325
Logistic Reg,No SMOTE,0,0,0.003753546555884381
Logistic Reg,No SMOTE,0,0,3.7835440696346523e-14
Logistic Reg,No SMOTE,0,0,0.00034117242341955635
Logistic Reg,No SMOTE,0,0,0.038989971148410504
Logistic Reg,No SMOTE,0,0,0.017427691162256502
Logistic Reg,No SMOTE,0,0,8.040409665054682e-07
Logistic Reg,No SMOTE,0,0,3.307433839535027e-12
Logistic Reg,No SMOTE,0,0,4.920609775221467e-05
Logistic Reg,No SMOTE,0,0,1.060625960917127e-13
Logistic Reg,No SMOTE,0,0,0.000780256757544048
Logistic Reg,No SMOTE,0,0,5.1466765598122126e-08
Logistic Reg,No SMOTE,0,0,0.003536738806282745
Logistic Reg,No SMOTE,0,0,0.0012070470634459325
Logistic Reg,No SMOTE,0,0,0.025213541528893206
Logistic Reg,No SMOTE,0,0,8.128420398610882e-07
Logistic Reg,No SMOTE,0,0,6.878077460701072e-07
Logistic Reg,No SMOTE,0,0,0.028449124281303917
Logistic Reg,No SMOTE,0,1,0.843161173488662
Logistic Reg,No SMOTE,0,0,7.49192702817574e-07
Logistic Reg,No SMOTE,0,0,1.30898318603248e-15
Logistic Reg,No SMOTE,0,0,2.0408512020600515e-05
Logistic Reg,No SMOTE,0,0,5.792559390642935e-09
Logistic Reg,No SMOTE,0,0,7.670632846586656e-07
Logistic Reg,No SMOTE,0,0,4.742286845915596e-05
Logistic Reg,No SMOTE,0,0,0.014944654429541085
Logistic Reg,No SMOTE,0,0,4.558899828525567e-05
Logistic Reg,No SMOTE,0,0,4.705773090942177e-06
Logistic Reg,No SMOTE,0,0,8.150441759614221e-07
Logistic Reg,No SMOTE,0,0,0.014466971572203521
Logistic Reg,No SMOTE,0,0,4.610953154253571e-05
Logistic Reg,No SMOTE,0,0,0.32709645980932606
Logistic Reg,No SMOTE,0,0,0.025614232084064627
Logistic Reg,No SMOTE,0,0,0.0179491489984777
Logistic Reg,No SMOTE,0,0,2.7766395758556843e-09
Logistic Reg,No SMOTE,0,0,0.026985416992727926
Logistic Reg,No SMOTE,0,0,9.593375429162973e-07
Logistic Reg,No SMOTE,0,0,1.0732133076539048e-06
Logistic Reg,No SMOTE,0,0,1.2624550478135733e-07
Logistic Reg,No SMOTE,0,0,1.2025770385383477e-06
Logistic Reg,No SMOTE,0,0,4.6606393172187455e-05
Logistic Reg,No SMOTE,0,0,3.830958581869304e-12
Logistic Reg,No SMOTE,0,0,4.739855848174027e-05
Logistic Reg,No SMOTE,0,0,0.053486104792990416
Logistic Reg,No SMOTE,0,0,0.01674535860170547
Logistic Reg,No SMOTE,0,0,9.805374664122969e-17
Logistic Reg,No SMOTE,0,0,0.047357666165684306
Logistic Reg,No SMOTE,0,0,4.411537508563347e-06
Logistic Reg,No SMOTE,0,0,0.001061684435336249
Logistic Reg,No SMOTE,0,0,9.95181615140885e-07
Logistic Reg,No SMOTE,0,0,0.04777851095055575
Logistic Reg,No SMOTE,0,0,1.47445180908794e-16
Logistic Reg,No SMOTE,0,0,0.20928164386008793
Logistic Reg,No SMOTE,0,0,0.023005627716793577
Logistic Reg,No SMOTE,0,1,0.823862437991021
Logistic Reg,No SMOTE,0,0,4.97614775906926e-05
Logistic Reg,No SMOTE,0,0,0.033121406099729474
Logistic Reg,No SMOTE,0,0,0.0009612910213816871
Logistic Reg,No SMOTE,0,0,1.1155833504487633e-06
Logistic Reg,No SMOTE,0,0,1.3800639267241742e-16
Logistic Reg,No SMOTE,0,0,0.0367445490485837
Logistic Reg,No SMOTE,0,0,1.3927622150610443e-06
Logistic Reg,No SMOTE,0,0,0.03343249453965819
Logistic Reg,No SMOTE,0,0,0.01122461926314324
Logistic Reg,No SMOTE,0,0,1.0985964649216604e-21
Logistic Reg,No SMOTE,0,0,0.008446953607249074
Logistic Reg,No SMOTE,0,0,4.5822639782098437e-05
Logistic Reg,No SMOTE,0,0,2.232037139482552e-06
Logistic Reg,No SMOTE,0,0,0.04058303163660871
Logistic Reg,No SMOTE,0,0,1.725936085407183e-14
Logistic Reg,No SMOTE,0,0,7.179070872844026e-07
Logistic Reg,No SMOTE,0,0,4.601950013417877e-05
Logistic Reg,No SMOTE,0,0,4.604796778292465e-05
Logistic Reg,No SMOTE,0,0,0.0435197121192188
Logistic Reg,No SMOTE,0,0,0.027641910148834936
Logistic Reg,No SMOTE,0,0,1.536292438894298e-10
Logistic Reg,No SMOTE,0,0,1.0384879177242835e-07
Logistic Reg,No SMOTE,0,0,1.787321792230114e-17
Logistic Reg,No SMOTE,0,0,4.560461222823857e-05
Logistic Reg,No SMOTE,0,0,1.2294823535260106e-08
Logistic Reg,No SMOTE,0,0,3.9435130554161563e-07
Logistic Reg,No SMOTE,0,0,9.050230313113533e-07
Logistic Reg,No SMOTE,0,0,1.7663299582425435e-14
Logistic Reg,No SMOTE,0,0,7.205818738995538e-07
Logistic Reg,No SMOTE,0,0,4.560098985316332e-05
Logistic Reg,No SMOTE,0,0,0.015447393464576879
Logistic Reg,No SMOTE,0,0,1.1083202770220559e-05
Logistic Reg,No SMOTE,0,0,0.03437740087772856
Logistic Reg,No SMOTE,0,0,2.1166536978115615e-07
Logistic Reg,No SMOTE,0,0,7.348513385255293e-07
Logistic Reg,No SMOTE,0,0,9.940296843941157e-05
Logistic Reg,No SMOTE,0,0,2.2892954331957696e-18
Logistic Reg,No SMOTE,0,1,0.9762294026564196
Logistic Reg,No SMOTE,0,0,4.562268916232043e-05
Logistic Reg,No SMOTE,0,0,0.030106048097215416
Logistic Reg,No SMOTE,0,0,0.00031440463030148847
Logistic Reg,No SMOTE,0,0,0.06367857944787582
Logistic Reg,No SMOTE,0,0,4.490774312730023e-13
Logistic Reg,No SMOTE,0,0,0.024560613223454916
Logistic Reg,No SMOTE,0,0,3.8855682241167553e-10
Logistic Reg,No SMOTE,0,0,0.022521206909405594
Logistic Reg,No SMOTE,0,0,0.05299769060910154
Logistic Reg,No SMOTE,0,0,4.7671455188139315e-05
Logistic Reg,No SMOTE,0,0,0.00040442571300742267
Logistic Reg,No SMOTE,0,0,5.501463656464767e-07
Logistic Reg,No SMOTE,0,0,4.868040780645333e-05
Logistic Reg,No SMOTE,0,0,1.169956961783047e-06
Logistic Reg,No SMOTE,0,0,4.826379607863232e-05
Logistic Reg,No SMOTE,0,0,0.042143270476257225
Logistic Reg,No SMOTE,0,0,9.934789085995136e-07
Logistic Reg,No SMOTE,0,0,0.0033264607625514567
Logistic Reg,No SMOTE,0,0,0.000524246168104702
Logistic Reg,No SMOTE,0,0,1.282503438199634e-14
Logistic Reg,No SMOTE,0,0,2.3236164728478714e-05
Logistic Reg,No SMOTE,0,0,0.02340080881026089
Logistic Reg,No SMOTE,0,0,0.02189066084336192
Logistic Reg,No SMOTE,0,0,4.63987012390843e-05
Logistic Reg,No SMOTE,0,0,0.028939173940574388
Logistic Reg,No SMOTE,0,0,8.199748762931746e-08
Logistic Reg,No SMOTE,0,0,0.032304683921401636
Logistic Reg,No SMOTE,0,0,8.163045855214396e-08
Logistic Reg,No SMOTE,0,0,0.004702581766234268
Logistic Reg,No SMOTE,0,0,0.043040909835257705
Logistic Reg,No SMOTE,0,0,1.647542821918854e-07
Logistic Reg,No SMOTE,0,0,4.6476865085180736e-05
Logistic Reg,No SMOTE,0,0,0.009500427048270975
Logistic Reg,No SMOTE,0,0,5.327447446838204e-06
Logistic Reg,No SMOTE,0,0,3.978673465398318e-06
Logistic Reg,No SMOTE,0,0,0.0020637823319813284
Logistic Reg,No SMOTE,0,0,4.1774336834922305e-30
Logistic Reg,No SMOTE,0,0,3.934261239196325e-09
Logistic Reg,No SMOTE,0,0,7.655321473350971e-07
Logistic Reg,No SMOTE,0,0,2.947910674744445e-07
Logistic Reg,No SMOTE,0,0,3.515218966199066e-13
Logistic Reg,No SMOTE,0,0,6.077393019658345e-13
Logistic Reg,No SMOTE,0,0,1.2865735356846236e-06
Logistic Reg,No SMOTE,0,0,4.64953612331428e-05
Logistic Reg,No SMOTE,0,0,0.05109908719959678
Logistic Reg,No SMOTE,0,0,7.561719718636943e-07
Logistic Reg,No SMOTE,0,0,2.8459769329407626e-08
Logistic Reg,No SMOTE,0,0,4.062178179181395e-09
Logistic Reg,No SMOTE,0,0,3.86256395069061e-10
Logistic Reg,No SMOTE,0,0,0.10870668689696429
Logistic Reg,No SMOTE,0,0,3.5366776141374436e-19
Logistic Reg,No SMOTE,0,0,0.0007617138915936883
Logistic Reg,No SMOTE,0,0,0.07916759134224302
Logistic Reg,No SMOTE,0,0,0.022324027526750157
Logistic Reg,No SMOTE,0,0,4.6152803702374293e-05
Logistic Reg,No SMOTE,0,0,0.09099713979869702
Logistic Reg,No SMOTE,0,0,0.0012842831515148413
Logistic Reg,No SMOTE,0,0,0.021501093675336924
Logistic Reg,No SMOTE,0,0,9.25614386529336e-08
Logistic Reg,No SMOTE,0,0,0.0043157494522780655
Logistic Reg,No SMOTE,0,0,0.01591621433333187
Logistic Reg,No SMOTE,0,0,0.0011099531162991922
Logistic Reg,No SMOTE,0,0,0.0001722503100521593
Logistic Reg,No SMOTE,0,0,6.243554230750243e-07
Logistic Reg,No SMOTE,0,0,0.26530543280397373
Logistic Reg,No SMOTE,0,0,4.6588305653561253e-05
Logistic Reg,No SMOTE,0,0,2.3637351138025707e-23
Logistic Reg,No SMOTE,0,0,0.025697808145293207
Logistic Reg,No SMOTE,0,1,0.8410450385048771
Logistic Reg,No SMOTE,0,0,1.6421739014692059e-09
Logistic Reg,No SMOTE,0,0,0.0020802400985286797
Logistic Reg,No SMOTE,0,0,1.0399966713873286e-06
Logistic Reg,No SMOTE,0,0,8.061916693170195e-07
Logistic Reg,No SMOTE,0,0,1.1641144190549274e-06
Logistic Reg,No SMOTE,0,0,0.00012994136317655327
Logistic Reg,No SMOTE,0,0,0.05082047863904362
Logistic Reg,No SMOTE,0,0,0.014828649948155791
Logistic Reg,No SMOTE,0,0,0.010094762944053514
Logistic Reg,No SMOTE,0,0,0.014728606808851815
Logistic Reg,No SMOTE,0,0,0.004286213321908956
Logistic Reg,No SMOTE,0,0,9.964609715397293e-22
Logistic Reg,No SMOTE,0,0,4.698266932659528e-05
Logistic Reg,No SMOTE,0,0,0.0010177537490361896
Logistic Reg,No SMOTE,0,0,1.484972560750592e-07
Logistic Reg,No SMOTE,0,0,1.1141427463325838e-12
Logistic Reg,No SMOTE,0,0,0.0009933336549588661
Logistic Reg,No SMOTE,0,1,0.6546872391537318
Logistic Reg,No SMOTE,0,0,0.002839421419945153
Logistic Reg,No SMOTE,0,0,0.013821276306709375
Logistic Reg,No SMOTE,0,0,1.1575768690679225e-09
Logistic Reg,No SMOTE,0,0,1.2538994383531785e-06
Logistic Reg,No SMOTE,0,0,4.746247071065915e-05
Logistic Reg,No SMOTE,0,0,4.576898438846836e-05
Logistic Reg,No SMOTE,0,0,0.014505188014050818
Logistic Reg,No SMOTE,0,0,0.03148082183418569
Logistic Reg,No SMOTE,0,0,0.0043768616558199
Logistic Reg,No SMOTE,0,0,1.8810803358826034e-14
Logistic Reg,No SMOTE,0,0,0.01220695916966765
Logistic Reg,No SMOTE,0,0,4.561932768019099e-05
Logistic Reg,No SMOTE,0,0,0.05817945301012974
Logistic Reg,No SMOTE,0,0,0.009804575267490857
Logistic Reg,No SMOTE,0,0,4.931557064399599e-08
Logistic Reg,No SMOTE,0,0,4.622517424943203e-05
Logistic Reg,No SMOTE,0,0,0.025865073569771798
Logistic Reg,No SMOTE,0,0,0.01160066320240214
Logistic Reg,No SMOTE,0,0,5.996914422813211e-38
Logistic Reg,No SMOTE,0,0,4.558294118037389e-05
Logistic Reg,No SMOTE,0,0,0.000392973143737467
Logistic Reg,No SMOTE,0,0,0.008627312395421659
Logistic Reg,No SMOTE,0,0,7.869633554185389e-07
Logistic Reg,No SMOTE,0,0,0.0017411248817042011
Logistic Reg,No SMOTE,0,0,0.003069528835328016
Logistic Reg,No SMOTE,0,0,0.038521732422699184
Logistic Reg,No SMOTE,0,0,0.016448141072541184
Logistic Reg,No SMOTE,0,0,4.598932918576983e-05
Logistic Reg,No SMOTE,0,0,0.34037614054908466
Logistic Reg,No SMOTE,0,0,0.013032434274105314
Logistic Reg,No SMOTE,0,0,0.0226274875323227
Logistic Reg,No SMOTE,0,0,5.451557375506962e-16
Logistic Reg,No SMOTE,0,0,0.0017572965590027074
Logistic Reg,No SMOTE,0,0,3.924114456017231e-05
Logistic Reg,No SMOTE,0,0,4.560228311553738e-05
Logistic Reg,No SMOTE,0,0,9.841673531544625e-07
Logistic Reg,No SMOTE,0,0,5.049996863315732e-05
Logistic Reg,No SMOTE,0,0,0.00830135730188486
Logistic Reg,No SMOTE,0,0,4.564338639692792e-05
Logistic Reg,No SMOTE,0,0,0.016337959925004884
Logistic Reg,No SMOTE,0,0,3.3349661581518975e-10
Logistic Reg,No SMOTE,0,0,0.05168433223464271
Logistic Reg,No SMOTE,0,0,2.823671322410837e-10
Logistic Reg,No SMOTE,0,0,2.797682599977655e-06
Logistic Reg,No SMOTE,0,0,0.000706775274059816
Logistic Reg,No SMOTE,0,0,7.720845885174871e-07
Logistic Reg,No SMOTE,0,0,0.001551776119505704
Logistic Reg,No SMOTE,0,0,9.926720603960397e-07
Logistic Reg,No SMOTE,0,0,1.1957512146601088e-06
Logistic Reg,No SMOTE,0,0,4.5592159153520624e-05
Logistic Reg,No SMOTE,0,0,4.648083112674906e-05
Logistic Reg,No SMOTE,0,0,1.4602063953840407e-07
Logistic Reg,No SMOTE,0,0,0.035330215629474394
Logistic Reg,No SMOTE,0,0,0.038194657584775374
Logistic Reg,No SMOTE,0,0,0.024779030891999364
Logistic Reg,No SMOTE,0,0,8.186121874498444e-07
Logistic Reg,No SMOTE,0,0,4.748800212736893e-05
Logistic Reg,No SMOTE,0,0,0.0073627938457586075
Logistic Reg,No SMOTE,0,0,0.0026861174403956887
Logistic Reg,No SMOTE,0,1,0.61783038357223
Logistic Reg,No SMOTE,0,0,1.1987164458712614e-06
Logistic Reg,No SMOTE,0,0,0.007270069124731345
Logistic Reg,No SMOTE,0,0,2.3851452994189605e-11
Logistic Reg,No SMOTE,0,0,0.11430149856534164
Logistic Reg,No SMOTE,0,0,0.005050363704535989
Logistic Reg,No SMOTE,0,0,0.001421780051992727
Logistic Reg,No SMOTE,0,0,0.047935729200837905
Logistic Reg,No SMOTE,0,0,0.028901509264672026
Logistic Reg,No SMOTE,0,0,1.3801042754350163e-06
Logistic Reg,No SMOTE,0,0,3.883822817043331e-08
Logistic Reg,No SMOTE,0,0,7.539530481136846e-07
Logistic Reg,No SMOTE,0,0,0.03202957581286614
Logistic Reg,No SMOTE,0,0,1.1543139533021847e-06
Logistic Reg,No SMOTE,0,0,0.0003644482059118781
Logistic Reg,No SMOTE,0,0,0.006912710907472804
Logistic Reg,No SMOTE,0,0,0.006272108004781278
Logistic Reg,No SMOTE,0,0,4.687670093626261e-05
Logistic Reg,No SMOTE,0,0,4.560320120354796e-05
Logistic Reg,No SMOTE,0,0,0.03589501286906644
Logistic Reg,No SMOTE,0,0,3.3845940297138532e-12
Logistic Reg,No SMOTE,0,0,8.303811564130811e-07
Logistic Reg,No SMOTE,0,0,8.938328517116062e-07
Logistic Reg,No SMOTE,0,0,0.024530043157961125
Logistic Reg,No SMOTE,0,0,0.0009491003366915716
Logistic Reg,No SMOTE,0,0,0.027379383825488053
Logistic Reg,No SMOTE,0,0,1.8380069388063263e-14
Logistic Reg,No SMOTE,0,0,0.04036224569044642
Logistic Reg,No SMOTE,0,0,9.783504914337145e-05
Logistic Reg,No SMOTE,0,0,0.03176716209378798
Logistic Reg,No SMOTE,0,0,7.811797138197939e-07
Logistic Reg,No SMOTE,0,0,4.9376207748905884e-05
Logistic Reg,No SMOTE,0,0,0.46639666654930695
Logistic Reg,No SMOTE,0,0,7.687718008989157e-07
Logistic Reg,No SMOTE,0,0,1.251018363358837e-06
Logistic Reg,No SMOTE,0,0,5.910439690017772e-11
Logistic Reg,No SMOTE,0,0,1.505386134239838e-06
Logistic Reg,No SMOTE,0,0,0.04199807095731837
Logistic Reg,No SMOTE,0,0,0.023784265260691734
Logistic Reg,No SMOTE,0,0,8.356393854521279e-07
Logistic Reg,No SMOTE,0,0,5.187960118344428e-05
Logistic Reg,No SMOTE,0,0,1.114358054450022e-05
Logistic Reg,No SMOTE,0,0,0.00037400592143918635
Logistic Reg,No SMOTE,0,0,0.0012017239228205047
Logistic Reg,No SMOTE,0,0,0.0025896007072275956
Logistic Reg,No SMOTE,0,0,4.979830085639269e-05
Logistic Reg,No SMOTE,0,0,0.3295593994657938
Logistic Reg,No SMOTE,0,0,1.2048524634450302e-07
Logistic Reg,No SMOTE,0,0,0.003182879236525699
Logistic Reg,No SMOTE,0,0,1.1509665435903224e-06
Logistic Reg,No SMOTE,0,0,1.3896858841418619e-19
Logistic Reg,No SMOTE,0,0,4.696750953478459e-09
Logistic Reg,No SMOTE,0,0,0.03599949447377297
Logistic Reg,No SMOTE,0,0,0.03178831286472933
Logistic Reg,No SMOTE,0,0,1.119809251841686e-06
Logistic Reg,No SMOTE,0,0,0.027098179409727606
Logistic Reg,No SMOTE,0,0,0.026779382299235745
Logistic Reg,No SMOTE,0,0,4.667215407796819e-05
Logistic Reg,No SMOTE,0,0,2.257053107398985e-06
Logistic Reg,No SMOTE,0,0,0.03708093794221058
Logistic Reg,No SMOTE,0,0,7.660957221234114e-07
Logistic Reg,No SMOTE,0,0,0.0006996107513752933
Logistic Reg,No SMOTE,0,0,1.275622870207345e-06
Logistic Reg,No SMOTE,0,0,4.6397414853120975e-05
Logistic Reg,No SMOTE,0,0,7.858727278386639e-07
Logistic Reg,No SMOTE,0,0,4.717962201336329e-05
Logistic Reg,No SMOTE,0,0,7.311961028230447e-07
Logistic Reg,No SMOTE,0,0,0.0008652265650148844
Logistic Reg,No SMOTE,0,0,3.118826191560913e-05
Logistic Reg,No SMOTE,0,0,2.2612752399836257e-21
Logistic Reg,No SMOTE,0,0,0.014058811398264181
Logistic Reg,No SMOTE,0,0,7.947162331010651e-07
Logistic Reg,No SMOTE,0,0,2.0119902140032375e-12
Logistic Reg,No SMOTE,0,0,2.744643663981498e-19
Logistic Reg,No SMOTE,0,0,8.4808089929838e-19
Logistic Reg,No SMOTE,0,0,6.56841925928927e-07
Logistic Reg,No SMOTE,0,0,1.3584190850272359e-14
Logistic Reg,No SMOTE,0,0,1.1921992214479356e-06
Logistic Reg,No SMOTE,0,0,8.496916180032435e-07
Logistic Reg,No SMOTE,0,0,0.0021147450131029383
Logistic Reg,No SMOTE,0,0,1.7838861083934074e-09
Logistic Reg,No SMOTE,0,0,9.249064470449432e-06
Logistic Reg,No SMOTE,0,0,1.2117520329557073e-06
Logistic Reg,No SMOTE,0,0,9.095920621684718e-05
Logistic Reg,No SMOTE,0,0,1.436363130736982e-07
Logistic Reg,No SMOTE,0,0,0.021786745440820536
Logistic Reg,No SMOTE,0,0,4.5617569537409015e-05
Logistic Reg,No SMOTE,0,0,2.6628189412131283e-11
Logistic Reg,No SMOTE,0,0,9.088513922376636e-21
Logistic Reg,No SMOTE,0,0,2.992307010182098e-07
Logistic Reg,No SMOTE,0,0,1.597892267094389e-13
Logistic Reg,No SMOTE,0,0,0.0234485290885764
Logistic Reg,No SMOTE,0,0,5.524764863183939e-06
Logistic Reg,No SMOTE,0,0,4.8044106524350636e-05
Logistic Reg,No SMOTE,0,0,1.0419766627191091e-06
Logistic Reg,No SMOTE,0,0,2.3809354658723395e-06
Logistic Reg,No SMOTE,0,0,0.021213299892114904
Logistic Reg,No SMOTE,0,0,0.11685192476572843
Logistic Reg,No SMOTE,0,0,1.2853489861953273e-06
Logistic Reg,No SMOTE,0,0,0.03479001814771104
Logistic Reg,No SMOTE,0,0,4.7505089932490105e-05
Logistic Reg,No SMOTE,0,0,7.777355873865103e-14
Logistic Reg,No SMOTE,0,0,2.7867993244655495e-10
Logistic Reg,No SMOTE,0,0,0.004160394635431929
Logistic Reg,No SMOTE,0,0,0.004340155016025365
Logistic Reg,No SMOTE,0,1,0.7686973309899267
Logistic Reg,No SMOTE,0,0,1.2837780557036443e-06
Logistic Reg,No SMOTE,0,0,0.002392918282516295
Logistic Reg,No SMOTE,0,0,4.586425961754209e-05
Logistic Reg,No SMOTE,0,0,0.007544617557406673
Logistic Reg,No SMOTE,0,0,5.648693113671261e-06
Logistic Reg,No SMOTE,0,0,0.0010444799355316932
Logistic Reg,No SMOTE,0,0,2.351797351955118e-05
Logistic Reg,No SMOTE,0,0,7.976670908459412e-07
Logistic Reg,No SMOTE,0,0,4.6772240062772536e-05
Logistic Reg,No SMOTE,0,0,0.030981587837151183
Logistic Reg,No SMOTE,0,0,1.8432389252175733e-09
Logistic Reg,No SMOTE,0,0,7.910866709713937e-07
Logistic Reg,No SMOTE,0,0,1.0666723250486439e-07
Logistic Reg,No SMOTE,0,0,0.0007797359999829685
Logistic Reg,No SMOTE,0,0,7.226877036796091e-07
Logistic Reg,No SMOTE,0,0,4.863808696107756e-05
Logistic Reg,No SMOTE,0,0,0.03062786185993304
Logistic Reg,No SMOTE,0,0,4.1547892840136824e-12
Logistic Reg,No SMOTE,0,0,9.992747871166807e-07
Logistic Reg,No SMOTE,0,0,0.022983003285871436
Logistic Reg,No SMOTE,0,0,0.0134790464055087
Logistic Reg,No SMOTE,0,0,0.03198939185068595
Logistic Reg,No SMOTE,0,0,1.9611545843895712e-13
Logistic Reg,No SMOTE,0,0,0.0013240319167665715
Logistic Reg,No SMOTE,0,0,0.01673714325175876
Logistic Reg,No SMOTE,0,0,0.05122599001474721
Logistic Reg,No SMOTE,0,0,0.034828200852747467
Logistic Reg,No SMOTE,0,0,9.780515970379567e-14
Logistic Reg,No SMOTE,0,0,3.9473358156437626e-05
Logistic Reg,No SMOTE,0,0,6.0830764288772516e-06
Logistic Reg,No SMOTE,0,0,9.729833567974165e-07
Logistic Reg,No SMOTE,0,0,0.029722952123233594
Logistic Reg,No SMOTE,0,0,3.525736217884146e-05
Logistic Reg,No SMOTE,0,0,0.006633149732172306
Logistic Reg,No SMOTE,0,0,4.563538026562928e-05
Logistic Reg,No SMOTE,0,0,4.620489047185333e-05
Logistic Reg,No SMOTE,0,0,4.678311059580996e-05
Logistic Reg,No SMOTE,0,0,4.5613001099597706e-05
Logistic Reg,No SMOTE,0,0,9.412155904242911e-07
Logistic Reg,No SMOTE,0,0,1.2156364379737203e-06
Logistic Reg,No SMOTE,0,0,0.00837671342311858
Logistic Reg,No SMOTE,0,0,4.71167583527576e-05
Logistic Reg,No SMOTE,0,0,1.060012607639974e-06
Logistic Reg,No SMOTE,0,0,0.044884081269692504
Logistic Reg,No SMOTE,0,0,0.03795575754010671
Logistic Reg,No SMOTE,0,0,3.942497308268109e-21
Logistic Reg,No SMOTE,0,0,0.004123731107601712
Logistic Reg,No SMOTE,0,0,0.035285622042507465
Logistic Reg,No SMOTE,0,0,0.03742697788982942
Logistic Reg,No SMOTE,0,0,1.8732536162497308e-22
Logistic Reg,No SMOTE,0,0,6.453157385483767e-22
Logistic Reg,No SMOTE,0,0,4.6158088540503035e-05
Logistic Reg,No SMOTE,0,0,0.035295234484988704
Logistic Reg,No SMOTE,0,0,9.654578317512761e-12
Logistic Reg,No SMOTE,0,0,1.0865313062736138e-09
Logistic Reg,No SMOTE,0,0,3.727557546171617e-07
Logistic Reg,No SMOTE,0,0,1.228314206979435e-08
Logistic Reg,No SMOTE,0,0,0.0004768747855905769
Logistic Reg,No SMOTE,0,0,0.014014695157504541
Logistic Reg,No SMOTE,0,0,0.06887529164842707
Logistic Reg,No SMOTE,0,0,0.0004387430413370788
Logistic Reg,No SMOTE,0,0,4.61468030536199e-05
Logistic Reg,No SMOTE,0,0,3.5204879683615555e-20
Logistic Reg,No SMOTE,0,0,2.2737846563818263e-06
Logistic Reg,No SMOTE,0,0,4.606277704524465e-05
Logistic Reg,No SMOTE,0,0,0.0021826273862143525
Logistic Reg,No SMOTE,0,0,0.0009337827424302416
Logistic Reg,No SMOTE,0,0,8.715676994300569e-07
Logistic Reg,No SMOTE,0,0,0.013067388634611637
Logistic Reg,No SMOTE,0,0,5.421183672454481e-08
Logistic Reg,No SMOTE,0,0,1.0174207973169823e-06
Logistic Reg,No SMOTE,0,0,4.478974996533515e-05
Logistic Reg,No SMOTE,0,0,8.468596277888384e-09
Logistic Reg,No SMOTE,0,1,0.7600524501166787
Logistic Reg,No SMOTE,0,0,4.919654605754823e-05
Logistic Reg,No SMOTE,0,0,1.0942352282006187e-12
Logistic Reg,No SMOTE,0,0,0.0009641748752187125
Logistic Reg,No SMOTE,0,0,0.2865562500658754
Logistic Reg,No SMOTE,0,0,1.1562545024468923e-07
Logistic Reg,No SMOTE,0,0,2.122885199138749e-06
Logistic Reg,No SMOTE,0,0,2.107231625729831e-17
Logistic Reg,No SMOTE,0,0,5.886055569739632e-11
Logistic Reg,No SMOTE,0,0,5.310448989962475e-06
Logistic Reg,No SMOTE,0,0,6.362690242983793e-05
Logistic Reg,No SMOTE,0,0,2.2551161359712438e-05
Logistic Reg,No SMOTE,0,0,8.653026166995149e-07
Logistic Reg,No SMOTE,0,0,0.026375984301781483
Logistic Reg,No SMOTE,0,0,1.2837927245288268e-07
Logistic Reg,No SMOTE,0,0,0.03514718877852383
Logistic Reg,No SMOTE,0,0,0.032877147350498535
Logistic Reg,No SMOTE,0,0,7.079975324498442e-09
Logistic Reg,No SMOTE,0,0,0.004080884925890794
Logistic Reg,No SMOTE,0,0,2.5912822291773806e-14
Logistic Reg,No SMOTE,0,0,5.343074098401042e-09
Logistic Reg,No SMOTE,0,0,0.0035279384231059396
Logistic Reg,No SMOTE,0,0,1.1317147913002853e-06
Logistic Reg,No SMOTE,0,0,7.889260680109942e-13
Logistic Reg,No SMOTE,0,0,0.00821640481467034
Logistic Reg,No SMOTE,0,0,0.0013970884143458466
Logistic Reg,No SMOTE,0,0,9.828625560531713e-07
Logistic Reg,No SMOTE,0,0,0.002270025151221992
Logistic Reg,No SMOTE,0,0,2.782296789829715e-05
Logistic Reg,No SMOTE,0,0,0.00935079529461941
Logistic Reg,No SMOTE,0,0,2.8678848006777335e-06
Logistic Reg,No SMOTE,0,0,4.75928014365327e-05
Logistic Reg,No SMOTE,0,0,1.7629243729747172e-10
Logistic Reg,No SMOTE,0,0,0.02440814336836424
Logistic Reg,No SMOTE,0,1,0.6938412818150805
Logistic Reg,No SMOTE,0,0,0.025761165399184868
Logistic Reg,No SMOTE,0,0,1.1564534921295307e-06
Logistic Reg,No SMOTE,0,0,4.6046592777026845e-05
Logistic Reg,No SMOTE,0,0,0.0024596341145366745
Logistic Reg,No SMOTE,0,0,4.611977805135625e-05
Logistic Reg,No SMOTE,0,0,4.6209598035597964e-48
Logistic Reg,No SMOTE,0,0,1.167731903609941e-06
Logistic Reg,No SMOTE,0,0,2.3028735512178277e-10
Logistic Reg,No SMOTE,0,0,0.010993393897655142
Logistic Reg,No SMOTE,0,0,3.677997025698309e-16
Logistic Reg,No SMOTE,0,0,0.004715135906316006
Logistic Reg,No SMOTE,0,0,1.595743823952416e-05
Logistic Reg,No SMOTE,0,0,0.002991340720432134
Logistic Reg,No SMOTE,0,0,4.5583830139424426e-05
Logistic Reg,No SMOTE,0,0,0.0005922711763016172
Logistic Reg,No SMOTE,0,0,8.285635706935232e-07
Logistic Reg,No SMOTE,0,0,4.782135335369204e-05
Logistic Reg,No SMOTE,0,0,4.690770240249979e-05
Logistic Reg,No SMOTE,0,0,6.781849071425539e-07
Logistic Reg,No SMOTE,0,0,0.028685390758319437
Logistic Reg,No SMOTE,0,0,0.04009358537039321
Logistic Reg,No SMOTE,0,0,0.0027721279727022296
Logistic Reg,No SMOTE,0,1,0.7926054096055628
Logistic Reg,No SMOTE,0,0,4.5747333957839546e-05
Logistic Reg,No SMOTE,0,0,7.782795676744095e-07
Logistic Reg,No SMOTE,0,0,3.308018315265946e-18
Logistic Reg,No SMOTE,0,0,5.306442704218683e-19
Logistic Reg,No SMOTE,0,0,4.842629987477627e-06
Logistic Reg,No SMOTE,0,0,4.614196084963818e-07
Logistic Reg,No SMOTE,0,0,7.058856269247311e-07
Logistic Reg,No SMOTE,0,0,0.37033221709617
Logistic Reg,No SMOTE,0,0,8.854527962077235e-05
Logistic Reg,No SMOTE,0,0,5.893186285190204e-07
Logistic Reg,No SMOTE,0,0,1.2934781231656626e-06
Logistic Reg,No SMOTE,0,0,9.805053119351325e-10
Logistic Reg,No SMOTE,0,0,0.004675180061673659
Logistic Reg,No SMOTE,0,0,0.00043167623124492114
Logistic Reg,No SMOTE,0,0,2.2143217597481677e-06
Logistic Reg,No SMOTE,0,0,8.992524284204783e-07
Logistic Reg,No SMOTE,0,0,0.0029278203855966542
Logistic Reg,No SMOTE,0,0,6.550163557557304e-17
Logistic Reg,No SMOTE,0,0,2.990133411413167e-23
Logistic Reg,No SMOTE,0,0,4.217725300196959e-11
Logistic Reg,No SMOTE,0,0,2.7785816178654544e-08
Logistic Reg,No SMOTE,0,0,8.676279379393661e-07
Logistic Reg,No SMOTE,0,0,4.400000046871259e-21
Logistic Reg,No SMOTE,0,0,0.0006194477322611202
Logistic Reg,No SMOTE,0,0,0.02056783868957969
Logistic Reg,No SMOTE,0,0,8.50107558119854e-07
Logistic Reg,No SMOTE,0,0,0.0001761743454645932
Logistic Reg,No SMOTE,0,0,8.083687254035569e-06
Logistic Reg,No SMOTE,0,0,1.0229743340990119e-06
Logistic Reg,No SMOTE,0,0,8.126852389948938e-05
Logistic Reg,No SMOTE,0,0,0.014085776805547106
Logistic Reg,No SMOTE,0,0,4.560069734645447e-05
Logistic Reg,No SMOTE,0,0,0.0003655712935525886
Logistic Reg,No SMOTE,0,0,0.04709530688095233
Logistic Reg,No SMOTE,0,0,0.010838192552298929
Logistic Reg,No SMOTE,0,0,0.0001827759574533187
Logistic Reg,No SMOTE,0,0,5.930921563121654e-05
Logistic Reg,No SMOTE,0,0,0.062437071263141575
Logistic Reg,No SMOTE,0,0,3.014575845097427e-10
Logistic Reg,No SMOTE,0,0,5.183336707196667e-23
Logistic Reg,No SMOTE,0,0,1.0422046944468036e-06
Logistic Reg,No SMOTE,0,0,0.00037853937064143264
Logistic Reg,No SMOTE,0,0,3.9598496900651973e-08
Logistic Reg,No SMOTE,0,0,0.03986699620622071
Logistic Reg,No SMOTE,0,0,4.810242840706385e-05
Logistic Reg,No SMOTE,0,0,4.724794662956071e-05
Logistic Reg,No SMOTE,0,0,8.152277146827694e-07
Logistic Reg,No SMOTE,0,0,0.03274269302178269
Logistic Reg,No SMOTE,0,0,5.160615265874004e-08
Logistic Reg,No SMOTE,0,0,1.3189159392346486e-27
Logistic Reg,No SMOTE,0,0,1.4431164086170978e-06
Logistic Reg,No SMOTE,0,0,0.03195830109564157
Logistic Reg,No SMOTE,0,0,0.23893331304519397
Logistic Reg,No SMOTE,0,0,4.782582907626909e-05
Logistic Reg,No SMOTE,0,0,5.545804618822653e-08
Logistic Reg,No SMOTE,0,0,2.320687940963635e-09
Logistic Reg,No SMOTE,0,0,1.1409471228186173e-14
Logistic Reg,No SMOTE,0,0,0.032925586248245646
Logistic Reg,No SMOTE,0,0,4.6743138909151945e-05
Logistic Reg,No SMOTE,0,0,0.0922914829201985
Logistic Reg,No SMOTE,0,0,4.863453184348677e-05
Logistic Reg,No SMOTE,0,0,0.037397080472033814
Logistic Reg,No SMOTE,0,0,0.02995814716766875
Logistic Reg,No SMOTE,0,0,4.7896022020560726e-05
Logistic Reg,No SMOTE,0,0,8.9236607813397e-05
Logistic Reg,No SMOTE,0,0,0.0005258745480107088
Logistic Reg,No SMOTE,0,0,4.7253218388777314e-05
Logistic Reg,No SMOTE,0,0,0.037054140963947435
Logistic Reg,No SMOTE,0,0,0.134487444592848
Logistic Reg,No SMOTE,0,0,0.03403584143504461
Logistic Reg,No SMOTE,0,0,7.933905631724881e-07
Logistic Reg,No SMOTE,0,0,1.8219603879388986e-06
Logistic Reg,No SMOTE,0,0,9.742865921820073e-07
Logistic Reg,No SMOTE,0,0,4.0576199440338646e-05
Logistic Reg,No SMOTE,0,0,0.010473212827899644
Logistic Reg,No SMOTE,0,0,8.239400029077874e-10
Logistic Reg,No SMOTE,0,0,0.0358822618669522
Logistic Reg,No SMOTE,0,0,0.0005636009676196469
Logistic Reg,No SMOTE,0,0,5.122910047388333e-17
Logistic Reg,No SMOTE,0,0,0.0005883527657167046
Logistic Reg,No SMOTE,0,0,2.397227127726173e-07
Logistic Reg,No SMOTE,0,0,2.523612862262185e-22
Logistic Reg,No SMOTE,0,0,2.0689271025897365e-08
Logistic Reg,No SMOTE,0,0,6.999152806002547e-07
Logistic Reg,No SMOTE,0,0,1.3205037711563967e-06
Logistic Reg,No SMOTE,0,0,0.066237283028529
Logistic Reg,No SMOTE,0,0,1.980402507817241e-06
Logistic Reg,No SMOTE,0,0,1.0544433223019908e-06
Logistic Reg,No SMOTE,0,0,0.021424728351392332
Logistic Reg,No SMOTE,0,0,0.3199664411788637
Logistic Reg,No SMOTE,0,0,4.630709792072853e-05
Logistic Reg,No SMOTE,0,0,0.01505275882103284
Logistic Reg,No SMOTE,0,0,4.9191235466851e-05
Logistic Reg,No SMOTE,0,0,2.9298471298285877e-12
Logistic Reg,No SMOTE,0,0,3.689303399569298e-07
Logistic Reg,No SMOTE,0,0,0.00026252343422900217
Logistic Reg,No SMOTE,0,0,5.68252044493633e-13
Logistic Reg,No SMOTE,0,0,6.48947683146289e-07
Logistic Reg,No SMOTE,0,0,4.558671657238908e-05
Logistic Reg,No SMOTE,0,0,9.372242060695497e-07
Logistic Reg,No SMOTE,0,0,5.778904030633778e-07
Logistic Reg,No SMOTE,0,0,0.018731149387875616
Logistic Reg,No SMOTE,0,0,4.594385920817024e-05
Logistic Reg,No SMOTE,0,0,4.7094444829481504e-05
Logistic Reg,No SMOTE,0,0,1.448003820212596e-12
Logistic Reg,No SMOTE,0,0,8.140243171454409e-07
Logistic Reg,No SMOTE,0,0,7.042633261553996e-05
Logistic Reg,No SMOTE,0,0,4.558218514521944e-05
Logistic Reg,No SMOTE,0,0,0.0031667167881907553
Logistic Reg,No SMOTE,0,0,0.029315823772993157
Logistic Reg,No SMOTE,0,0,2.5256709325020452e-18
Logistic Reg,No SMOTE,0,0,0.003527728706093584
Logistic Reg,No SMOTE,0,0,4.5608529055589385e-05
Logistic Reg,No SMOTE,0,0,1.0417377132325262e-06
Logistic Reg,No SMOTE,0,0,0.01442941839506709
Logistic Reg,No SMOTE,0,0,4.882977628777144e-05
Logistic Reg,No SMOTE,0,0,5.027467358370483e-32
Logistic Reg,No SMOTE,0,0,6.935558852951782e-16
Logistic Reg,No SMOTE,0,0,0.027858979708886396
Logistic Reg,No SMOTE,0,0,0.003930087698165284
Logistic Reg,No SMOTE,0,0,7.364580033790595e-12
Logistic Reg,No SMOTE,0,0,0.031911123982034155
Logistic Reg,No SMOTE,0,0,8.979604239336264e-07
Logistic Reg,No SMOTE,0,0,8.69664262804794e-07
Logistic Reg,No SMOTE,0,0,0.0068779919027215424
Logistic Reg,No SMOTE,0,0,1.0170477360495962e-06
Logistic Reg,No SMOTE,0,0,1.0563648923357442e-06
Logistic Reg,No SMOTE,0,0,0.035525780786243445
Logistic Reg,No SMOTE,0,0,3.181424194233754e-07
Logistic Reg,No SMOTE,0,0,7.27096791624761e-07
Logistic Reg,No SMOTE,0,0,4.6196379786222446e-05
Logistic Reg,No SMOTE,0,0,0.0021869984144026323
Logistic Reg,No SMOTE,0,0,0.00012148578329767402
Logistic Reg,No SMOTE,0,0,4.567630622816348e-05
Logistic Reg,No SMOTE,0,0,1.127196905374041e-06
Logistic Reg,No SMOTE,0,0,1.5041728487229924e-08
Logistic Reg,No SMOTE,0,0,4.6911331515501884e-05
Logistic Reg,No SMOTE,0,0,7.779780194603992e-14
Logistic Reg,No SMOTE,0,0,0.034685589800321714
Logistic Reg,No SMOTE,0,0,4.845099689358673e-05
Logistic Reg,No SMOTE,0,0,0.007060432693206177
Logistic Reg,No SMOTE,0,0,1.1886660741964688e-06
Logistic Reg,No SMOTE,0,0,0.0005285418275173143
Logistic Reg,No SMOTE,0,0,8.293654170629481e-07
Logistic Reg,No SMOTE,0,0,1.0051929557225819e-06
Logistic Reg,No SMOTE,0,0,0.010618363545488474
Logistic Reg,No SMOTE,0,0,4.560237605320879e-05
Logistic Reg,No SMOTE,0,0,1.0980221785311852e-13
Logistic Reg,No SMOTE,0,0,4.0209943214404286e-07
Logistic Reg,No SMOTE,0,0,4.193767585862546e-08
Logistic Reg,No SMOTE,0,0,4.813272423618515e-14
Logistic Reg,No SMOTE,0,0,6.050677862307389e-06
Logistic Reg,No SMOTE,0,0,1.3843852746838161e-13
Logistic Reg,No SMOTE,0,0,0.03708851219094837
Logistic Reg,No SMOTE,0,0,2.0736562907539718e-06
Logistic Reg,No SMOTE,0,0,8.487870720502142e-07
Logistic Reg,No SMOTE,0,0,0.03212451576684066
Logistic Reg,No SMOTE,0,0,0.05375750513848851
Logistic Reg,No SMOTE,0,0,2.8845830987160434e-08
Logistic Reg,No SMOTE,0,0,0.003915163650206019
Logistic Reg,No SMOTE,0,0,0.044938053331807545
Logistic Reg,No SMOTE,0,0,7.078520766539515e-18
Logistic Reg,No SMOTE,0,0,0.00019857273575342416
Logistic Reg,No SMOTE,0,0,5.271181812650204e-05
Logistic Reg,No SMOTE,0,0,5.329285248506515e-39
Logistic Reg,No SMOTE,0,0,9.174587414069136e-28
Logistic Reg,No SMOTE,0,0,0.0015094037299563906
Logistic Reg,No SMOTE,0,0,0.14551742692650538
Logistic Reg,No SMOTE,0,0,9.298002357662437e-07
Logistic Reg,No SMOTE,0,0,0.0272594563977081
Logistic Reg,No SMOTE,0,0,8.078612156580082e-07
Logistic Reg,No SMOTE,0,0,7.010146433867684e-12
Logistic Reg,No SMOTE,0,0,5.0237800494687016e-05
Logistic Reg,No SMOTE,0,0,4.647334152231766e-05
Logistic Reg,No SMOTE,0,0,0.0654611822445296
Logistic Reg,No SMOTE,0,0,0.019338613811175038
Logistic Reg,No SMOTE,0,0,0.011494730867256562
Logistic Reg,No SMOTE,0,0,0.0006609118127899693
Logistic Reg,No SMOTE,0,0,2.460752946934471e-07
Logistic Reg,No SMOTE,0,0,0.008612704040709455
Logistic Reg,No SMOTE,0,0,0.14965948670490128
Logistic Reg,No SMOTE,0,0,0.00045193175688837075
Logistic Reg,No SMOTE,0,0,4.6318788724018625e-05
Logistic Reg,No SMOTE,0,0,4.5620245352244035e-05
Logistic Reg,No SMOTE,0,0,1.082300061566681e-06
Logistic Reg,No SMOTE,0,0,2.1223281901711237e-14
Logistic Reg,No SMOTE,0,0,9.585508413853514e-07
Logistic Reg,No SMOTE,0,0,8.972374599908805e-07
Logistic Reg,No SMOTE,0,0,0.006699826821656277
Logistic Reg,No SMOTE,0,0,1.0702627639617945e-06
Logistic Reg,No SMOTE,0,0,1.051797162927373e-07
Logistic Reg,No SMOTE,0,0,6.047803952265597e-07
Logistic Reg,No SMOTE,0,0,0.0001557544388511326
Logistic Reg,No SMOTE,0,0,2.886294615259865e-08
Logistic Reg,No SMOTE,0,0,2.60104293347778e-06
Logistic Reg,No SMOTE,0,0,4.558230646038153e-05
Logistic Reg,No SMOTE,0,0,0.015185717258622035
Logistic Reg,No SMOTE,0,0,5.066895410970435e-05
Logistic Reg,No SMOTE,0,0,4.7236063656796176e-05
Logistic Reg,No SMOTE,0,0,0.01408086648174314
Logistic Reg,No SMOTE,0,1,0.5252037053889811
Logistic Reg,No SMOTE,0,0,0.0076120313526775035
Logistic Reg,No SMOTE,0,0,0.035238781565625765
Logistic Reg,No SMOTE,0,0,4.107007393275164e-07
Logistic Reg,No SMOTE,0,0,0.09221864106932162
Logistic Reg,No SMOTE,0,0,1.7262257482279101e-12
Logistic Reg,No SMOTE,0,0,6.370582527667595e-05
Logistic Reg,No SMOTE,0,0,2.964233288776376e-24
Logistic Reg,No SMOTE,0,0,2.329585723904563e-08
Logistic Reg,No SMOTE,0,0,0.025567141718475093
Logistic Reg,No SMOTE,0,0,3.184229870194046e-19
Logistic Reg,No SMOTE,0,0,0.008553409117145328
Logistic Reg,No SMOTE,0,0,1.699420296000146e-05
Logistic Reg,No SMOTE,0,0,7.817367410135158e-25
Logistic Reg,No SMOTE,0,0,4.558527278380831e-05
Logistic Reg,No SMOTE,0,0,3.9728436348320815e-12
Logistic Reg,No SMOTE,0,0,4.376264357650403e-22
Logistic Reg,No SMOTE,0,0,1.5917002054714621e-09
Logistic Reg,No SMOTE,0,0,0.0028327731077757903
Logistic Reg,No SMOTE,0,0,7.023176658529232e-07
Logistic Reg,No SMOTE,0,0,9.285520665600426e-07
Logistic Reg,No SMOTE,0,0,0.0001717257772380282
Logistic Reg,No SMOTE,0,0,0.012012893366894673
Logistic Reg,No SMOTE,0,0,7.09040104427499e-07
Logistic Reg,No SMOTE,0,0,0.01674614930617385
Logistic Reg,No SMOTE,0,0,9.654106339570774e-07
Logistic Reg,No SMOTE,0,0,0.032656491265511615
Logistic Reg,No SMOTE,0,0,0.015521826326421986
Logistic Reg,No SMOTE,0,0,8.34884358624812e-07
Logistic Reg,No SMOTE,0,0,0.040804485343218636
Logistic Reg,No SMOTE,0,0,0.002531354011777196
Logistic Reg,No SMOTE,0,0,0.05314552745537309
Logistic Reg,No SMOTE,0,0,4.559550170617648e-05
Logistic Reg,No SMOTE,0,0,6.827649893130294e-07
Logistic Reg,No SMOTE,0,0,0.017325904821971435
Logistic Reg,No SMOTE,0,0,4.7070889999035144e-05
Logistic Reg,No SMOTE,0,0,4.565020533537857e-05
Logistic Reg,No SMOTE,0,0,9.125328383045211e-07
Logistic Reg,No SMOTE,0,0,2.4269220068902076e-14
Logistic Reg,No SMOTE,0,0,4.19183595378453e-05
Logistic Reg,No SMOTE,0,0,0.006567725287520814
Logistic Reg,No SMOTE,0,0,0.039667781730973024
Logistic Reg,No SMOTE,0,0,8.610462255666212e-07
Logistic Reg,No SMOTE,0,0,1.0220181091659518e-06
Logistic Reg,No SMOTE,0,0,0.013446291903501903
Logistic Reg,No SMOTE,0,0,0.0005870779788201263
Logistic Reg,No SMOTE,0,0,1.0142769594656984e-06
Logistic Reg,No SMOTE,0,0,0.0038894532443436098
Logistic Reg,No SMOTE,0,0,4.603730586202656e-05
Logistic Reg,No SMOTE,0,0,0.0004915947337875775
Logistic Reg,No SMOTE,0,0,0.016760596683563993
Logistic Reg,No SMOTE,0,0,0.0123129817544562
Logistic Reg,No SMOTE,0,0,0.00013563049249265812
Logistic Reg,No SMOTE,0,0,0.011188968063019897
Logistic Reg,No SMOTE,0,0,0.0016753266531754055
Logistic Reg,No SMOTE,0,0,0.03325036236512592
Logistic Reg,No SMOTE,0,0,8.932677809207187e-07
Logistic Reg,No SMOTE,0,0,0.00010331978233512339
Logistic Reg,No SMOTE,0,0,4.156981098292028e-19
Logistic Reg,No SMOTE,0,0,0.009067613892659887
Logistic Reg,No SMOTE,0,0,0.42433855516518004
Logistic Reg,No SMOTE,0,0,2.0356750231901855e-24
Logistic Reg,No SMOTE,0,0,0.0007928282684811709
Logistic Reg,No SMOTE,0,0,4.6848601818270846e-05
Logistic Reg,No SMOTE,0,0,0.022340940538518785
Logistic Reg,No SMOTE,0,0,7.34378134409011e-11
Logistic Reg,No SMOTE,0,0,1.091221086313398e-18
Logistic Reg,No SMOTE,0,0,6.681021250967903e-07
Logistic Reg,No SMOTE,0,0,0.18598252566752868
Logistic Reg,No SMOTE,0,0,4.340709801102712e-06
Logistic Reg,No SMOTE,0,0,0.00046897067090952334
Logistic Reg,No SMOTE,0,0,1.676995152617853e-07
Logistic Reg,No SMOTE,0,0,0.002683056511684274
Logistic Reg,No SMOTE,0,0,1.0239702042476294e-06
Logistic Reg,No SMOTE,0,0,2.0856045296531308e-05
Logistic Reg,No SMOTE,0,0,0.046425723420104884
Logistic Reg,No SMOTE,0,0,0.033183036725208226
Logistic Reg,No SMOTE,0,0,3.813569410715737e-12
Logistic Reg,No SMOTE,0,0,2.7322466654479777e-07
Logistic Reg,No SMOTE,0,0,0.014081847527350397
Logistic Reg,No SMOTE,0,0,0.0007889399648522552
Logistic Reg,No SMOTE,0,0,0.018433817580103224
Logistic Reg,No SMOTE,0,0,1.1163977437418816e-06
Logistic Reg,No SMOTE,0,0,7.230817576424438e-07
Logistic Reg,No SMOTE,0,0,0.003515616400555783
Logistic Reg,No SMOTE,0,0,0.00021634745198813445
Logistic Reg,No SMOTE,0,0,1.1813201997246607e-06
Logistic Reg,No SMOTE,0,0,0.0018919794535505426
Logistic Reg,No SMOTE,0,0,0.022926302022148775
Logistic Reg,No SMOTE,0,0,1.711383509886328e-12
Logistic Reg,No SMOTE,0,0,0.0011343336009046036
Logistic Reg,No SMOTE,0,0,1.6330382596404376e-07
Logistic Reg,No SMOTE,0,0,2.5970937154911392e-17
Logistic Reg,No SMOTE,0,0,4.155480682852949e-17
Logistic Reg,No SMOTE,0,0,1.669238887134108e-05
Logistic Reg,No SMOTE,0,0,0.0009688039113786282
Logistic Reg,No SMOTE,0,0,5.838109646404013e-06
Logistic Reg,No SMOTE,0,0,1.0669791105388025e-06
Logistic Reg,No SMOTE,0,0,3.658892738498161e-07
Logistic Reg,No SMOTE,0,0,1.7600325582483838e-06
Logistic Reg,No SMOTE,0,0,0.0009711688952440461
Logistic Reg,No SMOTE,0,0,0.0002528923217647184
Logistic Reg,No SMOTE,0,0,3.6551689145028463e-13
Logistic Reg,No SMOTE,0,0,2.3436239792172107e-12
Logistic Reg,No SMOTE,0,0,4.563362387157626e-05
Logistic Reg,No SMOTE,0,0,4.5718521954740976e-05
Logistic Reg,No SMOTE,0,0,0.014273133385028407
Logistic Reg,No SMOTE,0,0,4.581665876302978e-05
Logistic Reg,No SMOTE,0,0,2.3467160723163318e-37
Logistic Reg,No SMOTE,0,0,1.1136995457553295e-06
Logistic Reg,No SMOTE,0,0,7.897236370436313e-07
Logistic Reg,No SMOTE,0,0,0.022283347418776384
Logistic Reg,No SMOTE,0,0,5.127593876164023e-05
Logistic Reg,No SMOTE,0,0,4.634131750118927e-05
Logistic Reg,No SMOTE,0,0,9.491064001012974e-07
Logistic Reg,No SMOTE,0,0,0.004278361773692665
Logistic Reg,No SMOTE,0,0,1.2753544887825506e-06
Logistic Reg,No SMOTE,0,0,9.388161008512661e-07
Logistic Reg,No SMOTE,0,0,6.803566078509471e-07
Logistic Reg,No SMOTE,0,0,4.357948230766014e-12
Logistic Reg,No SMOTE,0,0,1.0777565776919971e-06
Logistic Reg,No SMOTE,0,0,1.0062480007180102e-06
Logistic Reg,No SMOTE,0,0,1.2608828660143705e-06
Logistic Reg,No SMOTE,0,0,0.037980897388777975
Logistic Reg,No SMOTE,0,0,1.7824254619032974e-09
Logistic Reg,No SMOTE,0,0,0.0007146425139606503
Logistic Reg,No SMOTE,0,0,0.046140135888769834
Logistic Reg,No SMOTE,0,0,1.3170108488014352e-12
Logistic Reg,No SMOTE,0,0,5.106363883621371e-05
Logistic Reg,No SMOTE,0,0,5.586160595263525e-07
Logistic Reg,No SMOTE,0,0,0.006828273911828797
Logistic Reg,No SMOTE,0,0,4.676573082058996e-05
Logistic Reg,No SMOTE,0,0,1.7034602347331295e-08
Logistic Reg,No SMOTE,0,0,4.1469457934777635e-06
Logistic Reg,No SMOTE,0,0,1.1593779302311022e-08
Logistic Reg,No SMOTE,0,0,0.04125707626741132
Logistic Reg,No SMOTE,0,1,0.5418847206882105
Logistic Reg,No SMOTE,0,0,0.045285083194258974
Logistic Reg,No SMOTE,0,0,0.0036139131424252563
Logistic Reg,No SMOTE,0,0,0.043643307114189504
Logistic Reg,No SMOTE,0,0,0.003229332248653984
Logistic Reg,No SMOTE,0,0,1.0733027187983259e-06
Logistic Reg,No SMOTE,0,0,8.321209634405019e-07
Logistic Reg,No SMOTE,0,0,0.0008237757807440024
Logistic Reg,No SMOTE,0,0,2.087105326388573e-05
Logistic Reg,No SMOTE,0,0,0.0014674745960477288
Logistic Reg,No SMOTE,0,0,4.664207626311026e-05
Logistic Reg,No SMOTE,0,0,6.586957962356726e-07
Logistic Reg,No SMOTE,0,0,0.003331374614148039
Logistic Reg,No SMOTE,0,0,9.434584543744095e-07
Logistic Reg,No SMOTE,0,0,5.679164110257507e-12
Logistic Reg,No SMOTE,0,0,0.05477052314977386
Logistic Reg,No SMOTE,0,0,1.1377508320942386e-06
Logistic Reg,No SMOTE,0,0,1.7949718998137058e-06
Logistic Reg,No SMOTE,0,0,0.030303291373247904
Logistic Reg,No SMOTE,0,0,4.596147032970496e-05
Logistic Reg,No SMOTE,0,0,0.02937343827736853
Logistic Reg,No SMOTE,0,0,0.0002095582745551678
Logistic Reg,No SMOTE,0,0,0.022351439595139234
Logistic Reg,No SMOTE,0,0,1.306168327708763e-10
Logistic Reg,No SMOTE,0,0,1.888004255086536e-05
Logistic Reg,No SMOTE,0,0,0.0009060455550056484
Logistic Reg,No SMOTE,0,0,3.72878559959698e-09
Logistic Reg,No SMOTE,0,0,9.75650210766061e-07
Logistic Reg,No SMOTE,0,0,0.013601029162792459
Logistic Reg,No SMOTE,0,1,0.911165785795744
Logistic Reg,No SMOTE,0,0,7.220097170785139e-17
Logistic Reg,No SMOTE,0,0,1.5804390358850488e-06
Logistic Reg,No SMOTE,0,0,0.017782802800368935
Logistic Reg,No SMOTE,0,0,0.004036998985634177
Logistic Reg,No SMOTE,0,0,4.5715675639587014e-05
Logistic Reg,No SMOTE,0,0,2.893160761291682e-11
Logistic Reg,No SMOTE,0,0,0.007394223202620932
Logistic Reg,No SMOTE,0,0,6.886128194620624e-10
Logistic Reg,No SMOTE,0,0,6.6972186398633364e-09
Logistic Reg,No SMOTE,0,0,1.2493243291206496e-06
Logistic Reg,No SMOTE,0,0,1.9813754655350663e-10
Logistic Reg,No SMOTE,0,0,0.025053629308801496
Logistic Reg,No SMOTE,0,0,9.072514162873088e-07
Logistic Reg,No SMOTE,0,0,8.571771256735297e-11
Logistic Reg,No SMOTE,0,0,4.608714552742865e-05
Logistic Reg,No SMOTE,0,0,1.6241445429148165e-05
Logistic Reg,No SMOTE,0,0,4.423480768456905e-27
Logistic Reg,No SMOTE,0,0,4.7978816517060054e-05
Logistic Reg,No SMOTE,0,0,0.21012714830117127
Logistic Reg,No SMOTE,0,0,7.397542535209496e-07
Logistic Reg,No SMOTE,0,0,4.614539141417636e-05
Logistic Reg,No SMOTE,0,0,0.002535835658695032
Logistic Reg,No SMOTE,0,0,4.718464464697641e-05
Logistic Reg,No SMOTE,0,0,3.228985616186474e-07
Logistic Reg,No SMOTE,0,0,1.3748028165174908e-09
Logistic Reg,No SMOTE,0,0,0.002897245460353873
Logistic Reg,No SMOTE,0,0,3.825286676870959e-22
Logistic Reg,No SMOTE,0,0,6.45594817163716e-07
Logistic Reg,No SMOTE,0,0,7.39475538163629e-10
Logistic Reg,No SMOTE,0,0,3.608238299065446e-06
Logistic Reg,No SMOTE,0,0,1.0223710345462565e-06
Logistic Reg,No SMOTE,0,0,4.685586430143246e-05
Logistic Reg,No SMOTE,0,0,0.0014176136341394131
Logistic Reg,No SMOTE,0,0,8.822087895808695e-07
Logistic Reg,No SMOTE,0,0,4.688644238007107e-05
Logistic Reg,No SMOTE,0,0,0.001430316778059805
Logistic Reg,No SMOTE,0,0,6.663391090754866e-16
Logistic Reg,No SMOTE,0,0,1.1397170373195905e-15
Logistic Reg,No SMOTE,0,0,0.0005203584132865633
Logistic Reg,No SMOTE,0,0,7.464146173157043e-19
Logistic Reg,No SMOTE,0,0,0.003344154773626424
Logistic Reg,No SMOTE,0,0,0.023894031669374847
Logistic Reg,No SMOTE,0,0,2.1913063559551316e-17
Logistic Reg,No SMOTE,0,0,1.256431778765841e-06
Logistic Reg,No SMOTE,0,0,4.7281345628418216e-05
Logistic Reg,No SMOTE,0,0,1.101834307166085e-06
Logistic Reg,No SMOTE,0,0,0.0015885633078831986
Logistic Reg,No SMOTE,0,0,0.04769697501139427
Logistic Reg,No SMOTE,0,0,6.919286716946655e-07
Logistic Reg,No SMOTE,0,0,2.2401269709675008e-07
Logistic Reg,No SMOTE,0,0,0.036233460228478426
Logistic Reg,No SMOTE,0,0,5.254030065418681e-10
Logistic Reg,No SMOTE,0,0,8.101989098415137e-07
Logistic Reg,No SMOTE,0,0,2.819581504213294e-08
Logistic Reg,No SMOTE,0,1,0.7421715015024941
Logistic Reg,No SMOTE,0,0,4.118001681321526e-15
Logistic Reg,No SMOTE,0,0,2.619022418415367e-41
Logistic Reg,No SMOTE,0,0,0.0029231814979295643
Logistic Reg,No SMOTE,0,0,0.0010460923862029331
Logistic Reg,No SMOTE,0,0,0.25696590449316703
Logistic Reg,No SMOTE,0,0,0.024840087499383354
Logistic Reg,No SMOTE,0,0,4.5595528471853524e-05
Logistic Reg,No SMOTE,0,0,0.06317539968639317
Logistic Reg,No SMOTE,0,0,0.05530285391429265
Logistic Reg,No SMOTE,0,1,0.6530472836861274
Logistic Reg,No SMOTE,0,0,3.553129330734988e-07
Logistic Reg,No SMOTE,0,0,8.612087076957811e-07
Logistic Reg,No SMOTE,0,0,3.226703742613737e-10
Logistic Reg,No SMOTE,0,0,0.05427717355763137
Logistic Reg,No SMOTE,0,0,2.4576137783182083e-09
Logistic Reg,No SMOTE,0,0,0.00023707842112929967
Logistic Reg,No SMOTE,0,0,4.5584408713987055e-05
Logistic Reg,No SMOTE,0,0,4.8894591591897353e-05
Logistic Reg,No SMOTE,0,0,0.012441382040076231
Logistic Reg,No SMOTE,0,0,1.616180596770973e-06
Logistic Reg,No SMOTE,0,0,1.56226092734933e-08
Logistic Reg,No SMOTE,0,0,4.657859508728154e-05
Logistic Reg,No SMOTE,0,0,2.5269746654871656e-13
Logistic Reg,No SMOTE,0,0,8.22156190956821e-05
Logistic Reg,No SMOTE,0,0,0.052335949251924675
Logistic Reg,No SMOTE,0,0,5.318928385180149e-15
Logistic Reg,No SMOTE,0,0,9.517330211844935e-13
Logistic Reg,No SMOTE,0,0,9.97938353047081e-12
Logistic Reg,No SMOTE,0,0,0.03783928067897902
Logistic Reg,No SMOTE,0,0,9.97342930097975e-07
Logistic Reg,No SMOTE,0,0,1.4790726607840392e-05
Logistic Reg,No SMOTE,0,0,0.014729237956885126
Logistic Reg,No SMOTE,0,0,1.3075625622437753e-10
Logistic Reg,No SMOTE,0,0,1.074705259345055e-10
Logistic Reg,No SMOTE,0,0,7.676372613249458e-06
Logistic Reg,No SMOTE,0,0,0.02167532443280877
Logistic Reg,No SMOTE,0,0,1.132165019982455e-07
Logistic Reg,No SMOTE,0,0,0.004537876749656807
Logistic Reg,No SMOTE,0,0,0.0013345811350445823
Logistic Reg,No SMOTE,0,0,1.1114926064165346e-13
Logistic Reg,No SMOTE,0,0,1.1922684559094674e-06
Logistic Reg,No SMOTE,0,0,1.0380877054416938e-06
Logistic Reg,No SMOTE,0,0,1.190602936471786e-06
Logistic Reg,No SMOTE,0,0,0.027905146409078246
Logistic Reg,No SMOTE,0,0,0.0211946711375598
Logistic Reg,No SMOTE,0,0,4.578560591440576e-05
Logistic Reg,No SMOTE,0,0,0.0255713616470085
Logistic Reg,No SMOTE,0,0,5.3397474282313974e-05
Logistic Reg,No SMOTE,0,0,2.791817828697477e-09
Logistic Reg,No SMOTE,0,0,1.1481165783804925e-07
Logistic Reg,No SMOTE,0,0,1.137180466194212e-06
Logistic Reg,No SMOTE,0,0,0.031140387084397998
Logistic Reg,No SMOTE,0,0,0.01910633384947927
Logistic Reg,No SMOTE,0,0,7.946087824909985e-09
Logistic Reg,No SMOTE,0,0,4.5621608406119866e-05
Logistic Reg,No SMOTE,0,0,0.06574514968539547
Logistic Reg,No SMOTE,0,0,5.081733327307439e-05
Logistic Reg,No SMOTE,0,0,0.005621536687016239
Logistic Reg,No SMOTE,0,0,3.92755058644776e-09
Logistic Reg,No SMOTE,0,0,0.00012618103632872213
Logistic Reg,No SMOTE,0,0,1.3189097556046427e-06
Logistic Reg,No SMOTE,0,0,1.1382555640921417e-06
Logistic Reg,No SMOTE,0,0,2.0527728044971244e-09
Logistic Reg,No SMOTE,0,0,0.32542822767554763
Logistic Reg,No SMOTE,0,0,1.2750215818235493e-24
Logistic Reg,No SMOTE,0,0,9.440408589985586e-07
Logistic Reg,No SMOTE,0,0,2.639344246389849e-10
Logistic Reg,No SMOTE,0,0,0.3575731661113228
Logistic Reg,No SMOTE,0,0,0.0016115276232612705
Logistic Reg,No SMOTE,0,0,0.030882863434745122
Logistic Reg,No SMOTE,0,0,1.1271933816538722e-06
Logistic Reg,No SMOTE,0,0,0.022444121434258283
Logistic Reg,No SMOTE,0,0,0.026186252092688603
Logistic Reg,No SMOTE,0,0,1.1714782519209211e-23
Logistic Reg,No SMOTE,0,0,0.012825617964415448
Logistic Reg,No SMOTE,0,0,0.00042214908089207014
Logistic Reg,No SMOTE,0,0,0.04826649706109632
Logistic Reg,No SMOTE,0,0,4.599382129273045e-05
Logistic Reg,No SMOTE,0,0,0.373237910549202
Logistic Reg,No SMOTE,0,0,5.2021430565099866e-05
Logistic Reg,No SMOTE,0,0,0.026801234641175176
Logistic Reg,No SMOTE,0,0,6.625649862259174e-05
Logistic Reg,No SMOTE,0,0,1.9939989024181792e-06
Logistic Reg,No SMOTE,0,0,1.3448899569948699e-06
Logistic Reg,No SMOTE,0,0,4.608185276983888e-05
Logistic Reg,No SMOTE,0,0,4.685977818247747e-05
Logistic Reg,No SMOTE,0,0,4.575245237206831e-05
Logistic Reg,No SMOTE,0,0,1.4820407183944625e-07
Logistic Reg,No SMOTE,0,0,1.1003754184276073e-06
Logistic Reg,No SMOTE,0,0,1.3905607098081903e-06
Logistic Reg,No SMOTE,0,0,1.5843524142034982e-20
Logistic Reg,No SMOTE,0,0,1.238514685581795e-10
Logistic Reg,No SMOTE,1,1,0.9951295795288718
Logistic Reg,No SMOTE,0,0,0.0059001561588153985
Logistic Reg,No SMOTE,0,0,0.04094288843955523
Logistic Reg,No SMOTE,0,0,8.790620273838521e-07
Logistic Reg,No SMOTE,0,0,0.14890052315706492
Logistic Reg,No SMOTE,0,0,0.0014150258126020012
Logistic Reg,No SMOTE,0,0,5.013670477103242e-05
Logistic Reg,No SMOTE,0,0,0.03685411540482582
Logistic Reg,No SMOTE,0,0,2.960451395029971e-07
Logistic Reg,No SMOTE,0,0,2.3993349429739786e-06
Logistic Reg,No SMOTE,0,0,1.2784624535211927e-06
Logistic Reg,No SMOTE,0,0,4.955929454470128e-05
Logistic Reg,No SMOTE,0,0,4.5634597306408866e-05
Logistic Reg,No SMOTE,0,0,0.0002799588324365137
Logistic Reg,No SMOTE,0,0,0.0009390439857562227
Logistic Reg,No SMOTE,0,0,4.712817593731658e-05
Logistic Reg,No SMOTE,0,0,4.577745059890951e-05
Logistic Reg,No SMOTE,0,0,4.560701570482637e-05
Logistic Reg,No SMOTE,0,0,1.1960003487676166e-16
Logistic Reg,No SMOTE,0,0,0.0012545409432481143
Logistic Reg,No SMOTE,0,0,0.011474846397051434
Logistic Reg,No SMOTE,0,0,4.5695353205146624e-05
Logistic Reg,No SMOTE,0,0,2.074567748739939e-12
Logistic Reg,No SMOTE,0,0,2.1747289481390234e-05
Logistic Reg,No SMOTE,0,0,0.029116370919357197
Logistic Reg,No SMOTE,0,0,1.5497572566195363e-07
Logistic Reg,No SMOTE,0,0,0.042526775237398624
Logistic Reg,No SMOTE,0,0,0.036411218326588585
Logistic Reg,No SMOTE,0,0,1.5681074456819086e-06
Logistic Reg,No SMOTE,0,0,0.04596072822979202
Logistic Reg,No SMOTE,0,0,5.0170746925439334e-05
Logistic Reg,No SMOTE,0,0,1.5894794335720584e-07
Logistic Reg,No SMOTE,0,0,8.142541604022232e-09
Logistic Reg,No SMOTE,0,0,0.0008760780912927699
Logistic Reg,No SMOTE,0,0,4.6167312851524716e-05
Logistic Reg,No SMOTE,0,0,4.6572464681813035e-05
Logistic Reg,No SMOTE,0,0,4.4778612935780815e-12
Logistic Reg,No SMOTE,0,0,0.11496439966919987
Logistic Reg,No SMOTE,0,0,0.0658708072698995
Logistic Reg,No SMOTE,0,0,1.0603447547456318e-06
Logistic Reg,No SMOTE,0,0,7.621399285020911e-07
Logistic Reg,No SMOTE,0,0,4.565999414049743e-05
Logistic Reg,No SMOTE,0,0,4.1155252684263956e-09
Logistic Reg,No SMOTE,0,0,1.2288058498964392e-06
Logistic Reg,No SMOTE,0,0,0.0025141162956162748
Logistic Reg,No SMOTE,0,0,3.0011027280081374e-09
Logistic Reg,No SMOTE,0,0,3.1842666693173312e-12
Logistic Reg,No SMOTE,0,0,8.36413121979667e-07
Logistic Reg,No SMOTE,0,0,4.77724067550699e-05
Logistic Reg,No SMOTE,0,0,0.004507653076864168
Logistic Reg,No SMOTE,0,0,1.3569442451764448e-06
Logistic Reg,No SMOTE,0,0,8.846862265213055e-07
Logistic Reg,No SMOTE,0,0,0.03286790373481136
Logistic Reg,No SMOTE,0,0,0.012705150388867692
Logistic Reg,No SMOTE,0,0,0.0044289122915149755
Logistic Reg,No SMOTE,0,0,5.213908825148621e-13
Logistic Reg,No SMOTE,0,0,1.6840543266481205e-09
Logistic Reg,No SMOTE,0,0,6.515199472951794e-05
Logistic Reg,No SMOTE,0,0,4.9636490025297666e-05
Logistic Reg,No SMOTE,0,0,8.839250852647471e-07
Logistic Reg,No SMOTE,0,0,4.563803314804054e-05
Logistic Reg,No SMOTE,0,0,0.010751707643378213
Logistic Reg,No SMOTE,0,0,8.354148975487765e-07
Logistic Reg,No SMOTE,0,0,8.51500963646067e-07
Logistic Reg,No SMOTE,0,0,0.01306755577258289
Logistic Reg,No SMOTE,0,0,7.610246640506482e-05
Logistic Reg,No SMOTE,0,0,8.362915199127592e-07
Logistic Reg,No SMOTE,0,0,0.009197582574982495
Logistic Reg,No SMOTE,0,0,7.486437874271424e-05
Logistic Reg,No SMOTE,0,0,6.7512688511612e-28
Logistic Reg,No SMOTE,0,0,2.0055180269399305e-07
Logistic Reg,No SMOTE,0,0,1.8238403481237152e-11
Logistic Reg,No SMOTE,0,0,4.859793455678887e-05
Logistic Reg,No SMOTE,0,0,0.02103396515230753
Logistic Reg,No SMOTE,0,0,8.959593976970592e-07
Logistic Reg,No SMOTE,0,0,0.4096489764565618
Logistic Reg,No SMOTE,0,0,0.0436904666475171
Logistic Reg,No SMOTE,0,0,4.579550642727204e-05
Logistic Reg,No SMOTE,0,0,0.04499668606217073
Logistic Reg,No SMOTE,0,0,1.0252756878140403e-06
Logistic Reg,No SMOTE,0,0,0.04090171267763093
Logistic Reg,No SMOTE,0,0,0.00026451655739478626
Logistic Reg,No SMOTE,0,0,1.0116003019754447e-06
Logistic Reg,No SMOTE,0,0,1.0457140445001544e-06
Logistic Reg,No SMOTE,0,0,0.00012896765444662085
Logistic Reg,No SMOTE,0,0,6.626828081205584e-13
Logistic Reg,No SMOTE,0,0,4.799150813897851e-09
Logistic Reg,No SMOTE,0,0,0.024294484870253888
Logistic Reg,No SMOTE,0,0,0.016833558924012892
Logistic Reg,No SMOTE,0,0,7.678255471498995e-07
Logistic Reg,No SMOTE,0,0,4.713673352195708e-05
Logistic Reg,No SMOTE,0,0,5.160617046641689e-05
Logistic Reg,No SMOTE,0,1,0.9697961476094086
Logistic Reg,No SMOTE,0,0,0.035446017638994486
Logistic Reg,No SMOTE,0,0,4.558253297267178e-05
Logistic Reg,No SMOTE,0,0,0.0024252560271580377
Logistic Reg,No SMOTE,0,0,0.0018827095825248248
Logistic Reg,No SMOTE,0,0,0.001795843231607233
Logistic Reg,No SMOTE,0,0,3.787889325981356e-18
Logistic Reg,No SMOTE,0,0,7.781547492866971e-07
Logistic Reg,No SMOTE,0,0,0.029286338613167925
Logistic Reg,No SMOTE,0,0,4.796663066483412e-05
Logistic Reg,No SMOTE,0,0,0.0017719250048715725
Logistic Reg,No SMOTE,0,0,4.459740514524008e-05
Logistic Reg,No SMOTE,0,0,0.021121956243886693
Logistic Reg,No SMOTE,0,0,1.521076154212505e-10
Logistic Reg,No SMOTE,0,0,0.39335555524248933
Logistic Reg,No SMOTE,0,0,8.619987254184659e-07
Logistic Reg,No SMOTE,0,0,9.947834477137872e-07
Logistic Reg,No SMOTE,0,0,4.5598452186965815e-05
Logistic Reg,No SMOTE,0,0,4.848796963311331e-06
Logistic Reg,No SMOTE,0,0,6.685065563057382e-11
Logistic Reg,No SMOTE,0,0,0.04044308391685054
Logistic Reg,No SMOTE,0,0,3.959669432953224e-13
Logistic Reg,No SMOTE,0,0,1.1423856332614409e-06
Logistic Reg,No SMOTE,0,0,0.004659304353460467
Logistic Reg,No SMOTE,0,0,0.035246020210167865
Logistic Reg,No SMOTE,0,0,0.0012102735448461526
Logistic Reg,No SMOTE,0,0,0.005829510510843013
Logistic Reg,No SMOTE,0,0,7.432123483978458e-07
Logistic Reg,No SMOTE,0,0,7.511301741650908e-214
Logistic Reg,No SMOTE,0,0,4.6438101351098275e-05
Logistic Reg,No SMOTE,0,0,0.030816437350359823
Logistic Reg,No SMOTE,0,0,0.0022414905810440467
Logistic Reg,No SMOTE,0,0,0.00029013310061961776
Logistic Reg,No SMOTE,0,0,1.2602372243075934e-06
Logistic Reg,No SMOTE,0,0,0.0006812243797697285
Logistic Reg,No SMOTE,0,0,7.87103190732195e-07
Logistic Reg,No SMOTE,0,0,4.611604052839153e-05
Logistic Reg,No SMOTE,0,0,0.002147005422569377
Logistic Reg,No SMOTE,0,0,0.001329170004513951
Logistic Reg,No SMOTE,0,0,0.03610807274990056
Logistic Reg,No SMOTE,0,0,0.00012306884995489953
Logistic Reg,No SMOTE,0,0,0.021485421393708192
Logistic Reg,No SMOTE,0,0,0.0387581335025545
Logistic Reg,No SMOTE,0,0,5.468959351114605e-13
Logistic Reg,No SMOTE,0,0,0.004689638238473771
Logistic Reg,No SMOTE,0,0,2.4852861102508407e-06
Logistic Reg,No SMOTE,0,0,0.09079348550402758
Logistic Reg,No SMOTE,0,0,0.02778810158123244
Logistic Reg,No SMOTE,0,1,0.7851504426035028
Logistic Reg,No SMOTE,0,0,2.8414924332138866e-06
Logistic Reg,No SMOTE,0,0,8.68173895110871e-09
Logistic Reg,No SMOTE,0,0,3.469746988421631e-14
Logistic Reg,No SMOTE,0,0,4.674031095833999e-05
Logistic Reg,No SMOTE,0,0,0.41284748035947294
Logistic Reg,No SMOTE,0,0,6.973657602470822e-07
Logistic Reg,No SMOTE,0,0,4.636664081708776e-05
Logistic Reg,No SMOTE,0,0,1.1212209113746572e-06
Logistic Reg,No SMOTE,0,0,4.6538413557792016e-05
Logistic Reg,No SMOTE,0,0,9.275360657325847e-07
Logistic Reg,No SMOTE,0,0,0.0004339902618976331
Logistic Reg,No SMOTE,0,0,2.1770148002124255e-05
Logistic Reg,No SMOTE,0,0,1.3108723627966994e-10
Logistic Reg,No SMOTE,0,0,9.234794834229658e-07
Logistic Reg,No SMOTE,0,0,0.0024235586512711188
Logistic Reg,No SMOTE,0,0,4.5635413342258545e-05
Logistic Reg,No SMOTE,0,0,4.249405322610218e-08
Logistic Reg,No SMOTE,0,0,8.070486686802765e-11
Logistic Reg,No SMOTE,0,0,8.247893527573502e-10
Logistic Reg,No SMOTE,0,0,0.018048954406863726
Logistic Reg,No SMOTE,0,0,0.0030978161381983458
Logistic Reg,No SMOTE,0,0,5.961665416883022e-06
Logistic Reg,No SMOTE,0,0,0.02378882353657533
Logistic Reg,No SMOTE,0,0,0.024182842054556966
Logistic Reg,No SMOTE,0,0,0.0008634688821321624
Logistic Reg,No SMOTE,0,0,0.0028167345134057315
Logistic Reg,No SMOTE,0,0,0.13513604662621193
Logistic Reg,No SMOTE,0,0,0.0012750812173591692
Logistic Reg,No SMOTE,0,1,0.86084919383786
Logistic Reg,No SMOTE,0,0,0.05139978795464354
Logistic Reg,No SMOTE,0,0,0.1970516760305464
Logistic Reg,No SMOTE,0,0,3.733711784158127e-09
Logistic Reg,No SMOTE,0,0,0.047615783942533484
Logistic Reg,No SMOTE,0,0,4.8944190936598744e-05
Logistic Reg,No SMOTE,0,0,4.6616202718770687e-05
Logistic Reg,No SMOTE,0,0,4.608081606444896e-05
Logistic Reg,No SMOTE,0,0,0.00024590300884610625
Logistic Reg,No SMOTE,0,0,0.03935306152054693
Logistic Reg,No SMOTE,0,0,3.433587965451151e-09
Logistic Reg,No SMOTE,0,0,0.028127635820961172
Logistic Reg,No SMOTE,0,0,2.5922260878114095e-10
Logistic Reg,No SMOTE,0,0,0.03263517042236744
Logistic Reg,No SMOTE,0,0,9.187822805591537e-12
Logistic Reg,No SMOTE,0,0,8.18529162061361e-05
Logistic Reg,No SMOTE,0,0,5.925822159944898e-07
Logistic Reg,No SMOTE,0,0,0.00028725717320580025
Logistic Reg,No SMOTE,0,0,4.7550054715239186e-05
Logistic Reg,No SMOTE,0,0,4.7214620398517104e-09
Logistic Reg,No SMOTE,0,0,0.0015921173380742456
Logistic Reg,No SMOTE,0,0,1.043305298836229e-06
Logistic Reg,No SMOTE,0,0,3.173662176811325e-09
Logistic Reg,No SMOTE,0,0,0.0007241577974138989
Logistic Reg,No SMOTE,0,0,8.373202399680142e-07
Logistic Reg,No SMOTE,0,0,0.2521213068955744
Logistic Reg,No SMOTE,0,0,4.602310414434507e-05
Logistic Reg,No SMOTE,0,0,0.006585838225347081
Logistic Reg,No SMOTE,0,0,3.792451212820868e-08
Logistic Reg,No SMOTE,0,0,5.900390766972647e-60
Logistic Reg,No SMOTE,0,0,0.034110625470648866
Logistic Reg,No SMOTE,0,0,0.04745503711935647
Logistic Reg,No SMOTE,0,0,1.9133181707369792e-12
Logistic Reg,No SMOTE,0,0,0.006534530471610748
Logistic Reg,No SMOTE,0,0,0.01977069462793911
Logistic Reg,No SMOTE,0,0,0.10344032298608469
Logistic Reg,No SMOTE,0,0,2.4282050280519647e-21
Logistic Reg,No SMOTE,0,0,0.0009664332133412043
Logistic Reg,No SMOTE,0,0,4.6628251965818444e-05
Logistic Reg,No SMOTE,0,0,4.670539671244414e-05
Logistic Reg,No SMOTE,0,0,0.03178102340008105
Logistic Reg,No SMOTE,0,0,1.9031239980336038e-06
Logistic Reg,No SMOTE,0,0,4.811929844462187e-05
Logistic Reg,No SMOTE,0,0,1.0636071642804164e-06
Logistic Reg,No SMOTE,0,0,0.021643736351529295
Logistic Reg,No SMOTE,0,0,0.02643933833570318
Logistic Reg,No SMOTE,0,0,1.1724657414920118e-09
Logistic Reg,No SMOTE,0,0,0.0018917793134894663
Logistic Reg,No SMOTE,0,0,1.106576252233754e-07
Logistic Reg,No SMOTE,0,0,4.70236144286793e-05
Logistic Reg,No SMOTE,0,0,0.003665045216781035
Logistic Reg,No SMOTE,0,0,0.000897327856468049
Logistic Reg,No SMOTE,0,0,1.0259148325297243e-06
Logistic Reg,No SMOTE,0,0,5.080760048541388e-09
Logistic Reg,No SMOTE,0,0,0.023615899405476287
Logistic Reg,No SMOTE,0,0,0.001756860182639428
Logistic Reg,No SMOTE,0,0,5.0438157283318116e-15
Logistic Reg,No SMOTE,0,0,8.885012643833178e-26
Logistic Reg,No SMOTE,0,0,0.03252962660019918
Logistic Reg,No SMOTE,0,0,0.015662183005472473
Logistic Reg,No SMOTE,0,0,1.2376785169401076e-05
Logistic Reg,No SMOTE,0,0,9.385606326602929e-07
Logistic Reg,No SMOTE,0,0,0.010950717254559832
Logistic Reg,No SMOTE,0,0,1.8611131212075962e-07
Logistic Reg,No SMOTE,0,0,1.1704312210586577e-07
Logistic Reg,No SMOTE,0,0,6.92547125465806e-07
Logistic Reg,No SMOTE,0,0,4.683695344974469e-05
Logistic Reg,No SMOTE,0,0,0.055846042026526446
Logistic Reg,No SMOTE,0,0,0.0011832180781746133
Logistic Reg,No SMOTE,0,0,4.5781981035775485e-05
Logistic Reg,No SMOTE,0,0,4.624623646561272e-05
Logistic Reg,No SMOTE,0,0,9.910910159864308e-09
Logistic Reg,No SMOTE,0,0,4.624411624088949e-05
Logistic Reg,No SMOTE,0,1,0.5371826199212706
Logistic Reg,No SMOTE,0,0,6.17244375746888e-15
Logistic Reg,No SMOTE,0,0,2.886305346002783e-17
Logistic Reg,No SMOTE,0,0,1.0085065199512847e-06
Logistic Reg,No SMOTE,0,0,0.000832765312018664
Logistic Reg,No SMOTE,0,0,9.82556937030193e-10
Logistic Reg,No SMOTE,0,0,4.597978862940118e-05
Logistic Reg,No SMOTE,0,0,0.04364712430509218
Logistic Reg,No SMOTE,0,0,5.609481407346368e-07
Logistic Reg,No SMOTE,0,0,1.854019094727552e-05
Logistic Reg,No SMOTE,0,0,9.10783220942951e-07
Logistic Reg,No SMOTE,0,0,4.602710124564223e-05
Logistic Reg,No SMOTE,0,0,0.19293544267241744
Logistic Reg,No SMOTE,0,0,9.19365438380922e-07
Logistic Reg,No SMOTE,0,0,9.892649790850545e-07
Logistic Reg,No SMOTE,0,0,7.017501526970817e-05
Logistic Reg,No SMOTE,0,0,6.524967514293749e-09
Logistic Reg,No SMOTE,0,0,2.8487745634001403e-08
Logistic Reg,No SMOTE,0,0,4.606345177813206e-05
Logistic Reg,No SMOTE,0,0,0.018490957764932838
Logistic Reg,No SMOTE,0,0,0.3079574812202585
Logistic Reg,No SMOTE,0,0,1.0948262993203893e-08
Logistic Reg,No SMOTE,0,0,7.143323995255946e-07
Logistic Reg,No SMOTE,0,0,0.031839418881549404
Logistic Reg,No SMOTE,0,0,0.018611097465480224
Logistic Reg,No SMOTE,0,0,2.240150997726923e-20
Logistic Reg,No SMOTE,0,0,0.3699553482399548
Logistic Reg,No SMOTE,0,0,0.002230718365163426
Logistic Reg,No SMOTE,0,0,1.0973529585851197e-07
Logistic Reg,No SMOTE,0,0,1.5081414250136049e-06
Logistic Reg,No SMOTE,0,0,0.0018348088587500724
Logistic Reg,No SMOTE,0,0,0.026561639983192983
Logistic Reg,No SMOTE,0,0,1.5087048290078e-06
Logistic Reg,No SMOTE,0,0,2.097251481430427e-25
Logistic Reg,No SMOTE,0,0,3.461765606225501e-17
Logistic Reg,No SMOTE,0,0,5.272881230795003e-06
Logistic Reg,No SMOTE,0,0,6.743225727106243e-07
Logistic Reg,No SMOTE,0,0,2.0871913933959752e-08
Logistic Reg,No SMOTE,0,0,2.9644733618538947e-51
Logistic Reg,No SMOTE,0,0,9.379083862923425e-07
Logistic Reg,No SMOTE,0,0,9.390686936691676e-07
Logistic Reg,No SMOTE,0,0,3.4960661717822806e-10
Logistic Reg,No SMOTE,0,0,9.0520178209733e-07
Logistic Reg,No SMOTE,0,0,0.032705129720456166
Logistic Reg,No SMOTE,0,0,6.271429884377182e-10
Logistic Reg,No SMOTE,0,0,4.719430744900506e-05
Logistic Reg,No SMOTE,0,0,1.1397774450379074e-06
Logistic Reg,No SMOTE,0,0,4.417739507805697e-08
Logistic Reg,No SMOTE,0,0,5.2941923252267564e-14
Logistic Reg,No SMOTE,0,0,4.698384903493301e-05
Logistic Reg,No SMOTE,0,0,4.5918289297966906e-05
Logistic Reg,No SMOTE,0,0,4.5644536890814215e-05
Logistic Reg,No SMOTE,0,0,1.3077699847604096e-16
Logistic Reg,No SMOTE,0,0,0.001525954375736879
Logistic Reg,No SMOTE,0,0,5.395720298545322e-07
Logistic Reg,No SMOTE,0,0,1.0070939679849427e-06
Logistic Reg,No SMOTE,0,0,0.040222049874530284
Logistic Reg,No SMOTE,0,0,7.041237798559383e-07
Logistic Reg,No SMOTE,0,0,4.362748144561603e-22
Logistic Reg,No SMOTE,0,0,4.663271934755902e-05
Logistic Reg,No SMOTE,0,0,0.0031795450269405143
Logistic Reg,No SMOTE,0,0,0.0011376576700377157
Logistic Reg,No SMOTE,0,0,0.05375310498130203
Logistic Reg,No SMOTE,0,0,0.0035453992715034992
Logistic Reg,No SMOTE,0,0,0.03760102589434897
Logistic Reg,No SMOTE,0,0,1.1891000971605008e-08
Logistic Reg,No SMOTE,0,0,9.91113483040396e-07
Logistic Reg,No SMOTE,0,0,0.0009203585021608189
Logistic Reg,No SMOTE,0,0,4.340082446827155e-15
Logistic Reg,No SMOTE,0,0,0.030636653131188487
Logistic Reg,No SMOTE,0,0,0.004334050140369842
Logistic Reg,No SMOTE,0,0,0.00016370284550249416
Logistic Reg,No SMOTE,0,0,4.597849010664366e-05
Logistic Reg,No SMOTE,0,0,4.8417984994487816e-05
Logistic Reg,No SMOTE,0,0,4.562513890238804e-05
Logistic Reg,No SMOTE,0,0,4.505377264352446e-08
Logistic Reg,No SMOTE,0,0,0.0039491449721306806
Logistic Reg,No SMOTE,0,0,0.03259290878525695
Logistic Reg,No SMOTE,0,0,4.6082665091160345e-05
Logistic Reg,No SMOTE,0,0,0.0022163076150052943
Logistic Reg,No SMOTE,0,0,0.2952811540252483
Logistic Reg,No SMOTE,0,0,0.2775700969701165
Logistic Reg,No SMOTE,0,0,0.00888369664264412
Logistic Reg,No SMOTE,0,0,4.5583155090905186e-05
Logistic Reg,No SMOTE,0,0,0.20185911449355212
Logistic Reg,No SMOTE,0,0,4.601577013828214e-19
Logistic Reg,No SMOTE,0,0,8.619818698592071e-07
Logistic Reg,No SMOTE,0,0,4.5607487746495453e-05
Logistic Reg,No SMOTE,0,0,1.2185681687044732e-11
Logistic Reg,No SMOTE,0,0,0.013014856205170941
Logistic Reg,No SMOTE,0,0,0.001801688530110218
Logistic Reg,No SMOTE,0,0,3.3037449595706785e-24
Logistic Reg,No SMOTE,0,0,0.17179275824739806
Logistic Reg,No SMOTE,0,0,1.1496557440161927e-06
Logistic Reg,No SMOTE,0,0,0.0006990760636833361
Logistic Reg,No SMOTE,0,0,6.213033306098377e-10
Logistic Reg,No SMOTE,0,0,4.606950616241081e-05
Logistic Reg,No SMOTE,0,0,4.5585636244416505e-05
Logistic Reg,No SMOTE,0,0,5.423659806178501e-05
Logistic Reg,No SMOTE,0,0,0.00029283846814239276
Logistic Reg,No SMOTE,0,0,0.008466623478743787
Logistic Reg,No SMOTE,0,0,2.2410655624793697e-05
Logistic Reg,No SMOTE,0,0,0.08991755074228237
Logistic Reg,No SMOTE,0,0,0.03213542756103533
Logistic Reg,No SMOTE,0,0,9.994761361407461e-07
Logistic Reg,No SMOTE,0,0,0.07331370708652377
Logistic Reg,No SMOTE,0,1,0.9699266037675706
Logistic Reg,No SMOTE,0,0,5.429363271153141e-13
Logistic Reg,No SMOTE,0,0,0.007624649744733162
Logistic Reg,No SMOTE,0,0,1.0696721658102423e-06
Logistic Reg,No SMOTE,0,0,1.0938838338433537e-09
Logistic Reg,No SMOTE,0,1,0.928015753127177
Logistic Reg,No SMOTE,0,0,4.9529191093495174e-05
Logistic Reg,No SMOTE,0,0,0.007713373219775204
Logistic Reg,No SMOTE,0,0,5.67532295867057e-05
Logistic Reg,No SMOTE,0,0,4.608463102624398e-05
Logistic Reg,No SMOTE,0,0,2.287638406951238e-09
Logistic Reg,No SMOTE,0,0,0.005792932997893108
Logistic Reg,No SMOTE,0,0,4.5899983984227536e-05
Logistic Reg,No SMOTE,0,0,4.559659799089031e-05
Logistic Reg,No SMOTE,0,0,2.7033405137271957e-24
Logistic Reg,No SMOTE,0,0,4.912726126552221e-06
Logistic Reg,No SMOTE,0,0,4.611434491945693e-05
Logistic Reg,No SMOTE,0,0,0.04795923371788446
Logistic Reg,No SMOTE,0,0,6.477693031270875e-18
Logistic Reg,No SMOTE,0,0,0.03802915492199006
Logistic Reg,No SMOTE,0,0,0.000499558770040126
Logistic Reg,No SMOTE,0,0,8.575872559470398e-07
Logistic Reg,No SMOTE,0,0,7.037997865830098e-07
Logistic Reg,No SMOTE,0,0,1.0367167349270862e-05
Logistic Reg,No SMOTE,0,1,0.939216170271952
Logistic Reg,No SMOTE,0,0,0.016446189289431333
Logistic Reg,No SMOTE,0,0,0.05033254087452174
Logistic Reg,No SMOTE,0,0,9.300639933880619e-07
Logistic Reg,No SMOTE,0,0,4.557796996358317e-08
Logistic Reg,No SMOTE,0,0,8.4065211710941e-05
Logistic Reg,No SMOTE,0,0,7.245850900161363e-07
Logistic Reg,No SMOTE,0,0,2.917907062522896e-10
Logistic Reg,No SMOTE,0,0,1.8860001861913576e-16
Logistic Reg,No SMOTE,0,0,1.179221274838507e-06
Logistic Reg,No SMOTE,0,0,0.002379271861004222
Logistic Reg,No SMOTE,0,0,0.03064947520267315
Logistic Reg,No SMOTE,0,0,2.6925385058797415e-13
Logistic Reg,No SMOTE,0,0,0.018680423205824345
Logistic Reg,No SMOTE,0,0,0.03246536722956149
Logistic Reg,No SMOTE,0,0,4.385341396847596e-09
Logistic Reg,No SMOTE,0,0,0.1987129102871127
Logistic Reg,No SMOTE,0,0,0.029618774592866947
Logistic Reg,No SMOTE,0,0,5.204819908219424e-05
Logistic Reg,No SMOTE,0,0,0.0005056467804570307
Logistic Reg,No SMOTE,0,0,2.2368087490727044e-24
Logistic Reg,No SMOTE,0,0,4.609329372513647e-05
Logistic Reg,No SMOTE,0,0,0.005124711195245485
Logistic Reg,No SMOTE,0,0,1.2305623161610671e-12
Logistic Reg,No SMOTE,0,0,0.0460535710810432
Logistic Reg,No SMOTE,0,0,8.104605253927008e-08
Logistic Reg,No SMOTE,0,0,4.5944506108380085e-05
Logistic Reg,No SMOTE,0,0,0.23979529198505237
Logistic Reg,No SMOTE,0,0,1.0795331436633653e-06
Logistic Reg,No SMOTE,0,0,0.017170154954479683
Logistic Reg,No SMOTE,0,0,0.0005871364869140753
Logistic Reg,No SMOTE,0,0,7.109739650979905e-05
Logistic Reg,No SMOTE,0,0,4.6500299318877754e-05
Logistic Reg,No SMOTE,0,0,4.6514695188505546e-05
Logistic Reg,No SMOTE,0,0,7.035008374500462e-07
Logistic Reg,No SMOTE,0,0,0.03307571546014689
Logistic Reg,No SMOTE,0,0,8.821229570153118e-13
Logistic Reg,No SMOTE,0,0,0.32508178881044025
Logistic Reg,No SMOTE,0,0,1.3632041094949044e-08
Logistic Reg,No SMOTE,0,0,0.033032869461804684
Logistic Reg,No SMOTE,0,0,1.1438138417188052e-06
Logistic Reg,No SMOTE,0,0,4.5599705749291156e-05
Logistic Reg,No SMOTE,0,1,0.8504202000937928
Logistic Reg,No SMOTE,0,0,9.384338742463228e-07
Logistic Reg,No SMOTE,0,0,2.609291679345739e-15
Logistic Reg,No SMOTE,0,0,8.066653915610971e-07
Logistic Reg,No SMOTE,0,0,0.0002786345717981148
Logistic Reg,No SMOTE,0,0,1.224958790255576e-06
Logistic Reg,No SMOTE,0,0,1.8170742850644427e-21
Logistic Reg,No SMOTE,0,0,0.00010042346587490644
Logistic Reg,No SMOTE,0,0,0.011479634414019562
Logistic Reg,No SMOTE,0,0,3.281883330359358e-13
Logistic Reg,No SMOTE,0,0,0.013214368067138927
Logistic Reg,No SMOTE,0,0,0.032832552208249204
Logistic Reg,No SMOTE,0,0,8.198888152792981e-13
Logistic Reg,No SMOTE,0,0,6.362888902965958e-07
Logistic Reg,No SMOTE,0,0,0.0015529046958792205
Logistic Reg,No SMOTE,0,0,1.2582805679396215e-08
Logistic Reg,No SMOTE,0,0,1.704618339842193e-52
Logistic Reg,No SMOTE,0,0,1.3330117445699244e-06
Logistic Reg,No SMOTE,0,0,0.01385177103939811
Logistic Reg,No SMOTE,0,0,1.7239447701192122e-06
Logistic Reg,No SMOTE,0,0,2.063752872008846e-15
Logistic Reg,No SMOTE,0,0,7.871814488356001e-17
Logistic Reg,No SMOTE,0,0,9.923952638716525e-07
Logistic Reg,No SMOTE,0,0,0.012354271255592844
Logistic Reg,No SMOTE,0,0,1.5184028574699054e-28
Logistic Reg,No SMOTE,0,0,3.457582468912487e-06
Logistic Reg,No SMOTE,0,0,0.03523800319949872
Logistic Reg,No SMOTE,0,0,0.027636258071785352
Logistic Reg,No SMOTE,0,0,4.6385821098982376e-05
Logistic Reg,No SMOTE,0,0,4.898793771367341e-05
Logistic Reg,No SMOTE,0,0,0.006778112028403453
Logistic Reg,No SMOTE,0,0,0.014860683288112657
Logistic Reg,No SMOTE,0,0,4.933219691086757e-05
Logistic Reg,No SMOTE,0,0,6.7375351935975135e-12
Logistic Reg,No SMOTE,0,0,8.559924276681582e-08
Logistic Reg,No SMOTE,0,0,4.881356128018773e-05
Logistic Reg,No SMOTE,0,0,0.0013678822600522464
Logistic Reg,No SMOTE,0,0,4.558584315620024e-05
Logistic Reg,No SMOTE,0,0,0.04140420135121139
Logistic Reg,No SMOTE,0,0,0.004056298116987357
Logistic Reg,No SMOTE,0,0,1.2991526612614215e-16
Logistic Reg,No SMOTE,0,0,4.8907150889562724e-12
Logistic Reg,No SMOTE,0,0,1.2234924339625818e-06
Logistic Reg,No SMOTE,0,0,1.590997113968384e-10
Logistic Reg,No SMOTE,0,1,0.5011461940962049
Logistic Reg,No SMOTE,0,0,0.02194579208958105
Logistic Reg,No SMOTE,0,0,1.246781115976104e-13
Logistic Reg,No SMOTE,0,0,0.036561565399671675
Logistic Reg,No SMOTE,0,0,0.055042431133399725
Logistic Reg,No SMOTE,0,1,0.8495864995034194
Logistic Reg,No SMOTE,0,0,4.7169820854268545e-05
Logistic Reg,No SMOTE,0,0,4.88450627561829e-05
Logistic Reg,No SMOTE,0,0,0.25160721815136633
Logistic Reg,No SMOTE,0,0,0.010006872748846611
Logistic Reg,No SMOTE,0,0,1.1843519992615535e-06
Logistic Reg,No SMOTE,0,0,0.001209741917516719
Logistic Reg,No SMOTE,0,0,0.030744624895697893
Logistic Reg,No SMOTE,0,0,0.03261827287565192
Logistic Reg,No SMOTE,0,0,1.188678637255022e-18
Logistic Reg,No SMOTE,0,0,1.4000131564128932e-10
Logistic Reg,No SMOTE,0,0,3.5325012931615066e-07
Logistic Reg,No SMOTE,0,0,8.137967918109465e-05
Logistic Reg,No SMOTE,0,0,0.02724192356006733
Logistic Reg,No SMOTE,0,0,9.162318214082957e-07
Logistic Reg,No SMOTE,0,0,1.0566127108476931e-06
Logistic Reg,No SMOTE,0,0,4.560677594972073e-05
Logistic Reg,No SMOTE,0,0,0.012337868624445632
Logistic Reg,No SMOTE,0,0,2.3586027908504545e-10
Logistic Reg,No SMOTE,0,0,0.006471287868591411
Logistic Reg,No SMOTE,0,0,0.0001144501807299448
Logistic Reg,No SMOTE,0,0,7.71440812305262e-07
Logistic Reg,No SMOTE,0,0,5.089863768270404e-09
Logistic Reg,No SMOTE,0,0,7.827216714343017e-07
Logistic Reg,No SMOTE,0,0,8.52101825789279e-07
Logistic Reg,No SMOTE,0,0,0.04063397539307153
Logistic Reg,No SMOTE,0,0,9.438035237985406e-07
Logistic Reg,No SMOTE,0,0,0.0013200603129400713
Logistic Reg,No SMOTE,0,0,4.70394007382495e-05
Logistic Reg,No SMOTE,0,0,2.4034796599098385e-07
Logistic Reg,No SMOTE,0,0,0.00022085633562453675
Logistic Reg,No SMOTE,0,0,1.9200535663451998e-06
Logistic Reg,No SMOTE,0,0,1.5971238085930024e-06
Logistic Reg,No SMOTE,0,0,1.2708660822071821e-06
Logistic Reg,No SMOTE,0,0,3.72896820361112e-06
Logistic Reg,No SMOTE,0,1,0.5001877878735763
Logistic Reg,No SMOTE,0,0,0.0003979624208108721
Logistic Reg,No SMOTE,0,0,0.007950204101009505
Logistic Reg,No SMOTE,0,0,4.647566948757531e-05
Logistic Reg,No SMOTE,0,0,3.530080620516261e-08
Logistic Reg,No SMOTE,0,1,0.5990725863161617
Logistic Reg,No SMOTE,0,0,3.6987928066659444e-09
Logistic Reg,No SMOTE,0,0,3.8363866098735056e-11
Logistic Reg,No SMOTE,0,0,4.158921334365999e-12
Logistic Reg,No SMOTE,0,0,4.156585197391684e-11
Logistic Reg,No SMOTE,0,0,0.02714497284630684
Logistic Reg,No SMOTE,0,0,3.124535102143095e-09
Logistic Reg,No SMOTE,0,0,2.0568249581821703e-12
Logistic Reg,No SMOTE,0,0,0.0015243901812889748
Logistic Reg,No SMOTE,0,0,0.00034816545417904664
Logistic Reg,No SMOTE,0,0,4.331450300418828e-12
Logistic Reg,No SMOTE,0,0,0.0013264222214346508
Logistic Reg,No SMOTE,0,0,4.586252249811124e-05
Logistic Reg,No SMOTE,0,0,0.01489075103826881
Logistic Reg,No SMOTE,0,0,1.0358403894156537e-06
Logistic Reg,No SMOTE,0,0,7.633930860620952e-07
Logistic Reg,No SMOTE,0,0,8.632057624107752e-07
Logistic Reg,No SMOTE,0,0,4.65519830209853e-05
Logistic Reg,No SMOTE,0,0,0.030614456035912764
Logistic Reg,No SMOTE,0,0,8.442252515841473e-07
Logistic Reg,No SMOTE,0,0,4.5771918153626024e-05
Logistic Reg,No SMOTE,0,0,0.03113348093549181
Logistic Reg,No SMOTE,0,0,4.170000638637142e-11
Logistic Reg,No SMOTE,0,0,0.0009442706282581595
Logistic Reg,No SMOTE,0,0,4.73896242807547e-05
Logistic Reg,No SMOTE,0,0,7.238948555747613e-09
Logistic Reg,No SMOTE,0,0,0.023571655771160563
Logistic Reg,No SMOTE,0,0,3.494083768602783e-06
Logistic Reg,No SMOTE,0,0,7.204366946371881e-07
Logistic Reg,No SMOTE,0,0,0.031102033548980577
Logistic Reg,No SMOTE,0,0,4.588948317827043e-05
Logistic Reg,No SMOTE,0,0,0.006026618134598576
Logistic Reg,No SMOTE,0,0,0.026317371759522264
Logistic Reg,No SMOTE,0,0,1.0628725609774307e-06
Logistic Reg,No SMOTE,0,0,3.583998842804711e-10
Logistic Reg,No SMOTE,0,0,4.677367463570594e-05
Logistic Reg,No SMOTE,0,0,8.903049492821236e-07
Logistic Reg,No SMOTE,0,0,3.11205911778697e-07
Logistic Reg,No SMOTE,0,0,4.718712476675549e-05
Logistic Reg,No SMOTE,0,0,0.05325564096423264
Logistic Reg,No SMOTE,0,0,4.590645269858131e-05
Logistic Reg,No SMOTE,0,0,2.8451259069594952e-05
Logistic Reg,No SMOTE,0,0,4.9482501738548026e-05
Logistic Reg,No SMOTE,0,0,4.565339923140459e-05
Logistic Reg,No SMOTE,0,0,1.2401952878211707e-18
Logistic Reg,No SMOTE,0,0,0.05561641725237085
Logistic Reg,No SMOTE,0,0,9.556392809508555e-07
Logistic Reg,No SMOTE,0,0,8.977578160697061e-07
Logistic Reg,No SMOTE,0,0,3.3307707311545216e-11
Logistic Reg,No SMOTE,0,0,2.525926764300289e-07
Logistic Reg,No SMOTE,0,0,6.6523357435556394e-09
Logistic Reg,No SMOTE,0,0,2.5478730780740434e-15
Logistic Reg,No SMOTE,0,0,0.0361133764693875
Logistic Reg,No SMOTE,0,0,4.499250645706276e-05
Logistic Reg,No SMOTE,0,0,1.2080517355828237e-06
Logistic Reg,No SMOTE,0,0,0.001020877089361015
Logistic Reg,No SMOTE,0,0,2.7303439452503927e-13
Logistic Reg,No SMOTE,0,0,0.04890987801397244
Logistic Reg,No SMOTE,0,0,0.04972882032933239
Logistic Reg,No SMOTE,0,0,0.025989283145903496
Logistic Reg,No SMOTE,0,0,6.590875446300589e-07
Logistic Reg,No SMOTE,0,0,0.013638676916901708
Logistic Reg,No SMOTE,0,0,0.0330920280353171
Logistic Reg,No SMOTE,0,0,1.2770493819853694e-06
Logistic Reg,No SMOTE,0,0,4.828139686810436e-13
Logistic Reg,No SMOTE,0,0,0.028132580865780746
Logistic Reg,No SMOTE,0,0,9.68189682620496e-07
Logistic Reg,No SMOTE,0,0,1.3966592922029339e-06
Logistic Reg,No SMOTE,0,0,5.014108881032471e-05
Logistic Reg,No SMOTE,0,0,6.370366548403602e-07
Logistic Reg,No SMOTE,0,0,3.139810635066481e-05
Logistic Reg,No SMOTE,0,0,8.95632678692785e-10
Logistic Reg,No SMOTE,0,0,2.1984684895191302e-10
Logistic Reg,No SMOTE,0,0,0.03205831591773323
Logistic Reg,No SMOTE,0,0,9.039236858784284e-07
Logistic Reg,No SMOTE,0,0,5.935227864783847e-19
Logistic Reg,No SMOTE,0,0,1.9750780322712437e-13
Logistic Reg,No SMOTE,0,0,0.038492990216767706
Logistic Reg,No SMOTE,0,0,0.0012032427815909777
Logistic Reg,No SMOTE,0,0,3.58521164869789e-11
Logistic Reg,No SMOTE,0,0,0.045077693060427554
Logistic Reg,No SMOTE,0,0,4.57732256109125e-05
Logistic Reg,No SMOTE,0,1,0.6063470258528182
Logistic Reg,No SMOTE,0,0,4.45673776463977e-12
Logistic Reg,No SMOTE,0,0,0.046185470404726515
Logistic Reg,No SMOTE,0,0,9.59630694979054e-07
Logistic Reg,No SMOTE,0,0,0.0028848232490609094
Logistic Reg,No SMOTE,0,0,4.627137432667898e-05
Logistic Reg,No SMOTE,0,0,0.0073551367876913175
Logistic Reg,No SMOTE,0,0,3.0264711227534244e-11
Logistic Reg,No SMOTE,0,0,6.496969335985302e-08
Logistic Reg,No SMOTE,0,0,3.928657078159033e-08
Logistic Reg,No SMOTE,0,0,4.7441026079245116e-05
Logistic Reg,No SMOTE,0,0,5.8548147868164066e-05
Logistic Reg,No SMOTE,0,0,4.289701352742913e-20
Logistic Reg,No SMOTE,0,0,0.03322583220529386
Logistic Reg,No SMOTE,0,0,2.402003228671807e-05
Logistic Reg,No SMOTE,0,0,1.7168845047556997e-11
Logistic Reg,No SMOTE,0,0,0.0005114299095184876
Logistic Reg,No SMOTE,0,0,0.0013922024495937812
Logistic Reg,No SMOTE,0,0,2.1523739155671336e-05
Logistic Reg,No SMOTE,0,0,0.020386351040838146
Logistic Reg,No SMOTE,0,0,0.0008745343394090283
Logistic Reg,No SMOTE,0,0,1.4497590308101467e-06
Logistic Reg,No SMOTE,0,0,3.792450172179667e-08
Logistic Reg,No SMOTE,0,1,0.8696397826767769
Logistic Reg,No SMOTE,0,0,0.03684478559392639
Logistic Reg,No SMOTE,0,0,1.0164973280954451e-06
Logistic Reg,No SMOTE,0,0,0.013057505424012966
Logistic Reg,No SMOTE,0,0,0.280477295702224
Logistic Reg,No SMOTE,0,0,0.007518830095372013
Logistic Reg,No SMOTE,0,0,9.099736625171556e-07
Logistic Reg,No SMOTE,0,0,0.03973283670191915
Logistic Reg,No SMOTE,0,0,6.92589860472751e-05
Logistic Reg,No SMOTE,0,0,5.490927431711773e-08
Logistic Reg,No SMOTE,0,0,1.4609725108857153e-06
Logistic Reg,No SMOTE,0,0,0.025975145358714126
Logistic Reg,No SMOTE,0,0,8.387079996937132e-07
Logistic Reg,No SMOTE,0,0,4.857109850347152e-05
Logistic Reg,No SMOTE,0,0,7.059532986214839e-07
Logistic Reg,No SMOTE,0,0,6.999811278311199e-14
Logistic Reg,No SMOTE,0,0,1.067729920471428e-06
Logistic Reg,No SMOTE,0,1,0.8847925671580282
Logistic Reg,No SMOTE,0,0,0.047096597049936836
Logistic Reg,No SMOTE,0,0,3.461555142588168e-10
Logistic Reg,No SMOTE,0,0,4.615462495874778e-05
Logistic Reg,No SMOTE,0,0,0.34963705981336596
Logistic Reg,No SMOTE,0,0,4.5660366508056516e-05
Logistic Reg,No SMOTE,0,0,0.021336880505216864
Logistic Reg,No SMOTE,0,0,4.797724390425437e-07
Logistic Reg,No SMOTE,0,0,2.754389444472137e-09
Logistic Reg,No SMOTE,0,0,7.924232229533367e-07
Logistic Reg,No SMOTE,0,0,4.560848254432167e-05
Logistic Reg,No SMOTE,0,0,0.0003232624568592719
Logistic Reg,No SMOTE,0,0,4.6075246784759845e-05
Logistic Reg,No SMOTE,0,0,7.434682367089411e-07
Logistic Reg,No SMOTE,0,0,0.011943641273661081
Logistic Reg,No SMOTE,0,0,0.11710271879225556
Logistic Reg,No SMOTE,0,0,9.763379058763276e-07
Logistic Reg,No SMOTE,0,0,0.001269654396238492
Logistic Reg,No SMOTE,0,0,4.6478066274213274e-05
Logistic Reg,No SMOTE,0,0,4.593055234993877e-05
Logistic Reg,No SMOTE,0,0,1.1100513011262774e-06
Logistic Reg,No SMOTE,0,0,0.00023891982846145063
Logistic Reg,No SMOTE,0,0,2.351866845774785e-06
Logistic Reg,No SMOTE,0,0,7.540820051190155e-07
Logistic Reg,No SMOTE,0,0,0.0007514454514692949
Logistic Reg,No SMOTE,0,0,1.2617743171655761e-06
Logistic Reg,No SMOTE,0,0,4.851370580696158e-06
Logistic Reg,No SMOTE,0,0,3.943048550460142e-14
Logistic Reg,No SMOTE,0,0,0.01726656318733449
Logistic Reg,No SMOTE,0,0,7.828245105079609e-07
Logistic Reg,No SMOTE,0,0,1.985720744104949e-08
Logistic Reg,No SMOTE,0,0,4.8326499765132406e-05
Logistic Reg,No SMOTE,0,1,0.8648943521479577
Logistic Reg,No SMOTE,0,0,0.02416107610979742
Logistic Reg,No SMOTE,0,0,4.567214170295553e-05
Logistic Reg,No SMOTE,0,0,0.03154168642375055
Logistic Reg,No SMOTE,0,0,0.030277595057330714
Logistic Reg,No SMOTE,0,0,5.3312573093033264e-15
Logistic Reg,No SMOTE,0,0,0.3633968354686108
Logistic Reg,No SMOTE,0,0,4.56371519333481e-05
Logistic Reg,No SMOTE,0,0,8.475053297805603e-07
Logistic Reg,No SMOTE,0,0,1.1583479991593702e-06
Logistic Reg,No SMOTE,0,0,4.5730764221529366e-05
Logistic Reg,No SMOTE,0,0,4.669381990813797e-12
Logistic Reg,No SMOTE,0,0,4.306762372183677e-27
Logistic Reg,No SMOTE,0,0,0.01214160142598591
Logistic Reg,No SMOTE,0,0,2.6302750802860433e-11
Logistic Reg,No SMOTE,0,0,0.0015970693750855605
Logistic Reg,No SMOTE,0,0,0.00017839331317961202
Logistic Reg,No SMOTE,0,0,0.0012693019781301542
Logistic Reg,No SMOTE,0,0,8.961837044976118e-19
Logistic Reg,No SMOTE,0,0,4.566362014520108e-05
Logistic Reg,No SMOTE,0,0,7.341725297769191e-07
Logistic Reg,No SMOTE,0,0,4.807259667319329e-05
Logistic Reg,No SMOTE,0,0,1.131425007969177e-06
Logistic Reg,No SMOTE,0,0,2.0198966142376137e-10
Logistic Reg,No SMOTE,0,0,9.515802890638407e-11
Logistic Reg,No SMOTE,0,0,5.383781633104731e-05
Logistic Reg,No SMOTE,0,0,6.662945206091579e-18
Logistic Reg,No SMOTE,0,0,0.0006620771459780764
Logistic Reg,No SMOTE,0,0,4.62851123132884e-05
Logistic Reg,No SMOTE,0,0,1.0388872137093651e-06
Logistic Reg,No SMOTE,0,0,1.1274998376208537e-07
Logistic Reg,No SMOTE,0,0,2.7315424031998567e-15
Logistic Reg,No SMOTE,0,0,9.014243581185512e-23
Logistic Reg,No SMOTE,0,0,0.04027400904406736
Logistic Reg,No SMOTE,0,0,0.024026364440153054
Logistic Reg,No SMOTE,0,0,4.6128487143472645e-05
Logistic Reg,No SMOTE,0,0,1.2155437658965896e-06
Logistic Reg,No SMOTE,0,0,1.1037220484972571e-05
Logistic Reg,No SMOTE,0,0,0.01973099991732131
Logistic Reg,No SMOTE,0,0,1.0520782292811537e-09
Logistic Reg,No SMOTE,0,0,6.720072674312426e-07
Logistic Reg,No SMOTE,0,0,1.6576519895824366e-06
Logistic Reg,No SMOTE,0,0,0.029898977946737883
Logistic Reg,No SMOTE,0,0,1.1399392100717164e-11
Logistic Reg,No SMOTE,0,0,9.165364751259266e-07
Logistic Reg,No SMOTE,0,0,1.0407329750960604e-06
Logistic Reg,No SMOTE,0,0,1.0836185587059804e-06
Logistic Reg,No SMOTE,0,0,0.03778909649165831
Logistic Reg,No SMOTE,0,0,8.827067475131678e-07
Logistic Reg,No SMOTE,0,1,0.5544861489810727
Logistic Reg,No SMOTE,0,0,7.96479058893303e-06
Logistic Reg,No SMOTE,0,0,1.2377235590022648e-06
Logistic Reg,No SMOTE,0,0,5.3953022037803624e-06
Logistic Reg,No SMOTE,0,0,3.6553367076847487e-09
Logistic Reg,No SMOTE,0,0,0.04208374502819407
Logistic Reg,No SMOTE,0,0,0.009826777162845761
Logistic Reg,No SMOTE,0,0,1.220386819657502e-06
Logistic Reg,No SMOTE,0,0,0.0017597785432433835
Logistic Reg,No SMOTE,0,0,0.03167660269797914
Logistic Reg,No SMOTE,0,0,1.7884037057368913e-05
Logistic Reg,No SMOTE,0,0,7.261833931517872e-07
Logistic Reg,No SMOTE,0,0,0.030547451194113014
Logistic Reg,No SMOTE,0,0,0.020938637519047783
Logistic Reg,No SMOTE,0,0,0.007339943567066514
Logistic Reg,No SMOTE,0,0,0.031612036845822936
Logistic Reg,No SMOTE,0,0,7.560316126940763e-05
Logistic Reg,No SMOTE,0,0,1.1614139741293748e-06
Logistic Reg,No SMOTE,0,0,6.290205385541577e-23
Logistic Reg,No SMOTE,0,0,0.0013531541111540203
Logistic Reg,No SMOTE,0,0,8.726327561229105e-07
Logistic Reg,No SMOTE,0,0,4.71600501756101e-10
Logistic Reg,No SMOTE,0,0,2.8255437805338376e-05
Logistic Reg,No SMOTE,0,0,0.029084325768999157
Logistic Reg,No SMOTE,0,0,0.13582269821928108
Logistic Reg,No SMOTE,0,0,8.54308214593955e-07
Logistic Reg,No SMOTE,0,0,4.5654844927491064e-05
Logistic Reg,No SMOTE,0,0,1.0745758060199808e-06
Logistic Reg,No SMOTE,0,0,6.620374778341715e-19
Logistic Reg,No SMOTE,0,0,1.1941045963015684e-06
Logistic Reg,No SMOTE,0,0,4.678242445569599e-05
Logistic Reg,No SMOTE,0,0,4.9884459127952574e-05
Logistic Reg,No SMOTE,0,0,8.775600467198705e-07
Logistic Reg,No SMOTE,0,0,9.053626012659383e-08
Logistic Reg,No SMOTE,0,0,2.1546845859466533e-15
Logistic Reg,No SMOTE,0,1,0.6354611857297628
Logistic Reg,No SMOTE,0,0,1.1233849776843476e-10
Logistic Reg,No SMOTE,0,0,5.733935002119879e-10
Logistic Reg,No SMOTE,0,0,8.508196026279962e-07
Logistic Reg,No SMOTE,0,0,1.0515733416443259e-06
Logistic Reg,No SMOTE,0,0,0.0001714826807620367
Logistic Reg,No SMOTE,0,0,3.653368364874766e-07
Logistic Reg,No SMOTE,0,0,1.0685979311551741e-06
Logistic Reg,No SMOTE,0,0,0.03744159054253286
Logistic Reg,No SMOTE,0,0,0.02914056736086802
Logistic Reg,No SMOTE,0,0,4.339291638809874e-15
Logistic Reg,No SMOTE,0,0,3.0663413298126655e-15
Logistic Reg,No SMOTE,0,0,4.883752525261592e-05
Logistic Reg,No SMOTE,0,0,1.0897421776897546e-15
Logistic Reg,No SMOTE,0,0,9.287406273026582e-12
Logistic Reg,No SMOTE,0,0,2.5253368279033946e-06
Logistic Reg,No SMOTE,0,0,0.041200980650199975
Logistic Reg,No SMOTE,0,0,9.004142154420998e-07
Logistic Reg,No SMOTE,0,0,0.012820949006260131
Logistic Reg,No SMOTE,0,0,7.77238815304956e-07
Logistic Reg,No SMOTE,0,0,0.0247764844252549
Logistic Reg,No SMOTE,0,0,4.648900529307428e-05
Logistic Reg,No SMOTE,0,0,0.01109298122014296
Logistic Reg,No SMOTE,0,0,0.03610262198545959
Logistic Reg,No SMOTE,0,0,5.009116885488484e-09
Logistic Reg,No SMOTE,0,0,8.289507378198945e-07
Logistic Reg,No SMOTE,0,0,0.33746057509413674
Logistic Reg,No SMOTE,0,0,0.031448365691202455
Logistic Reg,No SMOTE,0,0,0.0035566152692145087
Logistic Reg,No SMOTE,0,0,4.577287758891619e-05
Logistic Reg,No SMOTE,0,0,4.784359897279578e-05
Logistic Reg,No SMOTE,0,0,4.563283606929274e-05
Logistic Reg,No SMOTE,0,0,0.018862262617259325
Logistic Reg,No SMOTE,0,0,0.034293909698171976
Logistic Reg,No SMOTE,0,0,0.05001733202465781
Logistic Reg,No SMOTE,0,0,0.022835689828497808
Logistic Reg,No SMOTE,0,0,1.8044228502728925e-07
Logistic Reg,No SMOTE,0,0,0.04162354002129611
Logistic Reg,No SMOTE,0,0,5.233531578697398e-05
Logistic Reg,No SMOTE,0,0,4.588816306619536e-05
Logistic Reg,No SMOTE,0,0,6.048630385337603e-06
Logistic Reg,No SMOTE,0,0,4.646382682718157e-05
Logistic Reg,No SMOTE,0,0,0.011298250386645042
Logistic Reg,No SMOTE,0,0,4.569454616956582e-05
Logistic Reg,No SMOTE,0,0,0.041420819263804226
Logistic Reg,No SMOTE,0,1,0.7276437064164654
Logistic Reg,No SMOTE,0,0,8.437575544924129e-06
Logistic Reg,No SMOTE,0,0,0.06087885563919537
Logistic Reg,No SMOTE,0,0,0.0050461817011517186
Logistic Reg,No SMOTE,0,0,0.035378769215909336
Logistic Reg,No SMOTE,0,0,6.380454716896143e-06
Logistic Reg,No SMOTE,0,0,8.210619559775005e-12
Logistic Reg,No SMOTE,0,0,0.07199549338713283
Logistic Reg,No SMOTE,0,0,0.0011571500180824496
Logistic Reg,No SMOTE,0,0,0.0026355580578970032
Logistic Reg,No SMOTE,0,0,4.617957937912261e-05
Logistic Reg,No SMOTE,0,0,0.003680800189000163
Logistic Reg,No SMOTE,0,0,6.156940691432918e-12
Logistic Reg,No SMOTE,0,0,0.00021115693735252041
Logistic Reg,No SMOTE,0,0,6.848757358080472e-08
Logistic Reg,No SMOTE,0,0,4.715107903179881e-06
Logistic Reg,No SMOTE,0,0,0.01935976437795155
Logistic Reg,No SMOTE,0,0,0.0029301943424476463
Logistic Reg,No SMOTE,0,0,0.009522451804392866
Logistic Reg,No SMOTE,0,0,1.4652241735992722e-05
Logistic Reg,No SMOTE,0,0,7.589037643584877e-08
Logistic Reg,No SMOTE,0,0,1.209392280214179e-06
Logistic Reg,No SMOTE,0,0,0.00016316525757898652
Logistic Reg,No SMOTE,0,0,0.03779479415356547
Logistic Reg,No SMOTE,0,0,6.130548041647018e-07
Logistic Reg,No SMOTE,0,0,1.2957938285190008e-06
Logistic Reg,No SMOTE,0,0,1.4758702482156954e-07
Logistic Reg,No SMOTE,0,0,0.019490617558752255
Logistic Reg,No SMOTE,0,0,0.03826757398244521
Logistic Reg,No SMOTE,0,0,4.5642647338416596e-05
Logistic Reg,No SMOTE,0,0,2.7347893562885476e-09
Logistic Reg,No SMOTE,0,0,0.02577671290531899
Logistic Reg,No SMOTE,0,0,1.1581105615700905e-06
Logistic Reg,No SMOTE,0,1,0.826229999282734
Logistic Reg,No SMOTE,0,0,0.002429777746299044
Logistic Reg,No SMOTE,0,0,4.570777708038911e-05
Logistic Reg,No SMOTE,0,0,8.154434252873169e-08
Logistic Reg,No SMOTE,0,0,0.02159570661903713
Logistic Reg,No SMOTE,0,0,4.809614611190717e-05
Logistic Reg,No SMOTE,0,0,4.6219561057283206e-05
Logistic Reg,No SMOTE,0,0,0.0009597075623429479
Logistic Reg,No SMOTE,0,0,0.00394771137341135
Logistic Reg,No SMOTE,0,0,1.2790132501377815e-14
Logistic Reg,No SMOTE,0,0,0.00039970056337830116
Logistic Reg,No SMOTE,0,0,5.277943339728345e-07
Logistic Reg,No SMOTE,0,0,4.702465724846215e-05
Logistic Reg,No SMOTE,0,0,3.8543829152104636e-16
Logistic Reg,No SMOTE,0,0,6.312690693143338e-07
Logistic Reg,No SMOTE,0,0,0.004135717455738378
Logistic Reg,No SMOTE,0,0,8.821304918295691e-07
Logistic Reg,No SMOTE,0,0,1.3190844311185777e-13
Logistic Reg,No SMOTE,0,0,4.353433140758544e-09
Logistic Reg,No SMOTE,0,0,1.1523319618984597e-06
Logistic Reg,No SMOTE,0,0,9.294741221778635e-07
Logistic Reg,No SMOTE,0,0,0.0008415644229295322
Logistic Reg,No SMOTE,0,0,0.014536999600738731
Logistic Reg,No SMOTE,0,0,4.802986139429471e-05
Logistic Reg,No SMOTE,0,0,0.0012702987160519872
Logistic Reg,No SMOTE,0,0,0.019336429353129073
Logistic Reg,No SMOTE,0,0,0.01222674291205296
Logistic Reg,No SMOTE,0,0,1.8970589364968536e-07
Logistic Reg,No SMOTE,0,0,2.6896577646710797e-08
Logistic Reg,No SMOTE,0,0,3.760563428856311e-14
Logistic Reg,No SMOTE,0,1,0.799634322451223
Logistic Reg,No SMOTE,0,0,0.00027275691473275745
Logistic Reg,No SMOTE,0,0,1.0300839222998577e-06
Logistic Reg,No SMOTE,0,0,2.868541383926263e-09
Logistic Reg,No SMOTE,0,0,0.004088677338319055
Logistic Reg,No SMOTE,0,0,8.74891214243267e-07
Logistic Reg,No SMOTE,0,0,0.007934368329057551
Logistic Reg,No SMOTE,0,0,0.0010014299372203936
Logistic Reg,No SMOTE,0,0,7.114353063558237e-12
Logistic Reg,No SMOTE,0,0,0.0007070131586731303
Logistic Reg,No SMOTE,0,0,1.0585283860365018e-06
Logistic Reg,No SMOTE,0,0,8.155169577742658e-05
Logistic Reg,No SMOTE,0,0,0.014626627085546165
Logistic Reg,No SMOTE,0,0,7.321105269843318e-28
Logistic Reg,No SMOTE,0,0,0.030683380223421125
Logistic Reg,No SMOTE,0,0,2.2934012646764374e-07
Logistic Reg,No SMOTE,0,0,4.530420895439014e-13
Logistic Reg,No SMOTE,0,0,4.559331982795766e-05
Logistic Reg,No SMOTE,0,0,0.0066356310124270805
Logistic Reg,No SMOTE,0,0,7.1978043652282775e-09
Logistic Reg,No SMOTE,0,0,7.003536753659753e-07
Logistic Reg,No SMOTE,0,0,0.021695181966410515
Logistic Reg,No SMOTE,0,0,4.826229078071569e-14
Logistic Reg,No SMOTE,0,0,0.034478965175576956
Logistic Reg,No SMOTE,0,0,4.560145949141416e-05
Logistic Reg,No SMOTE,0,0,6.110535933942937e-07
Logistic Reg,No SMOTE,0,0,2.833347105212412e-05
Logistic Reg,No SMOTE,0,0,1.4650007492102812e-06
Logistic Reg,No SMOTE,0,0,0.0008671493662886551
Logistic Reg,No SMOTE,0,0,4.648136565695324e-05
Logistic Reg,No SMOTE,0,0,4.979622462884995e-17
Logistic Reg,No SMOTE,0,0,0.0006911308342045806
Logistic Reg,No SMOTE,0,0,0.05549844949969301
Logistic Reg,No SMOTE,0,0,2.1029575795051934e-07
Logistic Reg,No SMOTE,0,0,0.07325887003951942
Logistic Reg,No SMOTE,0,0,0.014092292854984792
Logistic Reg,No SMOTE,0,0,0.008053209492198458
Logistic Reg,No SMOTE,0,0,4.385629702414333e-12
Logistic Reg,No SMOTE,0,0,4.627251657778372e-05
Logistic Reg,No SMOTE,0,0,7.297041639954952e-13
Logistic Reg,No SMOTE,0,0,4.5814695758196105e-05
Logistic Reg,No SMOTE,0,0,4.966052153492454e-05
Logistic Reg,No SMOTE,0,0,2.194519815252041e-08
Logistic Reg,No SMOTE,0,0,9.188522476100908e-07
Logistic Reg,No SMOTE,0,0,0.000580472693554858
Logistic Reg,No SMOTE,0,0,0.000977905317386522
Logistic Reg,No SMOTE,0,0,0.0010040132444758864
Logistic Reg,No SMOTE,0,0,5.185575687644534e-09
Logistic Reg,No SMOTE,0,0,0.0012468790845124747
Logistic Reg,No SMOTE,0,0,7.944290811182641e-07
Logistic Reg,No SMOTE,0,0,7.576566129189919e-07
Logistic Reg,No SMOTE,0,0,0.008543523861447381
Logistic Reg,No SMOTE,0,0,1.1304786478009653e-06
Logistic Reg,No SMOTE,0,0,2.417418348543599e-09
Logistic Reg,No SMOTE,0,0,0.0018824392783048179
Logistic Reg,No SMOTE,0,0,0.025467697131030705
Logistic Reg,No SMOTE,0,0,1.2234673516474107e-29
Logistic Reg,No SMOTE,0,0,4.6289073672659e-05
Logistic Reg,No SMOTE,0,0,0.0029942580859058784
Logistic Reg,No SMOTE,0,0,0.0011517689723419627
Logistic Reg,No SMOTE,0,1,0.5543801374505172
Logistic Reg,No SMOTE,0,0,4.5768854441239746e-05
Logistic Reg,No SMOTE,0,0,4.6019541346820745e-05
Logistic Reg,No SMOTE,0,0,3.4524011965637476e-05
Logistic Reg,No SMOTE,0,0,0.024670293394537975
Logistic Reg,No SMOTE,0,0,4.738023711584963e-05
Logistic Reg,No SMOTE,0,0,4.5679832456878496e-05
Logistic Reg,No SMOTE,0,0,0.02370138179302475
Logistic Reg,No SMOTE,0,0,8.677684520859667e-07
Logistic Reg,No SMOTE,0,0,0.07607043085639946
Logistic Reg,No SMOTE,0,0,4.7230808580231024e-05
Logistic Reg,No SMOTE,0,0,0.003917866131753963
Logistic Reg,No SMOTE,0,0,0.021100894036057766
Logistic Reg,No SMOTE,0,0,0.08059045076693859
Logistic Reg,No SMOTE,0,0,9.54769964331502e-11
Logistic Reg,No SMOTE,0,0,0.003873248292010945
Logistic Reg,No SMOTE,0,0,1.9271810996042984e-06
Logistic Reg,No SMOTE,0,0,3.780301984314293e-08
Logistic Reg,No SMOTE,0,0,0.021662769641408647
Logistic Reg,No SMOTE,0,0,8.650612751064854e-07
Logistic Reg,No SMOTE,0,0,4.6216892166533785e-05
Logistic Reg,No SMOTE,0,0,2.0168624876711928e-17
Logistic Reg,No SMOTE,0,0,1.0782494575078596e-06
Logistic Reg,No SMOTE,0,0,1.7301117801030866e-17
Logistic Reg,No SMOTE,0,0,0.029504652567309653
Logistic Reg,No SMOTE,0,0,4.5740616781582905e-05
Logistic Reg,No SMOTE,0,0,0.09602558463240612
Logistic Reg,No SMOTE,0,0,0.05291676071443241
Logistic Reg,No SMOTE,0,0,0.0278916862288877
Logistic Reg,No SMOTE,0,0,0.00014506084763840507
Logistic Reg,No SMOTE,0,1,0.6598864204665638
Logistic Reg,No SMOTE,0,0,0.08153950696932212
Logistic Reg,No SMOTE,0,0,1.5075765161900366e-06
Logistic Reg,No SMOTE,0,0,4.775063371365757e-08
Logistic Reg,No SMOTE,0,0,0.00022017951087210938
Logistic Reg,No SMOTE,0,0,7.701574597812936e-07
Logistic Reg,No SMOTE,0,0,1.0954715583199183e-06
Logistic Reg,No SMOTE,0,0,0.012643629979272682
Logistic Reg,No SMOTE,0,0,4.598743551885745e-10
Logistic Reg,No SMOTE,0,0,2.1592378016629255e-06
Logistic Reg,No SMOTE,0,0,4.5821152318627547e-05
Logistic Reg,No SMOTE,0,0,1.218071127697469e-07
Logistic Reg,No SMOTE,0,0,7.969540687068752e-07
Logistic Reg,No SMOTE,0,0,0.027437828248972812
Logistic Reg,No SMOTE,0,0,4.592773521692451e-05
Logistic Reg,No SMOTE,0,0,0.03509503514030533
Logistic Reg,No SMOTE,0,0,0.445736042293541
Logistic Reg,No SMOTE,0,0,1.2388667200903356e-13
Logistic Reg,No SMOTE,0,0,4.709516861748645e-05
Logistic Reg,No SMOTE,0,0,3.4474140410927448e-18
Logistic Reg,No SMOTE,0,0,0.001464627315219758
Logistic Reg,No SMOTE,0,0,3.4226933140114947e-13
Logistic Reg,No SMOTE,0,0,3.991410424721405e-05
Logistic Reg,No SMOTE,0,0,1.1239802408747172e-06
Logistic Reg,No SMOTE,1,1,0.9517283393700585
Logistic Reg,No SMOTE,0,0,0.03651021241429962
Logistic Reg,No SMOTE,0,0,0.0327346506942606
Logistic Reg,No SMOTE,0,0,4.6232250716810865e-05
Logistic Reg,No SMOTE,0,0,6.447191267437184e-07
Logistic Reg,No SMOTE,0,0,0.013865104005497385
Logistic Reg,No SMOTE,0,0,6.552788741819835e-07
Logistic Reg,No SMOTE,0,0,9.015611142058539e-07
Logistic Reg,No SMOTE,0,0,1.0684255174423142e-06
Logistic Reg,No SMOTE,0,0,4.7099393904627616e-05
Logistic Reg,No SMOTE,0,0,0.03856289362084246
Logistic Reg,No SMOTE,0,0,7.624465452546094e-07
Logistic Reg,No SMOTE,0,0,0.05043434715841097
Logistic Reg,No SMOTE,0,0,1.1292416599740156e-06
Logistic Reg,No SMOTE,0,0,0.06611466587734874
Logistic Reg,No SMOTE,0,0,0.04643364190232752
Logistic Reg,No SMOTE,0,0,0.01943053792646681
Logistic Reg,No SMOTE,0,0,0.009962831048823687
Logistic Reg,No SMOTE,0,0,3.57950357516931e-05
Logistic Reg,No SMOTE,0,0,8.766118071705682e-07
Logistic Reg,No SMOTE,0,0,0.0025754735413299067
Logistic Reg,No SMOTE,0,0,2.1343287682084337e-05
Logistic Reg,No SMOTE,0,0,8.174165164991919e-20
Logistic Reg,No SMOTE,0,0,0.013258684551458379
Logistic Reg,No SMOTE,0,0,0.0009859501905292215
Logistic Reg,No SMOTE,0,0,0.0005464092351882617
Logistic Reg,No SMOTE,0,0,0.08245866968409497
Logistic Reg,No SMOTE,0,0,0.0338741966426779
Logistic Reg,No SMOTE,0,0,0.032239136055063955
Logistic Reg,No SMOTE,0,0,0.010322689466683781
Logistic Reg,No SMOTE,0,0,0.07170060559932767
Logistic Reg,No SMOTE,0,0,0.03895007457437891
Logistic Reg,No SMOTE,0,0,9.221126030971138e-08
Logistic Reg,No SMOTE,0,0,6.73328075924978e-08
Logistic Reg,No SMOTE,0,0,0.0010684820411537251
Logistic Reg,No SMOTE,0,0,0.030917722640610264
Logistic Reg,No SMOTE,0,0,4.5332440693703744e-05
Logistic Reg,No SMOTE,0,0,4.380613214479048e-05
Logistic Reg,No SMOTE,0,0,0.003298774676191144
Logistic Reg,No SMOTE,0,0,1.0312930144888016e-06
Logistic Reg,No SMOTE,0,0,4.5586749289837194e-05
Logistic Reg,No SMOTE,0,0,0.020639519627166206
Logistic Reg,No SMOTE,0,0,9.292338633411901e-07
Logistic Reg,No SMOTE,0,0,0.03696527491457396
Logistic Reg,No SMOTE,0,0,5.4471388798586485e-21
Logistic Reg,No SMOTE,0,0,0.015198492236152992
Logistic Reg,No SMOTE,0,0,5.229038240999399e-15
Logistic Reg,No SMOTE,0,0,7.708891942481805e-08
Logistic Reg,No SMOTE,0,0,0.031653958120553265
Logistic Reg,No SMOTE,0,0,8.902572604757215e-07
Logistic Reg,No SMOTE,0,0,7.505904459763616e-07
Logistic Reg,No SMOTE,0,0,6.643035391847065e-07
Logistic Reg,No SMOTE,1,1,0.9824271103554607
Logistic Reg,No SMOTE,0,0,0.015473799828841426
Logistic Reg,No SMOTE,0,0,0.020522768668398767
Logistic Reg,No SMOTE,0,0,1.2324567597132462e-13
Logistic Reg,No SMOTE,0,0,8.887373655707762e-07
Logistic Reg,No SMOTE,0,0,1.2323764120680467e-12
Logistic Reg,No SMOTE,0,0,3.1474862455887995e-13
Logistic Reg,No SMOTE,0,0,0.20594712494368184
Logistic Reg,No SMOTE,0,0,0.004348552607682274
Logistic Reg,No SMOTE,0,0,0.03423147082787775
Logistic Reg,No SMOTE,0,0,0.009962089382393667
Logistic Reg,No SMOTE,0,0,7.951449423540684e-07
Logistic Reg,No SMOTE,0,0,0.01728560526108055
Logistic Reg,No SMOTE,0,0,2.831329630754963e-10
Logistic Reg,No SMOTE,0,0,3.707709218803447e-17
Logistic Reg,No SMOTE,0,0,4.611102310121496e-05
Logistic Reg,No SMOTE,0,0,9.918064740841443e-09
Logistic Reg,No SMOTE,0,0,5.126305637988059e-07
Logistic Reg,No SMOTE,0,0,0.00023060260390306438
Logistic Reg,No SMOTE,0,0,4.866508513018356e-05
Logistic Reg,No SMOTE,0,0,4.563670783440797e-05
Logistic Reg,No SMOTE,0,0,8.701300740756497e-07
Logistic Reg,No SMOTE,0,0,4.8098628649681085e-05
Logistic Reg,No SMOTE,0,0,1.1354946611854038e-06
Logistic Reg,No SMOTE,0,0,3.871557977930157e-09
Logistic Reg,No SMOTE,0,0,7.558396126748045e-07
Logistic Reg,No SMOTE,0,0,1.931851027369802e-08
Logistic Reg,No SMOTE,0,0,0.034652813682353234
Logistic Reg,No SMOTE,0,0,0.0006235948117530709
Logistic Reg,No SMOTE,0,0,0.013280589881330572
Logistic Reg,No SMOTE,0,0,0.05499303485426488
Logistic Reg,No SMOTE,0,0,0.0413504628956633
Logistic Reg,No SMOTE,0,0,0.000603024208329297
Logistic Reg,No SMOTE,0,0,0.03220244847861343
Logistic Reg,No SMOTE,0,0,0.038953531613626455
Logistic Reg,No SMOTE,0,0,9.150194906311095e-07
Logistic Reg,No SMOTE,0,1,0.9328348734401738
Logistic Reg,No SMOTE,0,0,1.077750300253048e-06
Logistic Reg,No SMOTE,0,0,0.012039892564233504
Logistic Reg,No SMOTE,0,0,2.0372557410513286e-15
Logistic Reg,No SMOTE,0,0,0.031113162160942016
Logistic Reg,No SMOTE,0,0,1.440819405880036e-06
Logistic Reg,No SMOTE,0,0,1.4596759080157235e-10
Logistic Reg,No SMOTE,0,0,1.5979142738758441e-06
Logistic Reg,No SMOTE,0,0,4.924996465780276e-10
Logistic Reg,No SMOTE,0,0,6.909317955783939e-07
Logistic Reg,No SMOTE,0,0,5.606300737513407e-09
Logistic Reg,No SMOTE,0,0,1.1694991282107242e-06
Logistic Reg,No SMOTE,0,1,0.5600637335099568
Logistic Reg,No SMOTE,0,1,0.7679037771248732
Logistic Reg,No SMOTE,0,0,0.05324274954607993
Logistic Reg,No SMOTE,0,0,9.15198084011851e-11
Logistic Reg,No SMOTE,0,0,1.0080776711101813e-06
Logistic Reg,No SMOTE,0,0,0.002079242735347762
Logistic Reg,No SMOTE,0,0,0.029509250133761544
Logistic Reg,No SMOTE,0,0,4.965723259845867e-05
Logistic Reg,No SMOTE,0,0,2.8678920643089303e-08
Logistic Reg,No SMOTE,0,0,2.2776029728815785e-06
Logistic Reg,No SMOTE,0,0,1.3420095987092956e-13
Logistic Reg,No SMOTE,0,0,0.0019658457777452613
Logistic Reg,No SMOTE,0,0,0.0321417837920596
Logistic Reg,No SMOTE,0,0,1.168937229245285e-09
Logistic Reg,No SMOTE,0,0,0.03369230858841948
Logistic Reg,No SMOTE,0,0,5.99420388107086e-07
Logistic Reg,No SMOTE,0,0,0.0014638640410016461
Logistic Reg,No SMOTE,0,0,2.406757157983954e-07
Logistic Reg,No SMOTE,0,0,0.015330487008393248
Logistic Reg,No SMOTE,0,1,0.8888115056121259
Logistic Reg,No SMOTE,0,0,0.0019303667078728825
Logistic Reg,No SMOTE,0,0,0.008853097085162933
Logistic Reg,No SMOTE,0,0,2.477045906193822e-15
Logistic Reg,No SMOTE,0,0,0.002983397609410276
Logistic Reg,No SMOTE,0,0,6.838694612082856e-07
Logistic Reg,No SMOTE,0,0,4.56334493268826e-05
Logistic Reg,No SMOTE,0,0,0.00019924783974967672
Logistic Reg,No SMOTE,0,0,4.186539886134976e-26
Logistic Reg,No SMOTE,0,0,0.0018468971375277246
Logistic Reg,No SMOTE,0,0,0.00530508225262203
Logistic Reg,No SMOTE,0,0,8.453471316972976e-07
Logistic Reg,No SMOTE,0,0,0.018108062510535657
Logistic Reg,No SMOTE,0,0,0.029163706713782846
Logistic Reg,No SMOTE,0,0,4.00615388794513e-09
Logistic Reg,No SMOTE,0,0,0.0004415920247718225
Logistic Reg,No SMOTE,0,0,4.643378153588779e-05
Logistic Reg,No SMOTE,0,0,8.94702020620929e-07
Logistic Reg,No SMOTE,0,0,0.002254316088353043
Logistic Reg,No SMOTE,0,0,5.42533898112665e-31
Logistic Reg,No SMOTE,0,0,0.001146525584453189
Logistic Reg,No SMOTE,0,0,9.826780072842569e-11
Logistic Reg,No SMOTE,0,0,2.802535229741508e-05
Logistic Reg,No SMOTE,0,0,4.691815047272161e-05
Logistic Reg,No SMOTE,0,1,0.5421037652861074
Logistic Reg,No SMOTE,0,0,0.035115680849658805
Logistic Reg,No SMOTE,0,0,2.746923840747067e-07
Logistic Reg,No SMOTE,0,0,0.02612183011590753
Logistic Reg,No SMOTE,0,0,0.04306772816696058
Logistic Reg,No SMOTE,0,0,2.837312716336584e-07
Logistic Reg,No SMOTE,0,0,7.874410771813864e-07
Logistic Reg,No SMOTE,0,0,0.0008200687216187868
Logistic Reg,No SMOTE,0,0,7.153181621277134e-29
Logistic Reg,No SMOTE,0,0,1.6622688158615586e-05
Logistic Reg,No SMOTE,0,0,3.879589926060296e-05
Logistic Reg,No SMOTE,0,0,3.9612928817731914e-18
Logistic Reg,No SMOTE,0,0,0.0008323032241565485
Logistic Reg,No SMOTE,0,0,0.02642709033091783
Logistic Reg,No SMOTE,0,0,1.4887377859885427e-08
Logistic Reg,No SMOTE,0,1,0.8585563738185541
Logistic Reg,No SMOTE,0,0,1.0228654372484798e-12
Logistic Reg,No SMOTE,0,0,7.914488725297806e-07
Logistic Reg,No SMOTE,0,0,2.4827201608081068e-05
Logistic Reg,No SMOTE,0,0,4.780014385256052e-07
Logistic Reg,No SMOTE,0,0,1.1792565316947348e-06
Logistic Reg,No SMOTE,0,0,0.0015189982733041767
Logistic Reg,No SMOTE,0,0,8.03546694859596e-07
Logistic Reg,No SMOTE,0,0,1.9199430037458816e-09
Logistic Reg,No SMOTE,0,0,0.0005218183547181287
Logistic Reg,No SMOTE,0,0,1.7330337520931882e-08
Logistic Reg,No SMOTE,0,0,0.012243511050099003
Logistic Reg,No SMOTE,0,0,1.206992778228616e-05
Logistic Reg,No SMOTE,0,0,3.2384273766461406e-09
Logistic Reg,No SMOTE,0,1,0.6561455432719935
Logistic Reg,No SMOTE,0,0,4.6756209652498315e-05
Logistic Reg,No SMOTE,0,0,1.7719127314631335e-19
Logistic Reg,No SMOTE,0,0,6.236119343295686e-07
Logistic Reg,No SMOTE,0,0,0.002678153635326488
Logistic Reg,No SMOTE,0,0,0.42037194387410215
Logistic Reg,No SMOTE,0,0,0.030775575846314008
Logistic Reg,No SMOTE,0,0,0.06220827647786526
Logistic Reg,No SMOTE,0,0,9.739694975350645e-07
Logistic Reg,No SMOTE,0,0,2.821444407189011e-10
Logistic Reg,No SMOTE,0,0,0.0175002236552464
Logistic Reg,No SMOTE,0,0,0.025933148720916944
Logistic Reg,No SMOTE,0,0,0.23181636908691702
Logistic Reg,No SMOTE,0,0,0.047000600153466326
Logistic Reg,No SMOTE,0,0,7.573119093808371e-07
Logistic Reg,No SMOTE,0,0,4.6302425777729356e-07
Logistic Reg,No SMOTE,0,0,9.080398842312543e-07
Logistic Reg,No SMOTE,0,0,2.2306202940654092e-17
Logistic Reg,No SMOTE,0,0,1.372487553551086e-07
Logistic Reg,No SMOTE,0,0,0.000498222173623772
Logistic Reg,No SMOTE,0,0,0.024721352063806823
Logistic Reg,No SMOTE,0,0,6.736938670590649e-11
Logistic Reg,No SMOTE,0,0,0.04757992123584074
Logistic Reg,No SMOTE,0,0,0.00029183695919194057
Logistic Reg,No SMOTE,0,0,4.589929579911922e-05
Logistic Reg,No SMOTE,0,0,0.0013082245114408473
Logistic Reg,No SMOTE,0,0,8.573774400216109e-07
Logistic Reg,No SMOTE,0,0,3.75803266145431e-07
Logistic Reg,No SMOTE,0,0,0.0048742082309408295
Logistic Reg,No SMOTE,0,0,4.573253373205137e-05
Logistic Reg,No SMOTE,0,0,0.004858250099251989
Logistic Reg,No SMOTE,0,0,6.508284781178833e-07
Logistic Reg,No SMOTE,0,0,7.801842029092692e-17
Logistic Reg,No SMOTE,0,0,0.038481771126904485
Logistic Reg,No SMOTE,0,0,0.04186394800173416
Logistic Reg,No SMOTE,0,0,3.980134886809831e-08
Logistic Reg,No SMOTE,0,0,0.03060919442410268
Logistic Reg,No SMOTE,0,0,7.123885480507411e-07
Logistic Reg,No SMOTE,0,0,5.151635328729955e-08
Logistic Reg,No SMOTE,0,0,4.171392645724118e-08
Logistic Reg,No SMOTE,0,0,0.021325833816890225
Logistic Reg,No SMOTE,0,0,1.7639825670271855e-13
Logistic Reg,No SMOTE,0,0,2.6750829721389684e-07
Logistic Reg,No SMOTE,0,0,1.4891469531365755e-05
Logistic Reg,No SMOTE,0,0,4.567667625870234e-05
Logistic Reg,No SMOTE,0,0,0.0023008143344832193
Logistic Reg,No SMOTE,0,0,7.078524377587632e-08
Logistic Reg,No SMOTE,0,0,0.001012238386882927
Logistic Reg,No SMOTE,0,0,0.0015551444629596453
Logistic Reg,No SMOTE,0,0,0.0005970941800141576
Logistic Reg,No SMOTE,0,1,0.5275184815975612
Logistic Reg,No SMOTE,0,0,0.007135718375241397
Logistic Reg,No SMOTE,0,0,4.558689359359752e-05
Logistic Reg,No SMOTE,0,0,1.781389401384491e-14
Logistic Reg,No SMOTE,0,0,0.06013142488747243
Logistic Reg,No SMOTE,0,0,4.786557465250026e-05
Logistic Reg,No SMOTE,0,0,4.65862652500174e-05
Logistic Reg,No SMOTE,0,0,2.010047398178762e-06
Logistic Reg,No SMOTE,0,0,2.2468382770244437e-05
Logistic Reg,No SMOTE,0,0,1.0557151839130103e-06
Logistic Reg,No SMOTE,0,0,1.0782210162766317e-07
Logistic Reg,No SMOTE,0,0,0.008620942338659662
Logistic Reg,No SMOTE,0,0,0.21194411054641127
Logistic Reg,No SMOTE,0,0,3.802285486636314e-11
Logistic Reg,No SMOTE,0,0,4.9561655451319544e-05
Logistic Reg,No SMOTE,0,0,8.965431800673758e-07
Logistic Reg,No SMOTE,0,0,8.966513382323641e-07
Logistic Reg,No SMOTE,0,1,0.9533999104607145
Logistic Reg,No SMOTE,0,0,7.349211205044797e-13
Logistic Reg,No SMOTE,0,0,1.0846032971357914e-06
Logistic Reg,No SMOTE,0,0,4.600129426452772e-05
Logistic Reg,No SMOTE,0,0,0.0008619785462260791
Logistic Reg,No SMOTE,0,0,7.84135139032267e-07
Logistic Reg,No SMOTE,0,0,0.0010007220834878695
Logistic Reg,No SMOTE,0,0,9.9298469638218e-18
Logistic Reg,No SMOTE,0,0,4.5646224033928036e-05
Logistic Reg,No SMOTE,0,0,0.0009304728201822929
Logistic Reg,No SMOTE,0,0,5.194814995751349e-07
Logistic Reg,No SMOTE,0,0,0.02568286358656237
Logistic Reg,No SMOTE,0,0,5.9122500375570604e-21
Logistic Reg,No SMOTE,0,0,0.0005863178896273664
Logistic Reg,No SMOTE,0,0,4.618687093180075e-05
Logistic Reg,No SMOTE,0,0,0.016573252431413908
Logistic Reg,No SMOTE,0,0,4.1629049357935604e-08
Logistic Reg,No SMOTE,0,0,0.00012715715192994245
Logistic Reg,No SMOTE,0,0,1.1669385169842355e-06
Logistic Reg,No SMOTE,0,0,0.0011991583894474327
Logistic Reg,No SMOTE,0,0,7.1884669047424406e-06
Logistic Reg,No SMOTE,0,0,6.96223803006676e-07
Logistic Reg,No SMOTE,0,0,0.007207228713294311
Logistic Reg,No SMOTE,0,0,4.8351705862445166e-05
Logistic Reg,No SMOTE,0,0,0.0004131655962828657
Logistic Reg,No SMOTE,0,0,4.675938850852465e-05
Logistic Reg,No SMOTE,0,0,0.00011809160447660044
Logistic Reg,No SMOTE,0,0,0.39035000125527936
Logistic Reg,No SMOTE,0,0,0.02799982385323584
Logistic Reg,No SMOTE,0,0,4.9842977066007035e-09
Logistic Reg,No SMOTE,0,1,0.6974993433086125
Logistic Reg,No SMOTE,0,0,1.3421634745651217e-09
Logistic Reg,No SMOTE,0,0,2.7902235897437186e-19
Logistic Reg,No SMOTE,0,0,4.631543288722632e-05
Logistic Reg,No SMOTE,0,0,1.3645905765949807e-06
Logistic Reg,No SMOTE,0,0,8.284334796927196e-10
Logistic Reg,No SMOTE,0,0,0.03076988574228732
Logistic Reg,No SMOTE,0,0,0.034319882665132743
Logistic Reg,No SMOTE,0,0,0.0011783039676344358
Logistic Reg,No SMOTE,0,0,9.272199617762482e-07
Logistic Reg,No SMOTE,0,0,2.8952172919398636e-12
Logistic Reg,No SMOTE,0,0,0.025945259266527864
Logistic Reg,No SMOTE,0,0,0.036132340426580714
Logistic Reg,No SMOTE,0,0,4.802800383706844e-05
Logistic Reg,No SMOTE,0,0,2.874539782254718e-05
Logistic Reg,No SMOTE,0,0,0.033228362242524984
Logistic Reg,No SMOTE,0,0,0.00748342372107716
Logistic Reg,No SMOTE,0,0,9.927534895486935e-07
Logistic Reg,No SMOTE,0,0,0.2752109821819673
Logistic Reg,No SMOTE,0,0,0.0352319553093836
Logistic Reg,No SMOTE,0,0,1.0171173857938569e-05
Logistic Reg,No SMOTE,0,0,4.616972563523269e-05
Logistic Reg,No SMOTE,0,0,6.62480566176981e-07
Logistic Reg,No SMOTE,0,0,3.1385926623410084e-06
Logistic Reg,No SMOTE,0,0,1.464210603819524e-10
Logistic Reg,No SMOTE,0,1,0.8641159421059235
Logistic Reg,No SMOTE,0,0,0.011826713496683836
Logistic Reg,No SMOTE,0,0,0.0007380142059010804
Logistic Reg,No SMOTE,0,0,1.362607757920284e-06
Logistic Reg,No SMOTE,0,0,9.483524539504128e-07
Logistic Reg,No SMOTE,0,0,4.6516430929595305e-05
Logistic Reg,No SMOTE,0,0,1.442182259341693e-06
Logistic Reg,No SMOTE,0,0,1.3170036371928196e-05
Logistic Reg,No SMOTE,0,0,4.558219776104653e-05
Logistic Reg,No SMOTE,0,0,3.8322180021152976e-12
Logistic Reg,No SMOTE,0,0,4.6246379957729705e-05
Logistic Reg,No SMOTE,0,0,0.02877272696885647
Logistic Reg,No SMOTE,0,0,0.030182302673577813
Logistic Reg,No SMOTE,0,0,0.025396435956860624
Logistic Reg,No SMOTE,0,0,6.729166652973503e-05
Logistic Reg,No SMOTE,0,0,0.0010428844641551284
Logistic Reg,No SMOTE,0,0,4.57401789908359e-05
Logistic Reg,No SMOTE,0,0,0.000721001389099174
Logistic Reg,No SMOTE,0,0,6.564008560710733e-07
Logistic Reg,No SMOTE,0,0,4.74007716110526e-11
Logistic Reg,No SMOTE,0,0,0.03918688410562569
Logistic Reg,No SMOTE,0,0,0.00018072763921842815
Logistic Reg,No SMOTE,0,0,1.2896273429989276e-05
Logistic Reg,No SMOTE,0,0,8.330759261518378e-17
Logistic Reg,No SMOTE,0,0,0.01135543644366905
Logistic Reg,No SMOTE,0,0,5.0222079712619394e-05
Logistic Reg,No SMOTE,0,0,0.03254179838600617
Logistic Reg,No SMOTE,0,0,1.0757013880655978e-12
Logistic Reg,No SMOTE,0,0,0.041320777974408904
Logistic Reg,No SMOTE,0,1,0.6640942639050748
Logistic Reg,No SMOTE,0,0,0.03771152503160419
Logistic Reg,No SMOTE,0,0,4.636362886820914e-05
Logistic Reg,No SMOTE,0,0,1.0796752019988424e-06
Logistic Reg,No SMOTE,0,0,0.00019504089038389243
Logistic Reg,No SMOTE,0,0,1.3115185425205779e-16
Logistic Reg,No SMOTE,0,0,0.02112375687253025
Logistic Reg,No SMOTE,0,0,9.052870063719814e-07
Logistic Reg,No SMOTE,0,0,9.189417724599572e-18
Logistic Reg,No SMOTE,0,0,0.03478541598020503
Logistic Reg,No SMOTE,0,0,4.561064311079788e-05
Logistic Reg,No SMOTE,0,0,6.948175922721188e-05
Logistic Reg,No SMOTE,0,0,4.610492883656843e-05
Logistic Reg,No SMOTE,0,0,1.2265712314291604e-05
Logistic Reg,No SMOTE,0,0,0.007683402259468338
Logistic Reg,No SMOTE,0,0,1.1680819689108394e-06
Logistic Reg,No SMOTE,0,0,6.149947900630617e-16
Logistic Reg,No SMOTE,0,0,0.027364844048507014
Logistic Reg,No SMOTE,0,0,8.93180841569767e-07
Logistic Reg,No SMOTE,0,0,0.029609786403911403
Logistic Reg,No SMOTE,0,0,0.06840450527822396
Logistic Reg,No SMOTE,0,0,4.568766022108373e-05
Logistic Reg,No SMOTE,0,0,0.020546863157466583
Logistic Reg,No SMOTE,0,0,2.215655459117268e-09
Logistic Reg,No SMOTE,0,0,5.692179930199202e-14
Logistic Reg,No SMOTE,0,0,0.002890865995664438
Logistic Reg,No SMOTE,0,0,1.2034298134171743e-06
Logistic Reg,No SMOTE,0,0,7.22610654721664e-12
Logistic Reg,No SMOTE,0,0,9.142895444152278e-13
Logistic Reg,No SMOTE,0,0,0.0014253685808562652
Logistic Reg,No SMOTE,0,0,6.038797431193254e-10
Logistic Reg,No SMOTE,0,0,0.024802491001777283
Logistic Reg,No SMOTE,0,0,0.012163683478520763
Logistic Reg,No SMOTE,0,0,5.724319947387625e-09
Logistic Reg,No SMOTE,0,0,0.02472138276852054
Logistic Reg,No SMOTE,0,0,4.481110416109447e-16
Logistic Reg,No SMOTE,0,1,0.5422798868144337
Logistic Reg,No SMOTE,0,0,0.0007107877022048858
Logistic Reg,No SMOTE,0,0,7.403898941283324e-05
Logistic Reg,No SMOTE,0,0,9.172228809177496e-09
Logistic Reg,No SMOTE,0,0,0.01844622638938477
Logistic Reg,No SMOTE,0,0,0.04039286316135911
Logistic Reg,No SMOTE,0,0,1.7698245174955584e-09
Logistic Reg,No SMOTE,0,0,0.026082826952640567
Logistic Reg,No SMOTE,0,0,0.337611753737666
Logistic Reg,No SMOTE,0,0,7.634119637285515e-07
Logistic Reg,No SMOTE,0,0,0.01366335711428822
Logistic Reg,No SMOTE,0,0,0.050597293069075386
Logistic Reg,No SMOTE,0,0,6.86340142748929e-07
Logistic Reg,No SMOTE,0,0,1.073555163483502e-06
Logistic Reg,No SMOTE,0,0,1.6999518837469925e-06
Logistic Reg,No SMOTE,0,0,4.5752426262897116e-05
Logistic Reg,No SMOTE,0,0,0.05172421538233343
Logistic Reg,No SMOTE,0,0,0.002542267291097395
Logistic Reg,No SMOTE,0,0,0.0008663298959919591
Logistic Reg,No SMOTE,0,0,9.718666360535827e-07
Logistic Reg,No SMOTE,0,0,0.0011596124295873884
Logistic Reg,No SMOTE,0,0,0.009431032215399303
Logistic Reg,No SMOTE,0,0,0.0005259158210718991
Logistic Reg,No SMOTE,0,0,1.6136986292279772e-16
Logistic Reg,No SMOTE,0,0,9.368151142863333e-07
Logistic Reg,No SMOTE,0,0,0.010959025521340619
Logistic Reg,No SMOTE,0,0,2.4885858751010853e-05
Logistic Reg,No SMOTE,0,0,8.366180472492206e-07
Logistic Reg,No SMOTE,0,0,8.12703100376329e-07
Logistic Reg,No SMOTE,0,0,1.2894833957770873e-09
Logistic Reg,No SMOTE,0,0,0.0419431643397089
Logistic Reg,No SMOTE,0,0,9.036081832276083e-05
Logistic Reg,No SMOTE,0,0,8.524080225870596e-05
Logistic Reg,No SMOTE,0,0,0.3507680803853489
Logistic Reg,No SMOTE,0,0,0.02453863563315945
Logistic Reg,No SMOTE,0,0,0.0024269296846191482
Logistic Reg,No SMOTE,0,0,1.3351603525326273e-06
Logistic Reg,No SMOTE,0,0,9.97109144710494e-07
Logistic Reg,No SMOTE,0,0,0.01378683735987016
Logistic Reg,No SMOTE,0,0,8.12100175955705e-07
Logistic Reg,No SMOTE,0,0,0.0292704922791431
Logistic Reg,No SMOTE,0,0,8.461551336486023e-07
Logistic Reg,No SMOTE,0,0,0.038988319004105036
Logistic Reg,No SMOTE,0,0,7.670081694492919e-07
Logistic Reg,No SMOTE,0,0,5.101850863437828e-05
Logistic Reg,No SMOTE,0,0,0.0356693481714468
Logistic Reg,No SMOTE,0,0,1.9805645005139857e-10
Logistic Reg,No SMOTE,0,0,8.033984769163619e-07
Logistic Reg,No SMOTE,0,0,0.0824660106346036
Logistic Reg,No SMOTE,0,0,1.5309209730627068e-08
Logistic Reg,No SMOTE,0,0,5.110326151549907e-15
Logistic Reg,No SMOTE,0,0,6.156069744423729e-30
Logistic Reg,No SMOTE,0,0,0.03729402477988123
Logistic Reg,No SMOTE,0,0,7.889521330231794e-07
Logistic Reg,No SMOTE,0,0,7.615920112171795e-26
Logistic Reg,No SMOTE,0,0,5.89767750898094e-11
Logistic Reg,No SMOTE,0,0,9.71514275552029e-17
Logistic Reg,No SMOTE,0,0,6.818195964779399e-07
Logistic Reg,No SMOTE,0,0,8.87825756490439e-07
Logistic Reg,No SMOTE,0,0,0.02019960952203626
Logistic Reg,No SMOTE,0,0,0.031196821468363476
Logistic Reg,No SMOTE,0,0,0.01318867025397112
Logistic Reg,No SMOTE,0,0,0.031127173736755942
Logistic Reg,No SMOTE,0,0,2.7946146553723565e-17
Logistic Reg,No SMOTE,0,0,7.119279575728473e-07
Logistic Reg,No SMOTE,0,0,0.023923175944475707
Logistic Reg,No SMOTE,0,0,1.0642967060700583e-13
Logistic Reg,No SMOTE,0,0,0.041285665687256154
Logistic Reg,No SMOTE,0,0,4.6262529887156063e-05
Logistic Reg,No SMOTE,0,0,0.00013710415664754762
Logistic Reg,No SMOTE,0,0,1.2445195208565e-06
Logistic Reg,No SMOTE,0,0,8.582841837956265e-07
Logistic Reg,No SMOTE,0,0,0.027342468385795602
Logistic Reg,No SMOTE,0,0,0.2870456224176378
Logistic Reg,No SMOTE,0,0,0.031782662837128495
Logistic Reg,No SMOTE,0,0,4.5589653053840436e-05
Logistic Reg,No SMOTE,0,0,1.041013537904388e-05
Logistic Reg,No SMOTE,0,0,0.022966537893118467
Logistic Reg,No SMOTE,0,0,0.014863414639761926
Logistic Reg,No SMOTE,0,0,4.6140278678972635e-05
Logistic Reg,No SMOTE,0,0,4.563398047452303e-05
Logistic Reg,No SMOTE,0,0,0.0031324293057279043
Logistic Reg,No SMOTE,0,0,3.4494463204254125e-60
Logistic Reg,No SMOTE,0,0,9.027616929085594e-11
Logistic Reg,No SMOTE,0,0,8.625924331353067e-07
Logistic Reg,No SMOTE,0,0,4.5682347255120716e-05
Logistic Reg,No SMOTE,0,0,2.5604789669726185e-10
Logistic Reg,No SMOTE,0,0,0.012597038103318376
Logistic Reg,No SMOTE,0,0,1.4719045760519753e-06
Logistic Reg,No SMOTE,0,0,1.2116878209212499e-05
Logistic Reg,No SMOTE,0,0,4.5952911855477685e-05
Logistic Reg,No SMOTE,0,0,9.364520579538812e-07
Logistic Reg,No SMOTE,0,0,4.559099972924508e-05
Logistic Reg,No SMOTE,0,0,1.1697093962957811e-06
Logistic Reg,No SMOTE,0,0,0.0008090514433565829
Logistic Reg,No SMOTE,0,0,0.027250339290608758
Logistic Reg,No SMOTE,0,0,4.585377115763387e-05
Logistic Reg,No SMOTE,0,0,9.481682677652515e-07
Logistic Reg,No SMOTE,0,0,2.833229537217738e-07
Logistic Reg,No SMOTE,0,0,1.6803781721128978e-13
Logistic Reg,No SMOTE,0,0,0.005756296374521829
Logistic Reg,No SMOTE,0,0,8.920938678686754e-07
Logistic Reg,No SMOTE,0,0,5.293953934093579e-06
Logistic Reg,No SMOTE,0,0,3.9921558447286525e-06
Logistic Reg,No SMOTE,0,0,0.028723548630246128
Logistic Reg,No SMOTE,0,0,1.1640031631705615e-11
Logistic Reg,No SMOTE,0,0,7.759320395203243e-07
Logistic Reg,No SMOTE,0,0,1.9807062457628073e-09
Logistic Reg,No SMOTE,0,0,0.027492164520863744
Logistic Reg,No SMOTE,0,0,0.0048043080219315245
Logistic Reg,No SMOTE,0,0,6.875958992437806e-07
Logistic Reg,No SMOTE,0,0,2.053274726924418e-09
Logistic Reg,No SMOTE,0,0,0.02816800988893297
Logistic Reg,No SMOTE,0,0,1.3040944240792243e-17
Logistic Reg,No SMOTE,0,0,9.687330317393859e-07
Logistic Reg,No SMOTE,0,0,4.962699423103518e-05
Logistic Reg,No SMOTE,0,0,0.004105650454617802
Logistic Reg,No SMOTE,0,0,7.981592093091385e-05
Logistic Reg,No SMOTE,0,0,4.611851433870397e-05
Logistic Reg,No SMOTE,0,0,8.390579566383311e-07
Logistic Reg,No SMOTE,0,1,0.8831103944510269
Logistic Reg,No SMOTE,0,0,4.766894952582515e-05
Logistic Reg,No SMOTE,0,0,1.1665392402726406e-06
Logistic Reg,No SMOTE,0,1,0.7645020883926334
Logistic Reg,No SMOTE,0,0,0.013496057283729315
Logistic Reg,No SMOTE,0,0,4.5871682873847185e-05
Logistic Reg,No SMOTE,0,0,0.04807447695387178
Logistic Reg,No SMOTE,0,1,0.6081560521742334
Logistic Reg,No SMOTE,0,0,0.10895646941664544
Logistic Reg,No SMOTE,0,0,2.1874632679425095e-09
Logistic Reg,No SMOTE,0,0,1.7123383722554905e-20
Logistic Reg,No SMOTE,0,0,0.02807782066678099
Logistic Reg,No SMOTE,0,0,1.0474528604729917e-06
Logistic Reg,No SMOTE,0,0,0.029776163410638514
Logistic Reg,No SMOTE,0,0,8.517822489883706e-07
Logistic Reg,No SMOTE,0,0,4.5820707650483125e-05
Logistic Reg,No SMOTE,0,0,4.496895633909961e-15
Logistic Reg,No SMOTE,0,0,8.383852029402189e-16
Logistic Reg,No SMOTE,0,0,6.254813622556217e-05
Logistic Reg,No SMOTE,0,0,0.02018483060832207
Logistic Reg,No SMOTE,0,0,0.033756879504488774
Logistic Reg,No SMOTE,0,0,0.022754296705494913
Logistic Reg,No SMOTE,0,0,0.01455859292233852
Logistic Reg,No SMOTE,0,0,1.3146740705678024e-06
Logistic Reg,No SMOTE,0,0,0.02070084537759153
Logistic Reg,No SMOTE,0,0,4.5630020483386914e-05
Logistic Reg,No SMOTE,0,0,7.312158405487213e-08
Logistic Reg,No SMOTE,0,0,0.015894061387245015
Logistic Reg,No SMOTE,0,0,1.0051457698191777e-06
Logistic Reg,No SMOTE,0,0,0.03715191089526458
Logistic Reg,No SMOTE,0,0,2.0224207402370854e-09
Logistic Reg,No SMOTE,0,0,9.34082868100019e-13
Logistic Reg,No SMOTE,0,0,4.0278203547359227e-13
Logistic Reg,No SMOTE,0,0,8.899303271647401e-07
Logistic Reg,No SMOTE,0,0,0.02112042527151931
Logistic Reg,No SMOTE,0,0,4.685591075025453e-05
Logistic Reg,No SMOTE,0,0,0.0003142052990036122
Logistic Reg,No SMOTE,0,0,0.0005234534310479201
Logistic Reg,No SMOTE,0,0,0.02048321689673257
Logistic Reg,No SMOTE,0,0,2.0986586348061397e-15
Logistic Reg,No SMOTE,0,0,0.024678926701824273
Logistic Reg,No SMOTE,0,0,3.525760686258147e-16
Logistic Reg,No SMOTE,0,0,9.382690514593308e-07
Logistic Reg,No SMOTE,0,0,0.016767014846862056
Logistic Reg,No SMOTE,0,0,1.0690138011471866e-06
Logistic Reg,No SMOTE,0,0,6.946904135427457e-19
Logistic Reg,No SMOTE,0,1,0.7639992344226364
Logistic Reg,No SMOTE,0,0,0.0026358395116530815
Logistic Reg,No SMOTE,0,0,0.0007605859037336355
Logistic Reg,No SMOTE,0,0,0.00018256420008186982
Logistic Reg,No SMOTE,0,0,0.026196834642977392
Logistic Reg,No SMOTE,0,0,1.0157922928580783e-06
Logistic Reg,No SMOTE,0,0,0.023112967168755025
Logistic Reg,No SMOTE,0,1,0.630493252492645
Logistic Reg,No SMOTE,0,0,0.009848500196410495
Logistic Reg,No SMOTE,0,0,1.1097989743373023e-06
Logistic Reg,No SMOTE,0,0,0.02969253917055536
Logistic Reg,No SMOTE,0,0,4.686854044980706e-05
Logistic Reg,No SMOTE,0,0,0.02457613366772134
Logistic Reg,No SMOTE,0,0,1.4217115114860142e-06
Logistic Reg,No SMOTE,0,0,5.13046237590078e-13
Logistic Reg,No SMOTE,0,0,5.482946816926387e-15
Logistic Reg,No SMOTE,0,0,4.788306864761512e-25
Logistic Reg,No SMOTE,0,0,0.04681995391766156
Logistic Reg,No SMOTE,0,0,6.875241524945225e-07
Logistic Reg,No SMOTE,0,0,8.463291769307988e-07
Logistic Reg,No SMOTE,0,0,4.580316998131179e-05
Logistic Reg,No SMOTE,0,0,9.422874332807577e-07
Logistic Reg,No SMOTE,0,0,5.280916850552547e-10
Logistic Reg,No SMOTE,0,0,9.959374703761707e-08
Logistic Reg,No SMOTE,0,0,0.0461691673426748
Logistic Reg,No SMOTE,0,0,0.00015456636617049036
Logistic Reg,No SMOTE,0,0,1.4397158392721718e-10
Logistic Reg,No SMOTE,0,0,0.04417463048940617
Logistic Reg,No SMOTE,0,0,0.06598861517638197
Logistic Reg,No SMOTE,0,0,8.587045827577266e-07
Logistic Reg,No SMOTE,0,0,4.605114626632973e-05
Logistic Reg,No SMOTE,0,0,7.513254532563977e-05
Logistic Reg,No SMOTE,0,0,3.859388570732715e-09
Logistic Reg,No SMOTE,0,0,6.98594551776473e-07
Logistic Reg,No SMOTE,0,0,2.501471737635835e-05
Logistic Reg,No SMOTE,0,0,0.035258640561102714
Logistic Reg,No SMOTE,0,0,6.6876314505022476e-09
Logistic Reg,No SMOTE,0,0,4.673461679042178e-05
Logistic Reg,No SMOTE,0,0,1.2089163657269996e-06
Logistic Reg,No SMOTE,0,0,0.002513510366979806
Logistic Reg,No SMOTE,0,0,0.04035630947161206
Logistic Reg,No SMOTE,0,0,2.4795837376028634e-11
Logistic Reg,No SMOTE,0,0,0.04124077513466828
Logistic Reg,No SMOTE,0,0,1.1175716024213798e-06
Logistic Reg,No SMOTE,0,0,3.171266696601621e-20
Logistic Reg,No SMOTE,0,0,0.000756742959810569
Logistic Reg,No SMOTE,0,0,6.620533939324973e-07
Logistic Reg,No SMOTE,0,0,6.859301337020562e-07
Logistic Reg,No SMOTE,0,0,0.036528307575044085
Logistic Reg,No SMOTE,0,0,6.996108214794372e-05
Logistic Reg,No SMOTE,0,0,9.532686650183111e-07
Logistic Reg,No SMOTE,0,0,0.036242289326988385
Logistic Reg,No SMOTE,0,0,0.0001090752164369143
Logistic Reg,No SMOTE,0,0,6.340423339401301e-10
Logistic Reg,No SMOTE,0,0,1.7696679089510901e-06
Logistic Reg,No SMOTE,0,0,1.0112718715354859e-06
Logistic Reg,No SMOTE,0,0,4.786815781076177e-05
Logistic Reg,No SMOTE,0,0,0.0005723475627749661
Logistic Reg,No SMOTE,0,0,8.961479917327538e-07
Logistic Reg,No SMOTE,0,0,2.0212359444682587e-22
Logistic Reg,No SMOTE,0,0,4.560927078986139e-05
Logistic Reg,No SMOTE,0,0,4.714555936334189e-05
Logistic Reg,No SMOTE,0,0,0.0006183697011398731
Logistic Reg,No SMOTE,0,0,0.009733902573676343
Logistic Reg,No SMOTE,0,0,1.055082139948846e-06
Logistic Reg,No SMOTE,0,0,6.484876338480662e-06
Logistic Reg,No SMOTE,0,0,7.108451090939731e-10
Logistic Reg,No SMOTE,0,0,0.0074089210300962195
Logistic Reg,No SMOTE,0,0,4.146227446528078e-09
Logistic Reg,No SMOTE,0,0,0.009287890511457095
Logistic Reg,No SMOTE,0,0,6.406462500953067e-07
Logistic Reg,No SMOTE,0,0,0.0007255797594206288
Logistic Reg,No SMOTE,0,0,8.325022560161919e-07
Logistic Reg,No SMOTE,0,0,0.02902550061317666
Logistic Reg,No SMOTE,0,0,4.571703742624481e-05
Logistic Reg,No SMOTE,0,0,0.027764625861865407
Logistic Reg,No SMOTE,0,0,0.00018256778538106852
Logistic Reg,No SMOTE,0,0,0.06466281039900491
Logistic Reg,No SMOTE,0,0,1.5349380834272922e-06
Logistic Reg,No SMOTE,0,0,1.780504565469321e-11
Logistic Reg,No SMOTE,0,0,0.03845634177312168
Logistic Reg,No SMOTE,0,0,8.88180124985529e-06
Logistic Reg,No SMOTE,0,0,0.13994801129843104
Logistic Reg,No SMOTE,0,0,3.768003996095193e-16
Logistic Reg,No SMOTE,0,1,0.9546064958549867
Logistic Reg,No SMOTE,0,0,4.7353303276506175e-05
Logistic Reg,No SMOTE,0,0,8.135602496225008e-07
Logistic Reg,No SMOTE,0,0,0.033876965136162555
Logistic Reg,No SMOTE,0,0,4.5590832215415466e-05
Logistic Reg,No SMOTE,0,0,0.2471885891675483
Logistic Reg,No SMOTE,0,1,0.9202090623327966
Logistic Reg,No SMOTE,0,0,5.0277162281447943e-05
Logistic Reg,No SMOTE,0,0,0.021258816166038325
Logistic Reg,No SMOTE,0,0,0.0008061368511167762
Logistic Reg,No SMOTE,0,0,0.049304691275985586
Logistic Reg,No SMOTE,0,0,4.169635704507787e-08
Logistic Reg,No SMOTE,0,0,1.7193133725258057e-11
Logistic Reg,No SMOTE,0,0,8.958803351500447e-07
Logistic Reg,No SMOTE,0,0,0.09318501022647352
Logistic Reg,No SMOTE,0,0,5.084417061084477e-05
Logistic Reg,No SMOTE,0,0,9.351560626996793e-07
Logistic Reg,No SMOTE,0,0,0.0316929925182577
Logistic Reg,No SMOTE,0,0,9.193159934500837e-07
Logistic Reg,No SMOTE,0,0,6.743248312336105e-07
Logistic Reg,No SMOTE,0,0,0.009356030923611635
Logistic Reg,No SMOTE,0,0,8.921064433626806e-07
Logistic Reg,No SMOTE,0,0,0.0010322974230267494
Logistic Reg,No SMOTE,0,0,0.033342664300010406
Logistic Reg,No SMOTE,0,0,4.615821218587766e-05
Logistic Reg,No SMOTE,0,0,4.6544883486790095e-05
Logistic Reg,No SMOTE,0,0,9.768873507059958e-07
Logistic Reg,No SMOTE,0,0,0.016004651740570742
Logistic Reg,No SMOTE,0,0,3.8738599625850187e-07
Logistic Reg,No SMOTE,0,0,4.718579574912777e-05
Logistic Reg,No SMOTE,0,0,2.9280064377157482e-05
Logistic Reg,No SMOTE,0,0,0.04286854878341139
Logistic Reg,No SMOTE,0,0,0.0009367949011932306
Logistic Reg,No SMOTE,0,0,0.001455193602837211
Logistic Reg,No SMOTE,0,0,0.032936532405514626
Logistic Reg,No SMOTE,0,0,4.531665834980342e-07
Logistic Reg,No SMOTE,0,0,8.895671674204385e-07
Logistic Reg,No SMOTE,0,0,4.986514188016719e-05
Logistic Reg,No SMOTE,0,1,0.8045027110269707
Logistic Reg,No SMOTE,0,0,0.0482039508967243
Logistic Reg,No SMOTE,0,0,7.997902909034802e-07
Logistic Reg,No SMOTE,0,0,4.6111896786387296e-05
Logistic Reg,No SMOTE,0,0,0.002705365684256548
Logistic Reg,No SMOTE,0,0,7.682844296389584e-07
Logistic Reg,No SMOTE,0,0,0.0328253235059362
Logistic Reg,No SMOTE,0,0,1.227369563187194e-06
Logistic Reg,No SMOTE,0,0,0.22036780356648888
Logistic Reg,No SMOTE,0,0,5.523897582598328e-07
Logistic Reg,No SMOTE,0,0,9.186182409556032e-14
Logistic Reg,No SMOTE,0,0,5.771468675840886e-07
Logistic Reg,No SMOTE,0,0,1.3199354305778396e-06
Logistic Reg,No SMOTE,0,0,4.580526277334534e-05
Logistic Reg,No SMOTE,0,0,1.830244156563181e-09
Logistic Reg,No SMOTE,0,0,1.1599639208982978e-06
Logistic Reg,No SMOTE,0,0,0.00696465713924548
Logistic Reg,No SMOTE,0,0,9.39323673737246e-08
Logistic Reg,No SMOTE,0,0,4.579321729850068e-05
Logistic Reg,No SMOTE,0,0,4.5953673759291406e-05
Logistic Reg,No SMOTE,0,0,0.0035740507186200372
Logistic Reg,No SMOTE,0,0,1.9639295464621085e-05
Logistic Reg,No SMOTE,0,0,0.00044716345439618115
Logistic Reg,No SMOTE,0,0,6.247084942115253e-05
Logistic Reg,No SMOTE,0,0,1.284205504344035e-06
Logistic Reg,No SMOTE,0,0,0.07958324476687884
Logistic Reg,No SMOTE,0,0,9.137168071857393e-19
Logistic Reg,No SMOTE,0,0,0.00012222180965606576
Logistic Reg,No SMOTE,0,0,6.416819376003418e-05
Logistic Reg,No SMOTE,0,0,0.030754480032369833
Logistic Reg,No SMOTE,0,0,1.1407737030789034e-06
Logistic Reg,No SMOTE,0,0,1.019149072089937e-07
Logistic Reg,No SMOTE,0,0,0.0269645947843395
Logistic Reg,No SMOTE,0,0,7.73872646233258e-07
Logistic Reg,No SMOTE,0,0,4.57360779422327e-05
Logistic Reg,No SMOTE,0,0,6.869523588117238e-07
Logistic Reg,No SMOTE,0,0,1.4604087290307966e-10
Logistic Reg,No SMOTE,0,0,1.0598684077492222e-18
Logistic Reg,No SMOTE,0,0,0.010503372843213201
Logistic Reg,No SMOTE,0,0,0.005754163636808883
Logistic Reg,No SMOTE,0,0,8.390181027709701e-07
Logistic Reg,No SMOTE,0,0,1.615630399985866e-31
Logistic Reg,No SMOTE,0,0,0.0019472001450014705
Logistic Reg,No SMOTE,0,0,2.5667908475455785e-08
Logistic Reg,No SMOTE,0,0,0.024410973783331832
Logistic Reg,No SMOTE,0,0,4.8134383906424985e-05
Logistic Reg,No SMOTE,0,0,0.038737534271771894
Logistic Reg,No SMOTE,0,0,0.4282494970549925
Logistic Reg,No SMOTE,0,0,0.0014038510792404187
Logistic Reg,No SMOTE,0,0,0.03750690183351414
Logistic Reg,No SMOTE,0,0,4.5640008950445335e-05
Logistic Reg,No SMOTE,0,0,2.8611671197164146e-08
Logistic Reg,No SMOTE,0,0,0.00014044984717019064
Logistic Reg,No SMOTE,0,0,3.217123733231087e-07
Logistic Reg,No SMOTE,0,0,0.01588071913189773
Logistic Reg,No SMOTE,0,0,4.663224708204578e-05
Logistic Reg,No SMOTE,0,0,0.0019467117494413777
Logistic Reg,No SMOTE,0,0,0.019262705415662475
Logistic Reg,No SMOTE,0,0,4.42386496917764e-09
Logistic Reg,No SMOTE,0,0,0.001185921004289521
Logistic Reg,No SMOTE,0,0,4.036444610000457e-07
Logistic Reg,No SMOTE,0,0,0.036851058700435035
Logistic Reg,No SMOTE,0,0,7.985712090992866e-07
Logistic Reg,No SMOTE,0,0,6.040553605914936e-76
Logistic Reg,No SMOTE,0,0,0.013676714579142765
Logistic Reg,No SMOTE,0,0,0.0011370701963329022
Logistic Reg,No SMOTE,0,0,8.797697199426978e-08
Logistic Reg,No SMOTE,0,0,2.6572645051595963e-09
Logistic Reg,No SMOTE,0,0,0.002127950284200376
Logistic Reg,No SMOTE,0,0,1.015932150707235e-06
Logistic Reg,No SMOTE,0,0,7.1918865731113215e-09
Logistic Reg,No SMOTE,0,0,0.002189275277896764
Logistic Reg,No SMOTE,0,0,0.0028720645345554205
Logistic Reg,No SMOTE,0,0,0.025228827633090204
Logistic Reg,No SMOTE,0,0,0.015514479842794263
Logistic Reg,No SMOTE,0,0,0.04130673138680259
Logistic Reg,No SMOTE,0,0,8.944811437611325e-07
Logistic Reg,No SMOTE,0,0,0.022531251787755602
Logistic Reg,No SMOTE,0,0,1.0807960659516853e-07
Logistic Reg,No SMOTE,0,0,0.022784892927209737
Logistic Reg,No SMOTE,0,0,0.043070498031867493
Logistic Reg,No SMOTE,0,0,0.03184132326076772
Logistic Reg,No SMOTE,0,0,0.0001820961389452997
Logistic Reg,No SMOTE,0,0,1.4497756055362762e-12
Logistic Reg,No SMOTE,0,0,3.9998435153365256e-08
Logistic Reg,No SMOTE,0,0,8.893199183865513e-07
Logistic Reg,No SMOTE,0,0,0.024434367468162597
Logistic Reg,No SMOTE,0,0,0.0008021651869688697
Logistic Reg,No SMOTE,0,0,4.6975049123062724e-05
Logistic Reg,No SMOTE,0,0,4.668817779232154e-05
Logistic Reg,No SMOTE,0,0,0.0003440487707542937
Logistic Reg,No SMOTE,0,0,0.011450957975012308
Logistic Reg,No SMOTE,0,0,1.207040861307231e-10
Logistic Reg,No SMOTE,0,0,7.581957214870053e-07
Logistic Reg,No SMOTE,0,0,0.012076903573060412
Logistic Reg,No SMOTE,0,0,0.0001819981437192921
Logistic Reg,No SMOTE,0,0,0.0003988919006328507
Logistic Reg,No SMOTE,0,0,1.3436942942049852e-08
Logistic Reg,No SMOTE,0,0,0.02242205536728014
Logistic Reg,No SMOTE,0,0,1.1275927631262461e-06
Logistic Reg,No SMOTE,0,0,0.046472035589352895
Logistic Reg,No SMOTE,0,0,4.6419913887292763e-05
Logistic Reg,No SMOTE,0,0,2.6495698900954076e-08
Logistic Reg,No SMOTE,0,0,1.1965924282239698e-08
Logistic Reg,No SMOTE,0,0,4.874758173195882e-05
Logistic Reg,No SMOTE,0,0,4.599336634297105e-05
Logistic Reg,No SMOTE,0,0,0.0316184188729359
Logistic Reg,No SMOTE,0,0,4.559631106199144e-05
Logistic Reg,No SMOTE,0,0,8.461540646000037e-07
Logistic Reg,No SMOTE,0,0,9.258606114395187e-07
Logistic Reg,No SMOTE,0,0,0.031064831554305394
Logistic Reg,No SMOTE,0,0,9.91810707280339e-07
Logistic Reg,No SMOTE,0,0,0.006912021854516046
Logistic Reg,No SMOTE,0,0,0.012192998616174861
Logistic Reg,No SMOTE,0,0,1.1510744233993662e-06
Logistic Reg,No SMOTE,0,0,8.22457097320206e-07
Logistic Reg,No SMOTE,0,0,0.006801146965085361
Logistic Reg,No SMOTE,0,0,4.790284457001657e-06
Logistic Reg,No SMOTE,0,0,9.934437062853546e-07
Logistic Reg,No SMOTE,0,0,1.2101896731831095e-05
Logistic Reg,No SMOTE,0,1,0.9734166888735766
Logistic Reg,No SMOTE,0,0,8.770417633163333e-07
Logistic Reg,No SMOTE,0,0,9.463472283954449e-07
Logistic Reg,No SMOTE,0,0,3.671093215968329e-24
Logistic Reg,No SMOTE,0,0,0.023069400123474162
Logistic Reg,No SMOTE,0,0,3.796525161466682e-13
Logistic Reg,No SMOTE,0,0,0.0009849526475640509
Logistic Reg,No SMOTE,0,0,4.6402874686100914e-05
Logistic Reg,No SMOTE,0,0,0.0325162791567077
Logistic Reg,No SMOTE,0,0,0.0003502901690902022
Logistic Reg,No SMOTE,0,0,0.028563904093910897
Logistic Reg,No SMOTE,0,0,0.0009401046326397325
Logistic Reg,No SMOTE,0,0,0.033799647713677584
Logistic Reg,No SMOTE,0,0,2.783150455495091e-06
Logistic Reg,No SMOTE,0,0,0.014670991557305805
Logistic Reg,No SMOTE,0,0,0.3227246050785707
Logistic Reg,No SMOTE,0,1,0.6863916211954592
Logistic Reg,No SMOTE,0,1,0.7740621871846091
Logistic Reg,No SMOTE,0,0,0.029720321831160117
Logistic Reg,No SMOTE,0,1,0.972638754373978
Logistic Reg,No SMOTE,0,0,8.842398203298867e-19
Logistic Reg,No SMOTE,0,0,9.325388040433893e-17
Logistic Reg,No SMOTE,0,0,3.4820961691154614e-08
Logistic Reg,No SMOTE,0,0,8.810226696815597e-07
Logistic Reg,No SMOTE,0,0,0.001993951527852736
Logistic Reg,No SMOTE,0,0,0.0012379630540320474
Logistic Reg,No SMOTE,0,0,0.028183033215159407
Logistic Reg,No SMOTE,0,0,0.050933627490897894
Logistic Reg,No SMOTE,0,0,2.464285964782453e-13
Logistic Reg,No SMOTE,0,0,2.1841846659122954e-05
Logistic Reg,No SMOTE,0,0,0.00012738288330138778
Logistic Reg,No SMOTE,0,0,0.010610924428329893
Logistic Reg,No SMOTE,0,0,0.03250294909614876
Logistic Reg,No SMOTE,0,0,0.027296952227716106
Logistic Reg,No SMOTE,0,0,9.56601912342658e-07
Logistic Reg,No SMOTE,0,0,4.5629989674884416e-05
Logistic Reg,No SMOTE,0,0,1.3852566073080753e-06
Logistic Reg,No SMOTE,0,0,5.617931289574504e-05
Logistic Reg,No SMOTE,0,0,3.186450312693483e-23
Logistic Reg,No SMOTE,0,0,0.043097864357596584
Logistic Reg,No SMOTE,0,0,4.7471698352270604e-05
Logistic Reg,No SMOTE,0,0,0.01281659393400945
Logistic Reg,No SMOTE,0,0,1.2642372586344192e-13
Logistic Reg,No SMOTE,0,0,0.033103506515538256
Logistic Reg,No SMOTE,0,0,9.986934251846855e-09
Logistic Reg,No SMOTE,0,0,4.5734473383944456e-05
Logistic Reg,No SMOTE,0,0,2.990747353712781e-14
Logistic Reg,No SMOTE,0,0,9.867391407116723e-07
Logistic Reg,No SMOTE,0,0,0.009405581850248708
Logistic Reg,No SMOTE,0,0,3.359820457899389e-11
Logistic Reg,No SMOTE,0,0,0.02434762284018174
Logistic Reg,No SMOTE,0,0,4.736278415269692e-05
Logistic Reg,No SMOTE,0,0,4.363586298399955e-09
Logistic Reg,No SMOTE,0,0,7.862036999425791e-07
Logistic Reg,No SMOTE,0,0,0.00016553636753434216
Logistic Reg,No SMOTE,0,1,0.722498796528358
Logistic Reg,No SMOTE,0,0,2.0714769534082922e-05
Logistic Reg,No SMOTE,0,0,0.03833476897046177
Logistic Reg,No SMOTE,0,0,0.13761229490520072
Logistic Reg,No SMOTE,0,0,1.015985748438457e-23
Logistic Reg,No SMOTE,0,0,4.560427516478787e-05
Logistic Reg,No SMOTE,0,0,0.006077261333580851
Logistic Reg,No SMOTE,0,0,0.15469856487709024
Logistic Reg,No SMOTE,0,0,0.003061320822571193
Logistic Reg,No SMOTE,0,0,1.0399546436352193e-06
Logistic Reg,No SMOTE,0,0,0.013279182931159197
Logistic Reg,No SMOTE,0,0,5.1496050014922824e-08
Logistic Reg,No SMOTE,0,0,0.029607427228429527
Logistic Reg,No SMOTE,0,0,0.03438486951345088
Logistic Reg,No SMOTE,0,0,0.03108278116658585
Logistic Reg,No SMOTE,0,0,9.554408626036137e-07
Logistic Reg,No SMOTE,0,0,0.0348669674029
Logistic Reg,No SMOTE,0,0,0.022626546073588338
Logistic Reg,No SMOTE,0,0,4.876477536810939e-05
Logistic Reg,No SMOTE,0,0,0.16711670040733204
Logistic Reg,No SMOTE,0,0,4.570825078806788e-05
Logistic Reg,No SMOTE,0,0,0.018729005396703795
Logistic Reg,No SMOTE,0,0,0.00041655289046602117
Logistic Reg,No SMOTE,0,0,0.04174448903027526
Logistic Reg,No SMOTE,0,0,6.804507668692308e-07
Logistic Reg,No SMOTE,0,0,4.758366087078242e-05
Logistic Reg,No SMOTE,0,0,9.80981706462361e-07
Logistic Reg,No SMOTE,0,0,0.017426834306471854
Logistic Reg,No SMOTE,0,0,0.020640224106989815
Logistic Reg,No SMOTE,0,0,1.3653720659210102e-09
Logistic Reg,No SMOTE,0,0,6.22873350771094e-13
Logistic Reg,No SMOTE,0,0,7.518145609382678e-07
Logistic Reg,No SMOTE,0,0,4.564999647290779e-05
Logistic Reg,No SMOTE,0,0,4.558267385482786e-05
Logistic Reg,No SMOTE,0,0,0.024804681985153777
Logistic Reg,No SMOTE,0,0,3.352907098164187e-09
Logistic Reg,No SMOTE,0,0,0.00736595274391921
Logistic Reg,No SMOTE,0,0,0.4622342295191151
Logistic Reg,No SMOTE,0,0,0.0013665931699832889
Logistic Reg,No SMOTE,0,0,0.0453697905990301
Logistic Reg,No SMOTE,0,0,0.018777864825564476
Logistic Reg,No SMOTE,0,0,1.977077637414614e-06
Logistic Reg,No SMOTE,0,0,8.275794819183076e-11
Logistic Reg,No SMOTE,0,0,3.0216822998755035e-19
Logistic Reg,No SMOTE,0,0,0.011236996616869893
Logistic Reg,No SMOTE,0,0,5.270227204517082e-05
Logistic Reg,No SMOTE,0,0,0.0005209703893112462
Logistic Reg,No SMOTE,0,0,2.233221147836359e-16
Logistic Reg,No SMOTE,0,0,3.441227422356075e-10
Logistic Reg,No SMOTE,0,0,0.04672144578904417
Logistic Reg,No SMOTE,0,0,4.937054203562461e-05
Logistic Reg,No SMOTE,0,0,0.01816671975689282
Logistic Reg,No SMOTE,0,0,0.0008252158765262834
Logistic Reg,No SMOTE,0,0,0.11284815787174551
Logistic Reg,No SMOTE,0,0,0.020061709479915386
Logistic Reg,No SMOTE,0,0,6.83598924126673e-11
Logistic Reg,No SMOTE,0,0,1.890584363014687e-06
Logistic Reg,No SMOTE,0,0,0.0015350916607220506
Logistic Reg,No SMOTE,0,0,4.58941614820889e-05
Logistic Reg,No SMOTE,0,0,0.03332281933659347
Logistic Reg,No SMOTE,0,0,3.1428822089283406e-14
Logistic Reg,No SMOTE,0,0,0.0010187425918973792
Logistic Reg,No SMOTE,0,0,0.02041253365990068
Logistic Reg,No SMOTE,0,0,2.4851285883611785e-07
Logistic Reg,No SMOTE,0,0,0.022086953519660613
Logistic Reg,No SMOTE,0,0,0.017740604117172508
Logistic Reg,No SMOTE,0,0,0.03193465397223899
Logistic Reg,No SMOTE,0,0,8.438002837007756e-07
Logistic Reg,No SMOTE,0,0,3.118349941100273e-10
Logistic Reg,No SMOTE,0,0,1.0147524539577232e-07
Logistic Reg,No SMOTE,0,0,4.565100267906439e-05
Logistic Reg,No SMOTE,0,0,1.0150914868376284e-06
Logistic Reg,No SMOTE,0,0,1.6410232389439923e-13
Logistic Reg,No SMOTE,0,0,0.01260182102129583
Logistic Reg,No SMOTE,0,0,9.516415972751931e-08
Logistic Reg,No SMOTE,0,0,1.0033024121665329e-06
Logistic Reg,No SMOTE,0,0,0.001122941786579109
Logistic Reg,No SMOTE,0,0,1.0107843965255912e-06
Logistic Reg,No SMOTE,0,0,4.6032464195722905e-05
Logistic Reg,No SMOTE,0,0,4.5658397431966625e-05
Logistic Reg,No SMOTE,0,0,4.5639455008787905e-05
Logistic Reg,No SMOTE,0,0,1.0783160208587722e-06
Logistic Reg,No SMOTE,0,0,0.0012452338060118904
Logistic Reg,No SMOTE,0,0,0.014950219523987012
Logistic Reg,No SMOTE,0,0,0.00017396664013964627
Logistic Reg,No SMOTE,0,0,5.807560830486046e-32
Logistic Reg,No SMOTE,0,0,0.012123000109448836
Logistic Reg,No SMOTE,0,0,0.004416166395718188
Logistic Reg,No SMOTE,0,0,0.0034553722771244206
Logistic Reg,No SMOTE,0,0,6.433040594718486e-36
Logistic Reg,No SMOTE,0,0,4.0239311219380045e-05
Logistic Reg,No SMOTE,0,0,0.008045923717534015
Logistic Reg,No SMOTE,0,0,7.147463778568277e-07
Logistic Reg,No SMOTE,0,0,1.6440642467168537e-09
Logistic Reg,No SMOTE,0,0,9.956198754727442e-05
Logistic Reg,No SMOTE,0,0,0.03370514051978731
Logistic Reg,No SMOTE,0,0,1.2210101435648986e-06
Logistic Reg,No SMOTE,0,0,8.335569795365658e-07
Logistic Reg,No SMOTE,0,0,0.028928045216162827
Logistic Reg,No SMOTE,0,0,7.864283621045006e-07
Logistic Reg,No SMOTE,0,0,0.4520890578021672
Logistic Reg,No SMOTE,0,0,0.01042835732180653
Logistic Reg,No SMOTE,0,0,2.8159508582265797e-06
Logistic Reg,No SMOTE,0,0,7.888488318227915e-09
Logistic Reg,No SMOTE,0,0,1.529169304238366e-10
Logistic Reg,No SMOTE,0,0,0.0005607456670517236
Logistic Reg,No SMOTE,0,0,4.569962563194405e-05
Logistic Reg,No SMOTE,0,0,0.027338631254211654
Logistic Reg,No SMOTE,0,0,0.00026103446373015605
Logistic Reg,No SMOTE,0,0,1.436276029639423e-14
Logistic Reg,No SMOTE,0,0,7.260635365989164e-07
Logistic Reg,No SMOTE,0,0,3.795050005820438e-13
Logistic Reg,No SMOTE,0,0,0.0007806319551566263
Logistic Reg,No SMOTE,0,0,8.088803136915647e-09
Logistic Reg,No SMOTE,0,0,9.211444493866207e-07
Logistic Reg,No SMOTE,0,0,0.017342198903332315
Logistic Reg,No SMOTE,0,0,0.24032922296915468
Logistic Reg,No SMOTE,0,0,0.0019338175584889294
Logistic Reg,No SMOTE,0,0,1.0384320894728722e-06
Logistic Reg,No SMOTE,0,0,0.07198084238458179
Logistic Reg,No SMOTE,0,0,1.6167040088445883e-10
Logistic Reg,No SMOTE,0,0,1.0264107262273282e-06
Logistic Reg,No SMOTE,0,0,0.015455620037965486
Logistic Reg,No SMOTE,0,0,0.040107010591838785
Logistic Reg,No SMOTE,0,0,4.645054038622588e-05
Logistic Reg,No SMOTE,0,1,0.7852281255014486
Logistic Reg,No SMOTE,0,0,4.895717576811828e-05
Logistic Reg,No SMOTE,0,0,9.461122915832989e-07
Logistic Reg,No SMOTE,0,0,0.004276927267579473
Logistic Reg,No SMOTE,0,0,5.90725994168242e-05
Logistic Reg,No SMOTE,0,0,0.013741225142608674
Logistic Reg,No SMOTE,0,0,1.239629538875597e-10
Logistic Reg,No SMOTE,0,0,4.970980796272348e-05
Logistic Reg,No SMOTE,0,0,8.371514143039489e-07
Logistic Reg,No SMOTE,0,0,0.02046668786417607
Logistic Reg,No SMOTE,0,0,4.694202947438397e-05
Logistic Reg,No SMOTE,0,0,4.572132540752397e-22
Logistic Reg,No SMOTE,0,0,1.214111533921901e-05
Logistic Reg,No SMOTE,0,0,0.001859538966587909
Logistic Reg,No SMOTE,0,0,7.959121221002128e-07
Logistic Reg,No SMOTE,0,0,9.271354785482025e-07
Logistic Reg,No SMOTE,0,0,0.035735864932373955
Logistic Reg,No SMOTE,0,0,0.06009694423181254
Logistic Reg,No SMOTE,0,0,4.597059539231606e-05
Logistic Reg,No SMOTE,0,0,0.03202228571482043
Logistic Reg,No SMOTE,0,0,1.2060795413873627e-18
Logistic Reg,No SMOTE,0,0,4.558606395586524e-05
Logistic Reg,No SMOTE,0,0,0.03339282589393739
Logistic Reg,No SMOTE,0,0,4.667075080534718e-05
Logistic Reg,No SMOTE,0,0,0.0009181620339155532
Logistic Reg,No SMOTE,0,0,0.0011257194478234405
Logistic Reg,No SMOTE,0,0,1.061704609833438e-06
Logistic Reg,No SMOTE,0,0,2.6266826426905437e-06
Logistic Reg,No SMOTE,0,0,4.0237010222361783e-07
Logistic Reg,No SMOTE,0,0,0.1315093250355507
Logistic Reg,No SMOTE,0,0,0.008289027391015958
Logistic Reg,No SMOTE,0,0,0.01521599264217737
Logistic Reg,No SMOTE,0,0,0.03907248597665082
Logistic Reg,No SMOTE,0,0,5.160176025444418e-06
Logistic Reg,No SMOTE,0,0,4.572194122840649e-05
Logistic Reg,No SMOTE,0,0,0.033231700775941224
Logistic Reg,No SMOTE,0,0,0.0031766803779126056
Logistic Reg,No SMOTE,0,0,1.2630079422376438e-06
Logistic Reg,No SMOTE,0,0,0.33723974603570084
Logistic Reg,No SMOTE,0,0,4.7372763265608986e-14
Logistic Reg,No SMOTE,0,0,7.605403364093723e-14
Logistic Reg,No SMOTE,0,0,0.02821576983285629
Logistic Reg,No SMOTE,0,0,2.0287908388734744e-07
Logistic Reg,No SMOTE,0,0,0.0014604745814260243
Logistic Reg,No SMOTE,0,0,3.4631632670017443e-10
Logistic Reg,No SMOTE,0,0,0.0013812398222177744
Logistic Reg,No SMOTE,0,0,6.2517158298584984e-21
Logistic Reg,No SMOTE,0,0,0.021821097074592646
Logistic Reg,No SMOTE,0,0,5.388617788318727e-15
Logistic Reg,No SMOTE,0,1,0.8097651165692564
Logistic Reg,No SMOTE,0,0,0.007352708259670819
Logistic Reg,No SMOTE,0,0,2.4322521672912987e-11
Logistic Reg,No SMOTE,0,0,0.0406256115765538
Logistic Reg,No SMOTE,0,0,0.03007036197684476
Logistic Reg,No SMOTE,0,0,2.196846136354925e-06
Logistic Reg,No SMOTE,0,0,0.00014123074155057643
Logistic Reg,No SMOTE,0,0,8.604284575715522e-07
Logistic Reg,No SMOTE,0,0,0.00456066337974594
Logistic Reg,No SMOTE,0,0,1.2198176693264816e-11
Logistic Reg,No SMOTE,0,0,9.514563292398925e-07
Logistic Reg,No SMOTE,0,0,1.2210173508181257e-06
Logistic Reg,No SMOTE,0,0,4.5828453455163984e-05
Logistic Reg,No SMOTE,0,0,5.423653608143684e-05
Logistic Reg,No SMOTE,0,0,1.1410236266669638e-06
Logistic Reg,No SMOTE,0,0,1.1303480092836624e-06
Logistic Reg,No SMOTE,0,0,5.353346551156938e-18
Logistic Reg,No SMOTE,0,0,0.03909919980268209
Logistic Reg,No SMOTE,0,0,0.038408193683819605
Logistic Reg,No SMOTE,0,0,1.1412238117246749e-06
Logistic Reg,No SMOTE,0,1,0.8570504316443815
Logistic Reg,No SMOTE,0,0,0.007306210330433772
Logistic Reg,No SMOTE,0,0,0.0005233820899764472
Logistic Reg,No SMOTE,0,0,4.584481940902273e-05
Logistic Reg,No SMOTE,0,1,0.5278880756713408
Logistic Reg,No SMOTE,0,0,1.0297869193838707e-08
Logistic Reg,No SMOTE,0,0,4.6038263173093766e-05
Logistic Reg,No SMOTE,0,0,4.801150471256259e-05
Logistic Reg,No SMOTE,0,0,1.3935158557638637e-11
Logistic Reg,No SMOTE,0,0,2.3102455503562534e-10
Logistic Reg,No SMOTE,0,0,3.37307249585557e-11
Logistic Reg,No SMOTE,0,0,4.633309645983995e-05
Logistic Reg,No SMOTE,0,0,7.185459301948479e-07
Logistic Reg,No SMOTE,0,0,0.07678125849481518
Logistic Reg,No SMOTE,0,0,3.961721224531799e-07
Logistic Reg,No SMOTE,0,0,4.5703382985389244e-05
Logistic Reg,No SMOTE,0,0,7.495951247070043e-07
Logistic Reg,No SMOTE,0,0,0.036336694036925604
Logistic Reg,No SMOTE,0,0,1.5276871240398596e-06
Logistic Reg,No SMOTE,0,0,0.004436895955603449
Logistic Reg,No SMOTE,0,0,0.0005840993635046575
Logistic Reg,No SMOTE,0,0,0.0002874596408993163
Logistic Reg,No SMOTE,0,0,6.773949174209963e-07
Logistic Reg,No SMOTE,0,0,4.439001590010864e-10
Logistic Reg,No SMOTE,0,0,4.776272228756844e-05
Logistic Reg,No SMOTE,0,0,0.0022940545597763865
Logistic Reg,No SMOTE,0,0,4.604293698965741e-05
Logistic Reg,No SMOTE,0,0,0.013646392796125015
Logistic Reg,No SMOTE,0,0,8.270826703774998e-17
Logistic Reg,No SMOTE,0,0,0.06859714260260537
Logistic Reg,No SMOTE,0,0,0.04653730146674854
Logistic Reg,No SMOTE,0,0,5.865027484247494e-07
Logistic Reg,No SMOTE,0,0,1.7146648567475276e-12
Logistic Reg,No SMOTE,0,0,0.04192939964358773
Logistic Reg,No SMOTE,0,0,4.919262747349274e-05
Logistic Reg,No SMOTE,0,0,0.01020033671952979
Logistic Reg,No SMOTE,0,0,5.191673958961127e-05
Logistic Reg,No SMOTE,0,0,0.015343015888321007
Logistic Reg,No SMOTE,0,0,4.660724414409527e-05
Logistic Reg,No SMOTE,0,0,4.31340649353639e-14
Logistic Reg,No SMOTE,0,0,1.1926356147370917e-14
Logistic Reg,No SMOTE,0,1,0.8671224592439651
Logistic Reg,No SMOTE,0,0,4.564154504080941e-05
Logistic Reg,No SMOTE,0,0,0.07433455504889999
Logistic Reg,No SMOTE,0,0,0.045608394848475065
Logistic Reg,No SMOTE,0,0,4.621576808655669e-05
Logistic Reg,No SMOTE,0,0,5.122914819904484e-07
Logistic Reg,No SMOTE,0,0,9.993369892957325e-13
Logistic Reg,No SMOTE,0,0,7.03034590941813e-11
Logistic Reg,No SMOTE,0,0,4.569513094836159e-05
Logistic Reg,No SMOTE,0,0,0.0006202211310345719
Logistic Reg,No SMOTE,0,0,0.03597698268638937
Logistic Reg,No SMOTE,0,0,0.001184777958685338
Logistic Reg,No SMOTE,0,1,0.8597584405963358
Logistic Reg,No SMOTE,0,0,0.0015738856490343871
Logistic Reg,No SMOTE,0,0,0.0116104771290006
Logistic Reg,No SMOTE,0,0,0.13955262175378574
Logistic Reg,No SMOTE,0,0,0.01960781124244127
Logistic Reg,No SMOTE,0,0,0.37951323655554225
Logistic Reg,No SMOTE,0,0,0.010382732637363681
Logistic Reg,No SMOTE,0,0,3.557533947713263e-05
Logistic Reg,No SMOTE,0,0,4.65881980723266e-09
Logistic Reg,No SMOTE,0,0,1.309264162674767e-05
Logistic Reg,No SMOTE,0,0,4.5715779723292855e-05
Logistic Reg,No SMOTE,0,0,0.01974247424551745
Logistic Reg,No SMOTE,0,0,0.044271992847934045
Logistic Reg,No SMOTE,0,0,4.670610876981586e-05
Logistic Reg,No SMOTE,0,0,1.6720412262441868e-11
Logistic Reg,No SMOTE,0,0,0.19992196070406584
Logistic Reg,No SMOTE,0,0,4.5646228033251674e-05
Logistic Reg,No SMOTE,0,1,0.864582986036887
Logistic Reg,No SMOTE,0,0,4.659146592884099e-05
Logistic Reg,No SMOTE,0,0,2.7082078428247366e-09
Logistic Reg,No SMOTE,0,0,7.808442734669402e-06
Logistic Reg,No SMOTE,0,0,4.6418064848333e-05
Logistic Reg,No SMOTE,0,0,0.03540553180184013
Logistic Reg,No SMOTE,0,0,5.7185791515769727e-08
Logistic Reg,No SMOTE,0,0,4.611014850974709e-05
Logistic Reg,No SMOTE,0,0,0.3940764544398238
Logistic Reg,No SMOTE,0,0,9.677881663212725e-11
Logistic Reg,No SMOTE,0,0,0.00010483950331341233
Logistic Reg,No SMOTE,0,0,1.4364248258844748e-06
Logistic Reg,No SMOTE,0,0,8.733139302831075e-07
Logistic Reg,No SMOTE,0,0,0.00024788779651226074
Logistic Reg,No SMOTE,0,1,0.7210851598356952
Logistic Reg,No SMOTE,0,0,4.606422230402492e-05
Logistic Reg,No SMOTE,0,0,0.03624952279952535
Logistic Reg,No SMOTE,0,0,0.01611439847723925
Logistic Reg,No SMOTE,0,0,4.55842961770648e-05
Logistic Reg,No SMOTE,0,0,0.0011084326640832388
Logistic Reg,No SMOTE,0,0,4.810654582901091e-05
Logistic Reg,No SMOTE,0,0,0.0010313522365700796
Logistic Reg,No SMOTE,0,0,1.1608419094378373e-06
Logistic Reg,No SMOTE,0,0,7.27009516772375e-07
Logistic Reg,No SMOTE,0,0,5.207458133284905e-05
Logistic Reg,No SMOTE,0,0,5.864148400744432e-07
Logistic Reg,No SMOTE,0,0,1.092888606577419e-06
Logistic Reg,No SMOTE,0,0,1.2617085360785233e-59
Logistic Reg,No SMOTE,0,0,0.00034832449682128074
Logistic Reg,No SMOTE,0,0,1.1287853018436468e-14
Logistic Reg,No SMOTE,0,0,1.0692018514185354e-06
Logistic Reg,No SMOTE,0,1,0.9371832071324084
Logistic Reg,No SMOTE,0,0,1.0534143034389468e-08
Logistic Reg,No SMOTE,0,0,0.17425165876578236
Logistic Reg,No SMOTE,0,0,0.04116614429900434
Logistic Reg,No SMOTE,0,0,4.671479174578095e-05
Logistic Reg,No SMOTE,0,0,0.0016235290796397781
Logistic Reg,No SMOTE,0,1,0.9647803466397834
Logistic Reg,No SMOTE,0,0,7.0008214024177585e-12
Logistic Reg,No SMOTE,0,0,4.777764432840622e-05
Logistic Reg,No SMOTE,0,0,0.4978782535821663
Logistic Reg,No SMOTE,0,0,5.819862219884223e-07
Logistic Reg,No SMOTE,0,0,4.823209233061892e-05
Logistic Reg,No SMOTE,0,0,1.0897492039390548e-06
Logistic Reg,No SMOTE,0,0,1.135377627947919e-06
Logistic Reg,No SMOTE,0,0,0.013683059563086937
Logistic Reg,No SMOTE,0,0,1.1373907027047685e-06
Logistic Reg,No SMOTE,0,0,0.012650878560921813
Logistic Reg,No SMOTE,0,0,1.4340368095168462e-14
Logistic Reg,No SMOTE,0,0,9.018181729451126e-07
Logistic Reg,No SMOTE,0,0,8.725280698356268e-07
Logistic Reg,No SMOTE,0,0,0.013533217066400823
Logistic Reg,No SMOTE,0,1,0.7327943456465603
Logistic Reg,No SMOTE,0,0,0.21650607585020534
Logistic Reg,No SMOTE,0,0,0.029564534381467746
Logistic Reg,No SMOTE,0,0,4.577318609682882e-05
Logistic Reg,No SMOTE,0,0,4.766442194017918e-05
Logistic Reg,No SMOTE,0,0,1.1042182970579859e-10
Logistic Reg,No SMOTE,0,0,0.024119767472029464
Logistic Reg,No SMOTE,0,0,4.671323194239584e-05
Logistic Reg,No SMOTE,0,0,1.137711693449241e-05
Logistic Reg,No SMOTE,0,0,8.184196071903878e-80
Logistic Reg,No SMOTE,0,0,0.001307053375483547
Logistic Reg,No SMOTE,0,0,4.779807032711387e-05
Logistic Reg,No SMOTE,0,0,0.001289675021190167
Logistic Reg,No SMOTE,0,0,7.66083595986808e-07
Logistic Reg,No SMOTE,0,0,6.2799753419189885e-12
Logistic Reg,No SMOTE,0,0,7.834429085981646e-07
Logistic Reg,No SMOTE,0,0,0.013322984056638973
Logistic Reg,No SMOTE,0,0,0.062061537062573155
Logistic Reg,No SMOTE,0,0,0.019225489048109154
Logistic Reg,No SMOTE,0,0,0.03726917177349789
Logistic Reg,No SMOTE,0,0,6.707549495499185e-10
Logistic Reg,No SMOTE,0,0,4.577010634928183e-05
Logistic Reg,No SMOTE,0,0,1.1710194579360196e-11
Logistic Reg,No SMOTE,0,0,4.657527782668046e-05
Logistic Reg,No SMOTE,0,0,0.0017624048022790027
Logistic Reg,No SMOTE,0,0,5.832445793053727e-08
Logistic Reg,No SMOTE,0,0,9.543980314655914e-07
Logistic Reg,No SMOTE,0,0,0.03477767908019332
Logistic Reg,No SMOTE,0,0,4.573960709724152e-05
Logistic Reg,No SMOTE,0,0,0.00021007360751206712
Logistic Reg,No SMOTE,0,0,0.0011223784729893279
Logistic Reg,No SMOTE,0,0,1.260561345432411e-16
Logistic Reg,No SMOTE,0,0,0.024694653669097233
Logistic Reg,No SMOTE,0,0,9.488735837177267e-07
Logistic Reg,No SMOTE,0,0,6.017288717520735e-14
Logistic Reg,No SMOTE,0,0,1.1123725541839403e-06
Logistic Reg,No SMOTE,0,0,2.0029005135518166e-10
Logistic Reg,No SMOTE,0,0,6.042751603715624e-07
Logistic Reg,No SMOTE,0,0,1.169116852498417e-07
Logistic Reg,No SMOTE,0,0,6.7649181413531734e-09
Logistic Reg,No SMOTE,0,0,2.2007615374461414e-06
Logistic Reg,No SMOTE,0,0,0.0013441143389101473
Logistic Reg,No SMOTE,0,0,6.95932541272494e-07
Logistic Reg,No SMOTE,0,0,5.0194320182269165e-18
Logistic Reg,No SMOTE,0,0,0.0025724542519631206
Logistic Reg,No SMOTE,0,0,0.037696358168560644
Logistic Reg,No SMOTE,0,0,4.815404867683849e-05
Logistic Reg,No SMOTE,0,0,3.377333629318228e-07
Logistic Reg,No SMOTE,0,0,0.0011616952481523111
Logistic Reg,No SMOTE,0,0,4.7425187507509906e-05
Logistic Reg,No SMOTE,0,0,1.1190303619479814e-06
Logistic Reg,No SMOTE,0,0,1.2323167082836473e-06
Logistic Reg,No SMOTE,0,0,4.667163502515399e-05
Logistic Reg,No SMOTE,0,0,1.0040067113081467e-06
Logistic Reg,No SMOTE,0,0,0.0369900675460749
Logistic Reg,No SMOTE,0,1,0.9460119308319844
Logistic Reg,No SMOTE,0,0,0.026309125159732105
Logistic Reg,No SMOTE,0,0,0.0003633786741301317
Logistic Reg,No SMOTE,0,0,1.1533280977784185e-12
Logistic Reg,No SMOTE,0,0,1.013613261988882e-15
Logistic Reg,No SMOTE,0,0,9.133961862436709e-07
Logistic Reg,No SMOTE,0,0,4.799022536496355e-05
Logistic Reg,No SMOTE,0,0,0.010191232870588018
Logistic Reg,No SMOTE,0,0,4.563255261688537e-05
Logistic Reg,No SMOTE,0,1,0.5634772676530676
Logistic Reg,No SMOTE,0,0,2.92663463910732e-10
Logistic Reg,No SMOTE,0,0,0.03449748338116149
Logistic Reg,No SMOTE,0,0,0.027663684667227594
Logistic Reg,No SMOTE,0,0,4.558372966889027e-05
Logistic Reg,No SMOTE,0,0,0.025198484928939658
Logistic Reg,No SMOTE,0,0,4.592419543788228e-05
Logistic Reg,No SMOTE,0,0,6.72202520503523e-07
Logistic Reg,No SMOTE,0,0,7.392200425120248e-07
Logistic Reg,No SMOTE,0,0,3.105587889798044e-20
Logistic Reg,No SMOTE,0,0,0.04688538845313488
Logistic Reg,No SMOTE,0,0,5.2245074637299933e-05
Logistic Reg,No SMOTE,0,0,4.75731222712e-05
Logistic Reg,No SMOTE,0,0,0.1763658429078613
Logistic Reg,No SMOTE,0,0,4.6713031638338804e-05
Logistic Reg,No SMOTE,0,0,4.680136884030626e-05
Logistic Reg,No SMOTE,0,0,2.1552035901290976e-15
Logistic Reg,No SMOTE,0,0,4.574181961835092e-05
Logistic Reg,No SMOTE,0,0,1.0451800321809878e-06
Logistic Reg,No SMOTE,0,1,0.9107781810230526
Logistic Reg,No SMOTE,0,0,4.6161482750324484e-05
Logistic Reg,No SMOTE,0,0,4.7488545877893116e-05
Logistic Reg,No SMOTE,0,0,4.563048641557651e-05
Logistic Reg,No SMOTE,0,0,0.3238946158735824
Logistic Reg,No SMOTE,0,0,1.1178134550074712e-09
Logistic Reg,No SMOTE,0,0,1.5050517176417946e-08
Logistic Reg,No SMOTE,0,0,1.0950776656173029e-06
Logistic Reg,No SMOTE,0,0,4.5086204183210045e-12
Logistic Reg,No SMOTE,0,0,0.0006496666020228731
Logistic Reg,No SMOTE,0,0,4.7684221502489845e-05
Logistic Reg,No SMOTE,0,0,2.4366515714606804e-08
Logistic Reg,No SMOTE,0,0,0.4227164369552691
Logistic Reg,No SMOTE,0,0,4.8369467465401096e-05
Logistic Reg,No SMOTE,0,0,9.41143168313797e-07
Logistic Reg,No SMOTE,0,0,4.596543128082366e-05
Logistic Reg,No SMOTE,0,0,0.043025057165892416
Logistic Reg,No SMOTE,0,0,0.0009779599996055936
Logistic Reg,No SMOTE,0,0,0.0070041714047605575
Logistic Reg,No SMOTE,0,0,0.24033478197250074
Logistic Reg,No SMOTE,0,0,0.0007987201494937713
Logistic Reg,No SMOTE,0,0,4.5609358480269594e-07
Logistic Reg,No SMOTE,0,0,4.190820970243532e-07
Logistic Reg,No SMOTE,0,0,0.02849565992105839
Logistic Reg,No SMOTE,0,0,0.04932134487317175
Logistic Reg,No SMOTE,0,0,1.0304220587165845e-06
Logistic Reg,No SMOTE,0,0,1.4743276966475299e-08
Logistic Reg,No SMOTE,0,0,1.0700758276542874e-06
Logistic Reg,No SMOTE,0,0,0.00027491073037472853
Logistic Reg,No SMOTE,0,0,6.333006499214926e-16
Logistic Reg,No SMOTE,0,0,0.035308691992826075
Logistic Reg,No SMOTE,0,0,0.007129232568444996
Logistic Reg,No SMOTE,0,0,7.942596329659722e-07
Logistic Reg,No SMOTE,0,0,0.03150782733158055
Logistic Reg,No SMOTE,0,0,2.995462938899513e-31
Logistic Reg,No SMOTE,0,0,2.666927600984957e-12
Logistic Reg,No SMOTE,0,0,0.0009083017630545378
Logistic Reg,No SMOTE,0,0,1.220989577205607e-06
Logistic Reg,No SMOTE,0,0,1.7224473920857907e-20
Logistic Reg,No SMOTE,0,0,1.4505015375633427e-05
Logistic Reg,No SMOTE,0,0,0.006848472030759101
Logistic Reg,No SMOTE,0,0,0.003179683274377265
Logistic Reg,No SMOTE,0,0,3.011639953300167e-07
Logistic Reg,No SMOTE,0,0,0.011142642088710101
Logistic Reg,No SMOTE,0,0,7.457426937127505e-07
Logistic Reg,No SMOTE,0,0,1.1622053105658597e-15
Logistic Reg,No SMOTE,0,0,1.0276349112539244e-07
Logistic Reg,No SMOTE,0,0,4.578476528065469e-05
Logistic Reg,No SMOTE,0,0,6.972712253112743e-07
Logistic Reg,No SMOTE,0,0,9.033304988722454e-05
Logistic Reg,No SMOTE,0,1,0.9192769623539987
Logistic Reg,No SMOTE,0,0,0.0005952513869859139
Logistic Reg,No SMOTE,0,0,0.02973107597256323
Logistic Reg,No SMOTE,0,0,8.042660449068694e-07
Logistic Reg,No SMOTE,0,0,0.0006621300452253229
Logistic Reg,No SMOTE,0,0,0.02836269257154156
Logistic Reg,No SMOTE,0,0,1.0517824783857359e-12
Logistic Reg,No SMOTE,0,0,2.299366027261332e-13
Logistic Reg,No SMOTE,0,0,9.224112770635593e-07
Logistic Reg,No SMOTE,0,0,0.00025989232284788646
Logistic Reg,No SMOTE,0,0,4.559623046982256e-05
Logistic Reg,No SMOTE,0,0,7.551910952419146e-49
Logistic Reg,No SMOTE,0,0,7.430916438075773e-07
Logistic Reg,No SMOTE,0,0,0.06764733442340459
Logistic Reg,No SMOTE,0,0,0.00021966740418602693
Logistic Reg,No SMOTE,1,1,0.999999999999984
Logistic Reg,No SMOTE,0,0,0.033247141750513624
Logistic Reg,No SMOTE,0,0,0.003962955451366081
Logistic Reg,No SMOTE,0,1,0.9723837724546606
Logistic Reg,No SMOTE,0,0,1.936271808680161e-06
Logistic Reg,No SMOTE,0,0,0.00035878564306924616
Logistic Reg,No SMOTE,0,0,4.5784454846502e-05
Logistic Reg,No SMOTE,1,1,0.9967222705551928
Logistic Reg,No SMOTE,0,0,1.4033749423381766e-06
Logistic Reg,No SMOTE,0,0,5.152141384917502e-07
Logistic Reg,No SMOTE,0,0,2.867176234259489e-07
Logistic Reg,No SMOTE,0,0,2.4047726729543064e-12
Logistic Reg,No SMOTE,0,0,7.955256933979805e-12
Logistic Reg,No SMOTE,0,0,0.008636986767227765
Logistic Reg,No SMOTE,0,0,0.032859504691981706
Logistic Reg,No SMOTE,0,0,0.002759568895247242
Logistic Reg,No SMOTE,0,0,0.016949698097814537
Logistic Reg,No SMOTE,0,1,0.8423136706653398
Logistic Reg,No SMOTE,0,0,3.2616828830348687e-38
Logistic Reg,No SMOTE,0,0,4.5604467137252226e-05
Logistic Reg,No SMOTE,0,0,0.012465508333837012
Logistic Reg,No SMOTE,0,0,1.798063637187196e-14
Logistic Reg,No SMOTE,0,0,2.013402555479716e-14
Logistic Reg,No SMOTE,0,0,1.114308582309013e-07
Logistic Reg,No SMOTE,0,0,4.566204885440086e-05
Logistic Reg,No SMOTE,0,0,0.03534471415667343
Logistic Reg,No SMOTE,0,0,0.0002512656624717992
Logistic Reg,No SMOTE,0,0,0.01484424304287111
Logistic Reg,No SMOTE,0,0,4.6248932333072035e-05
Logistic Reg,No SMOTE,0,0,2.786991937890023e-08
Logistic Reg,No SMOTE,0,0,8.831200615345671e-07
Logistic Reg,No SMOTE,0,0,4.283691681289717e-17
Logistic Reg,No SMOTE,0,0,7.828112550601617e-07
Logistic Reg,No SMOTE,0,0,4.1732379963341145e-05
Logistic Reg,No SMOTE,0,0,0.020507287387074406
Logistic Reg,No SMOTE,0,0,1.2164324634387483e-06
Logistic Reg,No SMOTE,0,0,2.8069088836114726e-06
Logistic Reg,No SMOTE,0,0,1.0947465936962378e-06
Logistic Reg,No SMOTE,0,0,0.22812019993279997
Logistic Reg,No SMOTE,0,0,4.812921356364824e-05
Logistic Reg,No SMOTE,0,0,1.6338695279804132e-13
Logistic Reg,No SMOTE,0,1,0.6013357235301914
Logistic Reg,No SMOTE,0,0,9.633940658447842e-07
Logistic Reg,No SMOTE,0,0,0.03801432040409414
Logistic Reg,No SMOTE,0,0,0.028318061734872023
Logistic Reg,No SMOTE,0,0,0.025800978461028905
Logistic Reg,No SMOTE,0,0,4.5845214528252055e-05
Logistic Reg,No SMOTE,0,0,0.04352842843115088
Logistic Reg,No SMOTE,0,0,0.0042777045416568125
Logistic Reg,No SMOTE,0,0,0.033765695707261546
Logistic Reg,No SMOTE,0,1,0.5105709576164865
Logistic Reg,No SMOTE,0,0,3.1982127797010917e-10
Logistic Reg,No SMOTE,0,0,7.919694889781569e-31
Logistic Reg,No SMOTE,0,0,2.3362078621645667e-12
Logistic Reg,No SMOTE,0,0,0.0006138753676220474
Logistic Reg,No SMOTE,0,0,3.318286945690169e-07
Logistic Reg,No SMOTE,0,0,0.016722004305199017
Logistic Reg,No SMOTE,0,0,4.7334812250939695e-06
Logistic Reg,No SMOTE,0,0,4.639858225939247e-05
Logistic Reg,No SMOTE,0,0,2.510469636487435e-06
Logistic Reg,No SMOTE,0,0,8.113160466405425e-14
Logistic Reg,No SMOTE,0,0,0.0008654266283929505
Logistic Reg,No SMOTE,0,0,0.025917308694076876
Logistic Reg,No SMOTE,0,0,0.04959159707626145
Logistic Reg,No SMOTE,0,0,0.02350473276497319
Logistic Reg,No SMOTE,0,0,6.102778918861681e-09
Logistic Reg,No SMOTE,0,0,0.029831209396964018
Logistic Reg,No SMOTE,0,0,9.848373282893648e-07
Logistic Reg,No SMOTE,0,0,0.03332556704027557
Logistic Reg,No SMOTE,0,0,0.0003058981242594132
Logistic Reg,No SMOTE,0,0,0.035407374150670225
Logistic Reg,No SMOTE,0,0,8.763684428095172e-07
Logistic Reg,No SMOTE,0,0,4.5890999819268185e-05
Logistic Reg,No SMOTE,0,0,1.0139349651105093e-06
Logistic Reg,No SMOTE,0,0,4.558346507252629e-05
Logistic Reg,No SMOTE,0,0,2.746412156695428e-14
Logistic Reg,No SMOTE,0,0,5.287178948220951e-05
Logistic Reg,No SMOTE,0,0,0.03466038869220064
Logistic Reg,No SMOTE,0,0,1.9384284922337473e-08
Logistic Reg,No SMOTE,0,0,9.997428235704193e-07
Logistic Reg,No SMOTE,0,0,4.8538161113868274e-05
Logistic Reg,No SMOTE,0,1,0.9785876847407456
Logistic Reg,No SMOTE,0,0,3.878008197015448e-14
Logistic Reg,No SMOTE,0,0,0.42622710644424266
Logistic Reg,No SMOTE,0,0,4.698407142755772e-09
Logistic Reg,No SMOTE,0,1,0.8169559636572994
Logistic Reg,No SMOTE,0,0,6.957593368799814e-07
Logistic Reg,No SMOTE,0,0,7.74057884104228e-07
Logistic Reg,No SMOTE,0,0,5.646714859269443e-11
Logistic Reg,No SMOTE,0,0,0.013508470290163945
Logistic Reg,No SMOTE,0,0,0.0008325946366442292
Logistic Reg,No SMOTE,0,0,0.00034885405483799266
Logistic Reg,No SMOTE,0,0,8.432147004411325e-07
Logistic Reg,No SMOTE,0,0,1.1351283703063563e-06
Logistic Reg,No SMOTE,0,0,0.0016485908025681377
Logistic Reg,No SMOTE,0,0,0.013220886792803714
Logistic Reg,No SMOTE,0,0,0.04828152318952489
Logistic Reg,No SMOTE,0,0,0.018340894934700935
Logistic Reg,No SMOTE,0,0,0.347894385801886
Logistic Reg,No SMOTE,0,0,0.0255940115485773
Logistic Reg,No SMOTE,0,0,0.24020749438482708
Logistic Reg,No SMOTE,0,0,0.03696393785119089
Logistic Reg,No SMOTE,0,0,1.9481882026243645e-06
Logistic Reg,No SMOTE,0,0,0.009560221129595177
Logistic Reg,No SMOTE,0,0,0.1427943701842409
Logistic Reg,No SMOTE,0,0,8.875560004599635e-07
Logistic Reg,No SMOTE,0,0,1.0471485372850767e-06
Logistic Reg,No SMOTE,0,0,2.355842505899765e-09
Logistic Reg,No SMOTE,0,0,9.692705108328413e-07
Logistic Reg,No SMOTE,0,0,0.026760444586217857
Logistic Reg,No SMOTE,0,0,4.7147623945940394e-05
Logistic Reg,No SMOTE,0,1,0.9628848071331215
Logistic Reg,No SMOTE,0,0,0.025151723951603654
Logistic Reg,No SMOTE,0,0,0.001020938262955639
Logistic Reg,No SMOTE,0,0,6.4247601444317106e-09
Logistic Reg,No SMOTE,0,0,1.3154082892522583e-05
Logistic Reg,No SMOTE,0,0,1.2620088785400665e-06
Logistic Reg,No SMOTE,0,0,0.0006934397647785177
Logistic Reg,No SMOTE,0,0,3.974257026134201e-14
Logistic Reg,No SMOTE,0,0,6.3034494993524505e-28
Logistic Reg,No SMOTE,0,0,0.014375234524086492
Logistic Reg,No SMOTE,0,0,8.818230730520426e-07
Logistic Reg,No SMOTE,0,0,0.006332339035369866
Logistic Reg,No SMOTE,0,0,1.0195554725878867e-07
Logistic Reg,No SMOTE,0,0,0.26869898444848145
Logistic Reg,No SMOTE,0,0,0.0011550463910815992
Logistic Reg,No SMOTE,0,0,6.518058605271382e-27
Logistic Reg,No SMOTE,0,0,0.00558964641033556
Logistic Reg,No SMOTE,0,0,0.0629783042781414
Logistic Reg,No SMOTE,0,0,0.08072201600372668
Logistic Reg,No SMOTE,0,0,9.888228484069911e-07
Logistic Reg,No SMOTE,0,0,2.6162103587332474e-19
Logistic Reg,No SMOTE,0,0,4.609070793471116e-05
Logistic Reg,No SMOTE,0,0,0.03247393944637914
Logistic Reg,No SMOTE,0,0,4.60255890960321e-05
Logistic Reg,No SMOTE,0,0,9.419783613699171e-15
Logistic Reg,No SMOTE,0,0,4.921506149250644e-13
Logistic Reg,No SMOTE,0,0,0.011826305217825395
Logistic Reg,No SMOTE,0,0,0.031229387169702843
Logistic Reg,No SMOTE,0,0,4.631475846907282e-05
Logistic Reg,No SMOTE,0,0,5.377205100786394e-05
Logistic Reg,No SMOTE,0,0,0.016741224486877593
Logistic Reg,No SMOTE,0,0,0.03747681941990044
Logistic Reg,No SMOTE,0,0,7.588123507477953e-07
Logistic Reg,No SMOTE,0,0,0.015768230758906605
Logistic Reg,No SMOTE,0,0,8.197661313501385e-07
Logistic Reg,No SMOTE,0,0,6.176045937202163e-07
Logistic Reg,No SMOTE,0,1,0.6832248324903458
Logistic Reg,No SMOTE,0,0,4.777586780726191e-05
Logistic Reg,No SMOTE,0,0,0.009589061369498815
Logistic Reg,No SMOTE,0,0,1.551060228384202e-21
Logistic Reg,No SMOTE,0,0,0.0011717142781839769
Logistic Reg,No SMOTE,0,0,0.025693546394593664
Logistic Reg,No SMOTE,0,0,3.407812507875527e-05
Logistic Reg,No SMOTE,0,0,0.11524872796251347
Logistic Reg,No SMOTE,0,0,5.562049325446711e-13
Logistic Reg,No SMOTE,0,0,8.81579188881352e-07
Logistic Reg,No SMOTE,0,0,1.046725823500735e-06
Logistic Reg,No SMOTE,0,0,7.887923452618303e-07
Logistic Reg,No SMOTE,0,0,0.03188271646191073
Logistic Reg,No SMOTE,0,0,0.010900794379108595
Logistic Reg,No SMOTE,0,0,9.685165772162141e-05
Logistic Reg,No SMOTE,0,0,0.00148174564700963
Logistic Reg,No SMOTE,0,0,0.006164588446215968
Logistic Reg,No SMOTE,0,0,0.0033008694403120617
Logistic Reg,No SMOTE,0,0,0.03009135068422552
Logistic Reg,No SMOTE,0,0,4.576391212183322e-05
Logistic Reg,No SMOTE,0,0,0.0004990989565302832
Logistic Reg,No SMOTE,0,0,0.03846433287849683
Logistic Reg,No SMOTE,0,0,0.04925192948917759
Logistic Reg,No SMOTE,0,0,0.03069637089461477
Logistic Reg,No SMOTE,0,0,9.454820936368447e-07
Logistic Reg,No SMOTE,0,0,0.003453871167549553
Logistic Reg,No SMOTE,0,0,7.976788481751058e-07
Logistic Reg,No SMOTE,0,0,4.573750845059832e-19
Logistic Reg,No SMOTE,0,0,0.00011881034906795126
Logistic Reg,No SMOTE,0,0,5.832856426098301e-05
Logistic Reg,No SMOTE,0,0,2.9050727764149304e-06
Logistic Reg,No SMOTE,0,0,2.722067907611461e-07
Logistic Reg,No SMOTE,0,0,6.189393272454536e-05
Logistic Reg,No SMOTE,0,0,0.0005342450534308421
Logistic Reg,No SMOTE,0,0,0.0003464351457981728
Logistic Reg,No SMOTE,0,0,0.013141902701632227
Logistic Reg,No SMOTE,0,0,0.02564201142235679
Logistic Reg,No SMOTE,0,0,0.042699040840786795
Logistic Reg,No SMOTE,0,0,1.4252512855423679e-08
Logistic Reg,No SMOTE,0,0,0.0014318770690476467
Logistic Reg,No SMOTE,0,0,2.093320236183715e-06
Logistic Reg,No SMOTE,0,0,9.450184794898456e-05
Logistic Reg,No SMOTE,0,0,6.200508160723196e-15
Logistic Reg,No SMOTE,0,0,1.8618387100692334e-12
Logistic Reg,No SMOTE,0,0,0.0014800448304031937
Logistic Reg,No SMOTE,0,0,0.00011423730241279062
Logistic Reg,No SMOTE,0,0,0.005745994610491967
Logistic Reg,No SMOTE,0,0,0.025998311384509074
Logistic Reg,No SMOTE,0,0,0.032312836811791285
Logistic Reg,No SMOTE,0,0,0.013268587278235837
Logistic Reg,No SMOTE,0,0,0.06358047046423126
Logistic Reg,No SMOTE,0,0,4.5724663412400676e-05
Logistic Reg,No SMOTE,0,0,4.73154881887481e-05
Logistic Reg,No SMOTE,0,0,0.011914837733518861
Logistic Reg,No SMOTE,0,0,8.819039616071569e-05
Logistic Reg,No SMOTE,0,0,0.026881745548652882
Logistic Reg,No SMOTE,0,0,4.72618112496512e-08
Logistic Reg,No SMOTE,0,0,1.0033404768853097e-07
Logistic Reg,No SMOTE,0,0,0.10903499736729352
Logistic Reg,No SMOTE,0,0,0.02867468332934211
Logistic Reg,No SMOTE,0,0,3.8781090774461814e-05
Logistic Reg,No SMOTE,0,0,0.2526949551152293
Logistic Reg,No SMOTE,0,0,8.901135525380411e-07
Logistic Reg,No SMOTE,0,0,1.2050673149078036e-14
Logistic Reg,No SMOTE,0,0,0.0012497897062144336
Logistic Reg,No SMOTE,0,0,0.0368667432244738
Logistic Reg,No SMOTE,0,0,8.319501129507152e-07
Logistic Reg,No SMOTE,0,0,4.64962292691476e-05
Logistic Reg,No SMOTE,0,0,0.0015024590110765425
Logistic Reg,No SMOTE,0,0,4.562727799196169e-05
Logistic Reg,No SMOTE,0,0,1.1050717218520544e-06
Logistic Reg,No SMOTE,0,0,0.021077212456480098
Logistic Reg,No SMOTE,0,0,0.022888490475244196
Logistic Reg,No SMOTE,0,0,0.05639644312051927
Logistic Reg,No SMOTE,0,0,9.688989604489226e-07
Logistic Reg,No SMOTE,0,0,0.0282689881296427
Logistic Reg,No SMOTE,0,0,7.31485171461224e-07
Logistic Reg,No SMOTE,0,0,8.658234154836749e-07
Logistic Reg,No SMOTE,0,0,5.178765551085933e-13
Logistic Reg,No SMOTE,0,0,0.03932877960234733
Logistic Reg,No SMOTE,0,0,4.594602050445889e-05
Logistic Reg,No SMOTE,0,0,1.0580506096429107e-06
Logistic Reg,No SMOTE,0,0,5.734451891626429e-06
Logistic Reg,No SMOTE,0,0,0.02514204809980046
Logistic Reg,No SMOTE,0,0,0.020993884769613193
Logistic Reg,No SMOTE,0,0,0.027524583981276433
Logistic Reg,No SMOTE,0,0,0.03330814631444834
Logistic Reg,No SMOTE,0,0,4.63985770295868e-05
Logistic Reg,No SMOTE,0,0,4.569861138106529e-05
Logistic Reg,No SMOTE,0,0,0.026478170597274527
Logistic Reg,No SMOTE,0,0,3.3690120804082264e-14
Logistic Reg,No SMOTE,0,0,2.7634946749515706e-17
Logistic Reg,No SMOTE,0,0,4.715081452794313e-05
Logistic Reg,No SMOTE,0,0,9.519204147590099e-07
Logistic Reg,No SMOTE,0,0,9.862765212366445e-07
Logistic Reg,No SMOTE,0,0,2.4365424551265533e-06
Logistic Reg,No SMOTE,0,0,5.29629623590477e-05
Logistic Reg,No SMOTE,0,0,4.1786089352525417e-10
Logistic Reg,No SMOTE,0,0,3.2772142326270874e-15
Logistic Reg,No SMOTE,0,0,0.0007141691503355216
Logistic Reg,No SMOTE,0,0,7.473166541504424e-06
Logistic Reg,No SMOTE,0,0,0.0381053307112029
Logistic Reg,No SMOTE,0,0,4.705032771220953e-16
Logistic Reg,No SMOTE,0,0,0.034540107852818656
Logistic Reg,No SMOTE,0,0,2.39993052559064e-05
Logistic Reg,No SMOTE,0,0,4.8334769386812915e-05
Logistic Reg,No SMOTE,0,0,0.001551701964640205
Logistic Reg,No SMOTE,0,0,0.00248792323822163
Logistic Reg,No SMOTE,0,1,0.6547388254816876
Logistic Reg,No SMOTE,0,0,0.022671966455258073
Logistic Reg,No SMOTE,0,0,0.017564926010701438
Logistic Reg,No SMOTE,0,0,0.01820573597249884
Logistic Reg,No SMOTE,0,0,8.120849770092579e-07
Logistic Reg,No SMOTE,0,0,1.4079744106345713e-06
Logistic Reg,No SMOTE,0,0,0.014555201180069637
Logistic Reg,No SMOTE,0,0,7.377839912390563e-07
Logistic Reg,No SMOTE,0,0,2.2055108313794546e-20
Logistic Reg,No SMOTE,0,0,8.587297155427039e-14
Logistic Reg,No SMOTE,0,0,0.03420060875389217
Logistic Reg,No SMOTE,0,0,2.265108838022104e-16
Logistic Reg,No SMOTE,0,0,0.001015996145636939
Logistic Reg,No SMOTE,0,0,0.0011049409367432132
Logistic Reg,No SMOTE,0,0,9.854765779682884e-07
Logistic Reg,No SMOTE,0,0,0.0013378257758558765
Logistic Reg,No SMOTE,0,0,2.0191892899233216e-05
Logistic Reg,No SMOTE,0,0,9.738566445169139e-07
Logistic Reg,No SMOTE,0,0,0.0006097266639257518
Logistic Reg,No SMOTE,0,0,0.0005111838599103074
Logistic Reg,No SMOTE,0,0,0.4074932056071716
Logistic Reg,No SMOTE,0,0,0.0010714666575742952
Logistic Reg,No SMOTE,0,0,0.0006202607167130697
Logistic Reg,No SMOTE,0,0,1.5109525583098911e-06
Logistic Reg,No SMOTE,0,0,1.0461270113036974e-13
Logistic Reg,No SMOTE,0,0,7.790841984025462e-05
Logistic Reg,No SMOTE,0,0,0.00016262122183475903
Logistic Reg,No SMOTE,0,0,8.62005473284204e-07
Logistic Reg,No SMOTE,0,0,6.779732636129631e-18
Logistic Reg,No SMOTE,0,0,3.600231647222934e-06
Logistic Reg,No SMOTE,0,0,0.0003034666423030654
Logistic Reg,No SMOTE,0,0,0.02456343863241527
Logistic Reg,No SMOTE,0,0,1.1814472489926202e-12
Logistic Reg,No SMOTE,0,0,0.0004887523284509235
Logistic Reg,No SMOTE,0,0,0.0390877521537936
Logistic Reg,No SMOTE,0,0,4.928084412375738e-05
Logistic Reg,No SMOTE,0,0,2.4611113459815868e-09
Logistic Reg,No SMOTE,0,0,0.005355994368101487
Logistic Reg,No SMOTE,0,0,0.0037285886466476843
Logistic Reg,No SMOTE,0,0,0.008609040467385863
Logistic Reg,No SMOTE,0,0,0.00974627090194257
Logistic Reg,No SMOTE,0,0,2.6749587963340505e-05
Logistic Reg,No SMOTE,0,0,0.01618149444012007
Logistic Reg,No SMOTE,0,0,0.017112671222148143
Logistic Reg,No SMOTE,0,0,7.218455590314029e-18
Logistic Reg,No SMOTE,0,0,3.8003137939337363e-06
Logistic Reg,No SMOTE,0,0,0.03232523528273061
Logistic Reg,No SMOTE,0,0,4.635538369141695e-05
Logistic Reg,No SMOTE,0,0,5.441776514728806e-06
Logistic Reg,No SMOTE,0,0,0.08259193393163554
Logistic Reg,No SMOTE,0,0,1.1321990172538296e-06
Logistic Reg,No SMOTE,0,0,1.8527385337172413e-21
Logistic Reg,No SMOTE,0,0,0.0411409674334453
Logistic Reg,No SMOTE,0,0,1.9404262486727057e-11
Logistic Reg,No SMOTE,0,0,0.03890126187149987
Logistic Reg,No SMOTE,0,0,6.696862152854917e-05
Logistic Reg,No SMOTE,0,0,8.421499905852117e-07
Logistic Reg,No SMOTE,0,0,5.395146308679195e-16
Logistic Reg,No SMOTE,0,0,0.040759959794997365
Logistic Reg,No SMOTE,0,0,7.197221196547792e-08
Logistic Reg,No SMOTE,0,0,6.117683390991772e-07
Logistic Reg,No SMOTE,0,0,6.077092788664822e-11
Logistic Reg,No SMOTE,0,0,0.0002967159393957061
Logistic Reg,No SMOTE,0,0,0.0180961987534738
Logistic Reg,No SMOTE,0,0,3.354860462889836e-08
Logistic Reg,No SMOTE,0,0,0.0032053337635527157
Logistic Reg,No SMOTE,0,0,3.2163786796010407e-13
Logistic Reg,No SMOTE,0,0,0.0006805797021942388
Logistic Reg,No SMOTE,0,0,2.2960717176096875e-15
Logistic Reg,No SMOTE,0,0,5.028352366848517e-06
Logistic Reg,No SMOTE,0,0,3.0606857385218714e-07
Logistic Reg,No SMOTE,0,0,0.03378800606148512
Logistic Reg,No SMOTE,0,0,4.56645280267713e-05
Logistic Reg,No SMOTE,0,0,0.013484394871891792
Logistic Reg,No SMOTE,0,0,0.004362603367479922
Logistic Reg,No SMOTE,0,0,0.14325647154140494
Logistic Reg,No SMOTE,0,0,6.088136879940415e-14
Logistic Reg,No SMOTE,0,0,4.869474055918405e-07
Logistic Reg,No SMOTE,0,0,1.3150151851464172e-05
Logistic Reg,No SMOTE,0,0,1.2039892853757548e-16
Logistic Reg,No SMOTE,0,0,0.03514992879655461
Logistic Reg,No SMOTE,0,0,4.588350276404079e-05
Logistic Reg,No SMOTE,0,0,4.922958139788964e-05
Logistic Reg,No SMOTE,0,0,1.0068739516152529e-06
Logistic Reg,No SMOTE,0,0,2.1061073656829078e-11
Logistic Reg,No SMOTE,0,0,1.0086702466428707e-06
Logistic Reg,No SMOTE,0,0,6.954596157590124e-08
Logistic Reg,No SMOTE,0,0,0.025550911718745878
Logistic Reg,No SMOTE,0,0,0.042440252808411835
Logistic Reg,No SMOTE,0,0,0.0010222501020806663
Logistic Reg,No SMOTE,0,0,0.012274867767299986
Logistic Reg,No SMOTE,0,0,4.635212214589748e-05
Logistic Reg,No SMOTE,0,0,0.019418100744722035
Logistic Reg,No SMOTE,0,0,1.3322561599845285e-06
Logistic Reg,No SMOTE,0,0,1.2030396271592914e-06
Logistic Reg,No SMOTE,0,0,6.156694417588612e-11
Logistic Reg,No SMOTE,0,0,1.2949983282261834e-06
Logistic Reg,No SMOTE,0,0,4.070844125182783e-09
Logistic Reg,No SMOTE,0,0,8.897308853359657e-07
Logistic Reg,No SMOTE,0,0,2.0270953643928537e-07
Logistic Reg,No SMOTE,0,0,4.5681692798314504e-05
Logistic Reg,No SMOTE,0,0,4.6456923134768195e-05
Logistic Reg,No SMOTE,0,0,1.0290143610185127e-06
Logistic Reg,No SMOTE,0,0,4.9676629690121114e-05
Logistic Reg,No SMOTE,0,0,3.860412605030974e-11
Logistic Reg,No SMOTE,0,0,4.572499808395329e-05
Logistic Reg,No SMOTE,0,0,0.0010067059048630004
Logistic Reg,No SMOTE,0,0,7.495601772087706e-10
Logistic Reg,No SMOTE,0,0,0.11632091634789614
Logistic Reg,No SMOTE,0,0,0.03148119566686682
Logistic Reg,No SMOTE,0,0,0.03348301122472245
Logistic Reg,No SMOTE,0,0,9.538884322794534e-07
Logistic Reg,No SMOTE,0,0,0.17323670898267182
Logistic Reg,No SMOTE,0,0,0.015984106654974448
Logistic Reg,No SMOTE,0,0,0.45862359887289494
Logistic Reg,No SMOTE,0,0,7.913681492148729e-11
Logistic Reg,No SMOTE,0,0,4.642746556247608e-05
Logistic Reg,No SMOTE,0,0,2.2911674160409933e-20
Logistic Reg,No SMOTE,0,0,4.623383751267679e-05
Logistic Reg,No SMOTE,0,0,0.042197764766171
Logistic Reg,No SMOTE,0,0,8.880980007359881e-07
Logistic Reg,No SMOTE,0,0,1.986490413414867e-27
Logistic Reg,No SMOTE,0,0,0.002198076126209641
Logistic Reg,No SMOTE,0,0,6.874573189903866e-07
Logistic Reg,No SMOTE,0,0,0.02980619546276966
Logistic Reg,No SMOTE,0,0,0.0007497191536740913
Logistic Reg,No SMOTE,0,0,1.1983828867509546e-06
Logistic Reg,No SMOTE,0,0,0.045316591891687345
Logistic Reg,No SMOTE,0,0,6.77010023547174e-05
Logistic Reg,No SMOTE,0,0,0.013119793707025729
Logistic Reg,No SMOTE,0,0,0.20046675801014233
Logistic Reg,No SMOTE,0,0,0.03795040528205146
Logistic Reg,No SMOTE,0,0,2.0310659832855827e-13
Logistic Reg,No SMOTE,0,0,2.2138940866394266e-29
Logistic Reg,No SMOTE,0,0,4.976784200906282e-18
Logistic Reg,No SMOTE,0,0,0.0006504676524929685
Logistic Reg,No SMOTE,0,0,0.009859912726421435
Logistic Reg,No SMOTE,0,0,3.416219812057164e-07
Logistic Reg,No SMOTE,0,0,0.02264611821470957
Logistic Reg,No SMOTE,0,0,4.559739325881913e-05
Logistic Reg,No SMOTE,0,0,4.868653405102182e-05
Logistic Reg,No SMOTE,0,0,0.04919366898632306
Logistic Reg,No SMOTE,0,0,3.6968101518030786e-18
Logistic Reg,No SMOTE,0,0,0.00516857877837706
Logistic Reg,No SMOTE,0,0,0.035531044937120976
Logistic Reg,No SMOTE,0,0,1.1550960287790586e-05
Logistic Reg,No SMOTE,0,0,4.567768006740953e-05
Logistic Reg,No SMOTE,0,0,0.04054665256944551
Logistic Reg,No SMOTE,0,0,2.783742644614085e-10
Logistic Reg,No SMOTE,0,0,2.1764503940087507e-08
Logistic Reg,No SMOTE,0,1,0.8545344351801922
Logistic Reg,No SMOTE,0,0,0.032734313631766314
Logistic Reg,No SMOTE,0,0,0.03391974474712964
Logistic Reg,No SMOTE,0,0,8.454977958344217e-17
Logistic Reg,No SMOTE,0,0,8.889253350341928e-07
Logistic Reg,No SMOTE,0,0,0.0004296384927165738
Logistic Reg,No SMOTE,0,0,0.0009397831991937124
Logistic Reg,No SMOTE,0,0,0.055845856668264006
Logistic Reg,No SMOTE,0,0,1.4974231483872487e-07
Logistic Reg,No SMOTE,0,0,1.7837410684249864e-16
Logistic Reg,No SMOTE,0,0,4.6173743727788705e-05
Logistic Reg,No SMOTE,0,0,0.035589520736596145
Logistic Reg,No SMOTE,0,0,5.3469546632183e-21
Logistic Reg,No SMOTE,0,0,0.023958438387323193
Logistic Reg,No SMOTE,0,0,0.031675790299219755
Logistic Reg,No SMOTE,0,0,4.615903866479541e-05
Logistic Reg,No SMOTE,0,0,4.798072749894591e-05
Logistic Reg,No SMOTE,0,0,0.13419709724467246
Logistic Reg,No SMOTE,0,0,8.824178577511163e-07
Logistic Reg,No SMOTE,0,0,1.8703350323196757e-06
Logistic Reg,No SMOTE,0,0,4.5591194665761996e-05
Logistic Reg,No SMOTE,0,0,1.995929776399198e-06
Logistic Reg,No SMOTE,0,0,0.0014402141897891768
Logistic Reg,No SMOTE,0,0,2.2594859481774713e-09
Logistic Reg,No SMOTE,0,0,0.011703869529802891
Logistic Reg,No SMOTE,0,0,1.8980617438675308e-09
Logistic Reg,No SMOTE,0,1,0.8947587653564323
Logistic Reg,No SMOTE,0,0,8.462579827199018e-07
Logistic Reg,No SMOTE,0,0,3.8778507370627346e-07
Logistic Reg,No SMOTE,0,0,4.558600854153426e-05
Logistic Reg,No SMOTE,0,0,0.022797493465947036
Logistic Reg,No SMOTE,0,0,0.010747766985141852
Logistic Reg,No SMOTE,0,0,0.02023832494936556
Logistic Reg,No SMOTE,0,1,0.7929608682055662
Logistic Reg,No SMOTE,0,0,3.912364458669941e-10
Logistic Reg,No SMOTE,0,0,1.6531222281991412e-08
Logistic Reg,No SMOTE,0,0,0.027559145403354045
Logistic Reg,No SMOTE,0,0,8.549834529754856e-07
Logistic Reg,No SMOTE,0,0,0.0007845618578110778
Logistic Reg,No SMOTE,0,0,5.9955964639804136e-09
Logistic Reg,No SMOTE,0,0,2.758854551419484e-05
Logistic Reg,No SMOTE,0,0,0.033796819177313246
Logistic Reg,No SMOTE,0,0,4.565264458933561e-05
Logistic Reg,No SMOTE,0,0,0.0015174450271172796
Logistic Reg,No SMOTE,0,0,8.219094185518402e-07
Logistic Reg,No SMOTE,0,0,1.2061939689670204e-06
Logistic Reg,No SMOTE,0,0,1.1702844811368888e-06
Logistic Reg,No SMOTE,0,0,0.43935248632133533
Logistic Reg,No SMOTE,0,0,4.584008387653821e-05
Logistic Reg,No SMOTE,0,0,1.1159896937245024e-06
Logistic Reg,No SMOTE,0,0,1.0655367412217608e-06
Logistic Reg,No SMOTE,0,0,0.013279854099755144
Logistic Reg,No SMOTE,0,0,0.17793794247912922
Logistic Reg,No SMOTE,0,0,5.827738095843116e-07
Logistic Reg,No SMOTE,0,0,5.909001775030946e-13
Logistic Reg,No SMOTE,0,0,0.48028873753042156
Logistic Reg,No SMOTE,0,0,0.0027044432272067278
Logistic Reg,No SMOTE,0,0,3.037534482655745e-07
Logistic Reg,No SMOTE,0,0,0.03832585960119083
Logistic Reg,No SMOTE,0,0,4.6382185013570454e-05
Logistic Reg,No SMOTE,0,1,0.8805081681531637
Logistic Reg,No SMOTE,0,0,4.7514465064772255e-05
Logistic Reg,No SMOTE,0,0,9.578968416050242e-07
Logistic Reg,No SMOTE,0,0,9.369800815396177e-07
Logistic Reg,No SMOTE,0,0,0.010418469245264185
Logistic Reg,No SMOTE,0,0,8.498398737598282e-07
Logistic Reg,No SMOTE,0,0,0.021627721829471466
Logistic Reg,No SMOTE,0,0,0.03129283109959144
Logistic Reg,No SMOTE,0,0,1.2185962246876385e-24
Logistic Reg,No SMOTE,0,0,2.3829600243611428e-14
Logistic Reg,No SMOTE,0,0,0.018956223861812563
Logistic Reg,No SMOTE,0,0,1.000736022325041e-06
Logistic Reg,No SMOTE,0,0,0.024950774459809633
Logistic Reg,No SMOTE,0,0,2.6864927391280104e-06
Logistic Reg,No SMOTE,0,0,4.597593094150605e-05
Logistic Reg,No SMOTE,0,0,0.0006749310096442779
Logistic Reg,No SMOTE,0,0,2.049771871823278e-07
Logistic Reg,No SMOTE,0,0,0.016456208807765573
Logistic Reg,No SMOTE,0,0,7.031198701972548e-07
Logistic Reg,No SMOTE,0,0,4.5733637309187293e-05
Logistic Reg,No SMOTE,0,0,4.697375639750245e-05
Logistic Reg,No SMOTE,0,0,0.0050676103477423585
Logistic Reg,No SMOTE,0,0,0.0021919918000610937
Logistic Reg,No SMOTE,0,0,7.326293145682133e-06
Logistic Reg,No SMOTE,0,0,0.024293637479309318
Logistic Reg,No SMOTE,0,0,5.222118886223427e-32
Logistic Reg,No SMOTE,0,0,0.00035761509285705916
Logistic Reg,No SMOTE,0,0,1.5076420627824755e-18
Logistic Reg,No SMOTE,0,0,4.2921783971667684e-08
Logistic Reg,No SMOTE,0,0,5.381358138216178e-09
Logistic Reg,No SMOTE,0,0,0.0011511494739743222
Logistic Reg,No SMOTE,0,0,9.05731992361936e-09
Logistic Reg,No SMOTE,0,0,0.1092910545927154
Logistic Reg,No SMOTE,0,0,0.0411955050024744
Logistic Reg,No SMOTE,0,0,0.012807446391552499
Logistic Reg,No SMOTE,0,0,8.018227721839497e-07
Logistic Reg,No SMOTE,0,0,7.123197113031898e-07
Logistic Reg,No SMOTE,0,0,9.889012930882957e-07
Logistic Reg,No SMOTE,0,0,3.2266601395037146e-10
Logistic Reg,No SMOTE,0,0,7.995778526402798e-09
Logistic Reg,No SMOTE,0,0,1.3528952461736116e-06
Logistic Reg,No SMOTE,0,0,0.45498748272148565
Logistic Reg,No SMOTE,0,0,0.0005206172473413782
Logistic Reg,No SMOTE,0,0,2.591165668191378e-15
Logistic Reg,No SMOTE,0,0,1.2301802693040266e-06
Logistic Reg,No SMOTE,0,0,7.097493442453012e-05
Logistic Reg,No SMOTE,0,0,9.233406509748405e-06
Logistic Reg,No SMOTE,0,1,0.7344186077536262
Logistic Reg,No SMOTE,0,0,2.366048277385526e-10
Logistic Reg,No SMOTE,0,0,7.94976422385483e-15
Logistic Reg,No SMOTE,0,0,0.014799911412180136
Logistic Reg,No SMOTE,0,0,2.0936251126022027e-05
Logistic Reg,No SMOTE,0,0,7.897238057968166e-05
Logistic Reg,No SMOTE,0,0,3.4779365896346844e-09
Logistic Reg,No SMOTE,0,0,0.02708921663685965
Logistic Reg,No SMOTE,0,0,6.25106313240578e-17
Logistic Reg,No SMOTE,0,1,0.805029816852546
Logistic Reg,No SMOTE,0,0,7.564223618476086e-09
Logistic Reg,No SMOTE,0,0,0.4720572027476515
Logistic Reg,No SMOTE,0,0,4.5617618818775065e-05
Logistic Reg,No SMOTE,0,0,9.131478295059272e-07
Logistic Reg,No SMOTE,0,0,0.013104237563931946
Logistic Reg,No SMOTE,0,0,0.15008939231342935
Logistic Reg,No SMOTE,0,0,0.0001924932056616904
Logistic Reg,No SMOTE,0,0,0.0011296553633793715
Logistic Reg,No SMOTE,0,0,2.738495614080058e-05
Logistic Reg,No SMOTE,0,0,5.984898345865931e-07
Logistic Reg,No SMOTE,0,0,0.007398432761755269
Logistic Reg,No SMOTE,0,0,5.31636234957908e-09
Logistic Reg,No SMOTE,0,0,9.809263808556839e-07
Logistic Reg,No SMOTE,0,0,0.0022173307676233663
Logistic Reg,No SMOTE,0,0,0.011294957211352754
Logistic Reg,No SMOTE,0,0,7.806694936929564e-07
Logistic Reg,No SMOTE,0,0,0.0052901670138852655
Logistic Reg,No SMOTE,0,0,1.0490966485555225e-06
Logistic Reg,No SMOTE,0,0,0.00010866403059329194
Logistic Reg,No SMOTE,0,0,0.012862236413961456
Logistic Reg,No SMOTE,0,0,0.05111310655585373
Logistic Reg,No SMOTE,0,0,2.129215367593521e-19
Logistic Reg,No SMOTE,0,0,1.9881674571393276e-17
Logistic Reg,No SMOTE,0,0,4.7013244047940614e-05
Logistic Reg,No SMOTE,0,0,6.084338062162747e-05
Logistic Reg,No SMOTE,0,0,0.03867649360681995
Logistic Reg,No SMOTE,0,0,0.001333440467738057
Logistic Reg,No SMOTE,0,0,3.3250621849686993e-09
Logistic Reg,No SMOTE,0,0,9.443788272683401e-07
Logistic Reg,No SMOTE,0,0,4.171037621219123e-07
Logistic Reg,No SMOTE,0,0,0.03858923649284069
Logistic Reg,No SMOTE,0,0,0.04322278735419643
Logistic Reg,No SMOTE,0,0,1.0847465444747722e-06
Logistic Reg,No SMOTE,0,0,1.5406534958485186e-15
Logistic Reg,No SMOTE,0,0,3.75881146320871e-09
Logistic Reg,No SMOTE,0,0,3.3053786488911135e-09
Logistic Reg,No SMOTE,0,1,0.9847572227818667
Logistic Reg,No SMOTE,0,0,1.0824753598359934e-06
Logistic Reg,No SMOTE,0,0,7.19979785609522e-07
Logistic Reg,No SMOTE,0,0,0.02383748882276782
Logistic Reg,No SMOTE,0,0,5.603960311602393e-17
Logistic Reg,No SMOTE,0,0,0.02419675309854264
Logistic Reg,No SMOTE,0,0,4.8823659488857845e-06
Logistic Reg,No SMOTE,0,0,4.697155946653146e-05
Logistic Reg,No SMOTE,0,0,0.036684100101564546
Logistic Reg,No SMOTE,0,0,0.06778639334581824
Logistic Reg,No SMOTE,0,0,4.5619472558044383e-05
Logistic Reg,No SMOTE,0,0,1.1936050341652231e-07
Logistic Reg,No SMOTE,0,0,1.1118091668622594e-14
Logistic Reg,No SMOTE,0,0,0.0044654185094142275
Logistic Reg,No SMOTE,0,0,0.03668779292631246
Logistic Reg,No SMOTE,0,0,0.0005391736838201177
Logistic Reg,No SMOTE,0,0,4.918002382733512e-05
Logistic Reg,No SMOTE,0,0,0.0008299003605838119
Logistic Reg,No SMOTE,0,0,1.0173304263561371e-06
Logistic Reg,No SMOTE,0,0,5.084423556023786e-05
Logistic Reg,No SMOTE,0,0,6.930708606858639e-05
Logistic Reg,No SMOTE,0,0,3.4520359049639828e-09
Logistic Reg,No SMOTE,0,0,1.790848312996755e-23
Logistic Reg,No SMOTE,0,0,0.01771718435519494
Logistic Reg,No SMOTE,0,0,4.0518578856600236e-07
Logistic Reg,No SMOTE,0,0,2.765911106812979e-13
Logistic Reg,No SMOTE,0,0,0.00043329703493674124
Logistic Reg,No SMOTE,0,0,0.0005395669921427674
Logistic Reg,No SMOTE,0,0,0.021308560506696942
Logistic Reg,No SMOTE,0,0,1.0363829600255645e-06
Logistic Reg,No SMOTE,0,0,9.832251663072235e-07
Logistic Reg,No SMOTE,0,0,4.6229262055008275e-05
Logistic Reg,No SMOTE,0,0,1.558270506818585e-19
Logistic Reg,No SMOTE,0,0,9.750982095452522e-07
Logistic Reg,No SMOTE,0,0,0.00021722314979454995
Logistic Reg,No SMOTE,0,0,9.315401157156224e-07
Logistic Reg,No SMOTE,0,1,0.6677102424853417
Logistic Reg,No SMOTE,0,0,0.020053467803270265
Logistic Reg,No SMOTE,0,0,5.5217482232523814e-05
Logistic Reg,No SMOTE,0,0,4.603589692225791e-05
Logistic Reg,No SMOTE,0,0,4.807771385974599e-05
Logistic Reg,No SMOTE,0,0,1.6268236347047886e-06
Logistic Reg,No SMOTE,0,0,0.07259235429107028
Logistic Reg,No SMOTE,0,0,7.194117494301535e-06
Logistic Reg,No SMOTE,0,0,8.47123303519843e-07
Logistic Reg,No SMOTE,0,0,3.6292662919242376e-09
Logistic Reg,No SMOTE,0,0,4.760230477906452e-05
Logistic Reg,No SMOTE,0,0,0.050907660421311396
Logistic Reg,No SMOTE,0,0,0.00042446691418155085
Logistic Reg,No SMOTE,0,0,5.727900149957116e-10
Logistic Reg,No SMOTE,0,0,0.04153239618240515
Logistic Reg,No SMOTE,0,0,8.171986971021964e-10
Logistic Reg,No SMOTE,0,0,1.0030349846871513e-05
Logistic Reg,No SMOTE,0,0,0.013319326256709377
Logistic Reg,No SMOTE,0,0,0.009650398623327498
Logistic Reg,No SMOTE,0,0,0.22334271428995395
Logistic Reg,No SMOTE,0,0,0.03075507492911664
Logistic Reg,No SMOTE,0,0,0.000752562909714732
Logistic Reg,No SMOTE,0,0,8.853124763664564e-07
Logistic Reg,No SMOTE,0,0,0.002261335283971515
Logistic Reg,No SMOTE,0,0,0.025269492135150513
Logistic Reg,No SMOTE,0,0,9.985589306787851e-09
Logistic Reg,No SMOTE,0,0,0.0005071906266638284
Logistic Reg,No SMOTE,0,0,0.039163954686841494
Logistic Reg,No SMOTE,0,0,2.763164822495604e-33
Logistic Reg,No SMOTE,0,0,1.3899494293178006e-08
Logistic Reg,No SMOTE,0,0,7.296140776178743e-09
Logistic Reg,No SMOTE,0,0,4.712925141471837e-05
Logistic Reg,No SMOTE,0,0,3.150611224101869e-17
Logistic Reg,No SMOTE,0,0,4.699385829375691e-05
Logistic Reg,No SMOTE,0,0,0.03040395969607736
Logistic Reg,No SMOTE,0,0,9.805786489080863e-07
Logistic Reg,No SMOTE,0,0,0.00761536978631699
Logistic Reg,No SMOTE,0,0,0.022273307428692816
Logistic Reg,No SMOTE,0,0,3.782601865232335e-15
Logistic Reg,No SMOTE,0,1,0.683938675819509
Logistic Reg,No SMOTE,0,0,3.2477237433974726e-19
Logistic Reg,No SMOTE,0,0,0.031591787392524544
Logistic Reg,No SMOTE,0,0,0.049299638791984624
Logistic Reg,No SMOTE,0,1,0.8151522466452668
Logistic Reg,No SMOTE,0,0,1.982312391456735e-07
Logistic Reg,No SMOTE,0,0,0.0010458739030734482
Logistic Reg,No SMOTE,0,0,1.2682433406396038e-06
Logistic Reg,No SMOTE,0,0,5.027450330576287e-05
Logistic Reg,No SMOTE,0,0,0.002690603660664057
Logistic Reg,No SMOTE,0,0,0.02312481574021826
Logistic Reg,No SMOTE,0,0,1.0238169534536685e-06
Logistic Reg,No SMOTE,0,0,4.558577672311339e-05
Logistic Reg,No SMOTE,0,0,4.710666217808657e-05
Logistic Reg,No SMOTE,0,0,1.7227121309604097e-11
Logistic Reg,No SMOTE,0,0,0.01592754866537686
Logistic Reg,No SMOTE,0,0,0.0003907495400418373
Logistic Reg,No SMOTE,0,0,1.0868190469809139e-06
Logistic Reg,No SMOTE,0,0,0.010365439068150717
Logistic Reg,No SMOTE,0,0,0.023833424737791983
Logistic Reg,No SMOTE,0,0,0.008904833180496287
Logistic Reg,No SMOTE,0,0,0.02424040526690881
Logistic Reg,No SMOTE,0,0,0.0025010699655158126
Logistic Reg,No SMOTE,0,0,0.030000290259182657
Logistic Reg,No SMOTE,0,0,0.02035127159058178
Logistic Reg,No SMOTE,0,0,4.59746397912221e-05
Logistic Reg,No SMOTE,0,0,4.655652948659178e-05
Logistic Reg,No SMOTE,0,0,5.3240435249778525e-05
Logistic Reg,No SMOTE,0,0,2.2894929074643183e-17
Logistic Reg,No SMOTE,0,0,3.841078168045649e-06
Logistic Reg,No SMOTE,0,0,6.609820881861559e-07
Logistic Reg,No SMOTE,0,0,0.0018173833005588598
Logistic Reg,No SMOTE,0,0,2.0370720723024667e-05
Logistic Reg,No SMOTE,0,0,0.03875926794616138
Logistic Reg,No SMOTE,0,0,1.3632299534339866e-16
Logistic Reg,No SMOTE,0,0,0.00226162470569241
Logistic Reg,No SMOTE,0,0,2.455175229584685e-18
Logistic Reg,No SMOTE,0,0,1.466266159042197e-11
Logistic Reg,No SMOTE,0,0,7.190808288178023e-07
Logistic Reg,No SMOTE,0,0,5.493745484790629e-10
Logistic Reg,No SMOTE,0,0,2.9807646710519365e-08
Logistic Reg,No SMOTE,0,0,0.00019200139433743125
Logistic Reg,No SMOTE,0,1,0.8323503804191994
Logistic Reg,No SMOTE,0,0,1.0476947488604077e-16
Logistic Reg,No SMOTE,0,0,0.02436325122401676
Logistic Reg,No SMOTE,0,0,3.540033091413169e-12
Logistic Reg,No SMOTE,0,0,4.68764624683419e-05
Logistic Reg,No SMOTE,0,0,0.0035174080060093324
Logistic Reg,No SMOTE,0,0,7.284320056144619e-05
Logistic Reg,No SMOTE,0,0,4.6217478317617944e-05
Logistic Reg,No SMOTE,0,0,4.0101279269773924e-22
Logistic Reg,No SMOTE,0,0,4.026137328863569e-06
Logistic Reg,No SMOTE,0,0,4.635680816413205e-05
Logistic Reg,No SMOTE,0,0,9.395389349880887e-07
Logistic Reg,No SMOTE,0,0,0.0567505872544186
Logistic Reg,No SMOTE,0,0,1.0797264090317273e-06
Logistic Reg,No SMOTE,0,0,0.03317167517762416
Logistic Reg,No SMOTE,0,0,6.924887232681202e-07
Logistic Reg,No SMOTE,0,0,0.04938918156848822
Logistic Reg,No SMOTE,0,0,4.565547766641315e-05
Logistic Reg,No SMOTE,0,0,7.838752139263292e-07
Logistic Reg,No SMOTE,0,0,6.715923380437045e-07
Logistic Reg,No SMOTE,0,0,0.02009632649875066
Logistic Reg,No SMOTE,0,0,5.213570400432214e-13
Logistic Reg,No SMOTE,0,0,4.608902089519325e-05
Logistic Reg,No SMOTE,0,0,0.0019841043964351564
Logistic Reg,No SMOTE,0,0,1.0823409526935085e-06
Logistic Reg,No SMOTE,0,0,1.6600167354323693e-10
Logistic Reg,No SMOTE,0,1,0.577702118332145
Logistic Reg,No SMOTE,0,0,0.001928777801458057
Logistic Reg,No SMOTE,0,0,1.1430213819443416e-18
Logistic Reg,No SMOTE,0,0,0.046872438957411444
Logistic Reg,No SMOTE,0,0,1.992295833445831e-11
Logistic Reg,No SMOTE,0,0,2.2415023413242568e-05
Logistic Reg,No SMOTE,0,0,9.94311712673753e-07
Logistic Reg,No SMOTE,0,0,2.8035103588694937e-11
Logistic Reg,No SMOTE,0,1,0.6905779826086142
Logistic Reg,No SMOTE,0,0,1.1917363699599347e-06
Logistic Reg,No SMOTE,0,0,0.01253576386054767
Logistic Reg,No SMOTE,0,0,9.293411531209415e-07
Logistic Reg,No SMOTE,0,0,3.703061734020688e-17
Logistic Reg,No SMOTE,0,0,4.869425095123872e-05
Logistic Reg,No SMOTE,0,0,4.5886090958236244e-05
Logistic Reg,No SMOTE,0,0,2.680427494608527e-26
Logistic Reg,No SMOTE,0,0,0.02952372942683648
Logistic Reg,No SMOTE,0,0,4.0728750768094644e-10
Logistic Reg,No SMOTE,0,0,0.006540005843821602
Logistic Reg,No SMOTE,0,0,0.2862383442454729
Logistic Reg,No SMOTE,0,0,4.613085493943149e-05
Logistic Reg,No SMOTE,0,0,0.011314338146640929
Logistic Reg,No SMOTE,0,0,9.503412932557317e-22
Logistic Reg,No SMOTE,0,0,5.379863380880855e-10
Logistic Reg,No SMOTE,0,0,0.024935652079949727
Logistic Reg,No SMOTE,0,0,4.628201019046697e-05
Logistic Reg,No SMOTE,0,0,0.04594684793226583
Logistic Reg,No SMOTE,0,0,0.03984484852093795
Logistic Reg,No SMOTE,0,0,6.709269149661608e-07
Logistic Reg,No SMOTE,0,0,3.01085814038899e-11
Logistic Reg,No SMOTE,0,0,4.560844973092167e-05
Logistic Reg,No SMOTE,0,0,0.012461643119916937
Logistic Reg,No SMOTE,0,0,0.0015598181646646451
Logistic Reg,No SMOTE,0,0,8.06944580801614e-07
Logistic Reg,No SMOTE,0,0,0.0022805263801198824
Logistic Reg,No SMOTE,0,0,4.788614076195887e-05
Logistic Reg,No SMOTE,0,0,0.03623588888191026
Logistic Reg,No SMOTE,0,0,4.628338879379871e-05
Logistic Reg,No SMOTE,0,0,1.1838698999739396e-06
Logistic Reg,No SMOTE,0,0,0.0035702259086118114
Logistic Reg,No SMOTE,0,0,0.031919887368281566
Logistic Reg,No SMOTE,0,0,1.2731520205684059e-06
Logistic Reg,No SMOTE,0,0,0.006468748261616778
Logistic Reg,No SMOTE,0,0,0.04253813967476922
Logistic Reg,No SMOTE,0,0,2.3079837456940037e-12
Logistic Reg,No SMOTE,0,0,1.0769984419010887e-06
Logistic Reg,No SMOTE,0,0,4.583078830384342e-05
Logistic Reg,No SMOTE,0,0,1.9980650900333102e-05
Logistic Reg,No SMOTE,0,0,4.333370062828315e-15
Logistic Reg,No SMOTE,0,0,0.014031447828206062
Logistic Reg,No SMOTE,0,0,8.946142180413806e-07
Logistic Reg,No SMOTE,0,0,0.011544444373660463
Logistic Reg,No SMOTE,0,0,0.006815947018821939
Logistic Reg,No SMOTE,0,0,0.00013426575962723468
Logistic Reg,No SMOTE,0,0,0.033985096770011346
Logistic Reg,No SMOTE,0,0,7.395489556449694e-07
Logistic Reg,No SMOTE,0,0,4.596090285007645e-05
Logistic Reg,No SMOTE,0,0,0.14403715459636823
Logistic Reg,No SMOTE,0,0,0.01137211971823849
Logistic Reg,No SMOTE,0,0,4.597174610355145e-05
Logistic Reg,No SMOTE,0,0,4.567505153273282e-05
Logistic Reg,No SMOTE,0,0,0.022963822682679238
Logistic Reg,No SMOTE,0,0,4.933929080816009e-12
Logistic Reg,No SMOTE,0,0,2.932483724438556e-07
Logistic Reg,No SMOTE,0,0,0.008862732409705627
Logistic Reg,No SMOTE,0,0,0.0022604420662831293
Logistic Reg,No SMOTE,0,0,0.037278340355729925
Logistic Reg,No SMOTE,0,0,0.0023767004149064016
Logistic Reg,No SMOTE,0,0,4.628173470601171e-05
Logistic Reg,No SMOTE,0,0,0.00038818932765229526
Logistic Reg,No SMOTE,0,0,1.1007028108088167e-06
Logistic Reg,No SMOTE,0,0,7.554068946104211e-07
Logistic Reg,No SMOTE,0,0,4.569169806705836e-05
Logistic Reg,No SMOTE,0,0,4.558827397805406e-05
Logistic Reg,No SMOTE,0,0,6.34930164652069e-07
Logistic Reg,No SMOTE,0,0,2.0292470769776624e-06
Logistic Reg,No SMOTE,0,0,2.3484321924452727e-06
Logistic Reg,No SMOTE,0,0,0.008389727346162043
Logistic Reg,No SMOTE,0,0,0.007784845352432817
Logistic Reg,No SMOTE,0,0,0.002371891488598117
Logistic Reg,No SMOTE,0,0,9.157562602000226e-08
Logistic Reg,No SMOTE,0,0,1.220748605267376e-16
Logistic Reg,No SMOTE,0,0,6.738630922513943e-70
Logistic Reg,No SMOTE,0,0,7.972571298609029e-07
Logistic Reg,No SMOTE,0,0,3.9459128866519393e-07
Logistic Reg,No SMOTE,0,0,0.008346321446677763
Logistic Reg,No SMOTE,0,0,0.028478741008194877
Logistic Reg,No SMOTE,0,0,0.09925664554927173
Logistic Reg,No SMOTE,0,0,0.037855451724961804
Logistic Reg,No SMOTE,0,0,9.89793351437277e-07
Logistic Reg,No SMOTE,0,0,3.939913099300198e-21
Logistic Reg,No SMOTE,0,0,6.773471077075498e-07
Logistic Reg,No SMOTE,0,0,4.935680338025804e-05
Logistic Reg,No SMOTE,0,0,0.03961033983717025
Logistic Reg,No SMOTE,0,0,0.0025672611445882315
Logistic Reg,No SMOTE,0,0,0.0013243955075866118
Logistic Reg,No SMOTE,0,0,4.6112255492201175e-05
Logistic Reg,No SMOTE,0,0,0.04975383253438042
Logistic Reg,No SMOTE,0,0,5.280164501127247e-06
Logistic Reg,No SMOTE,0,0,0.006015322761947687
Logistic Reg,No SMOTE,0,0,0.011500113876504832
Logistic Reg,No SMOTE,0,0,0.03892594804278028
Logistic Reg,No SMOTE,0,0,1.0004999342391945e-09
Logistic Reg,No SMOTE,0,0,0.00015489798809141831
Logistic Reg,No SMOTE,0,0,3.6387137428366005e-07
Logistic Reg,No SMOTE,0,0,8.402832579532899e-07
Logistic Reg,No SMOTE,0,0,8.722379904034504e-05
Logistic Reg,No SMOTE,0,0,1.089286471766973e-06
Logistic Reg,No SMOTE,0,0,4.5582777473982734e-05
Logistic Reg,No SMOTE,0,0,0.045899009379763295
Logistic Reg,No SMOTE,0,0,1.973377707457559e-17
Logistic Reg,No SMOTE,0,0,4.55847113605984e-05
Logistic Reg,No SMOTE,0,0,0.011216108102467492
Logistic Reg,No SMOTE,0,0,0.01054583297220671
Logistic Reg,No SMOTE,0,0,6.802286574620783e-13
Logistic Reg,No SMOTE,0,0,4.611805945458472e-05
Logistic Reg,No SMOTE,0,0,0.034204906970884165
Logistic Reg,No SMOTE,0,0,8.127893444719346e-07
Logistic Reg,No SMOTE,0,0,6.639869937578564e-07
Logistic Reg,No SMOTE,0,0,0.00844087116010228
Logistic Reg,No SMOTE,0,0,3.838582412511913e-09
Logistic Reg,No SMOTE,0,0,0.0010251067390094697
Logistic Reg,No SMOTE,0,0,0.03350520197132321
Logistic Reg,No SMOTE,0,1,0.8080678882532043
Logistic Reg,No SMOTE,0,0,2.4471993593728366e-17
Logistic Reg,No SMOTE,0,0,0.0006414849724603764
Logistic Reg,No SMOTE,0,0,5.803898151053402e-24
Logistic Reg,No SMOTE,0,0,0.0008031005272313894
Logistic Reg,No SMOTE,0,0,1.247383125284706e-07
Logistic Reg,No SMOTE,0,0,0.047456767880692995
Logistic Reg,No SMOTE,0,0,2.4451633044830934e-10
Logistic Reg,No SMOTE,0,0,0.030520684771844137
Logistic Reg,No SMOTE,0,0,0.042319107977587464
Logistic Reg,No SMOTE,0,0,1.756135877547218e-13
Logistic Reg,No SMOTE,0,0,0.0034527405317330206
Logistic Reg,No SMOTE,0,0,2.357018957505569e-13
Logistic Reg,No SMOTE,0,0,0.0009649535791925811
Logistic Reg,No SMOTE,0,0,4.5668349609953486e-05
Logistic Reg,No SMOTE,0,0,0.011940674701055455
Logistic Reg,No SMOTE,0,0,4.614720907007895e-05
Logistic Reg,No SMOTE,0,0,0.04374400671263583
Logistic Reg,No SMOTE,0,0,0.00305168848527055
Logistic Reg,No SMOTE,0,0,4.748145494589936e-05
Logistic Reg,No SMOTE,0,0,1.535845299709408e-07
Logistic Reg,No SMOTE,0,0,2.86361430571878e-16
Logistic Reg,No SMOTE,0,0,4.1068993513050195e-08
Logistic Reg,No SMOTE,0,0,1.205670500017468e-06
Logistic Reg,No SMOTE,0,0,4.567213122912198e-05
Logistic Reg,No SMOTE,0,0,1.1730898559044008e-06
Logistic Reg,No SMOTE,0,0,0.013828595592946906
Logistic Reg,No SMOTE,0,0,0.03776792420848257
Logistic Reg,No SMOTE,0,0,4.561470613436437e-05
Logistic Reg,No SMOTE,0,0,1.3712399902958427e-11
Logistic Reg,No SMOTE,0,0,0.006858608562218467
Logistic Reg,No SMOTE,0,0,0.03993658078685544
Logistic Reg,No SMOTE,0,0,1.7769936800282556e-07
Logistic Reg,No SMOTE,0,0,2.296049958303829e-05
Logistic Reg,No SMOTE,0,0,2.5339801245410314e-14
Logistic Reg,No SMOTE,0,0,4.5927282828905027e-05
Logistic Reg,No SMOTE,0,0,7.01093720506776e-06
Logistic Reg,No SMOTE,0,0,0.03397603714205832
Logistic Reg,No SMOTE,0,0,2.4494434452088405e-16
Logistic Reg,No SMOTE,0,0,2.0082915530966978e-14
Logistic Reg,No SMOTE,0,0,5.781837720069275e-07
Logistic Reg,No SMOTE,0,0,3.6551843860725894e-05
Logistic Reg,No SMOTE,0,0,9.615900915247405e-05
Logistic Reg,No SMOTE,0,0,3.538019102580086e-17
Logistic Reg,No SMOTE,0,0,1.0683165808302687e-06
Logistic Reg,No SMOTE,0,0,3.937263436711909e-15
Logistic Reg,No SMOTE,0,0,2.4300953248702718e-11
Logistic Reg,No SMOTE,0,0,5.065643625334809e-06
Logistic Reg,No SMOTE,0,0,7.831694281027193e-07
Logistic Reg,No SMOTE,0,0,0.2245139245462454
Logistic Reg,No SMOTE,0,0,1.161301549002662e-06
Logistic Reg,No SMOTE,0,0,0.022982825238419866
Logistic Reg,No SMOTE,0,0,2.6924124834463375e-15
Logistic Reg,No SMOTE,0,0,0.019557706945274603
Logistic Reg,No SMOTE,0,0,8.753475343916902e-07
Logistic Reg,No SMOTE,0,0,1.017917780659571e-06
Logistic Reg,No SMOTE,0,0,0.05294067241957648
Logistic Reg,No SMOTE,0,0,0.00403923457347266
Logistic Reg,No SMOTE,0,0,0.03111262404215083
Logistic Reg,No SMOTE,0,0,0.0002749225889000978
Logistic Reg,No SMOTE,0,0,1.0945865934708295e-17
Logistic Reg,No SMOTE,0,0,7.893707086061031e-07
Logistic Reg,No SMOTE,0,0,6.115252146329978e-07
Logistic Reg,No SMOTE,0,0,0.0015340721170347153
Logistic Reg,No SMOTE,0,0,1.1735130150127245e-08
Logistic Reg,No SMOTE,0,0,0.004624180679470613
Logistic Reg,No SMOTE,0,0,0.030408108411577005
Logistic Reg,No SMOTE,0,0,0.004600191155265092
Logistic Reg,No SMOTE,0,0,0.0019038834656005619
Logistic Reg,No SMOTE,0,0,4.623756371438007e-05
Logistic Reg,No SMOTE,0,0,0.018421448863138835
Logistic Reg,No SMOTE,0,0,7.747072938455435e-07
Logistic Reg,No SMOTE,0,0,1.0673983382100812e-06
Logistic Reg,No SMOTE,0,0,2.0955230826378263e-05
Logistic Reg,No SMOTE,0,0,9.956239322277714e-07
Logistic Reg,No SMOTE,0,0,2.153535569208036e-10
Logistic Reg,No SMOTE,0,0,5.70960283968388e-05
Logistic Reg,No SMOTE,0,0,1.1912186306897408e-06
Logistic Reg,No SMOTE,0,0,8.874431086648274e-07
Logistic Reg,No SMOTE,0,0,2.2858577046183404e-07
Logistic Reg,No SMOTE,0,0,8.383630955563783e-27
Logistic Reg,No SMOTE,0,0,1.1187916447892473e-06
Logistic Reg,No SMOTE,0,0,0.032309595430143404
Logistic Reg,No SMOTE,0,0,1.1935110701422056e-06
Logistic Reg,No SMOTE,0,0,2.310661859211555e-28
Logistic Reg,No SMOTE,0,0,7.708724594362576e-07
Logistic Reg,No SMOTE,0,0,1.1421270557283957e-15
Logistic Reg,No SMOTE,0,0,8.306783083462021e-07
Logistic Reg,No SMOTE,0,0,0.034478699046050304
Logistic Reg,No SMOTE,0,0,2.3663422086884815e-07
Logistic Reg,No SMOTE,0,0,0.029000117922242583
Logistic Reg,No SMOTE,0,0,0.00042604673440981087
Logistic Reg,No SMOTE,0,0,1.01000154699651e-06
Logistic Reg,No SMOTE,0,0,0.15362455020692997
Logistic Reg,No SMOTE,0,0,1.0211046881983987e-06
Logistic Reg,No SMOTE,0,0,0.028170769783497966
Logistic Reg,No SMOTE,0,0,2.6460777542717336e-05
Logistic Reg,No SMOTE,0,0,1.1312232078349104e-21
Logistic Reg,No SMOTE,0,0,3.2437414972407473e-20
Logistic Reg,No SMOTE,0,0,0.020657099246901352
Logistic Reg,No SMOTE,0,0,9.831354629229132e-07
Logistic Reg,No SMOTE,0,0,1.421156571022549e-06
Logistic Reg,No SMOTE,0,0,1.1929654758756205e-12
Logistic Reg,No SMOTE,0,0,1.0251154101818634e-06
Logistic Reg,No SMOTE,0,0,1.0183192250479347e-06
Logistic Reg,No SMOTE,0,0,0.04604842479498705
Logistic Reg,No SMOTE,0,0,4.667604138076133e-05
Logistic Reg,No SMOTE,0,0,1.650200360613825e-13
Logistic Reg,No SMOTE,0,0,1.860343862354106e-19
Logistic Reg,No SMOTE,0,0,0.08244022827731937
Logistic Reg,No SMOTE,0,0,0.00016274081334361842
Logistic Reg,No SMOTE,0,0,0.0005104038730177976
Logistic Reg,No SMOTE,0,0,1.9180602209058348e-09
Logistic Reg,No SMOTE,0,0,0.0009134045973023836
Logistic Reg,No SMOTE,0,0,7.245722075745607e-07
Logistic Reg,No SMOTE,0,0,1.1102125326249349e-06
Logistic Reg,No SMOTE,0,0,5.298718971108082e-05
Logistic Reg,No SMOTE,0,0,0.0033096718209466775
Logistic Reg,No SMOTE,0,0,0.20844219556325225
Logistic Reg,No SMOTE,0,0,2.6499504259017786e-12
Logistic Reg,No SMOTE,0,0,8.319547314612456e-07
Logistic Reg,No SMOTE,0,1,0.5285898195260729
Logistic Reg,No SMOTE,0,0,6.41987059925504e-06
Logistic Reg,No SMOTE,0,0,2.280633480679901e-10
Logistic Reg,No SMOTE,0,0,0.026776899604926643
Logistic Reg,No SMOTE,0,0,6.914231098736552e-05
Logistic Reg,No SMOTE,0,0,0.0032755492712317983
Logistic Reg,No SMOTE,0,0,0.026008161090484726
Logistic Reg,No SMOTE,0,0,8.646567443761034e-07
Logistic Reg,No SMOTE,0,0,0.016394438315794672
Logistic Reg,No SMOTE,0,0,5.256552591917903e-22
Logistic Reg,No SMOTE,0,0,0.11329875817283382
Logistic Reg,No SMOTE,0,0,0.3904976165591788
Logistic Reg,No SMOTE,0,0,4.674581808277085e-05
Logistic Reg,No SMOTE,0,0,0.0030232784337814976
Logistic Reg,No SMOTE,0,0,8.676939367967102e-07
Logistic Reg,No SMOTE,0,0,9.578340491658579e-07
Logistic Reg,No SMOTE,0,0,0.04660322448380011
Logistic Reg,No SMOTE,0,0,4.6506942616863774e-05
Logistic Reg,No SMOTE,0,0,1.057087568051547e-06
Logistic Reg,No SMOTE,0,0,0.0031066618185645115
Logistic Reg,No SMOTE,0,0,0.23395680675602487
Logistic Reg,No SMOTE,0,0,1.1631513891057458e-06
Logistic Reg,No SMOTE,0,0,1.3817147546664832e-06
Logistic Reg,No SMOTE,0,0,7.373311583121902e-09
Logistic Reg,No SMOTE,0,1,0.5127069292010361
Logistic Reg,No SMOTE,0,0,0.030413065566390802
Logistic Reg,No SMOTE,0,0,1.9099654818301316e-09
Logistic Reg,No SMOTE,0,0,4.572164225122601e-05
Logistic Reg,No SMOTE,0,0,4.5596051618028084e-05
Logistic Reg,No SMOTE,0,0,4.591823412149904e-05
Logistic Reg,No SMOTE,0,0,0.12868895560013768
Logistic Reg,No SMOTE,0,0,6.894886007793386e-07
Logistic Reg,No SMOTE,0,0,0.20926924374059436
Logistic Reg,No SMOTE,0,0,7.452764720109037e-11
Logistic Reg,No SMOTE,0,0,1.0976734918119662e-06
Logistic Reg,No SMOTE,0,0,1.0546728014813626e-06
Logistic Reg,No SMOTE,0,0,0.0030653908217113017
Logistic Reg,No SMOTE,0,0,1.1516303427760481e-05
Logistic Reg,No SMOTE,0,0,8.251056014487531e-16
Logistic Reg,No SMOTE,0,0,0.04375465579437364
Logistic Reg,No SMOTE,0,0,0.007183327704008226
Logistic Reg,No SMOTE,0,0,1.0601155188407823e-06
Logistic Reg,No SMOTE,0,0,7.208749661148298e-11
Logistic Reg,No SMOTE,0,0,0.006366483213849471
Logistic Reg,No SMOTE,0,0,0.04272286364857016
Logistic Reg,No SMOTE,0,0,0.06195249417773697
Logistic Reg,No SMOTE,0,0,1.5851236543327835e-11
Logistic Reg,No SMOTE,0,0,6.9300951912528495e-06
Logistic Reg,No SMOTE,0,0,0.0006982261391911877
Logistic Reg,No SMOTE,0,0,0.016457995717229904
Logistic Reg,No SMOTE,0,0,0.039524501770215555
Logistic Reg,No SMOTE,0,0,1.6348749115065957e-07
Logistic Reg,No SMOTE,0,0,4.658411282538758e-05
Logistic Reg,No SMOTE,0,0,3.2180014989438106e-26
Logistic Reg,No SMOTE,0,0,1.942824928440902e-11
Logistic Reg,No SMOTE,0,0,0.0475535612030727
Logistic Reg,No SMOTE,0,0,5.165149922723542e-05
Logistic Reg,No SMOTE,0,0,0.0158665527909609
Logistic Reg,No SMOTE,0,0,0.0006224434630735218
Logistic Reg,No SMOTE,0,0,0.0022892335421124
Logistic Reg,No SMOTE,0,0,1.0755101458238932e-06
Logistic Reg,No SMOTE,0,0,0.014497607160931245
Logistic Reg,No SMOTE,0,0,4.5799714573892665e-05
Logistic Reg,No SMOTE,0,0,0.0019670178455594026
Logistic Reg,No SMOTE,0,0,1.8266732979290055e-10
Logistic Reg,No SMOTE,0,0,0.0023113411950793665
Logistic Reg,No SMOTE,0,0,0.007706821833714648
Logistic Reg,No SMOTE,0,0,7.016739003685537e-07
Logistic Reg,No SMOTE,0,0,0.055599656788569575
Logistic Reg,No SMOTE,0,0,9.568568717312197e-07
Logistic Reg,No SMOTE,0,0,6.983684207589897e-07
Logistic Reg,No SMOTE,0,0,8.793393938959665e-07
Logistic Reg,No SMOTE,0,0,2.0239900961767884e-20
Logistic Reg,No SMOTE,0,0,0.007181121599590566
Logistic Reg,No SMOTE,0,0,1.1218167100778004e-07
Logistic Reg,No SMOTE,0,0,0.02654978529333846
Logistic Reg,No SMOTE,0,0,1.8969687739607764e-11
Logistic Reg,No SMOTE,0,0,0.0013592898873393928
Logistic Reg,No SMOTE,0,0,1.7853235410536831e-16
Logistic Reg,No SMOTE,0,0,0.001642955198275794
Logistic Reg,No SMOTE,0,0,0.012524517639984476
Logistic Reg,No SMOTE,0,0,3.6445671833807346e-31
Logistic Reg,No SMOTE,0,0,4.4180778983635586e-12
Logistic Reg,No SMOTE,0,0,4.4336001425371804e-08
Logistic Reg,No SMOTE,0,0,0.03422179002804558
Logistic Reg,No SMOTE,0,0,0.10551227297704742
Logistic Reg,No SMOTE,0,0,1.6380735900216316e-10
Logistic Reg,No SMOTE,0,0,8.209221337844728e-07
Logistic Reg,No SMOTE,0,0,4.714691102436737e-05
Logistic Reg,No SMOTE,0,0,2.5092760194607886e-07
Logistic Reg,No SMOTE,0,0,0.0009977036821299022
Logistic Reg,No SMOTE,0,0,0.12257663638803931
Logistic Reg,No SMOTE,0,0,9.486452004857441e-07
Logistic Reg,No SMOTE,0,0,0.4955733699737993
Logistic Reg,No SMOTE,0,0,0.044219282633324586
Logistic Reg,No SMOTE,0,0,7.547252060414319e-07
Logistic Reg,No SMOTE,0,0,0.020525471676555208
Logistic Reg,No SMOTE,0,0,1.0019331085891924e-06
Logistic Reg,No SMOTE,0,0,0.03732543033482623
Logistic Reg,No SMOTE,0,0,9.17402853652293e-11
Logistic Reg,No SMOTE,0,0,7.470182243418023e-07
Logistic Reg,No SMOTE,0,0,2.171393757245826e-08
Logistic Reg,No SMOTE,0,0,4.9157709748288574e-05
Logistic Reg,No SMOTE,0,0,1.6361597014456748e-16
Logistic Reg,No SMOTE,0,0,0.032554310782062
Logistic Reg,No SMOTE,0,0,0.039310830515733315
Logistic Reg,No SMOTE,0,0,0.029577917721144778
Logistic Reg,No SMOTE,0,0,1.092582994225121e-07
Logistic Reg,No SMOTE,0,0,1.8357780933390477e-14
Logistic Reg,No SMOTE,0,0,8.709818934254393e-06
Logistic Reg,No SMOTE,0,0,5.150543595307293e-05
Logistic Reg,No SMOTE,0,0,2.399683812992552e-05
Logistic Reg,No SMOTE,0,0,4.558253037469274e-05
Logistic Reg,No SMOTE,0,0,4.921079408558985e-05
Logistic Reg,No SMOTE,0,0,0.0009143224620334557
Logistic Reg,No SMOTE,0,0,4.6418678103161033e-05
Logistic Reg,No SMOTE,0,0,1.509787415304175e-07
Logistic Reg,No SMOTE,0,0,4.602785774001612e-05
Logistic Reg,No SMOTE,0,0,5.4390050060045836e-05
Logistic Reg,No SMOTE,0,0,0.028176450073805346
Logistic Reg,No SMOTE,0,0,9.59410427355045e-07
Logistic Reg,No SMOTE,0,0,0.040236006426959764
Logistic Reg,No SMOTE,0,0,4.5671321476641664e-05
Logistic Reg,No SMOTE,0,0,0.03424087478177532
Logistic Reg,No SMOTE,0,0,0.00010668734833412206
Logistic Reg,No SMOTE,0,0,8.418518986065521e-07
Logistic Reg,No SMOTE,0,0,5.531502520621409e-06
Logistic Reg,No SMOTE,0,0,0.011110446549587519
Logistic Reg,No SMOTE,0,0,1.958517533646246e-08
Logistic Reg,No SMOTE,0,0,0.004988787839269637
Logistic Reg,No SMOTE,0,0,0.031990282331303195
Logistic Reg,No SMOTE,0,0,1.224782441216777e-06
Logistic Reg,No SMOTE,0,0,7.941408389728206e-07
Logistic Reg,No SMOTE,0,0,1.689740830331624e-05
Logistic Reg,No SMOTE,0,0,7.233228343857084e-07
Logistic Reg,No SMOTE,0,0,0.00022611272019136007
Logistic Reg,No SMOTE,0,0,0.0018198347276264383
Logistic Reg,No SMOTE,0,0,0.033787134315748694
Logistic Reg,No SMOTE,0,0,7.982619981807972e-07
Logistic Reg,No SMOTE,0,0,7.266731744769771e-07
Logistic Reg,No SMOTE,0,0,2.622324686831728e-08
Logistic Reg,No SMOTE,0,0,1.0945909284311189e-16
Logistic Reg,No SMOTE,0,0,1.189562095305725e-06
Logistic Reg,No SMOTE,0,0,0.010057792577571672
Logistic Reg,No SMOTE,0,0,1.1416773831748774e-06
Logistic Reg,No SMOTE,0,0,0.019142950639398526
Logistic Reg,No SMOTE,0,0,2.2774701929627e-31
Logistic Reg,No SMOTE,0,0,7.024326083118005e-07
Logistic Reg,No SMOTE,0,0,0.010783449329449135
Logistic Reg,No SMOTE,0,0,6.433315971093061e-19
Logistic Reg,No SMOTE,0,1,0.9787748570182505
Logistic Reg,No SMOTE,0,0,9.378940607606203e-07
Logistic Reg,No SMOTE,0,0,5.846022551369488e-07
Logistic Reg,No SMOTE,0,0,4.396706243625099e-18
Logistic Reg,No SMOTE,0,0,0.03726207934910494
Logistic Reg,No SMOTE,0,0,0.021824340059870478
Logistic Reg,No SMOTE,0,0,3.3089960658646384e-09
Logistic Reg,No SMOTE,0,0,9.970540579631807e-07
Logistic Reg,No SMOTE,0,0,1.75365333394461e-05
Logistic Reg,No SMOTE,0,0,4.5975076684727266e-05
Logistic Reg,No SMOTE,0,0,6.4125292701918704e-12
Logistic Reg,No SMOTE,0,0,1.967301268039248e-05
Logistic Reg,No SMOTE,0,0,1.6476573445954686e-08
Logistic Reg,No SMOTE,0,1,0.6539104800283666
Logistic Reg,No SMOTE,0,0,4.8961301852712226e-05
Logistic Reg,No SMOTE,0,0,0.028448301798927596
Logistic Reg,No SMOTE,0,0,0.03070638331838726
Logistic Reg,No SMOTE,0,0,1.1311374918565007e-06
Logistic Reg,No SMOTE,0,0,0.00035743289575001944
Logistic Reg,No SMOTE,0,0,7.360205302357425e-07
Logistic Reg,No SMOTE,0,1,0.7768763046261107
Logistic Reg,No SMOTE,0,0,7.750614042480736e-18
Logistic Reg,No SMOTE,0,0,1.1409358475296271e-06
Logistic Reg,No SMOTE,0,0,8.60933346575828e-44
Logistic Reg,No SMOTE,0,0,4.937256630633559e-05
Logistic Reg,No SMOTE,0,0,0.00019161074562479334
Logistic Reg,No SMOTE,0,0,4.7595918839374664e-05
Logistic Reg,No SMOTE,0,0,0.0006292330162007273
Logistic Reg,No SMOTE,0,0,0.00010302657124964134
Logistic Reg,No SMOTE,0,0,1.3362440690698459e-18
Logistic Reg,No SMOTE,0,0,4.558924029965476e-05
Logistic Reg,No SMOTE,0,0,0.045155357198543224
Logistic Reg,No SMOTE,0,0,1.390135876167904e-11
Logistic Reg,No SMOTE,0,0,0.024268355800727903
Logistic Reg,No SMOTE,0,0,0.01415189976855326
Logistic Reg,No SMOTE,0,0,8.731072458756206e-05
Logistic Reg,No SMOTE,0,0,7.776082430766901e-07
Logistic Reg,No SMOTE,0,0,9.688436421449852e-07
Logistic Reg,No SMOTE,0,0,0.11404273668161118
Logistic Reg,No SMOTE,0,0,2.0818882644462328e-16
Logistic Reg,No SMOTE,0,0,0.0002502836944241108
Logistic Reg,No SMOTE,0,0,7.471464094612558e-07
Logistic Reg,No SMOTE,0,0,3.8602887249149856e-08
Logistic Reg,No SMOTE,0,0,1.5803433851367165e-06
Logistic Reg,No SMOTE,0,0,4.99875543132827e-05
Logistic Reg,No SMOTE,0,0,0.008662815847127721
Logistic Reg,No SMOTE,0,0,1.8227443901430664e-08
Logistic Reg,No SMOTE,0,0,1.144224136201018e-06
Logistic Reg,No SMOTE,0,0,0.02850712682412853
Logistic Reg,No SMOTE,0,0,4.58979387467281e-05
Logistic Reg,No SMOTE,0,0,1.5976363387689611e-06
Logistic Reg,No SMOTE,0,0,1.738070197033778e-10
Logistic Reg,No SMOTE,0,0,1.4536311270668321e-23
Logistic Reg,No SMOTE,0,0,0.020761166332573917
Logistic Reg,No SMOTE,0,0,0.014712036424038271
Logistic Reg,No SMOTE,0,0,5.814944279418984e-15
Logistic Reg,No SMOTE,0,0,6.869642452643103e-16
Logistic Reg,No SMOTE,0,0,1.0333249580805459e-06
Logistic Reg,No SMOTE,0,0,0.00024414905627532954
Logistic Reg,No SMOTE,0,0,4.751173820469947e-05
Logistic Reg,No SMOTE,0,0,0.00023790798514424096
Logistic Reg,No SMOTE,0,0,2.114502797836845e-08
Logistic Reg,No SMOTE,0,0,7.389077071658657e-15
Logistic Reg,No SMOTE,0,0,0.0005775532336592316
Logistic Reg,No SMOTE,0,0,0.0013525210168741756
Logistic Reg,No SMOTE,0,0,0.013066587775894811
Logistic Reg,No SMOTE,0,0,2.590278382794205e-05
Logistic Reg,No SMOTE,0,0,5.367563188688764e-05
Logistic Reg,No SMOTE,0,0,0.03708346945696088
Logistic Reg,No SMOTE,0,0,9.00942948525486e-12
Logistic Reg,No SMOTE,0,0,1.1281777965565728e-08
Logistic Reg,No SMOTE,0,0,7.142592428578496e-07
Logistic Reg,No SMOTE,0,0,0.00142072897798417
Logistic Reg,No SMOTE,0,0,0.03885867046633444
Logistic Reg,No SMOTE,0,0,0.005490898577320288
Logistic Reg,No SMOTE,0,0,0.015293483710863047
Logistic Reg,No SMOTE,0,0,2.22727019559654e-05
Logistic Reg,No SMOTE,0,0,1.2607185581125478e-06
Logistic Reg,No SMOTE,0,0,0.011793073599983666
Logistic Reg,No SMOTE,0,0,9.481756514681246e-07
Logistic Reg,No SMOTE,0,0,4.630877835431055e-05
Logistic Reg,No SMOTE,0,0,7.769646909446852e-07
Logistic Reg,No SMOTE,0,0,0.007737482352860389
Logistic Reg,No SMOTE,0,0,1.1577577219757402e-06
Logistic Reg,No SMOTE,0,0,0.006324855141412467
Logistic Reg,No SMOTE,0,0,2.478710688647901e-16
Logistic Reg,No SMOTE,0,0,1.673513889303302e-06
Logistic Reg,No SMOTE,0,0,2.0884435039775374e-17
Logistic Reg,No SMOTE,0,0,0.14758256654550655
Logistic Reg,No SMOTE,0,0,3.069264659037217e-05
Logistic Reg,No SMOTE,0,0,1.37254248124209e-20
Logistic Reg,No SMOTE,0,0,0.03986018220270561
Logistic Reg,No SMOTE,0,0,0.012655458533328003
Logistic Reg,No SMOTE,0,0,0.008259631247231187
Logistic Reg,No SMOTE,0,0,7.798333615768476e-07
Logistic Reg,No SMOTE,0,0,2.412093137733233e-08
Logistic Reg,No SMOTE,0,0,4.5479636809029304e-09
Logistic Reg,No SMOTE,0,0,0.014142911120065969
Logistic Reg,No SMOTE,0,0,0.0037734695212200266
Logistic Reg,No SMOTE,0,0,1.2120971556231677e-13
Logistic Reg,No SMOTE,0,0,4.558370295480974e-05
Logistic Reg,No SMOTE,0,0,3.2215727389665817e-06
Logistic Reg,No SMOTE,0,0,0.01136442657103936
Logistic Reg,No SMOTE,0,0,2.6255827941653853e-19
Logistic Reg,No SMOTE,0,0,1.2842870042095788e-08
Logistic Reg,No SMOTE,0,0,4.3681894388701786e-17
Logistic Reg,No SMOTE,0,0,1.625628434273316e-12
Logistic Reg,No SMOTE,0,0,4.909683922253658e-05
Logistic Reg,No SMOTE,0,0,0.0007450849054992318
Logistic Reg,No SMOTE,0,0,1.0281595430044982e-06
Logistic Reg,No SMOTE,0,0,0.0410187907611112
Logistic Reg,No SMOTE,0,0,8.735607225727293e-07
Logistic Reg,No SMOTE,0,0,4.573700119213124e-05
Logistic Reg,No SMOTE,0,0,6.92488979930296e-07
Logistic Reg,No SMOTE,0,0,0.0008445889268630075
Logistic Reg,No SMOTE,0,0,0.038867511555219
Logistic Reg,No SMOTE,0,0,1.6897556392905633e-12
Logistic Reg,No SMOTE,0,0,4.588189147705627e-05
Logistic Reg,No SMOTE,0,0,9.215399780777948e-08
Logistic Reg,No SMOTE,0,1,0.6554783595199383
Logistic Reg,No SMOTE,0,0,1.0528314410418099e-06
Logistic Reg,No SMOTE,0,0,9.270706700454331e-18
Logistic Reg,No SMOTE,0,0,0.011605151902493645
Logistic Reg,No SMOTE,0,0,0.04378047838137055
Logistic Reg,No SMOTE,0,0,0.15643547373798852
Logistic Reg,No SMOTE,0,0,0.10669505678929497
Logistic Reg,No SMOTE,0,0,9.175719278918034e-07
Logistic Reg,No SMOTE,0,0,2.3154748338394967e-05
Logistic Reg,No SMOTE,0,0,0.020571019972020814
Logistic Reg,No SMOTE,0,0,0.011228345948262969
Logistic Reg,No SMOTE,0,0,0.036380559150764206
Logistic Reg,No SMOTE,0,0,5.1278466117540676e-05
Logistic Reg,No SMOTE,0,0,5.0405453457687946e-05
Logistic Reg,No SMOTE,0,0,0.0015192583836958682
Logistic Reg,No SMOTE,0,0,0.0005008510695026962
Logistic Reg,No SMOTE,0,0,0.002699885013763755
Logistic Reg,No SMOTE,0,0,4.036524085946818e-13
Logistic Reg,No SMOTE,0,0,8.764616181192696e-07
Logistic Reg,No SMOTE,0,0,1.495356886833246e-06
Logistic Reg,No SMOTE,0,0,0.00032375958758996585
Logistic Reg,No SMOTE,0,0,2.42439554504921e-14
Logistic Reg,No SMOTE,0,0,5.619861713706314e-08
Logistic Reg,No SMOTE,0,0,0.031345354779151235
Logistic Reg,No SMOTE,0,0,8.570647395496702e-07
Logistic Reg,No SMOTE,0,0,6.36478694789444e-18
Logistic Reg,No SMOTE,0,0,0.010036588201078934
Logistic Reg,No SMOTE,0,0,0.03229090021746164
Logistic Reg,No SMOTE,0,0,5.282573738192408e-46
Logistic Reg,No SMOTE,0,0,0.035634741267399614
Logistic Reg,No SMOTE,0,0,0.02813055714455502
Logistic Reg,No SMOTE,0,0,4.7871147485362325e-05
Logistic Reg,No SMOTE,0,0,0.025567058023245697
Logistic Reg,No SMOTE,0,0,0.034484322839451
Logistic Reg,No SMOTE,0,0,0.042976628619820254
Logistic Reg,No SMOTE,0,0,1.5797752194836487e-17
Logistic Reg,No SMOTE,0,0,6.617083691546323e-05
Logistic Reg,No SMOTE,0,0,5.319004982913678e-07
Logistic Reg,No SMOTE,0,0,0.02886065660846623
Logistic Reg,No SMOTE,0,0,4.7358071645644e-05
Logistic Reg,No SMOTE,0,0,1.0575912143698067e-06
Logistic Reg,No SMOTE,0,0,2.449053020699531e-11
Logistic Reg,No SMOTE,0,0,0.0010439164968905849
Logistic Reg,No SMOTE,0,0,4.5607687963062697e-05
Logistic Reg,No SMOTE,0,0,0.03398965630791954
Logistic Reg,No SMOTE,0,0,4.679675132246258e-05
Logistic Reg,No SMOTE,0,0,6.630401214680325e-05
Logistic Reg,No SMOTE,0,0,0.0021859093155846983
Logistic Reg,No SMOTE,0,0,8.480871317204713e-07
Logistic Reg,No SMOTE,0,0,1.2535729928680875e-06
Logistic Reg,No SMOTE,0,0,0.00019287515624564886
Logistic Reg,No SMOTE,0,1,0.7458281451237281
Logistic Reg,No SMOTE,0,0,8.812674674322517e-08
Logistic Reg,No SMOTE,0,0,4.830366687352163e-05
Logistic Reg,No SMOTE,0,0,0.029882922973704464
Logistic Reg,No SMOTE,0,0,0.03911576718374069
Logistic Reg,No SMOTE,0,0,9.975215266882607e-08
Logistic Reg,No SMOTE,0,0,0.024384597022492672
Logistic Reg,No SMOTE,0,0,5.384581508291893e-05
Logistic Reg,No SMOTE,0,0,1.4684058502385975e-05
Logistic Reg,No SMOTE,0,0,9.580944437320343e-07
Logistic Reg,No SMOTE,0,0,4.6009599358750076e-05
Logistic Reg,No SMOTE,0,0,5.02748710411377e-05
Logistic Reg,No SMOTE,0,0,1.5782860562965756e-08
Logistic Reg,No SMOTE,0,0,0.021458798384066308
Logistic Reg,No SMOTE,0,0,1.4890565939225396e-05
Logistic Reg,No SMOTE,0,0,1.4875289154930754e-08
Logistic Reg,No SMOTE,0,0,5.798227132109567e-07
Logistic Reg,No SMOTE,0,0,1.5940020127926467e-12
Logistic Reg,No SMOTE,0,0,4.59489211230532e-05
Logistic Reg,No SMOTE,0,0,0.010174712289523272
Logistic Reg,No SMOTE,0,0,1.798204173693529e-17
Logistic Reg,No SMOTE,0,0,8.899102805091047e-08
Logistic Reg,No SMOTE,0,0,4.673647923892705e-05
Logistic Reg,No SMOTE,0,0,7.961530172314625e-09
Logistic Reg,No SMOTE,0,0,0.03456292249119463
Logistic Reg,No SMOTE,0,0,6.157146811258146e-08
Logistic Reg,No SMOTE,0,0,1.3718303821139289e-08
Logistic Reg,No SMOTE,0,0,0.0012953416126011295
Logistic Reg,No SMOTE,0,0,4.776144669721852e-05
Logistic Reg,No SMOTE,0,0,0.019674773467700402
Logistic Reg,No SMOTE,0,0,8.43512131252825e-07
Logistic Reg,No SMOTE,0,0,9.216984578566177e-07
Logistic Reg,No SMOTE,0,0,0.030289604250203637
Logistic Reg,No SMOTE,0,0,2.6247671897186982e-20
Logistic Reg,No SMOTE,0,0,0.008838441287390432
Logistic Reg,No SMOTE,0,0,4.664705830247718e-12
Logistic Reg,No SMOTE,0,0,0.003526563990820695
Logistic Reg,No SMOTE,0,0,1.1554079930982157e-10
Logistic Reg,No SMOTE,0,0,2.6426129390467917e-12
Logistic Reg,No SMOTE,0,0,0.0010977102269262523
Logistic Reg,No SMOTE,1,1,0.9552134917984311
Logistic Reg,No SMOTE,0,0,0.0007802643055522761
Logistic Reg,No SMOTE,0,0,2.586131590097778e-07
Logistic Reg,No SMOTE,0,0,0.0004980236067653794
Logistic Reg,No SMOTE,0,0,2.398156192051898e-10
Logistic Reg,No SMOTE,0,0,4.6019225858340834e-05
Logistic Reg,No SMOTE,0,0,4.6893359568737916e-05
Logistic Reg,No SMOTE,0,0,6.05316359400613e-07
Logistic Reg,No SMOTE,0,0,5.3701393184034863e-05
Logistic Reg,No SMOTE,0,0,0.012001388135908857
Logistic Reg,No SMOTE,0,0,4.667758730915978e-05
Logistic Reg,No SMOTE,0,0,4.5763606032616996e-05
Logistic Reg,No SMOTE,0,0,6.642167018675276e-07
Logistic Reg,No SMOTE,0,0,8.95099840561015e-10
Logistic Reg,No SMOTE,0,0,0.013383821721949421
Logistic Reg,No SMOTE,0,0,7.038687440361728e-07
Logistic Reg,No SMOTE,0,0,1.7218118058997133e-09
Logistic Reg,No SMOTE,0,0,0.020444284380043577
Logistic Reg,No SMOTE,0,0,4.7231048800986237e-07
Logistic Reg,No SMOTE,0,0,0.003031094274567914
Logistic Reg,No SMOTE,0,0,9.71890861857342e-07
Logistic Reg,No SMOTE,0,0,0.019233996717070566
Logistic Reg,No SMOTE,0,0,0.055052332361740765
Logistic Reg,No SMOTE,0,0,1.0068228032458917e-08
Logistic Reg,No SMOTE,0,0,1.2532801809259618e-14
Logistic Reg,No SMOTE,0,1,0.527050127868627
Logistic Reg,No SMOTE,0,0,4.5681813095940714e-05
Logistic Reg,No SMOTE,0,0,2.0444102127771152e-08
Logistic Reg,No SMOTE,0,0,0.016750351582318298
Logistic Reg,No SMOTE,0,0,9.0571412296473e-07
Logistic Reg,No SMOTE,0,0,4.5591602776727354e-05
Logistic Reg,No SMOTE,0,0,5.527278677510661e-13
Logistic Reg,No SMOTE,0,0,1.0045766081543787e-06
Logistic Reg,No SMOTE,0,0,6.020285249422848e-06
Logistic Reg,No SMOTE,0,0,9.492341032757416e-08
Logistic Reg,No SMOTE,0,0,0.42489337620492873
Logistic Reg,No SMOTE,0,0,0.021543857241840794
Logistic Reg,No SMOTE,0,0,0.0008059593243346484
Logistic Reg,No SMOTE,0,0,4.6428739149399907e-05
Logistic Reg,No SMOTE,0,0,0.02898280048418265
Logistic Reg,No SMOTE,0,0,0.03001070552826084
Logistic Reg,No SMOTE,0,0,0.028651193824434443
Logistic Reg,No SMOTE,0,0,1.3422660199569182e-06
Logistic Reg,No SMOTE,0,0,4.728789986815163e-05
Logistic Reg,No SMOTE,0,0,1.0264138802588458e-06
Logistic Reg,No SMOTE,0,0,0.01287893640417973
Logistic Reg,No SMOTE,0,0,6.295599425228018e-14
Logistic Reg,No SMOTE,0,0,0.01804218580408762
Logistic Reg,No SMOTE,0,0,5.148344682813863e-09
Logistic Reg,No SMOTE,0,0,7.323345280496054e-21
Logistic Reg,No SMOTE,0,0,4.9514465421879375e-05
Logistic Reg,No SMOTE,0,0,0.0005275556428020699
Logistic Reg,No SMOTE,0,0,2.1140368280311074e-05
Logistic Reg,No SMOTE,0,0,6.393486273931377e-22
Logistic Reg,No SMOTE,0,0,7.47985622110678e-07
Logistic Reg,No SMOTE,0,0,0.018498336925241707
Logistic Reg,No SMOTE,0,0,0.02768091780937822
Logistic Reg,No SMOTE,0,0,3.721921918622214e-14
Logistic Reg,No SMOTE,0,0,4.733732236199836e-05
Logistic Reg,No SMOTE,0,0,1.724758157817659e-14
Logistic Reg,No SMOTE,0,0,0.018997757632698193
Logistic Reg,No SMOTE,0,0,4.600222990763784e-05
Logistic Reg,No SMOTE,0,0,0.009327356443737436
Logistic Reg,No SMOTE,0,0,1.000187576146193e-09
Logistic Reg,No SMOTE,0,0,2.3410740488875755e-06
Logistic Reg,No SMOTE,0,0,0.00017925480601995342
Logistic Reg,No SMOTE,0,0,0.0004176086242777859
Logistic Reg,No SMOTE,0,0,4.5706473692355474e-05
Logistic Reg,No SMOTE,0,0,1.213841419728314e-06
Logistic Reg,No SMOTE,0,0,3.585921733273363e-08
Logistic Reg,No SMOTE,0,0,0.0009469487586817899
Logistic Reg,No SMOTE,0,0,0.029257529628612354
Logistic Reg,No SMOTE,0,0,0.2046214079411171
Logistic Reg,No SMOTE,0,0,1.2234953545983362e-08
Logistic Reg,No SMOTE,0,0,1.2482301074414075e-08
Logistic Reg,No SMOTE,0,0,4.564194918518127e-05
Logistic Reg,No SMOTE,0,0,2.8080118200902444e-16
Logistic Reg,No SMOTE,0,0,0.04313087857716669
Logistic Reg,No SMOTE,0,0,4.54168996855883e-05
Logistic Reg,No SMOTE,0,0,0.0012768625346490862
Logistic Reg,No SMOTE,0,0,9.980459379857573e-11
Logistic Reg,No SMOTE,0,0,0.040797129699741794
Logistic Reg,No SMOTE,0,0,1.7844455061936203e-09
Logistic Reg,No SMOTE,0,0,0.0009842563900518187
Logistic Reg,No SMOTE,0,0,9.383531277258208e-07
Logistic Reg,No SMOTE,0,0,1.0438178138694007e-13
Logistic Reg,No SMOTE,0,0,0.0011234113850180415
Logistic Reg,No SMOTE,0,0,0.032166570904312596
Logistic Reg,No SMOTE,0,0,0.0025581024411050544
Logistic Reg,No SMOTE,0,0,0.0015644581344450364
Logistic Reg,No SMOTE,0,0,0.0005424298439893307
Logistic Reg,No SMOTE,0,0,0.2318124820048619
Logistic Reg,No SMOTE,0,0,0.042315836983553186
Logistic Reg,No SMOTE,0,0,0.039707036983254486
Logistic Reg,No SMOTE,0,0,0.022006886609152287
Logistic Reg,No SMOTE,0,0,1.1212908880534261e-06
Logistic Reg,No SMOTE,0,0,0.0006700782747331064
Logistic Reg,No SMOTE,0,0,0.000993028217434986
Logistic Reg,No SMOTE,0,0,0.0007433713164622199
Logistic Reg,No SMOTE,0,0,1.1808677171999132e-06
Logistic Reg,No SMOTE,0,0,9.96406295837148e-07
Logistic Reg,No SMOTE,0,0,1.3005864808283882e-06
Logistic Reg,No SMOTE,0,0,0.0007123403749843188
Logistic Reg,No SMOTE,0,0,0.2454333344018344
Logistic Reg,No SMOTE,0,0,6.274026776083647e-07
Logistic Reg,No SMOTE,0,0,0.18279392181664675
Logistic Reg,No SMOTE,0,0,0.3864472283506958
Logistic Reg,No SMOTE,0,0,0.0012931797937191076
Logistic Reg,No SMOTE,0,0,0.03371231122649851
Logistic Reg,No SMOTE,0,0,0.051202888017162676
Logistic Reg,No SMOTE,0,0,0.00020121022943608575
Logistic Reg,No SMOTE,0,1,0.5008047204909355
Logistic Reg,No SMOTE,0,0,0.0006799772442502537
Logistic Reg,No SMOTE,0,0,1.0887254056945628e-06
Logistic Reg,No SMOTE,0,0,4.666655098205657e-05
Logistic Reg,No SMOTE,0,0,8.26320259449185e-09
Logistic Reg,No SMOTE,0,0,4.551967914703957e-08
Logistic Reg,No SMOTE,0,0,0.006228661044651342
Logistic Reg,No SMOTE,0,0,3.072636087980728e-05
Logistic Reg,No SMOTE,0,0,0.000634917715298421
Logistic Reg,No SMOTE,0,0,0.4403894680773945
Logistic Reg,No SMOTE,0,0,0.20853029696330125
Logistic Reg,No SMOTE,0,0,8.634406510885523e-07
Logistic Reg,No SMOTE,0,0,1.1149191605682813e-06
Logistic Reg,No SMOTE,0,0,7.870275126628674e-07
Logistic Reg,No SMOTE,0,0,1.327977775911521e-06
Logistic Reg,No SMOTE,0,0,0.036687076742168666
Logistic Reg,No SMOTE,0,0,2.186029612383583e-08
Logistic Reg,No SMOTE,0,0,0.030737418858802847
Logistic Reg,No SMOTE,0,0,9.425302003874078e-07
Logistic Reg,No SMOTE,0,0,3.7457839102253235e-06
Logistic Reg,No SMOTE,0,0,0.009706915589670777
Logistic Reg,No SMOTE,0,0,4.558220181167633e-05
Logistic Reg,No SMOTE,0,0,1.0742680362952409e-06
Logistic Reg,No SMOTE,0,0,0.011419455756581542
Logistic Reg,No SMOTE,0,0,1.0085640030532065e-06
Logistic Reg,No SMOTE,0,0,0.0013930573393435258
Logistic Reg,No SMOTE,0,0,0.07427486037527051
Logistic Reg,No SMOTE,0,0,4.880437128356625e-05
Logistic Reg,No SMOTE,0,0,3.599445926135382e-13
Logistic Reg,No SMOTE,0,0,5.203717408186121e-05
Logistic Reg,No SMOTE,0,0,2.847136501063131e-13
Logistic Reg,No SMOTE,0,0,0.000881610736240494
Logistic Reg,No SMOTE,0,0,7.961262270059357e-07
Logistic Reg,No SMOTE,0,0,5.448729388585115e-05
Logistic Reg,No SMOTE,0,0,1.358155362844033e-06
Logistic Reg,No SMOTE,0,0,0.027334512672346364
Logistic Reg,No SMOTE,0,0,4.2460884894005803e-20
Logistic Reg,No SMOTE,0,0,8.270407876988975e-16
Logistic Reg,No SMOTE,0,0,0.0003479859028490847
Logistic Reg,No SMOTE,0,0,8.944278134949175e-07
Logistic Reg,No SMOTE,0,0,4.804112224494444e-05
Logistic Reg,No SMOTE,0,0,0.027645441350289523
Logistic Reg,No SMOTE,0,0,1.3366099574029256e-06
Logistic Reg,No SMOTE,0,0,0.05315993431940581
Logistic Reg,No SMOTE,0,0,0.02183060970454501
Logistic Reg,No SMOTE,0,0,0.0021849442497238465
Logistic Reg,No SMOTE,0,0,0.028955698068651704
Logistic Reg,No SMOTE,0,0,3.8023097759138244e-06
Logistic Reg,No SMOTE,0,0,9.258040749105614e-07
Logistic Reg,No SMOTE,0,0,1.6851507919884646e-11
Logistic Reg,No SMOTE,0,0,0.022624682018833074
Logistic Reg,No SMOTE,0,0,4.670459228530271e-05
Logistic Reg,No SMOTE,0,0,4.5915853750786386e-05
Logistic Reg,No SMOTE,0,1,0.8192014382197367
Logistic Reg,No SMOTE,0,0,8.247896577052441e-07
Logistic Reg,No SMOTE,0,0,1.6763252684797205e-33
Logistic Reg,No SMOTE,0,0,4.5621565755005496e-05
Logistic Reg,No SMOTE,0,0,0.0431786481776035
Logistic Reg,No SMOTE,0,0,1.6073578266446663e-11
Logistic Reg,No SMOTE,0,0,4.5489953662107044e-14
Logistic Reg,No SMOTE,0,0,8.893833195177378e-07
Logistic Reg,No SMOTE,0,0,0.007587339054250631
Logistic Reg,No SMOTE,0,0,0.0558448945032045
Logistic Reg,No SMOTE,0,0,0.03085247208845898
Logistic Reg,No SMOTE,0,0,0.03859190790565947
Logistic Reg,No SMOTE,0,0,1.2376768351374864e-05
Logistic Reg,No SMOTE,0,0,4.9199934700903476e-05
Logistic Reg,No SMOTE,0,0,1.0302346029860963e-06
Logistic Reg,No SMOTE,0,0,0.0001473977778996816
Logistic Reg,No SMOTE,0,0,0.002444251785285871
Logistic Reg,No SMOTE,0,0,1.2396864855654e-06
Logistic Reg,No SMOTE,0,0,0.0014396653134610498
Logistic Reg,No SMOTE,0,0,8.992327452164294e-08
Logistic Reg,No SMOTE,0,0,5.0694230344038636e-05
Logistic Reg,No SMOTE,0,0,4.5721502230647666e-05
Logistic Reg,No SMOTE,0,0,8.514221332798087e-07
Logistic Reg,No SMOTE,0,0,0.0011868847638906719
Logistic Reg,No SMOTE,0,0,0.00024145082424585466
Logistic Reg,No SMOTE,0,0,3.007875525576321e-06
Logistic Reg,No SMOTE,0,0,0.13269266512779887
Logistic Reg,No SMOTE,0,0,4.5960882706444865e-05
Logistic Reg,No SMOTE,0,0,8.144157276170128e-07
Logistic Reg,No SMOTE,0,0,1.016086357993794e-06
Logistic Reg,No SMOTE,0,0,3.33920713066527e-13
Logistic Reg,No SMOTE,0,0,3.798547167579076e-08
Logistic Reg,No SMOTE,0,0,1.932075845937733e-11
Logistic Reg,No SMOTE,0,0,4.514015829938279e-25
Logistic Reg,No SMOTE,0,0,2.0526943025307762e-13
Logistic Reg,No SMOTE,0,0,4.68712362235319e-05
Logistic Reg,No SMOTE,0,0,1.5249895878166194e-07
Logistic Reg,No SMOTE,0,0,0.03396611774267744
Logistic Reg,No SMOTE,0,0,1.0372659085167665e-06
Logistic Reg,No SMOTE,0,0,0.00011922724119575155
Logistic Reg,No SMOTE,0,0,0.029474171195980583
Logistic Reg,No SMOTE,0,0,0.010950994160711785
Logistic Reg,No SMOTE,0,0,3.7528996550116347e-13
Logistic Reg,No SMOTE,0,0,0.0006096191546383641
Logistic Reg,No SMOTE,0,0,1.0752337686618504e-06
Logistic Reg,No SMOTE,0,0,0.0007571377451961418
Logistic Reg,No SMOTE,0,0,4.5659206458394425e-05
Logistic Reg,No SMOTE,0,0,8.428534167173221e-07
Logistic Reg,No SMOTE,0,0,2.2881338253220556e-10
Logistic Reg,No SMOTE,0,0,0.01459817697506463
Logistic Reg,No SMOTE,0,0,4.559098129210564e-05
Logistic Reg,No SMOTE,0,0,4.7387350209308654e-05
Logistic Reg,No SMOTE,0,0,0.027294238511702092
Logistic Reg,No SMOTE,0,0,0.0003724516176594842
Logistic Reg,No SMOTE,0,0,0.00649197984925577
Logistic Reg,No SMOTE,0,0,7.191215256682676e-07
Logistic Reg,No SMOTE,0,0,2.963581032698904e-11
Logistic Reg,No SMOTE,0,0,8.686906813086525e-10
Logistic Reg,No SMOTE,0,0,2.8609776789611366e-09
Logistic Reg,No SMOTE,0,0,8.792184223187539e-07
Logistic Reg,No SMOTE,0,0,4.904535372800585e-05
Logistic Reg,No SMOTE,0,0,0.03714996705314779
Logistic Reg,No SMOTE,0,0,4.619917042706481e-07
Logistic Reg,No SMOTE,0,0,1.0860957955326992e-06
Logistic Reg,No SMOTE,0,0,0.0023580821728325773
Logistic Reg,No SMOTE,0,0,9.071604293780012e-07
Logistic Reg,No SMOTE,0,0,2.748572662765008e-07
Logistic Reg,No SMOTE,0,0,0.017957804314631554
Logistic Reg,No SMOTE,0,0,0.0013274674397775522
Logistic Reg,No SMOTE,0,0,8.411304574169573e-07
Logistic Reg,No SMOTE,0,0,0.0019544443426656216
Logistic Reg,No SMOTE,0,0,3.217614362632502e-50
Logistic Reg,No SMOTE,0,0,4.590776985204594e-05
Logistic Reg,No SMOTE,0,0,4.56724306396164e-05
Logistic Reg,No SMOTE,0,0,0.0007196031400764103
Logistic Reg,No SMOTE,0,0,4.590679805751666e-05
Logistic Reg,No SMOTE,0,0,0.03324010825230557
Logistic Reg,No SMOTE,0,0,2.404684151358334e-16
Logistic Reg,No SMOTE,0,1,0.7304485983622003
Logistic Reg,No SMOTE,0,0,5.192440433161023e-05
Logistic Reg,No SMOTE,0,0,2.5107547646250477e-05
Logistic Reg,No SMOTE,0,0,0.0035442147681181988
Logistic Reg,No SMOTE,0,0,0.0016110998410472617
Logistic Reg,No SMOTE,0,0,1.615004593046747e-10
Logistic Reg,No SMOTE,0,0,4.5754201253082703e-05
Logistic Reg,No SMOTE,0,0,0.016617623706607174
Logistic Reg,No SMOTE,0,0,4.5582318915898035e-05
Logistic Reg,No SMOTE,0,0,1.1953024019423895e-06
Logistic Reg,No SMOTE,0,0,2.3128864171128604e-18
Logistic Reg,No SMOTE,0,0,6.844982661221589e-07
Logistic Reg,No SMOTE,0,0,4.637286205766513e-05
Logistic Reg,No SMOTE,0,0,0.03133577639212345
Logistic Reg,No SMOTE,0,0,0.0001567949845434397
Logistic Reg,No SMOTE,0,0,0.028578305225141987
Logistic Reg,No SMOTE,0,0,1.3159907582603025e-23
Logistic Reg,No SMOTE,0,0,0.4046393421093071
Logistic Reg,No SMOTE,0,0,0.035408741540510894
Logistic Reg,No SMOTE,0,0,7.893087273327462e-07
Logistic Reg,No SMOTE,0,0,0.0005041762834988074
Logistic Reg,No SMOTE,0,0,0.027210807336689676
Logistic Reg,No SMOTE,0,0,8.467882721657268e-13
Logistic Reg,No SMOTE,0,0,3.153991563702184e-06
Logistic Reg,No SMOTE,0,0,1.644923178398349e-07
Logistic Reg,No SMOTE,0,0,2.832948183228458e-07
Logistic Reg,No SMOTE,0,0,1.8635847161574597e-21
Logistic Reg,No SMOTE,0,0,4.56610084988731e-05
Logistic Reg,No SMOTE,0,0,9.006879504831704e-07
Logistic Reg,No SMOTE,0,0,0.00044479457081557025
Logistic Reg,No SMOTE,0,0,3.109725760668267e-14
Logistic Reg,No SMOTE,0,0,0.05663179047155601
Logistic Reg,No SMOTE,0,0,0.004563278168240947
Logistic Reg,No SMOTE,0,0,0.033886627324617946
Logistic Reg,No SMOTE,0,0,0.03916257489225698
Logistic Reg,No SMOTE,0,0,0.014044214501655413
Logistic Reg,No SMOTE,0,0,4.6060611474001434e-05
Logistic Reg,No SMOTE,0,0,0.0006780171780410852
Logistic Reg,No SMOTE,0,0,3.5819867847300547e-07
Logistic Reg,No SMOTE,0,0,9.87156099008107e-12
Logistic Reg,No SMOTE,0,0,0.383109844539104
Logistic Reg,No SMOTE,0,0,0.00016735384206440022
Logistic Reg,No SMOTE,0,0,9.585062825103676e-07
Logistic Reg,No SMOTE,0,0,4.8149869308228825e-05
Logistic Reg,No SMOTE,0,0,0.01467106787333068
Logistic Reg,No SMOTE,0,0,0.0019201522518054875
Logistic Reg,No SMOTE,0,1,0.7429760617549115
Logistic Reg,No SMOTE,0,0,2.725740334681045e-10
Logistic Reg,No SMOTE,0,0,1.0642671341799912e-06
Logistic Reg,No SMOTE,0,0,0.0031493069788045476
Logistic Reg,No SMOTE,0,0,0.015925172950352878
Logistic Reg,No SMOTE,0,0,2.3509075179614198e-07
Logistic Reg,No SMOTE,0,0,8.639715847930606e-07
Logistic Reg,No SMOTE,0,0,4.559206322236781e-05
Logistic Reg,No SMOTE,0,0,1.2643916726142973e-06
Logistic Reg,No SMOTE,0,0,4.703740108539341e-05
Logistic Reg,No SMOTE,0,0,4.015326051018224e-17
Logistic Reg,No SMOTE,0,0,0.026220191814234947
Logistic Reg,No SMOTE,0,0,0.09875560279707274
Logistic Reg,No SMOTE,0,0,0.0012239481213315777
Logistic Reg,No SMOTE,0,0,0.019129201498522957
Logistic Reg,No SMOTE,0,0,1.2642618218678691e-06
Logistic Reg,No SMOTE,0,0,1.858650270569023e-33
Logistic Reg,No SMOTE,0,0,4.572596622836837e-05
Logistic Reg,No SMOTE,0,0,9.059477728506661e-07
Logistic Reg,No SMOTE,0,0,6.572827707672916e-07
Logistic Reg,No SMOTE,0,0,0.003799152912255552
Logistic Reg,No SMOTE,0,0,0.010411457376977146
Logistic Reg,No SMOTE,0,0,3.665639942634428e-14
Logistic Reg,No SMOTE,0,0,5.2859814088096885e-05
Logistic Reg,No SMOTE,0,0,3.0758488383434965e-29
Logistic Reg,No SMOTE,0,0,9.397949327977418e-17
Logistic Reg,No SMOTE,0,0,4.586872665503867e-05
Logistic Reg,No SMOTE,0,0,1.1454722014958975e-06
Logistic Reg,No SMOTE,0,0,4.6455352483784736e-05
Logistic Reg,No SMOTE,0,0,6.9300957188443884e-18
Logistic Reg,No SMOTE,0,0,2.619919096575611e-09
Logistic Reg,No SMOTE,0,0,0.043296762827759024
Logistic Reg,No SMOTE,0,0,0.1380778145318807
Logistic Reg,No SMOTE,0,0,1.1852167955630617e-06
Logistic Reg,No SMOTE,0,0,0.0008714175998324905
Logistic Reg,No SMOTE,0,0,0.01747483615331949
Logistic Reg,No SMOTE,0,0,7.238128893304853e-07
Logistic Reg,No SMOTE,0,0,6.882835377326875e-07
Logistic Reg,No SMOTE,0,0,0.00011197209458826942
Logistic Reg,No SMOTE,0,0,9.563865994707064e-13
Logistic Reg,No SMOTE,0,0,0.0034792068214548728
Logistic Reg,No SMOTE,0,0,7.861950208174276e-16
Logistic Reg,No SMOTE,0,0,4.751005049927753e-05
Logistic Reg,No SMOTE,0,0,0.0291235821588555
Logistic Reg,No SMOTE,0,0,1.2550960548973147e-06
Logistic Reg,No SMOTE,0,0,0.019903005236256936
Logistic Reg,No SMOTE,0,0,7.495305726199584e-10
Logistic Reg,No SMOTE,0,0,1.3131329730893789e-08
Logistic Reg,No SMOTE,0,0,0.03808934290772927
Logistic Reg,No SMOTE,0,0,1.1649379699870679e-06
Logistic Reg,No SMOTE,0,0,3.4033880341681516e-06
Logistic Reg,No SMOTE,0,0,1.9788180914510336e-05
Logistic Reg,No SMOTE,0,0,0.03505769482988661
Logistic Reg,No SMOTE,0,0,2.589371300534012e-10
Logistic Reg,No SMOTE,0,0,2.2705605905832928e-07
Logistic Reg,No SMOTE,0,0,4.681198105731823e-05
Logistic Reg,No SMOTE,0,0,1.9738222606526228e-14
Logistic Reg,No SMOTE,0,0,0.037443341132784025
Logistic Reg,No SMOTE,0,0,8.479583517304428e-07
Logistic Reg,No SMOTE,0,0,0.010243366803109014
Logistic Reg,No SMOTE,0,0,0.03668142635081088
Logistic Reg,No SMOTE,0,0,1.4079316565754877e-10
Logistic Reg,No SMOTE,0,0,0.0017245372783720014
Logistic Reg,No SMOTE,0,0,0.00084139782479676
Logistic Reg,No SMOTE,0,0,0.009039530712580013
Logistic Reg,No SMOTE,0,0,4.932785444157215e-05
Logistic Reg,No SMOTE,0,0,6.239435152649028e-12
Logistic Reg,No SMOTE,0,0,0.0076903682603206855
Logistic Reg,No SMOTE,0,0,1.4534373044788315e-10
Logistic Reg,No SMOTE,0,0,0.034142140842512304
Logistic Reg,No SMOTE,0,0,0.00034048757242327436
Logistic Reg,No SMOTE,0,0,4.812628224912948e-07
Logistic Reg,No SMOTE,0,0,0.011891462893233397
Logistic Reg,No SMOTE,0,0,1.0558704950324674e-17
Logistic Reg,No SMOTE,0,0,4.635240874520803e-05
Logistic Reg,No SMOTE,0,0,4.8165808538775005e-05
Logistic Reg,No SMOTE,0,0,1.5943522130397567e-06
Logistic Reg,No SMOTE,0,0,5.0375470032735855e-05
Logistic Reg,No SMOTE,0,0,0.019691944961734587
Logistic Reg,No SMOTE,0,0,4.19651643454988e-12
Logistic Reg,No SMOTE,0,0,0.05006401627251752
Logistic Reg,No SMOTE,0,0,8.140875714713521e-07
Logistic Reg,No SMOTE,0,0,0.032189465008656
Logistic Reg,No SMOTE,0,0,3.695936318488271e-08
Logistic Reg,No SMOTE,0,0,2.7393151530611557e-09
Logistic Reg,No SMOTE,0,0,0.054441096413686156
Logistic Reg,No SMOTE,0,0,2.484732401610389e-19
Logistic Reg,No SMOTE,0,0,1.520603939784025e-13
Logistic Reg,No SMOTE,0,0,9.7851358924609e-08
Logistic Reg,No SMOTE,0,0,6.407243238896088e-07
Logistic Reg,No SMOTE,0,0,2.1734377328075706e-15
Logistic Reg,No SMOTE,0,0,0.03696807096120198
Logistic Reg,No SMOTE,0,0,1.0053547443259964e-06
Logistic Reg,No SMOTE,0,0,0.025825617255036914
Logistic Reg,No SMOTE,0,0,1.1653704069290853e-06
Logistic Reg,No SMOTE,0,0,1.067256840280146e-06
Logistic Reg,No SMOTE,0,0,0.024476025689453385
Logistic Reg,No SMOTE,0,0,0.014004738132621942
Logistic Reg,No SMOTE,0,0,0.015775649697029714
Logistic Reg,No SMOTE,0,0,0.014619967212177967
Logistic Reg,No SMOTE,0,0,1.645165423741908e-11
Logistic Reg,No SMOTE,0,0,1.5307199532253647e-08
Logistic Reg,No SMOTE,0,0,5.566943516334566e-07
Logistic Reg,No SMOTE,0,0,0.015516385475557816
Logistic Reg,No SMOTE,0,0,4.005102412426069e-18
Logistic Reg,No SMOTE,0,0,0.03454360591928969
Logistic Reg,No SMOTE,0,0,0.03811616801511362
Logistic Reg,No SMOTE,0,0,1.2524308254527354e-12
Logistic Reg,No SMOTE,0,0,0.021818294456788942
Logistic Reg,No SMOTE,0,0,0.004774579316822387
Logistic Reg,No SMOTE,0,0,0.19575406882491822
Logistic Reg,No SMOTE,0,0,3.8395135526784296e-14
Logistic Reg,No SMOTE,0,0,0.027352267822133184
Logistic Reg,No SMOTE,0,0,4.596101588277846e-05
Logistic Reg,No SMOTE,0,0,1.4143459772752103e-06
Logistic Reg,No SMOTE,0,0,4.044104620634758e-09
Logistic Reg,No SMOTE,0,0,4.6137633352421163e-05
Logistic Reg,No SMOTE,0,0,1.1778938500602716e-06
Logistic Reg,No SMOTE,0,1,0.6002714804278243
Logistic Reg,No SMOTE,0,0,0.019781398537526827
Logistic Reg,No SMOTE,0,0,0.03202699325912905
Logistic Reg,No SMOTE,0,0,4.8990391794788985e-05
Logistic Reg,No SMOTE,0,0,9.35716064299445e-07
Logistic Reg,No SMOTE,0,0,2.38488309541376e-07
Logistic Reg,No SMOTE,0,0,4.99401870435505e-17
Logistic Reg,No SMOTE,0,0,0.031015688803419626
Logistic Reg,No SMOTE,0,0,0.026617161619050877
Logistic Reg,No SMOTE,0,0,1.5679725250289558e-13
Logistic Reg,No SMOTE,0,0,4.596021474833331e-05
Logistic Reg,No SMOTE,0,0,7.832610002815203e-07
Logistic Reg,No SMOTE,0,0,0.001065216524615066
Logistic Reg,No SMOTE,0,0,8.929329888610691e-07
Logistic Reg,No SMOTE,0,0,6.985289418187439e-07
Logistic Reg,No SMOTE,0,0,9.402964941027684e-20
Logistic Reg,No SMOTE,0,0,0.02822171053021464
Logistic Reg,No SMOTE,0,1,0.5201680529416807
Logistic Reg,No SMOTE,0,0,0.020124024181115873
Logistic Reg,No SMOTE,0,0,0.007495363357226437
Logistic Reg,No SMOTE,0,0,0.023907730562395826
Logistic Reg,No SMOTE,0,0,6.2067816959113585e-22
Logistic Reg,No SMOTE,0,0,0.034090649631452585
Logistic Reg,No SMOTE,0,0,8.653351726602908e-07
Logistic Reg,No SMOTE,0,0,8.431709303384016e-07
Logistic Reg,No SMOTE,0,0,7.390781798018259e-07
Logistic Reg,No SMOTE,0,0,0.0013123875886989487
Logistic Reg,No SMOTE,0,0,5.147119761874099e-05
Logistic Reg,No SMOTE,0,0,1.062855085612212e-14
Logistic Reg,No SMOTE,0,0,0.18208923146095526
Logistic Reg,No SMOTE,0,0,0.030370269643710892
Logistic Reg,No SMOTE,0,1,0.8158679641513834
Logistic Reg,No SMOTE,0,0,8.930962903274733e-07
Logistic Reg,No SMOTE,0,0,3.4869973805958215e-07
Logistic Reg,No SMOTE,0,0,0.00022304597518335334
Logistic Reg,No SMOTE,0,0,0.046357392132798325
Logistic Reg,No SMOTE,0,0,7.114348887181232e-07
Logistic Reg,No SMOTE,0,0,0.00044582655047261657
Logistic Reg,No SMOTE,0,0,3.7458602562470726e-06
Logistic Reg,No SMOTE,0,0,4.567741468966628e-05
Logistic Reg,No SMOTE,0,0,7.896763460547138e-07
Logistic Reg,No SMOTE,0,0,6.679290209333944e-06
Logistic Reg,No SMOTE,0,0,9.092904896120401e-05
Logistic Reg,No SMOTE,0,0,0.028486584181990196
Logistic Reg,No SMOTE,0,0,0.0011354468239858032
Logistic Reg,No SMOTE,0,0,1.585949533621351e-08
Logistic Reg,No SMOTE,0,0,0.029084368620319354
Logistic Reg,No SMOTE,0,0,5.978047316338765e-07
Logistic Reg,No SMOTE,0,0,0.0014921446225935897
Logistic Reg,No SMOTE,0,0,1.2323776264717218e-12
Logistic Reg,No SMOTE,0,0,0.024415826773218366
Logistic Reg,No SMOTE,0,0,0.04798500667030259
Logistic Reg,No SMOTE,0,0,4.617548202729885e-05
Logistic Reg,No SMOTE,0,0,1.1305130403404013e-08
Logistic Reg,No SMOTE,0,0,2.508073764694766e-17
Logistic Reg,No SMOTE,0,0,0.05888174870621441
Logistic Reg,No SMOTE,0,0,1.0351756941765363e-06
Logistic Reg,No SMOTE,0,0,0.03125875521612606
Logistic Reg,No SMOTE,0,0,9.98845017873293e-07
Logistic Reg,No SMOTE,0,0,0.043900502418586076
Logistic Reg,No SMOTE,0,0,4.8853473495331297e-05
Logistic Reg,No SMOTE,0,0,0.0342944027619974
Logistic Reg,No SMOTE,0,0,0.21189539736297397
Logistic Reg,No SMOTE,0,0,0.29174495790291693
Logistic Reg,No SMOTE,0,0,8.081177501281583e-07
Logistic Reg,No SMOTE,0,0,9.460895894718595e-07
Logistic Reg,No SMOTE,0,0,0.0011682866679446255
Logistic Reg,No SMOTE,0,0,0.03077702608074546
Logistic Reg,No SMOTE,0,0,1.7576465076641593e-14
Logistic Reg,No SMOTE,0,0,4.818272296065506e-06
Logistic Reg,No SMOTE,0,0,5.411835042648309e-19
Logistic Reg,No SMOTE,0,0,4.46528731808287e-12
Logistic Reg,No SMOTE,0,0,4.9164938860966244e-11
Logistic Reg,No SMOTE,0,0,9.059207694462948e-07
Logistic Reg,No SMOTE,0,0,4.5762910916747034e-05
Logistic Reg,No SMOTE,0,0,3.781980716636793e-12
Logistic Reg,No SMOTE,0,0,0.0030255161377771666
Logistic Reg,No SMOTE,0,0,1.9466358113258812e-06
Logistic Reg,No SMOTE,0,0,1.1835100152280629e-08
Logistic Reg,No SMOTE,0,0,1.893425828925576e-07
Logistic Reg,No SMOTE,0,0,0.0312425610282731
Logistic Reg,No SMOTE,0,0,0.00012813371697362744
Logistic Reg,No SMOTE,0,0,0.04797449110177856
Logistic Reg,No SMOTE,0,0,5.150002888025924e-08
Logistic Reg,No SMOTE,0,0,7.46520250629052e-21
Logistic Reg,No SMOTE,0,0,7.816449247891226e-19
Logistic Reg,No SMOTE,0,0,1.3764051087834414e-13
Logistic Reg,No SMOTE,0,0,0.040026844436813265
Logistic Reg,No SMOTE,0,0,1.748547752093713e-14
Logistic Reg,No SMOTE,0,0,0.030962847033446064
Logistic Reg,No SMOTE,0,1,0.7043732592930417
Logistic Reg,No SMOTE,0,0,0.006305777127647278
Logistic Reg,No SMOTE,0,0,0.026209806191739505
Logistic Reg,No SMOTE,0,0,1.1301205790300477e-12
Logistic Reg,No SMOTE,0,0,0.018822387972390747
Logistic Reg,No SMOTE,0,0,0.03129334825774883
Logistic Reg,No SMOTE,0,0,8.318625890295346e-07
Logistic Reg,No SMOTE,0,0,2.0741842325770517e-18
Logistic Reg,No SMOTE,0,0,4.559211897391049e-05
Logistic Reg,No SMOTE,0,0,0.037237939872303547
Logistic Reg,No SMOTE,0,0,1.0731888191402644e-06
Logistic Reg,No SMOTE,0,0,0.006626272862467833
Logistic Reg,No SMOTE,0,0,9.419756412831448e-07
Logistic Reg,No SMOTE,0,0,1.046107299962839e-06
Logistic Reg,No SMOTE,0,0,0.3390641365064222
Logistic Reg,No SMOTE,0,0,0.03274852332332741
Logistic Reg,No SMOTE,0,0,4.600679446342564e-05
Logistic Reg,No SMOTE,0,0,7.427630217814318e-15
Logistic Reg,No SMOTE,0,0,4.9631006126505715e-05
Logistic Reg,No SMOTE,0,0,0.0012713066918890491
Logistic Reg,No SMOTE,0,0,0.048561321139769055
Logistic Reg,No SMOTE,0,0,4.388908875679063e-07
Logistic Reg,No SMOTE,0,0,0.00027694603320726384
Logistic Reg,No SMOTE,0,0,0.03250046537215177
Logistic Reg,No SMOTE,0,0,1.6849116454841802e-12
Logistic Reg,No SMOTE,0,0,6.878666701132989e-12
Logistic Reg,No SMOTE,0,0,7.579009917915066e-12
Logistic Reg,No SMOTE,0,0,4.827694780096543e-05
Logistic Reg,No SMOTE,0,0,5.948169503697121e-09
Logistic Reg,No SMOTE,0,0,9.06616079260619e-07
Logistic Reg,No SMOTE,0,0,1.511364204042999e-12
Logistic Reg,No SMOTE,0,0,4.780617357035074e-05
Logistic Reg,No SMOTE,0,0,4.570621915387556e-05
Logistic Reg,No SMOTE,0,0,1.045865485150706e-18
Logistic Reg,No SMOTE,0,0,4.594311208489686e-05
Logistic Reg,No SMOTE,0,0,5.796156726979784e-25
Logistic Reg,No SMOTE,0,0,0.0008410924594916962
Logistic Reg,No SMOTE,0,0,4.604901910322583e-15
Logistic Reg,No SMOTE,0,0,4.56624352011473e-05
Logistic Reg,No SMOTE,0,0,1.497030624989216e-13
Logistic Reg,No SMOTE,0,0,0.02878080970985865
Logistic Reg,No SMOTE,0,0,4.558903266843181e-05
Logistic Reg,No SMOTE,0,0,7.817764934410041e-07
Logistic Reg,No SMOTE,0,0,8.469378982488749e-20
Logistic Reg,No SMOTE,0,0,0.011284995288589363
Logistic Reg,No SMOTE,0,0,1.5317971892803506e-14
Logistic Reg,No SMOTE,0,0,3.81134068460011e-09
Logistic Reg,No SMOTE,0,0,5.1736456551507615e-15
Logistic Reg,No SMOTE,0,0,1.011823330433549e-06
Logistic Reg,No SMOTE,0,0,4.560210372570779e-05
Logistic Reg,No SMOTE,0,0,9.227273155111815e-07
Logistic Reg,No SMOTE,0,0,4.7419681932766536e-05
Logistic Reg,No SMOTE,0,0,1.4898776113363348e-11
Logistic Reg,No SMOTE,0,0,8.195405560295164e-07
Logistic Reg,No SMOTE,0,0,1.0756334930714262e-06
Logistic Reg,No SMOTE,0,0,0.03320425711429189
Logistic Reg,No SMOTE,0,0,0.0002813702414412042
Logistic Reg,No SMOTE,0,0,0.028846899754632185
Logistic Reg,No SMOTE,0,0,0.03792589425400293
Logistic Reg,No SMOTE,0,0,9.014079285371697e-07
Logistic Reg,No SMOTE,0,0,7.652516219329051e-07
Logistic Reg,No SMOTE,0,0,2.5657133479446838e-14
Logistic Reg,No SMOTE,0,0,0.03705090133687235
Logistic Reg,No SMOTE,0,0,2.269085803971259e-07
Logistic Reg,No SMOTE,0,0,4.609671624713019e-05
Logistic Reg,No SMOTE,0,0,1.0034949652163916e-06
Logistic Reg,No SMOTE,0,0,6.944140385771331e-23
Logistic Reg,No SMOTE,0,0,3.3381516486188974e-16
Logistic Reg,No SMOTE,0,0,4.594368659473359e-05
Logistic Reg,No SMOTE,0,0,0.005934281909476302
Logistic Reg,No SMOTE,0,0,3.1028103688533173e-09
Logistic Reg,No SMOTE,0,0,1.1368580754283278e-06
Logistic Reg,No SMOTE,0,0,7.4446022133756e-12
Logistic Reg,No SMOTE,0,0,0.01709077425828822
Logistic Reg,No SMOTE,0,0,4.570707377757237e-05
Logistic Reg,No SMOTE,0,0,3.603227183046698e-17
Logistic Reg,No SMOTE,0,0,4.580525492166591e-05
Logistic Reg,No SMOTE,0,0,6.098088195154049e-07
Logistic Reg,No SMOTE,0,0,0.02993265797839602
Logistic Reg,No SMOTE,0,0,1.145472811071791e-06
Logistic Reg,No SMOTE,0,0,0.00039169531882605893
Logistic Reg,No SMOTE,0,0,7.269190042777596e-07
Logistic Reg,No SMOTE,0,0,6.374193585428442e-05
Logistic Reg,No SMOTE,0,0,0.266628467287781
Logistic Reg,No SMOTE,0,0,0.000779848513026008
Logistic Reg,No SMOTE,0,0,2.6605689441682313e-06
Logistic Reg,No SMOTE,0,0,3.519332408980076e-08
Logistic Reg,No SMOTE,0,0,4.559157073041654e-05
Logistic Reg,No SMOTE,0,0,0.03662737664561303
Logistic Reg,No SMOTE,0,0,0.00026388199229905953
Logistic Reg,No SMOTE,0,0,1.058062974250405e-06
Logistic Reg,No SMOTE,0,0,0.068624681369545
Logistic Reg,No SMOTE,0,0,2.401885429425948e-15
Logistic Reg,No SMOTE,0,0,3.7861312818550314e-06
Logistic Reg,No SMOTE,0,0,4.782746894024914e-08
Logistic Reg,No SMOTE,0,0,0.003028182878740944
Logistic Reg,No SMOTE,0,0,0.01451560633348851
Logistic Reg,No SMOTE,0,0,2.627591292186929e-06
Logistic Reg,No SMOTE,0,1,0.7581939901300243
Logistic Reg,No SMOTE,0,0,5.399940948243366e-05
Logistic Reg,No SMOTE,0,0,1.0667415567064916e-06
Logistic Reg,No SMOTE,0,0,0.0865588689654747
Logistic Reg,No SMOTE,0,0,7.01402709886077e-07
Logistic Reg,No SMOTE,0,0,4.914723442117581e-05
Logistic Reg,No SMOTE,0,0,1.9422686261406114e-12
Logistic Reg,No SMOTE,0,0,7.475343947936576e-11
Logistic Reg,No SMOTE,0,0,0.010491450596968993
Logistic Reg,No SMOTE,0,0,4.5634019403377116e-05
Logistic Reg,No SMOTE,0,0,0.03574156322900456
Logistic Reg,No SMOTE,0,0,0.020745317360339455
Logistic Reg,No SMOTE,0,0,0.02687290304698487
Logistic Reg,No SMOTE,0,0,4.620570237950096e-05
Logistic Reg,No SMOTE,0,0,0.03628658476708143
Logistic Reg,No SMOTE,0,0,0.00978798343297568
Logistic Reg,No SMOTE,0,0,0.0006833056897684523
Logistic Reg,No SMOTE,0,0,1.1590334590703173e-06
Logistic Reg,No SMOTE,0,0,1.2754397800084743e-06
Logistic Reg,No SMOTE,0,0,0.001109734325006801
Logistic Reg,No SMOTE,0,0,0.026713227868418846
Logistic Reg,No SMOTE,0,0,1.1298821832134788e-06
Logistic Reg,No SMOTE,0,0,1.1243245474552314e-15
Logistic Reg,No SMOTE,0,0,6.712127525940742e-07
Logistic Reg,No SMOTE,0,0,0.00429701294115986
Logistic Reg,No SMOTE,0,1,0.5478938963068727
Logistic Reg,No SMOTE,0,0,0.015234324699276774
Logistic Reg,No SMOTE,0,0,2.590181294401174e-15
Logistic Reg,No SMOTE,0,0,0.10310977097294735
Logistic Reg,No SMOTE,0,0,1.1980779654787644e-06
Logistic Reg,No SMOTE,0,0,9.647574660614196e-07
Logistic Reg,No SMOTE,0,0,4.968624842290788e-21
Logistic Reg,No SMOTE,0,0,2.5665881920811312e-05
Logistic Reg,No SMOTE,0,0,4.6983879029474e-05
Logistic Reg,No SMOTE,0,0,4.3176124864865976e-12
Logistic Reg,No SMOTE,0,0,4.45199826524979e-09
Logistic Reg,No SMOTE,0,0,0.03982120718485938
Logistic Reg,No SMOTE,0,0,9.742036760870546e-14
Logistic Reg,No SMOTE,0,0,8.563807730283155e-07
Logistic Reg,No SMOTE,0,0,8.107919340490938e-11
Logistic Reg,No SMOTE,0,0,0.0023233096214607335
Logistic Reg,No SMOTE,0,0,0.012478550757758803
Logistic Reg,No SMOTE,0,0,9.065982580533156e-07
Logistic Reg,No SMOTE,0,0,4.577097319683811e-05
Logistic Reg,No SMOTE,0,0,0.02576250382928989
Logistic Reg,No SMOTE,0,0,3.0200823318987014e-10
Logistic Reg,No SMOTE,0,0,0.005841948165615779
Logistic Reg,No SMOTE,0,0,0.022229501085119376
Logistic Reg,No SMOTE,0,0,0.0015418023493964223
Logistic Reg,No SMOTE,0,0,0.1158044922034116
Logistic Reg,No SMOTE,0,0,0.0011461200697700574
Logistic Reg,No SMOTE,0,0,0.0008045538140516207
Logistic Reg,No SMOTE,0,0,0.002486346139865429
Logistic Reg,No SMOTE,0,0,3.069719814479936e-10
Logistic Reg,No SMOTE,0,0,0.017512259851283667
Logistic Reg,No SMOTE,0,0,6.516650488412082e-07
Logistic Reg,No SMOTE,0,0,4.5610938270475846e-05
Logistic Reg,No SMOTE,0,0,8.730005197738762e-07
Logistic Reg,No SMOTE,0,0,9.582704805155446e-07
Logistic Reg,No SMOTE,0,0,0.0004464021352708699
Logistic Reg,No SMOTE,0,0,4.5630714919081165e-05
Logistic Reg,No SMOTE,0,0,1.2222584659169792e-06
Logistic Reg,No SMOTE,0,0,0.004621564439522369
Logistic Reg,No SMOTE,0,0,0.03769990246755996
Logistic Reg,No SMOTE,0,0,8.302323360382605e-07
Logistic Reg,No SMOTE,0,0,0.0008620971566589458
Logistic Reg,No SMOTE,0,0,0.03534486591768878
Logistic Reg,No SMOTE,0,0,4.572337966505103e-05
Logistic Reg,No SMOTE,0,0,0.025715241164572914
Logistic Reg,No SMOTE,0,0,0.03266386580052284
Logistic Reg,No SMOTE,0,0,1.2807824807004206e-14
Logistic Reg,No SMOTE,0,0,0.00019003711243516187
Logistic Reg,No SMOTE,0,0,4.558385153799359e-05
Logistic Reg,No SMOTE,0,0,1.104859392502418e-05
Logistic Reg,No SMOTE,0,0,0.003999717574025559
Logistic Reg,No SMOTE,0,0,9.115027754673226e-07
Logistic Reg,No SMOTE,0,0,0.030217716581915494
Logistic Reg,No SMOTE,0,0,4.62017653728789e-05
Logistic Reg,No SMOTE,0,0,8.137683559837905e-07
Logistic Reg,No SMOTE,0,0,0.026735702226588314
Logistic Reg,No SMOTE,0,0,0.010968803857973929
Logistic Reg,No SMOTE,0,0,0.00014230597162491343
Logistic Reg,No SMOTE,0,0,6.838987328564538e-07
Logistic Reg,No SMOTE,0,0,0.015166476878475518
Logistic Reg,No SMOTE,0,0,2.9018924788594864e-28
Logistic Reg,No SMOTE,0,0,4.85237797076756e-05
Logistic Reg,No SMOTE,0,0,0.0005047509451360138
Logistic Reg,No SMOTE,0,0,2.1177094615766703e-08
Logistic Reg,No SMOTE,0,0,0.0020651316418711686
Logistic Reg,No SMOTE,0,1,0.7731545362780998
Logistic Reg,No SMOTE,0,0,3.242179336330048e-12
Logistic Reg,No SMOTE,0,0,4.8468504169215705e-05
Logistic Reg,No SMOTE,0,0,0.0003930975128036164
Logistic Reg,No SMOTE,0,0,1.6412660169656657e-05
Logistic Reg,No SMOTE,0,0,5.1899295095977524e-12
Logistic Reg,No SMOTE,0,0,1.2455348728855304e-06
Logistic Reg,No SMOTE,0,0,1.0251256948394412e-06
Logistic Reg,No SMOTE,0,0,7.861171263826576e-10
Logistic Reg,No SMOTE,0,0,4.601919234783777e-05
Logistic Reg,No SMOTE,0,0,0.009418489528564377
Logistic Reg,No SMOTE,0,0,8.536876540948783e-07
Logistic Reg,No SMOTE,0,0,4.660349830311492e-05
Logistic Reg,No SMOTE,0,0,4.079442129750269e-07
Logistic Reg,No SMOTE,0,0,2.2285995959307882e-05
Logistic Reg,No SMOTE,0,0,4.5746204418095615e-05
Logistic Reg,No SMOTE,0,0,8.401573887854116e-07
Logistic Reg,No SMOTE,0,0,1.268732386606075e-06
Logistic Reg,No SMOTE,0,0,0.0014192976062377995
Logistic Reg,No SMOTE,0,0,5.366953407207758e-07
Logistic Reg,No SMOTE,0,0,1.9420234394239235e-16
Logistic Reg,No SMOTE,0,0,1.5642952115875872e-11
Logistic Reg,No SMOTE,0,0,7.035528494499239e-10
Logistic Reg,No SMOTE,0,0,0.032494936931324755
Logistic Reg,No SMOTE,0,0,0.03370811040511369
Logistic Reg,No SMOTE,0,0,0.02278102804948662
Logistic Reg,No SMOTE,0,0,0.02367859735454196
Logistic Reg,No SMOTE,0,0,0.09369838492974095
Logistic Reg,No SMOTE,0,0,2.0989094222546795e-07
Logistic Reg,No SMOTE,0,0,7.724224731014294e-07
Logistic Reg,No SMOTE,0,0,1.1798471483402187e-06
Logistic Reg,No SMOTE,0,0,1.0710322199901054e-06
Logistic Reg,No SMOTE,0,0,1.0007012435704144e-06
Logistic Reg,No SMOTE,0,0,3.6677311448820297e-09
Logistic Reg,No SMOTE,0,0,0.029507538057169196
Logistic Reg,No SMOTE,0,0,2.234218152758744e-11
Logistic Reg,No SMOTE,0,0,0.0007297468499536269
Logistic Reg,No SMOTE,0,0,2.6797860113240773e-10
Logistic Reg,No SMOTE,0,0,7.553617385548734e-07
Logistic Reg,No SMOTE,0,0,0.39473545455132375
Logistic Reg,No SMOTE,0,0,1.0104703109726615e-06
Logistic Reg,No SMOTE,0,0,0.0030844130541501933
Logistic Reg,No SMOTE,0,0,4.645602329149695e-05
Logistic Reg,No SMOTE,0,0,0.05428485856936112
Logistic Reg,No SMOTE,0,0,1.138317001805598e-06
Logistic Reg,No SMOTE,0,0,1.1541178341458963e-06
Logistic Reg,No SMOTE,0,0,0.04302655033915093
Logistic Reg,No SMOTE,0,0,0.012622311487726906
Logistic Reg,No SMOTE,0,0,4.55915209593767e-05
Logistic Reg,No SMOTE,0,0,2.396622293807848e-10
Logistic Reg,No SMOTE,0,0,2.654159252755217e-22
Logistic Reg,No SMOTE,0,0,6.0001759600765415e-18
Logistic Reg,No SMOTE,0,0,0.03892710721482518
Logistic Reg,No SMOTE,0,0,2.7724203236732386e-07
Logistic Reg,No SMOTE,0,0,7.253621796404827e-07
Logistic Reg,No SMOTE,0,0,0.06351915198678752
Logistic Reg,No SMOTE,0,0,0.001777831388599778
Logistic Reg,No SMOTE,0,0,7.512401436529024e-07
Logistic Reg,No SMOTE,0,0,4.880850794100451e-05
Logistic Reg,No SMOTE,0,0,3.540146368621557e-05
Logistic Reg,No SMOTE,0,0,4.590886016894314e-05
Logistic Reg,No SMOTE,0,0,4.682556307606058e-05
Logistic Reg,No SMOTE,0,0,6.98158793830715e-07
Logistic Reg,No SMOTE,0,0,0.0009427979327674303
Logistic Reg,No SMOTE,0,0,0.0012147484282836979
Logistic Reg,No SMOTE,0,0,6.149654154021071e-20
Logistic Reg,No SMOTE,0,0,0.010682401171161674
Logistic Reg,No SMOTE,0,0,4.6195719010616685e-05
Logistic Reg,No SMOTE,0,0,1.3965594455098685e-18
Logistic Reg,No SMOTE,0,0,0.22710776715789902
Logistic Reg,No SMOTE,0,0,0.0005614603439145682
Logistic Reg,No SMOTE,0,0,0.027627339686092347
Logistic Reg,No SMOTE,0,0,2.5720866602377797e-12
Logistic Reg,No SMOTE,0,0,0.024573438700261654
Logistic Reg,No SMOTE,0,0,0.004912304302107302
Logistic Reg,No SMOTE,0,0,0.034892856416618975
Logistic Reg,No SMOTE,0,0,0.022704118433061093
Logistic Reg,No SMOTE,0,0,0.00027798889367136576
Logistic Reg,No SMOTE,0,0,0.0008864419146397308
Logistic Reg,No SMOTE,0,0,3.358526608528297e-05
Logistic Reg,No SMOTE,0,0,7.410155694223468e-07
Logistic Reg,No SMOTE,0,0,4.243702563462822e-06
Logistic Reg,No SMOTE,0,0,6.707108185873924e-07
Logistic Reg,No SMOTE,0,0,2.3453853329252053e-10
Logistic Reg,No SMOTE,0,0,8.282823788628679e-07
Logistic Reg,No SMOTE,0,0,0.043750194889414194
Logistic Reg,No SMOTE,0,0,9.306864335926108e-07
Logistic Reg,No SMOTE,0,0,4.65033041464411e-05
Logistic Reg,No SMOTE,0,0,0.002670853663892319
Logistic Reg,No SMOTE,0,0,1.0592129109988719e-10
Logistic Reg,No SMOTE,0,0,6.710754508265439e-09
Logistic Reg,No SMOTE,0,0,0.033492759956465355
Logistic Reg,No SMOTE,0,0,1.0668556259905645e-11
Logistic Reg,No SMOTE,0,0,0.04923659459583051
Logistic Reg,No SMOTE,0,0,7.981838898281347e-07
Logistic Reg,No SMOTE,0,0,4.561814778888131e-05
Logistic Reg,No SMOTE,0,0,1.858646661807921e-06
Logistic Reg,No SMOTE,0,0,1.123332089958071e-06
Logistic Reg,No SMOTE,0,0,0.0005938791949383287
Logistic Reg,No SMOTE,0,0,7.880477071201593e-11
Logistic Reg,No SMOTE,0,0,0.0012000196500349732
Logistic Reg,No SMOTE,0,0,0.03247564097244507
Logistic Reg,No SMOTE,0,0,0.0065580307557260905
Logistic Reg,No SMOTE,0,0,4.591742118161936e-05
Logistic Reg,No SMOTE,0,1,0.5596709076709333
Logistic Reg,No SMOTE,0,0,8.256398031043168e-07
Logistic Reg,No SMOTE,0,0,4.559994670332027e-05
Logistic Reg,No SMOTE,0,0,0.04057990536126122
Logistic Reg,No SMOTE,0,0,9.383080442856739e-07
Logistic Reg,No SMOTE,0,0,0.0015929424965328333
Logistic Reg,No SMOTE,0,0,5.170801815728854e-09
Logistic Reg,No SMOTE,0,0,0.195280807996566
Logistic Reg,No SMOTE,0,0,0.00035901267843857574
Logistic Reg,No SMOTE,0,0,2.1483895914097557e-37
Logistic Reg,No SMOTE,0,0,9.772339023268157e-06
Logistic Reg,No SMOTE,0,0,0.01127840617310271
Logistic Reg,No SMOTE,0,0,0.04195289086018366
Logistic Reg,No SMOTE,0,0,0.016199661610461442
Logistic Reg,No SMOTE,0,0,1.1173764685925079e-06
Logistic Reg,No SMOTE,0,0,1.3388565542683989e-05
Logistic Reg,No SMOTE,0,0,8.053032782803411e-07
Logistic Reg,No SMOTE,0,0,4.670683194103445e-05
Logistic Reg,No SMOTE,0,0,0.04897500164717465
Logistic Reg,No SMOTE,0,0,4.241068556487803e-25
Logistic Reg,No SMOTE,0,0,0.002189091077694005
Logistic Reg,No SMOTE,0,0,1.1126573666472292e-06
Logistic Reg,No SMOTE,0,0,1.167496652997996e-06
Logistic Reg,No SMOTE,0,0,0.007306545706212284
Logistic Reg,No SMOTE,0,0,1.2332431974463832e-06
Logistic Reg,No SMOTE,0,0,3.2588652326254124e-05
Logistic Reg,No SMOTE,0,0,8.133606963139203e-07
Logistic Reg,No SMOTE,0,0,9.084910188554839e-07
Logistic Reg,No SMOTE,0,0,1.007453412263196e-06
Logistic Reg,No SMOTE,0,0,1.2588681958042453e-09
Logistic Reg,No SMOTE,0,0,0.013638066309953836
Logistic Reg,No SMOTE,0,0,6.099059105844417e-17
Logistic Reg,No SMOTE,0,0,9.705873843768246e-09
Logistic Reg,No SMOTE,0,0,0.016800692902965795
Logistic Reg,No SMOTE,0,0,2.61115666062816e-12
Logistic Reg,No SMOTE,0,0,6.866035804783326e-07
Logistic Reg,No SMOTE,0,0,0.0006957705629762134
Logistic Reg,No SMOTE,0,0,3.907202466226427e-18
Logistic Reg,No SMOTE,0,0,0.03432489322026155
Logistic Reg,No SMOTE,0,0,0.00022813652887775313
Logistic Reg,No SMOTE,0,0,7.563070284597191e-07
Logistic Reg,No SMOTE,0,0,2.1603426148494334e-29
Logistic Reg,No SMOTE,0,0,1.0839395073164146e-14
Logistic Reg,No SMOTE,0,0,0.0335283781548745
Logistic Reg,No SMOTE,0,0,6.953732478429457e-22
Logistic Reg,No SMOTE,0,0,0.03547535569175238
Logistic Reg,No SMOTE,0,0,0.04469222588982162
Logistic Reg,No SMOTE,0,0,0.026601155948141664
Logistic Reg,No SMOTE,0,0,1.2180558175981274e-06
Logistic Reg,No SMOTE,0,0,0.001480828286290141
Logistic Reg,No SMOTE,0,0,0.004952781121839826
Logistic Reg,No SMOTE,0,0,2.667948363592981e-08
Logistic Reg,No SMOTE,0,0,9.794782456011313e-07
Logistic Reg,No SMOTE,0,0,9.951947172954232e-05
Logistic Reg,No SMOTE,0,0,4.584986436339088e-05
Logistic Reg,No SMOTE,0,0,1.6619343649300655e-08
Logistic Reg,No SMOTE,0,0,3.954658594947457e-05
Logistic Reg,No SMOTE,0,0,4.8107592804760045e-05
Logistic Reg,No SMOTE,0,0,1.4715150328966823e-12
Logistic Reg,No SMOTE,0,0,8.337779840797524e-07
Logistic Reg,No SMOTE,0,0,0.0037900737154859506
Logistic Reg,No SMOTE,0,1,0.8160855390371976
Logistic Reg,No SMOTE,0,1,0.9184684187616652
Logistic Reg,No SMOTE,0,1,0.7301953680165647
Logistic Reg,No SMOTE,0,0,3.1205861291920306e-06
Logistic Reg,No SMOTE,0,0,0.0172796090610316
Logistic Reg,No SMOTE,0,1,0.6559606931815891
Logistic Reg,No SMOTE,0,0,9.018216102742599e-07
Logistic Reg,No SMOTE,0,0,0.0011714000101543626
Logistic Reg,No SMOTE,0,0,1.3482868206764288e-06
Logistic Reg,No SMOTE,0,0,4.5669372859393574e-05
Logistic Reg,No SMOTE,0,0,1.2996955653689586e-06
Logistic Reg,No SMOTE,0,0,0.04933238669703439
Logistic Reg,No SMOTE,0,0,0.001436151732677432
Logistic Reg,No SMOTE,0,0,1.8959995845551737e-11
Logistic Reg,No SMOTE,0,0,8.260521299396761e-07
Logistic Reg,No SMOTE,0,0,1.0168244150063283e-06
Logistic Reg,No SMOTE,0,0,0.3138513176417826
Logistic Reg,No SMOTE,0,0,0.04211127732988769
Logistic Reg,No SMOTE,0,0,0.01149099130021255
Logistic Reg,No SMOTE,0,0,4.7086994682788646e-05
Logistic Reg,No SMOTE,0,0,0.0314142368724481
Logistic Reg,No SMOTE,0,0,0.22239236166318313
Logistic Reg,No SMOTE,0,0,0.010412142028802423
Logistic Reg,No SMOTE,0,0,2.654838929167522e-05
Logistic Reg,No SMOTE,0,0,0.0001844696051287339
Logistic Reg,No SMOTE,0,0,7.138208793806888e-07
Logistic Reg,No SMOTE,0,0,4.655159106598804e-05
Logistic Reg,No SMOTE,0,0,7.181301331356674e-07
Logistic Reg,No SMOTE,0,0,5.048179369006417e-05
Logistic Reg,No SMOTE,0,0,9.002955902456634e-05
Logistic Reg,No SMOTE,0,0,5.597302302568004e-05
Logistic Reg,No SMOTE,0,0,4.2785840383490495e-26
Logistic Reg,No SMOTE,0,0,4.9649445926543174e-05
Logistic Reg,No SMOTE,0,0,5.653933274681344e-16
Logistic Reg,No SMOTE,0,0,4.770485836835297e-10
Logistic Reg,No SMOTE,0,0,4.5849830212659397e-05
Logistic Reg,No SMOTE,0,0,4.624376145699244e-05
Logistic Reg,No SMOTE,0,0,0.003240027109897037
Logistic Reg,No SMOTE,0,0,1.4380767372169229e-06
Logistic Reg,No SMOTE,0,0,3.4132827618590964e-07
Logistic Reg,No SMOTE,0,0,0.03284423984982252
Logistic Reg,No SMOTE,0,0,4.564015366086711e-05
Logistic Reg,No SMOTE,0,0,3.174319282247214e-14
Logistic Reg,No SMOTE,0,0,0.0001542814567535603
Logistic Reg,No SMOTE,0,0,0.027389831546912838
Logistic Reg,No SMOTE,0,0,0.08483815671590701
Logistic Reg,No SMOTE,0,0,4.56874499552387e-05
Logistic Reg,No SMOTE,0,0,7.330162610260169e-07
Logistic Reg,No SMOTE,0,0,3.468459864334217e-13
Logistic Reg,No SMOTE,0,0,6.874040350153343e-07
Logistic Reg,No SMOTE,0,0,0.032720085428646885
Logistic Reg,No SMOTE,0,0,0.0031082640655155864
Logistic Reg,No SMOTE,0,0,4.3129670161308045e-10
Logistic Reg,No SMOTE,0,0,5.102197157622038e-07
Logistic Reg,No SMOTE,0,0,7.463014026263604e-07
Logistic Reg,No SMOTE,0,0,4.588529131854155e-05
Logistic Reg,No SMOTE,0,0,2.755269814069136e-07
Logistic Reg,No SMOTE,0,0,4.5757685879248114e-05
Logistic Reg,No SMOTE,0,0,4.560809568259453e-05
Logistic Reg,No SMOTE,0,0,4.829466855340761e-13
Logistic Reg,No SMOTE,0,0,2.1859472091888428e-05
Logistic Reg,No SMOTE,0,0,0.03578985082538264
Logistic Reg,No SMOTE,0,0,0.0191852254487158
Logistic Reg,No SMOTE,0,0,3.998646939269621e-10
Logistic Reg,No SMOTE,0,0,3.7009886754436287e-29
Logistic Reg,No SMOTE,0,0,0.03381385182287207
Logistic Reg,No SMOTE,0,0,1.3746777356841582e-06
Logistic Reg,No SMOTE,0,0,0.00019806209153012036
Logistic Reg,No SMOTE,0,0,1.2564646415319286e-06
Logistic Reg,No SMOTE,0,0,1.1479763799597789e-10
Logistic Reg,No SMOTE,0,0,0.03342847837696073
Logistic Reg,No SMOTE,0,0,1.7123400691583445e-08
Logistic Reg,No SMOTE,0,0,4.5733146341260233e-05
Logistic Reg,No SMOTE,0,0,0.000991627663620959
Logistic Reg,No SMOTE,0,0,0.018954606731053758
Logistic Reg,No SMOTE,0,0,0.017421193309518853
Logistic Reg,No SMOTE,0,0,5.686475678940198e-07
Logistic Reg,No SMOTE,0,0,0.02799158898791143
Logistic Reg,No SMOTE,0,0,0.39470967431021514
Logistic Reg,No SMOTE,0,0,1.4704775478834484e-09
Logistic Reg,No SMOTE,0,0,1.1415466341875892e-06
Logistic Reg,No SMOTE,0,0,8.703576664943447e-07
Logistic Reg,No SMOTE,0,0,1.8729788129434643e-08
Logistic Reg,No SMOTE,0,0,0.04063179470388822
Logistic Reg,No SMOTE,0,0,1.0561268839656857e-06
Logistic Reg,No SMOTE,0,0,1.0604431068571128e-16
Logistic Reg,No SMOTE,0,0,0.05456243742484746
Logistic Reg,No SMOTE,0,0,5.7676138524415815e-06
Logistic Reg,No SMOTE,0,0,0.036060182922721395
Logistic Reg,No SMOTE,0,0,0.39247866219367533
Logistic Reg,No SMOTE,0,0,1.0941465802694847e-09
Logistic Reg,No SMOTE,0,0,4.596599468946674e-05
Logistic Reg,No SMOTE,0,0,9.150105616705255e-10
Logistic Reg,No SMOTE,0,0,0.047598080139545355
Logistic Reg,No SMOTE,0,0,8.853208616974002e-15
Logistic Reg,No SMOTE,0,0,0.004719429861212356
Logistic Reg,No SMOTE,0,0,0.022059595217626612
Logistic Reg,No SMOTE,0,0,4.561327422089535e-05
Logistic Reg,No SMOTE,0,0,0.012858383320317171
Logistic Reg,No SMOTE,0,0,0.05188041118190851
Logistic Reg,No SMOTE,0,0,1.3344646377936066e-06
Logistic Reg,No SMOTE,0,0,0.029711982992240753
Logistic Reg,No SMOTE,0,0,7.716287207090241e-07
Logistic Reg,No SMOTE,0,0,0.011865859438771172
Logistic Reg,No SMOTE,0,0,0.002078085395297006
Logistic Reg,No SMOTE,0,0,2.0498199587922367e-05
Logistic Reg,No SMOTE,0,0,0.3968905677893598
Logistic Reg,No SMOTE,0,0,0.013431148562337288
Logistic Reg,No SMOTE,0,0,0.03138540873732336
Logistic Reg,No SMOTE,0,0,5.791657899752116e-12
Logistic Reg,No SMOTE,0,0,0.03455300424429501
Logistic Reg,No SMOTE,0,0,4.6070679899528866e-05
Logistic Reg,No SMOTE,0,0,0.3965914249339933
Logistic Reg,No SMOTE,0,0,8.056425353949926e-07
Logistic Reg,No SMOTE,0,0,0.01905429496570642
Logistic Reg,No SMOTE,0,0,1.2755145714436671e-09
Logistic Reg,No SMOTE,0,0,0.029386247107680816
Logistic Reg,No SMOTE,0,0,7.968372437655667e-07
Logistic Reg,No SMOTE,0,0,2.1376733807498864e-07
Logistic Reg,No SMOTE,0,0,2.1269965828835318e-08
Logistic Reg,No SMOTE,0,0,1.0562046539357573e-06
Logistic Reg,No SMOTE,0,0,4.683198106348574e-05
Logistic Reg,No SMOTE,0,0,7.431429767923804e-07
Logistic Reg,No SMOTE,0,0,7.802165731721043e-17
Logistic Reg,No SMOTE,0,0,4.8650644249665606e-18
Logistic Reg,No SMOTE,0,0,7.950499442004944e-07
Logistic Reg,No SMOTE,0,0,0.1104424451937074
Logistic Reg,No SMOTE,0,0,0.03114559996748929
Logistic Reg,No SMOTE,0,0,9.690302016674872e-06
Logistic Reg,No SMOTE,0,0,9.381787099530784e-07
Logistic Reg,No SMOTE,0,0,3.006373730852721e-09
Logistic Reg,No SMOTE,0,0,8.735609629644602e-06
Logistic Reg,No SMOTE,0,0,0.027015344017762573
Logistic Reg,No SMOTE,0,0,0.002777423045379563
Logistic Reg,No SMOTE,0,0,0.005975795351168895
Logistic Reg,No SMOTE,0,0,4.6849569401839553e-05
Logistic Reg,No SMOTE,0,0,9.93802482436242e-07
Logistic Reg,No SMOTE,0,0,0.011882377292468146
Logistic Reg,No SMOTE,0,0,4.6064676351386184e-05
Logistic Reg,No SMOTE,0,0,2.8334816058008105e-05
Logistic Reg,No SMOTE,0,0,4.614029692634085e-05
Logistic Reg,No SMOTE,0,0,9.896327880321916e-07
Logistic Reg,No SMOTE,0,0,1.2099222145625035e-06
Logistic Reg,No SMOTE,0,0,0.040741240239303936
Logistic Reg,No SMOTE,0,0,1.1232568360127278e-06
Logistic Reg,No SMOTE,0,0,0.0013973630388850007
Logistic Reg,No SMOTE,0,0,0.04701690379323107
Logistic Reg,No SMOTE,0,0,7.434615534887864e-07
Logistic Reg,No SMOTE,0,0,7.20992213651592e-07
Logistic Reg,No SMOTE,0,0,8.19253217269668e-07
Logistic Reg,No SMOTE,0,0,4.9365325970502536e-05
Logistic Reg,No SMOTE,0,0,0.040882155543482006
Logistic Reg,No SMOTE,0,0,7.871120343060975e-07
Logistic Reg,No SMOTE,0,0,1.2827968639706049e-06
Logistic Reg,No SMOTE,0,0,4.565084281657081e-05
Logistic Reg,No SMOTE,0,0,1.1620893937040447e-06
Logistic Reg,No SMOTE,0,1,0.5110492098992043
Logistic Reg,No SMOTE,0,0,9.946585249210408e-07
Logistic Reg,No SMOTE,0,0,8.67315664512213e-16
Logistic Reg,No SMOTE,0,1,0.869485103284007
Logistic Reg,No SMOTE,0,0,0.00035819634080342766
Logistic Reg,No SMOTE,0,0,0.3725560794487789
Logistic Reg,No SMOTE,0,0,2.6625924046027395e-05
Logistic Reg,No SMOTE,0,0,0.031393429766714165
Logistic Reg,No SMOTE,0,0,4.669342684845943e-05
Logistic Reg,No SMOTE,0,0,6.489671032289292e-07
Logistic Reg,No SMOTE,0,0,0.03260401088558846
Logistic Reg,No SMOTE,0,0,1.334978079244007e-05
Logistic Reg,No SMOTE,0,0,0.18068239345343234
Logistic Reg,No SMOTE,0,0,4.6436486572977995e-05
Logistic Reg,No SMOTE,0,0,0.0009906411389248935
Logistic Reg,No SMOTE,0,0,0.035681250394665014
Logistic Reg,No SMOTE,0,0,1.087795933486859e-06
Logistic Reg,No SMOTE,0,0,4.618387985684108e-05
Logistic Reg,No SMOTE,0,0,0.024014168658210967
Logistic Reg,No SMOTE,0,0,0.0076000102984900625
Logistic Reg,No SMOTE,0,0,0.0020026667969304975
Logistic Reg,No SMOTE,0,0,1.1062859976195265e-06
Logistic Reg,No SMOTE,0,0,8.838778096271547e-07
Logistic Reg,No SMOTE,0,0,1.5054433851879453e-06
Logistic Reg,No SMOTE,0,0,0.01591247612697333
Logistic Reg,No SMOTE,0,0,1.0596260360657427e-06
Logistic Reg,No SMOTE,0,0,0.040304867885854516
Logistic Reg,No SMOTE,0,0,0.03289891509762489
Logistic Reg,No SMOTE,0,0,2.6636635459673597e-05
Logistic Reg,No SMOTE,0,0,8.505425621942707e-07
Logistic Reg,No SMOTE,0,0,0.014016692230693734
Logistic Reg,No SMOTE,0,0,6.982139593960701e-07
Logistic Reg,No SMOTE,0,0,1.1677780333457312e-06
Logistic Reg,No SMOTE,0,0,1.2605759659511637e-11
Logistic Reg,No SMOTE,0,0,9.205441304367394e-07
Logistic Reg,No SMOTE,0,0,5.442449303200369e-07
Logistic Reg,No SMOTE,0,0,0.07614358863359337
Logistic Reg,No SMOTE,0,0,1.1814340426427998e-06
Logistic Reg,No SMOTE,0,0,0.0732097987885461
Logistic Reg,No SMOTE,0,0,2.7295812663106304e-06
Logistic Reg,No SMOTE,0,0,0.012241088458072192
Logistic Reg,No SMOTE,0,0,6.740791817602658e-07
Logistic Reg,No SMOTE,0,0,4.918995612729929e-05
Logistic Reg,No SMOTE,0,0,1.085132647686585e-06
Logistic Reg,No SMOTE,0,0,0.0005098163641502257
Logistic Reg,No SMOTE,0,0,8.812087051501197e-07
Logistic Reg,No SMOTE,0,0,2.852177208811191e-05
Logistic Reg,No SMOTE,0,0,0.4686998193687326
Logistic Reg,No SMOTE,0,0,7.779277449402156e-07
Logistic Reg,No SMOTE,0,0,8.925594508139474e-07
Logistic Reg,No SMOTE,0,0,0.010530442001132222
Logistic Reg,No SMOTE,0,0,1.4773626703811943e-13
Logistic Reg,No SMOTE,0,0,4.934979878945386e-05
Logistic Reg,No SMOTE,0,0,0.028165885719908107
Logistic Reg,No SMOTE,0,0,0.0007798399598537682
Logistic Reg,No SMOTE,0,0,1.473242067121403e-16
Logistic Reg,No SMOTE,0,0,1.2667360713245326e-06
Logistic Reg,No SMOTE,0,0,4.854489256274334e-05
Logistic Reg,No SMOTE,0,0,0.018749199392926137
Logistic Reg,No SMOTE,0,0,1.2295748748497453e-06
Logistic Reg,No SMOTE,0,0,4.662541542609894e-05
Logistic Reg,No SMOTE,0,0,0.00041842950950398924
Logistic Reg,No SMOTE,0,0,0.028888331048773523
Logistic Reg,No SMOTE,0,0,2.004277046626866e-12
Logistic Reg,No SMOTE,0,0,0.023924715456843108
Logistic Reg,No SMOTE,0,0,8.015826951505644e-07
Logistic Reg,No SMOTE,0,0,4.5832274036992796e-05
Logistic Reg,No SMOTE,0,0,3.0222037691250747e-10
Logistic Reg,No SMOTE,0,0,2.5010858008249894e-07
Logistic Reg,No SMOTE,0,0,4.4876297265083215e-07
Logistic Reg,No SMOTE,0,0,8.748949589258738e-07
Logistic Reg,No SMOTE,0,0,7.151458074938572e-07
Logistic Reg,No SMOTE,0,0,0.07549640956394998
Logistic Reg,No SMOTE,0,0,4.6198755013504855e-05
Logistic Reg,No SMOTE,0,0,1.6228987488291137e-09
Logistic Reg,No SMOTE,0,0,1.2758862251255605e-09
Logistic Reg,No SMOTE,0,0,0.0017771943759850174
Logistic Reg,No SMOTE,0,0,0.04100506446562362
Logistic Reg,No SMOTE,0,0,0.1506743591240307
Logistic Reg,No SMOTE,0,0,9.768175185493616e-07
Logistic Reg,No SMOTE,0,0,0.013457308335085164
Logistic Reg,No SMOTE,0,0,0.009360514766056647
Logistic Reg,No SMOTE,0,0,3.209822873237566e-15
Logistic Reg,No SMOTE,0,0,7.760464887622336e-07
Logistic Reg,No SMOTE,0,0,0.0028823755905433034
Logistic Reg,No SMOTE,0,0,0.05539105619142393
Logistic Reg,No SMOTE,0,0,0.000516995083788744
Logistic Reg,No SMOTE,0,0,0.02974716285563764
Logistic Reg,No SMOTE,0,0,1.0258608889229964e-12
Logistic Reg,No SMOTE,0,0,0.001185030781255865
Logistic Reg,No SMOTE,0,0,0.002882136626060221
Logistic Reg,No SMOTE,0,0,1.8124364797891185e-12
Logistic Reg,No SMOTE,0,0,1.1552950872292087e-17
Logistic Reg,No SMOTE,0,0,0.0009316970450475927
Logistic Reg,No SMOTE,0,0,4.6938437404772176e-05
Logistic Reg,No SMOTE,0,0,1.3266350878010357e-06
Logistic Reg,No SMOTE,0,0,0.002489979304353251
Logistic Reg,No SMOTE,0,0,4.8228458587572484e-05
Logistic Reg,No SMOTE,0,0,8.380405397696593e-07
Logistic Reg,No SMOTE,0,0,0.23210195421554627
Logistic Reg,No SMOTE,0,0,0.03810966035036388
Logistic Reg,No SMOTE,0,0,4.7293604531636104e-05
Logistic Reg,No SMOTE,0,0,0.04558527683714425
Logistic Reg,No SMOTE,0,0,4.6622103189332054e-05
Logistic Reg,No SMOTE,0,0,1.7781971379789877e-11
Logistic Reg,No SMOTE,0,0,0.02520299082677568
Logistic Reg,No SMOTE,0,0,0.0349612839417636
Logistic Reg,No SMOTE,0,0,4.828137286039289e-05
Logistic Reg,No SMOTE,0,0,0.0014544791433871405
Logistic Reg,No SMOTE,0,0,0.026770460511214823
Logistic Reg,No SMOTE,0,0,2.3629250639552445e-19
Logistic Reg,No SMOTE,0,0,5.2240182959330314e-17
Logistic Reg,No SMOTE,0,0,6.066800096629099e-07
Logistic Reg,No SMOTE,0,0,1.2495292603301543e-06
Logistic Reg,No SMOTE,0,0,3.785771577276304e-14
Logistic Reg,No SMOTE,0,0,7.702282382399043e-07
Logistic Reg,No SMOTE,0,0,4.965541479823677e-05
Logistic Reg,No SMOTE,0,0,1.0266762712222463e-06
Logistic Reg,No SMOTE,0,0,9.066842630353635e-07
Logistic Reg,No SMOTE,0,0,5.082676300202078e-06
Logistic Reg,No SMOTE,0,0,1.10670709920915e-09
Logistic Reg,No SMOTE,0,0,0.005187091399454681
Logistic Reg,No SMOTE,0,0,2.212182499045521e-09
Logistic Reg,No SMOTE,0,0,3.3533475760870575e-08
Logistic Reg,No SMOTE,0,0,1.0197663205546297e-06
Logistic Reg,No SMOTE,0,0,0.04782732585239668
Logistic Reg,No SMOTE,0,0,0.02468538853097559
Logistic Reg,No SMOTE,0,0,0.0017494942793163562
Logistic Reg,No SMOTE,0,0,1.4126084119796278e-05
Logistic Reg,No SMOTE,0,0,0.04878438454075257
Logistic Reg,No SMOTE,0,0,0.03302322056559032
Logistic Reg,No SMOTE,0,0,8.132724084348076e-26
Logistic Reg,No SMOTE,0,0,2.293676885270563e-09
Logistic Reg,No SMOTE,0,0,1.2347751558429243e-10
Logistic Reg,No SMOTE,0,0,1.2583262905065936e-06
Logistic Reg,No SMOTE,0,0,4.669980076151942e-05
Logistic Reg,No SMOTE,0,0,1.0179494171934304e-06
Logistic Reg,No SMOTE,0,0,0.038255039590949044
Logistic Reg,No SMOTE,0,0,0.005704859578133784
Logistic Reg,No SMOTE,0,0,7.92893241734242e-09
Logistic Reg,No SMOTE,0,0,1.2431885449856244e-06
Logistic Reg,No SMOTE,0,0,1.4595844588610388e-18
Logistic Reg,No SMOTE,0,1,0.7854166814334262
Logistic Reg,No SMOTE,0,0,0.0005748519623400779
Logistic Reg,No SMOTE,0,0,0.028959844672947023
Logistic Reg,No SMOTE,0,0,9.323701089874111e-07
Logistic Reg,No SMOTE,0,0,4.748752711053627e-05
Logistic Reg,No SMOTE,0,0,8.502204097886977e-09
Logistic Reg,No SMOTE,0,0,0.004359501518646824
Logistic Reg,No SMOTE,0,0,0.000996752819354205
Logistic Reg,No SMOTE,0,0,9.322903854281311e-07
Logistic Reg,No SMOTE,0,0,2.6352113533901175e-09
Logistic Reg,No SMOTE,0,0,1.7783257918965374e-08
Logistic Reg,No SMOTE,0,0,1.5194603426426294e-05
Logistic Reg,No SMOTE,0,0,4.863698413044566e-05
Logistic Reg,No SMOTE,0,0,0.004386464208485679
Logistic Reg,No SMOTE,0,0,0.0022344619662208096
Logistic Reg,No SMOTE,0,0,0.03135356757190313
Logistic Reg,No SMOTE,0,0,4.6047777994363466e-05
Logistic Reg,No SMOTE,0,0,4.562510766684405e-05
Logistic Reg,No SMOTE,0,0,0.0015736114608631189
Logistic Reg,No SMOTE,0,0,1.6914712266767393e-17
Logistic Reg,No SMOTE,0,0,0.14244440381407467
Logistic Reg,No SMOTE,0,0,4.861028191550519e-05
Logistic Reg,No SMOTE,0,0,0.0008261035717415158
Logistic Reg,No SMOTE,0,0,9.872879685956317e-07
Logistic Reg,No SMOTE,0,0,0.08864825637598792
Logistic Reg,No SMOTE,0,0,4.5883828672472765e-05
Logistic Reg,No SMOTE,0,0,4.610429716428761e-05
Logistic Reg,No SMOTE,0,0,7.798411602802352e-08
Logistic Reg,No SMOTE,0,0,9.641830754648361e-07
Logistic Reg,No SMOTE,0,0,0.03341615571756925
Logistic Reg,No SMOTE,0,0,0.0005135339713003134
Logistic Reg,No SMOTE,0,1,0.619105457168569
Logistic Reg,No SMOTE,0,0,0.015330222575958384
Logistic Reg,No SMOTE,0,0,1.1344514580635728e-06
Logistic Reg,No SMOTE,0,0,0.0013136838357086168
Logistic Reg,No SMOTE,0,0,0.031296147070814365
Logistic Reg,No SMOTE,0,0,4.824227952205039e-05
Logistic Reg,No SMOTE,0,0,0.038916346679359407
Logistic Reg,No SMOTE,0,0,1.5479030332055548e-14
Logistic Reg,No SMOTE,0,0,8.244187305899855e-07
Logistic Reg,No SMOTE,0,0,0.017313418391377792
Logistic Reg,No SMOTE,0,0,6.825888429591056e-06
Logistic Reg,No SMOTE,0,0,0.03163487567562239
Logistic Reg,No SMOTE,0,0,4.8371662579600244e-05
Logistic Reg,No SMOTE,0,0,4.6311030723855186e-05
Logistic Reg,No SMOTE,0,1,0.7500229638977765
Logistic Reg,No SMOTE,0,0,0.013299084672594432
Logistic Reg,No SMOTE,0,0,0.010541266460799682
Logistic Reg,No SMOTE,0,0,1.3328299091980532e-09
Logistic Reg,No SMOTE,0,0,9.869378723792514e-07
Logistic Reg,No SMOTE,0,0,0.001905747918851686
Logistic Reg,No SMOTE,0,0,8.55259404501259e-07
Logistic Reg,No SMOTE,0,0,5.636988039049062e-12
Logistic Reg,No SMOTE,0,0,6.075761175109048e-09
Logistic Reg,No SMOTE,0,0,2.686066365916224e-11
Logistic Reg,No SMOTE,0,0,9.462209542589302e-07
Logistic Reg,No SMOTE,0,0,1.2508156237559468e-06
Logistic Reg,No SMOTE,0,0,0.0012129998223054396
Logistic Reg,No SMOTE,0,1,0.6311556894328241
Logistic Reg,No SMOTE,0,0,0.00104417322687003
Logistic Reg,No SMOTE,0,0,2.7828328425118423e-06
Logistic Reg,No SMOTE,0,0,0.03703300855329254
Logistic Reg,No SMOTE,0,0,0.01471068919974843
Logistic Reg,No SMOTE,0,1,0.6259036491710077
Logistic Reg,No SMOTE,0,0,6.158486624244413e-09
Logistic Reg,No SMOTE,0,0,0.0005084265803402871
Logistic Reg,No SMOTE,0,0,0.0001539119373702808
Logistic Reg,No SMOTE,0,1,0.97841809056475
Logistic Reg,No SMOTE,0,0,4.683891264363205e-05
Logistic Reg,No SMOTE,0,0,4.77195417176178e-06
Logistic Reg,No SMOTE,0,0,0.00015249469654005454
Logistic Reg,No SMOTE,0,0,2.561213200314165e-05
Logistic Reg,No SMOTE,0,0,1.7705882820977256e-11
Logistic Reg,No SMOTE,0,0,0.024270898474409098
Logistic Reg,No SMOTE,0,0,0.0001891879932935053
Logistic Reg,No SMOTE,0,0,0.01732064267375235
Logistic Reg,No SMOTE,0,0,4.503416156519278e-14
Logistic Reg,No SMOTE,0,0,7.099487103221179e-07
Logistic Reg,No SMOTE,0,0,8.826124935762207e-10
Logistic Reg,No SMOTE,0,0,8.10668539120709e-15
Logistic Reg,No SMOTE,0,1,0.6968717012015315
Logistic Reg,No SMOTE,0,0,0.029683822793398228
Logistic Reg,No SMOTE,0,0,4.579457990017375e-05
Logistic Reg,No SMOTE,0,1,0.8432060281020279
Logistic Reg,No SMOTE,0,0,4.669799707946878e-10
Logistic Reg,No SMOTE,0,0,1.1687359792465425e-08
Logistic Reg,No SMOTE,0,0,1.345287584278022e-09
Logistic Reg,No SMOTE,0,0,0.00018808973271472145
Logistic Reg,No SMOTE,0,0,0.02552727486154198
Logistic Reg,No SMOTE,0,0,0.00028085476881506937
Logistic Reg,No SMOTE,0,0,5.984227862516032e-09
Logistic Reg,No SMOTE,0,0,8.739722073141532e-07
Logistic Reg,No SMOTE,0,0,0.010182785298623485
Logistic Reg,No SMOTE,0,1,0.9266909819280265
Logistic Reg,No SMOTE,0,0,0.0011652533560939013
Logistic Reg,No SMOTE,0,0,0.015643311689479262
Logistic Reg,No SMOTE,0,0,0.0003989865886088272
Logistic Reg,No SMOTE,0,0,0.03802337842162032
Logistic Reg,No SMOTE,0,0,4.640780377721343e-05
Logistic Reg,No SMOTE,0,0,4.922155836804126e-05
Logistic Reg,No SMOTE,0,0,0.03360178419253422
Logistic Reg,No SMOTE,0,0,0.0013512442874426512
Logistic Reg,No SMOTE,0,0,0.04494397159453372
Logistic Reg,No SMOTE,0,0,0.006149510133472322
Logistic Reg,No SMOTE,0,0,1.5278274559977114e-06
Logistic Reg,No SMOTE,0,0,0.04721246551891786
Logistic Reg,No SMOTE,0,0,4.5851221710168174e-05
Logistic Reg,No SMOTE,0,0,2.81342920928638e-18
Logistic Reg,No SMOTE,0,0,3.040815398765578e-10
Logistic Reg,No SMOTE,0,0,2.6777446393168283e-11
Logistic Reg,No SMOTE,0,0,6.704372061102309e-07
Logistic Reg,No SMOTE,0,0,2.4485753058330576e-08
Logistic Reg,No SMOTE,0,0,8.084928136091768e-07
Logistic Reg,No SMOTE,0,0,0.0009399004746552982
Logistic Reg,No SMOTE,0,0,0.0003575037106896714
Logistic Reg,No SMOTE,0,0,4.5820810554354625e-05
Logistic Reg,No SMOTE,0,0,2.5420953372595333e-20
Logistic Reg,No SMOTE,0,0,0.011448011576851304
Logistic Reg,No SMOTE,0,0,2.0896837987932044e-06
Logistic Reg,No SMOTE,0,0,0.03514543930120015
Logistic Reg,No SMOTE,0,0,0.008337425172089272
Logistic Reg,No SMOTE,0,0,0.035079531900316804
Logistic Reg,No SMOTE,0,0,1.807027054230909e-10
Logistic Reg,No SMOTE,0,0,0.0009457770147210623
Logistic Reg,No SMOTE,0,0,1.777141398876729e-09
Logistic Reg,No SMOTE,0,0,3.9041266525244735e-16
Logistic Reg,No SMOTE,0,0,0.022116574191482885
Logistic Reg,No SMOTE,0,0,1.9008721226825194e-06
Logistic Reg,No SMOTE,0,0,4.8901664680646846e-15
Logistic Reg,No SMOTE,0,0,4.6259387344001145e-05
Logistic Reg,No SMOTE,0,0,0.0408671043867147
Logistic Reg,No SMOTE,0,0,0.03714396319001401
Logistic Reg,No SMOTE,0,0,9.361003632617394e-06
Logistic Reg,No SMOTE,0,0,2.3884740860605854e-09
Logistic Reg,No SMOTE,0,0,4.6261848397674565e-05
Logistic Reg,No SMOTE,0,0,0.03175314979918503
Logistic Reg,No SMOTE,0,0,0.00025238709798188733
Logistic Reg,No SMOTE,0,0,8.474092050549998e-09
Logistic Reg,No SMOTE,0,0,1.4386039215026868e-09
Logistic Reg,No SMOTE,0,0,4.641859143962611e-05
Logistic Reg,No SMOTE,0,0,0.01821071944693536
Logistic Reg,No SMOTE,0,0,0.011405171443034006
Logistic Reg,No SMOTE,0,0,1.0680537415544218e-60
Logistic Reg,No SMOTE,0,0,6.72091593844421e-07
Logistic Reg,No SMOTE,0,0,0.021915889766906567
Logistic Reg,No SMOTE,0,0,9.09681255465224e-06
Logistic Reg,No SMOTE,0,0,0.005464520976101079
Logistic Reg,No SMOTE,0,0,0.0020137093913387928
Logistic Reg,No SMOTE,0,0,0.009534041430708325
Logistic Reg,No SMOTE,0,0,5.896977525852714e-06
Logistic Reg,No SMOTE,0,0,8.32295184506531e-07
Logistic Reg,No SMOTE,0,0,0.03986432843812053
Logistic Reg,No SMOTE,0,1,0.6573497049603755
Logistic Reg,No SMOTE,0,0,4.6750919685802305e-05
Logistic Reg,No SMOTE,0,0,3.404450092507028e-22
Logistic Reg,No SMOTE,0,0,0.011139826733262366
Logistic Reg,No SMOTE,0,0,0.041558823522112966
Logistic Reg,No SMOTE,0,1,0.5734199459660918
Logistic Reg,No SMOTE,0,0,8.23146900349771e-07
Logistic Reg,No SMOTE,0,0,0.032484314069695
Logistic Reg,No SMOTE,0,0,1.989416756268572e-15
Logistic Reg,No SMOTE,0,0,4.8364120820118294e-05
Logistic Reg,No SMOTE,0,0,0.07555204149491096
Logistic Reg,No SMOTE,0,0,0.02757831864784412
Logistic Reg,No SMOTE,0,0,0.0001849337503479119
Logistic Reg,No SMOTE,0,0,0.03072584057257403
Logistic Reg,No SMOTE,0,0,6.1061249707362334e-15
Logistic Reg,No SMOTE,0,0,8.150802352145452e-15
Logistic Reg,No SMOTE,0,0,0.0013503111490279873
Logistic Reg,No SMOTE,0,0,6.357271370217605e-07
Logistic Reg,No SMOTE,0,0,8.646207941942921e-07
Logistic Reg,No SMOTE,0,0,0.04262810859249774
Logistic Reg,No SMOTE,0,0,8.455761479574604e-07
Logistic Reg,No SMOTE,0,0,4.654773355236576e-05
Logistic Reg,No SMOTE,0,0,0.050630893575598204
Logistic Reg,No SMOTE,0,0,2.274879865033566e-09
Logistic Reg,No SMOTE,0,0,0.03321862148989839
Logistic Reg,No SMOTE,0,0,7.364006291130205e-07
Logistic Reg,No SMOTE,0,0,0.014809160244153526
Logistic Reg,No SMOTE,0,0,8.320226372953545e-07
Logistic Reg,No SMOTE,0,0,7.848960184912288e-07
Logistic Reg,No SMOTE,0,0,0.0007388163093266677
Logistic Reg,No SMOTE,0,0,0.036647036368998666
Logistic Reg,No SMOTE,0,0,0.00023009565615493918
Logistic Reg,No SMOTE,0,0,0.0010402846769775149
Logistic Reg,No SMOTE,0,0,0.1904799915109632
Logistic Reg,No SMOTE,0,0,1.0442650870801242e-06
Logistic Reg,No SMOTE,0,0,1.6959807008912302e-14
Logistic Reg,No SMOTE,0,0,7.326732940284631e-07
Logistic Reg,No SMOTE,0,0,0.33210631105998417
Logistic Reg,No SMOTE,0,0,9.76851253920988e-07
Logistic Reg,No SMOTE,0,0,0.048531721438301825
Logistic Reg,No SMOTE,0,0,0.02327126384879329
Logistic Reg,No SMOTE,0,0,5.172342936359439e-05
Logistic Reg,No SMOTE,0,0,4.602235751691388e-05
Logistic Reg,No SMOTE,0,0,2.560485198341872e-13
Logistic Reg,No SMOTE,0,0,4.812977501429283e-05
Logistic Reg,No SMOTE,0,0,8.368819427629418e-07
Logistic Reg,No SMOTE,0,0,5.278084635343561e-14
Logistic Reg,No SMOTE,0,0,7.168133007589252e-07
Logistic Reg,No SMOTE,0,0,0.004001248639514995
Logistic Reg,No SMOTE,0,0,8.495209642535326e-10
Logistic Reg,No SMOTE,0,0,0.0022784971910523423
Logistic Reg,No SMOTE,0,0,0.015393870539926798
Logistic Reg,No SMOTE,0,0,0.005610172694494728
Logistic Reg,No SMOTE,0,0,7.730785221096705e-07
Logistic Reg,No SMOTE,0,0,8.626620820621975e-07
Logistic Reg,No SMOTE,0,0,9.523338141718764e-06
Logistic Reg,No SMOTE,0,0,7.444667440639103e-07
Logistic Reg,No SMOTE,0,0,4.579923216125385e-05
Logistic Reg,No SMOTE,0,0,4.6310887271385956e-05
Logistic Reg,No SMOTE,0,0,0.03770247643031788
Logistic Reg,No SMOTE,0,0,7.243844102281434e-07
Logistic Reg,No SMOTE,0,0,0.2589190233395423
Logistic Reg,No SMOTE,0,0,5.4151780717000586e-20
Logistic Reg,No SMOTE,0,0,0.0005665416216943325
Logistic Reg,No SMOTE,0,0,9.131825126968509e-07
Logistic Reg,No SMOTE,0,0,0.22701257900361843
Logistic Reg,No SMOTE,0,0,0.4596978168840864
Logistic Reg,No SMOTE,0,0,0.04420739265153151
Logistic Reg,No SMOTE,0,0,1.5100507123553314e-14
Logistic Reg,No SMOTE,0,0,0.04580375442363255
Logistic Reg,No SMOTE,0,0,9.302996459764075e-07
Logistic Reg,No SMOTE,0,0,0.022502930566123586
Logistic Reg,No SMOTE,0,0,0.00016554431626152432
Logistic Reg,No SMOTE,0,0,2.093059583283934e-12
Logistic Reg,No SMOTE,0,0,0.2090856194343542
Logistic Reg,No SMOTE,0,0,6.494661087588356e-07
Logistic Reg,No SMOTE,0,0,1.0937909202473996e-06
Logistic Reg,No SMOTE,0,0,4.2161844626590204e-05
Logistic Reg,No SMOTE,0,0,1.1005559826013998e-06
Logistic Reg,No SMOTE,0,0,0.026046782518473748
Logistic Reg,No SMOTE,0,0,0.03604059871070859
Logistic Reg,No SMOTE,0,0,2.5764383217966495e-12
Logistic Reg,No SMOTE,0,0,0.06659163358698006
Logistic Reg,No SMOTE,0,0,0.01176647709940711
Logistic Reg,No SMOTE,0,0,2.9412112220241973e-07
Logistic Reg,No SMOTE,0,0,0.004137207388993593
Logistic Reg,No SMOTE,0,0,0.00044580184034261863
Logistic Reg,No SMOTE,0,0,4.713975251886702e-05
Logistic Reg,No SMOTE,0,0,0.0255856723564507
Logistic Reg,No SMOTE,0,0,0.0019736337575102943
Logistic Reg,No SMOTE,0,0,7.814702734935545e-07
Logistic Reg,No SMOTE,0,0,1.2605586050376863e-06
Logistic Reg,No SMOTE,0,0,0.010962734874500767
Logistic Reg,No SMOTE,0,0,0.0005309075774494532
Logistic Reg,No SMOTE,0,0,0.010512662319067011
Logistic Reg,No SMOTE,0,0,0.0415544112472307
Logistic Reg,No SMOTE,0,0,0.025028920967290973
Logistic Reg,No SMOTE,0,0,2.9930198940161594e-08
Logistic Reg,No SMOTE,0,0,0.03269299037308473
Logistic Reg,No SMOTE,0,0,1.72618541595838e-05
Logistic Reg,No SMOTE,0,0,0.042217452294904194
Logistic Reg,No SMOTE,0,0,4.576061039341101e-05
Logistic Reg,No SMOTE,0,0,8.87408079726771e-05
Logistic Reg,No SMOTE,0,0,0.02218315841577887
Logistic Reg,No SMOTE,0,0,6.69303811403779e-07
Logistic Reg,No SMOTE,0,0,0.038233110228406385
Logistic Reg,No SMOTE,0,0,8.379215403769666e-10
Logistic Reg,No SMOTE,0,0,4.562718977877529e-05
Logistic Reg,No SMOTE,0,0,0.03236084654718695
Logistic Reg,No SMOTE,0,0,0.0357887967415477
Logistic Reg,No SMOTE,0,0,8.42575301767388e-07
Logistic Reg,No SMOTE,0,0,3.854521829882632e-06
Logistic Reg,No SMOTE,0,0,1.313162166590219e-08
Logistic Reg,No SMOTE,0,0,8.881350016323305e-07
Logistic Reg,No SMOTE,0,0,8.013090855704729e-07
Logistic Reg,No SMOTE,0,0,0.013903710951217863
Logistic Reg,No SMOTE,0,0,2.585298564538648e-08
Logistic Reg,No SMOTE,0,0,0.0008595953430642109
Logistic Reg,No SMOTE,0,0,0.00023573252514574877
Logistic Reg,No SMOTE,0,0,1.7168171853119028e-10
Logistic Reg,No SMOTE,0,0,3.5657784514273356e-05
Logistic Reg,No SMOTE,0,0,0.008436486018521493
Logistic Reg,No SMOTE,0,0,0.008754799378846994
Logistic Reg,No SMOTE,0,0,6.581595975624363e-22
Logistic Reg,No SMOTE,0,0,0.037402277984315634
Logistic Reg,No SMOTE,0,0,0.03131950554791623
Logistic Reg,No SMOTE,0,1,0.9206073888730858
Logistic Reg,No SMOTE,0,0,0.0013529455152750981
Logistic Reg,No SMOTE,0,0,7.853274377158985e-07
Logistic Reg,No SMOTE,0,0,8.426553006769212e-07
Logistic Reg,No SMOTE,0,0,1.2628868968705588e-08
Logistic Reg,No SMOTE,0,0,0.0015669629953530887
Logistic Reg,No SMOTE,0,0,0.00032344412944584764
Logistic Reg,No SMOTE,0,0,0.49451189353674024
Logistic Reg,No SMOTE,0,0,1.0371368107219439e-06
Logistic Reg,No SMOTE,0,0,4.7917604564942964e-05
Logistic Reg,No SMOTE,0,0,0.010653550725271351
Logistic Reg,No SMOTE,0,0,4.9357248412737485e-05
Logistic Reg,No SMOTE,0,0,4.668383232615738e-05
Logistic Reg,No SMOTE,0,0,1.9669174101532562e-06
Logistic Reg,No SMOTE,0,0,1.1816171636529984e-06
Logistic Reg,No SMOTE,0,0,0.033073412292568986
Logistic Reg,No SMOTE,0,0,9.224772499580239e-07
Logistic Reg,No SMOTE,0,0,0.000685139136960022
Logistic Reg,No SMOTE,0,0,0.04258486083628031
Logistic Reg,No SMOTE,0,0,9.805121962815344e-07
Logistic Reg,No SMOTE,0,0,0.0402674470602233
Logistic Reg,No SMOTE,0,0,1.4714201968628007e-06
Logistic Reg,No SMOTE,0,0,0.03460378247172799
Logistic Reg,No SMOTE,0,0,2.760205576769808e-17
Logistic Reg,No SMOTE,0,0,9.732517136745176e-05
Logistic Reg,No SMOTE,0,0,1.3124506870854096e-06
Logistic Reg,No SMOTE,0,0,8.202306431635952e-07
Logistic Reg,No SMOTE,0,0,4.621450847773656e-05
Logistic Reg,No SMOTE,0,0,1.026453353209061e-07
Logistic Reg,No SMOTE,0,0,0.09180859472750391
Logistic Reg,No SMOTE,0,0,0.05072791726862962
Logistic Reg,No SMOTE,0,0,9.214015169029008e-09
Logistic Reg,No SMOTE,0,0,8.469264949534517e-07
Logistic Reg,No SMOTE,0,0,1.2545654276986827e-09
Logistic Reg,No SMOTE,0,0,4.744973230503936e-05
Logistic Reg,No SMOTE,0,0,7.694170797652401e-07
Logistic Reg,No SMOTE,0,0,1.5293394671612315e-14
Logistic Reg,No SMOTE,0,0,4.72895287264018e-12
Logistic Reg,No SMOTE,0,0,0.007495511780065654
Logistic Reg,No SMOTE,0,0,0.0026759567058596053
Logistic Reg,No SMOTE,0,0,0.009824927848452012
Logistic Reg,No SMOTE,0,0,0.013687019920650084
Logistic Reg,No SMOTE,0,0,0.02471327212320453
Logistic Reg,No SMOTE,0,0,1.110426699936975e-05
Logistic Reg,No SMOTE,0,0,4.617769328920549e-05
Logistic Reg,No SMOTE,0,0,4.890395326919856e-06
Logistic Reg,No SMOTE,0,0,0.012732000469697614
Logistic Reg,No SMOTE,0,1,0.8058613093977509
Logistic Reg,No SMOTE,0,0,0.021963296976981905
Logistic Reg,No SMOTE,0,0,4.9372244189176876e-06
Logistic Reg,No SMOTE,0,0,5.4098552788270524e-05
Logistic Reg,No SMOTE,0,0,7.541085462283096e-07
Logistic Reg,No SMOTE,0,0,0.001007713225286974
Logistic Reg,No SMOTE,0,0,0.0003062770050312859
Logistic Reg,No SMOTE,0,0,0.12033425810301943
Logistic Reg,No SMOTE,0,0,0.04740332749361907
Logistic Reg,No SMOTE,0,0,1.2587271064292267e-13
Logistic Reg,No SMOTE,0,0,9.701196785903678e-07
Logistic Reg,No SMOTE,0,0,2.1590725384297704e-16
Logistic Reg,No SMOTE,0,0,6.767908704855659e-07
Logistic Reg,No SMOTE,0,0,2.151125926508747e-13
Logistic Reg,No SMOTE,0,0,0.03385937020510831
Logistic Reg,No SMOTE,0,0,0.023131498937448765
Logistic Reg,No SMOTE,0,0,0.00015192174350097317
Logistic Reg,No SMOTE,0,0,0.08263196006550753
Logistic Reg,No SMOTE,0,0,9.076709182868064e-08
Logistic Reg,No SMOTE,0,0,2.3431199765441655e-09
Logistic Reg,No SMOTE,0,0,0.03372315155164426
Logistic Reg,No SMOTE,0,0,4.564546243291165e-05
Logistic Reg,No SMOTE,0,0,0.042565461098540855
Logistic Reg,No SMOTE,0,0,3.133562235967014e-09
Logistic Reg,No SMOTE,0,0,3.856444809865364e-07
Logistic Reg,No SMOTE,0,0,1.5397018206758184e-14
Logistic Reg,No SMOTE,0,0,0.007869424888002288
Logistic Reg,No SMOTE,0,0,0.0011066788465832241
Logistic Reg,No SMOTE,0,0,0.002961413280945026
Logistic Reg,No SMOTE,0,0,9.046523766133605e-07
Logistic Reg,No SMOTE,0,0,0.046893180903096604
Logistic Reg,No SMOTE,0,0,9.466503728867697e-06
Logistic Reg,No SMOTE,0,0,0.007177042808954048
Logistic Reg,No SMOTE,0,0,4.587399646692496e-05
Logistic Reg,No SMOTE,0,0,1.1010962732265623e-06
Logistic Reg,No SMOTE,0,0,8.28735479278801e-07
Logistic Reg,No SMOTE,0,0,4.561538118774125e-05
Logistic Reg,No SMOTE,0,0,1.919580597852212e-12
Logistic Reg,No SMOTE,0,0,2.993928751962441e-14
Logistic Reg,No SMOTE,0,0,4.5639358928460746e-05
Logistic Reg,No SMOTE,0,0,9.035564019891133e-07
Logistic Reg,No SMOTE,0,0,4.5626941831324674e-05
Logistic Reg,No SMOTE,0,0,0.1432639518966654
Logistic Reg,No SMOTE,0,0,0.007610299262993726
Logistic Reg,No SMOTE,0,0,0.02944779144204187
Logistic Reg,No SMOTE,0,0,0.03346781210414995
Logistic Reg,No SMOTE,1,1,0.9870068870996888
Logistic Reg,No SMOTE,0,0,8.420583203609815e-07
Logistic Reg,No SMOTE,0,0,0.0025229603228359714
Logistic Reg,No SMOTE,0,0,4.630201749934974e-05
Logistic Reg,No SMOTE,0,0,9.074063594704402e-07
Logistic Reg,No SMOTE,0,0,4.5609477043037305e-05
Logistic Reg,No SMOTE,0,0,7.898348593437898e-07
Logistic Reg,No SMOTE,0,0,0.011879488505364192
Logistic Reg,No SMOTE,0,0,7.907270503727406e-07
Logistic Reg,No SMOTE,0,0,0.011759321164488242
Logistic Reg,No SMOTE,0,0,7.770805408588762e-07
Logistic Reg,No SMOTE,0,0,0.04882054444345936
Logistic Reg,No SMOTE,0,0,9.384551610631925e-07
Logistic Reg,No SMOTE,0,0,4.565044985735028e-05
Logistic Reg,No SMOTE,0,0,0.047529433031055605
Logistic Reg,No SMOTE,0,0,0.032213542812501154
Logistic Reg,No SMOTE,0,0,7.034859503962017e-07
Logistic Reg,No SMOTE,0,0,1.3073183687196981e-14
Logistic Reg,No SMOTE,0,0,6.184039668743289e-10
Logistic Reg,No SMOTE,0,0,4.753599255237255e-05
Logistic Reg,No SMOTE,0,0,0.0002183718791428397
Logistic Reg,No SMOTE,0,0,9.607632156572214e-13
Logistic Reg,No SMOTE,0,0,0.009617865314104827
Logistic Reg,No SMOTE,0,0,0.0008422008975820949
Logistic Reg,No SMOTE,0,0,3.723283565668817e-24
Logistic Reg,No SMOTE,1,1,0.9758531828817854
Logistic Reg,No SMOTE,0,0,0.0021455921567709595
Logistic Reg,No SMOTE,0,0,6.319834840251869e-07
Logistic Reg,No SMOTE,0,0,4.6636119047584486e-05
Logistic Reg,No SMOTE,0,0,7.582512595344446e-07
Logistic Reg,No SMOTE,0,0,0.01562763034700336
Logistic Reg,No SMOTE,0,0,0.005469316777782435
Logistic Reg,No SMOTE,0,0,5.933265715376481e-07
Logistic Reg,No SMOTE,0,0,0.014518592069224102
Logistic Reg,No SMOTE,0,1,0.8534755076818032
Logistic Reg,No SMOTE,0,0,1.048667375906782e-06
Logistic Reg,No SMOTE,0,0,7.067128601775103e-19
Logistic Reg,No SMOTE,0,0,0.026550842263177363
Logistic Reg,No SMOTE,0,0,0.032921326106944
Logistic Reg,No SMOTE,0,0,0.026420353840886195
Logistic Reg,No SMOTE,0,0,0.02509216786353512
Logistic Reg,No SMOTE,0,0,0.03954707488169447
Logistic Reg,No SMOTE,0,0,4.597566087607819e-13
Logistic Reg,No SMOTE,0,0,0.0002927013927596327
Logistic Reg,No SMOTE,0,0,4.613551295824453e-05
Logistic Reg,No SMOTE,0,0,8.188018962094345e-07
Logistic Reg,No SMOTE,0,0,0.3257582953984348
Logistic Reg,No SMOTE,0,0,0.10407588405717204
Logistic Reg,No SMOTE,0,0,0.08462869463976731
Logistic Reg,No SMOTE,0,0,0.029013192358796656
Logistic Reg,No SMOTE,0,0,0.006128915681914157
Logistic Reg,No SMOTE,0,0,0.00012155804326073227
Logistic Reg,No SMOTE,0,1,0.9524873696937072
Logistic Reg,No SMOTE,0,0,2.4696781310480067e-17
Logistic Reg,No SMOTE,0,0,9.073222986693114e-05
Logistic Reg,No SMOTE,0,0,3.3072680455333783e-109
Logistic Reg,No SMOTE,0,0,6.91782153269027e-19
Logistic Reg,No SMOTE,0,0,0.0005428653504027734
Logistic Reg,No SMOTE,0,0,1.1547565432082095e-07
Logistic Reg,No SMOTE,0,0,8.439222782436579e-07
Logistic Reg,No SMOTE,0,0,2.559135909887777e-11
Logistic Reg,No SMOTE,0,0,6.766746373823004e-05
Logistic Reg,No SMOTE,0,0,1.216142778013562e-11
Logistic Reg,No SMOTE,0,0,0.015934331908233835
Logistic Reg,No SMOTE,0,0,1.4544706837009979e-16
Logistic Reg,No SMOTE,0,0,0.02597076829936057
Logistic Reg,No SMOTE,0,0,9.301083882308414e-10
Logistic Reg,No SMOTE,0,0,8.403163347008199e-07
Logistic Reg,No SMOTE,0,0,0.0002897677805301725
Logistic Reg,No SMOTE,0,0,1.9876981199029982e-13
Logistic Reg,No SMOTE,0,0,4.6671317845957474e-05
Logistic Reg,No SMOTE,0,0,4.559397822115989e-05
Logistic Reg,No SMOTE,0,0,0.016598702503332632
Logistic Reg,No SMOTE,0,0,4.614125934142109e-05
Logistic Reg,No SMOTE,0,0,5.284339797214257e-13
Logistic Reg,No SMOTE,0,0,4.9516622648739505e-05
Logistic Reg,No SMOTE,0,0,2.489589913740148e-14
Logistic Reg,No SMOTE,0,0,0.03400000594945795
Logistic Reg,No SMOTE,0,0,9.7804627228772e-06
Logistic Reg,No SMOTE,0,0,2.3523290582285588e-06
Logistic Reg,No SMOTE,0,0,0.008850125969763709
Logistic Reg,No SMOTE,0,0,0.03599151455888892
Logistic Reg,No SMOTE,0,0,1.030363921508721e-06
Logistic Reg,No SMOTE,0,0,0.025006332766010737
Logistic Reg,No SMOTE,0,0,9.936706812653396e-07
Logistic Reg,No SMOTE,0,0,4.694457336890306e-05
Logistic Reg,No SMOTE,0,0,1.3085821857224832e-06
Logistic Reg,No SMOTE,0,0,1.161004431583343e-06
Logistic Reg,No SMOTE,0,0,0.029337598134602814
Logistic Reg,No SMOTE,0,0,2.0978002392272337e-13
Logistic Reg,No SMOTE,0,0,0.002442468902352754
Logistic Reg,No SMOTE,0,0,2.7731469973550483e-05
Logistic Reg,No SMOTE,0,0,6.330651857751848e-11
Logistic Reg,No SMOTE,0,0,7.213612851088382e-25
Logistic Reg,No SMOTE,0,0,9.652742781438605e-13
Logistic Reg,No SMOTE,0,0,9.59897688998609e-07
Logistic Reg,No SMOTE,0,0,9.95356991352911e-07
Logistic Reg,No SMOTE,0,1,0.5544773269728092
Logistic Reg,No SMOTE,0,0,0.042075648654779675
Logistic Reg,No SMOTE,0,0,1.464462977281452e-15
Logistic Reg,No SMOTE,0,0,1.1850452242577963e-10
Logistic Reg,No SMOTE,0,0,0.0011930434648747298
Logistic Reg,No SMOTE,0,0,0.009005733837133491
Logistic Reg,No SMOTE,0,0,1.737984126771722e-06
Logistic Reg,No SMOTE,0,0,0.00023404933854506683
Logistic Reg,No SMOTE,0,0,0.00031846419889757394
Logistic Reg,No SMOTE,0,0,3.7111796991944083e-09
Logistic Reg,No SMOTE,0,0,0.02729764808602662
Logistic Reg,No SMOTE,0,0,2.8654145131972714e-21
Logistic Reg,No SMOTE,0,0,5.825361976716569e-08
Logistic Reg,No SMOTE,0,0,2.623053488904921e-06
Logistic Reg,No SMOTE,0,0,2.212603765787112e-08
Logistic Reg,No SMOTE,0,0,7.558170862999703e-07
Logistic Reg,No SMOTE,0,0,4.725848816096271e-05
Logistic Reg,No SMOTE,0,0,4.641743833371878e-05
Logistic Reg,No SMOTE,0,0,6.053274228186533e-07
Logistic Reg,No SMOTE,0,0,0.028339118408751206
Logistic Reg,No SMOTE,0,0,2.401784455576215e-13
Logistic Reg,No SMOTE,0,0,0.00011649845321072635
Logistic Reg,No SMOTE,0,0,4.6266296204481536e-05
Logistic Reg,No SMOTE,0,0,0.031420968413522106
Logistic Reg,No SMOTE,0,0,0.024316724754484622
Logistic Reg,No SMOTE,0,0,0.033814730114787195
Logistic Reg,No SMOTE,0,0,4.585762483006193e-05
Logistic Reg,No SMOTE,0,0,2.719859398340113e-13
Logistic Reg,No SMOTE,0,0,1.640860129258995e-06
Logistic Reg,No SMOTE,0,0,0.017270948007811447
Logistic Reg,No SMOTE,0,0,0.014936686986546592
Logistic Reg,No SMOTE,0,0,8.6567315183107e-18
Logistic Reg,No SMOTE,0,0,0.004277637348948341
Logistic Reg,No SMOTE,0,1,0.7083835181712997
Logistic Reg,No SMOTE,0,0,0.024725345432300334
Logistic Reg,No SMOTE,0,0,0.035587164922130606
Logistic Reg,No SMOTE,0,0,6.07658282948329e-07
Logistic Reg,No SMOTE,0,0,1.1834330203564778e-11
Logistic Reg,No SMOTE,0,0,1.818577260137489e-07
Logistic Reg,No SMOTE,0,0,0.05163498760159507
Logistic Reg,No SMOTE,0,0,6.630844012777802e-13
Logistic Reg,No SMOTE,0,0,0.042779808262496645
Logistic Reg,No SMOTE,0,0,0.03697271853772281
Logistic Reg,No SMOTE,0,0,9.55341794151544e-07
Logistic Reg,No SMOTE,0,0,0.0007261025506532385
Logistic Reg,No SMOTE,0,0,0.040104210549719535
Logistic Reg,No SMOTE,0,0,1.231408004681589e-08
Logistic Reg,No SMOTE,0,0,0.04597509369370003
Logistic Reg,No SMOTE,0,0,0.004686055853292281
Logistic Reg,No SMOTE,0,0,1.0745117916313946e-06
Logistic Reg,No SMOTE,0,0,4.669333317856446e-05
Logistic Reg,No SMOTE,0,0,1.2349059521106342e-06
Logistic Reg,No SMOTE,0,0,4.560406945538119e-05
Logistic Reg,No SMOTE,0,0,1.637012101349034e-06
Logistic Reg,No SMOTE,0,0,2.6722293862390208e-05
Logistic Reg,No SMOTE,0,0,0.0023118169124886913
Logistic Reg,No SMOTE,0,0,0.36148625781000854
Logistic Reg,No SMOTE,0,0,8.706993966198186e-07
Logistic Reg,No SMOTE,0,0,0.00844466110679103
Logistic Reg,No SMOTE,0,0,2.502302757818693e-06
Logistic Reg,No SMOTE,0,0,6.416304851329045e-06
Logistic Reg,No SMOTE,0,0,5.4838847871281795e-14
Logistic Reg,No SMOTE,0,0,3.694479365763944e-10
Logistic Reg,No SMOTE,0,0,4.559262546933913e-05
Logistic Reg,No SMOTE,0,0,0.02446248784590818
Logistic Reg,No SMOTE,0,0,9.003473114499097e-06
Logistic Reg,No SMOTE,0,0,1.847237707706593e-07
Logistic Reg,No SMOTE,0,0,9.267798038308545e-14
Logistic Reg,No SMOTE,0,0,0.033005901975968435
Logistic Reg,No SMOTE,0,0,0.03272721641623712
Logistic Reg,No SMOTE,0,1,0.6656683288909482
Logistic Reg,No SMOTE,0,0,0.20977141743235483
Logistic Reg,No SMOTE,0,0,1.1302230878113625e-06
Logistic Reg,No SMOTE,0,0,7.066962125350873e-07
Logistic Reg,No SMOTE,0,0,0.15427296992760936
Logistic Reg,No SMOTE,0,0,0.0011520778551261687
Logistic Reg,No SMOTE,0,0,1.0082370317589172e-07
Logistic Reg,No SMOTE,0,0,0.0004518963208411155
Logistic Reg,No SMOTE,0,0,0.04800694878899759
Logistic Reg,No SMOTE,0,0,0.015617452240963827
Logistic Reg,No SMOTE,0,0,0.036559332490799845
Logistic Reg,No SMOTE,0,0,4.643036188155133e-05
Logistic Reg,No SMOTE,0,0,6.952531087337613e-06
Logistic Reg,No SMOTE,0,0,1.7274021557144907e-16
Logistic Reg,No SMOTE,0,0,0.01632166336452553
Logistic Reg,No SMOTE,0,0,2.3748546247622145e-06
Logistic Reg,No SMOTE,0,0,0.000824689045407634
Logistic Reg,No SMOTE,0,0,0.0011300910580061038
Logistic Reg,No SMOTE,0,0,0.02537359775118831
Logistic Reg,No SMOTE,0,0,4.846414675012861e-13
Logistic Reg,No SMOTE,0,0,2.322235288792831e-16
Logistic Reg,No SMOTE,0,0,9.583425853473163e-07
Logistic Reg,No SMOTE,0,0,9.453807761481889e-07
Logistic Reg,No SMOTE,0,0,1.2267715817467508e-07
Logistic Reg,No SMOTE,0,0,8.282123680692212e-07
Logistic Reg,No SMOTE,0,0,0.029349650296611324
Logistic Reg,No SMOTE,0,0,2.1295245593876306e-05
Logistic Reg,No SMOTE,0,0,0.0005104442574677797
Logistic Reg,No SMOTE,0,1,0.8539702303042666
Logistic Reg,No SMOTE,0,0,4.560900541446726e-05
Logistic Reg,No SMOTE,0,0,1.0081368715308793e-06
Logistic Reg,No SMOTE,0,0,0.027834267614206116
Logistic Reg,No SMOTE,0,0,2.3934931618693063e-07
Logistic Reg,No SMOTE,0,0,5.2643660360571113e-05
Logistic Reg,No SMOTE,0,0,2.053835250581162e-28
Logistic Reg,No SMOTE,0,0,0.0007673714274520867
Logistic Reg,No SMOTE,0,0,1.0214632053227814e-12
Logistic Reg,No SMOTE,0,0,0.16713361436160284
Logistic Reg,No SMOTE,0,0,1.035756526997594e-06
Logistic Reg,No SMOTE,0,0,0.0011870884844534268
Logistic Reg,No SMOTE,0,0,1.338482110769843e-23
Logistic Reg,No SMOTE,0,0,7.778301467430107e-12
Logistic Reg,No SMOTE,0,0,4.6445752738419e-05
Logistic Reg,No SMOTE,0,0,1.1800420313345179e-11
Logistic Reg,No SMOTE,0,0,1.0862648235128271e-08
Logistic Reg,No SMOTE,0,0,0.03443125990203024
Logistic Reg,No SMOTE,0,0,1.2175074716644626e-18
Logistic Reg,No SMOTE,0,0,8.169537833411501e-07
Logistic Reg,No SMOTE,0,0,1.9117151417153105e-05
Logistic Reg,No SMOTE,0,0,0.010305989287805028
Logistic Reg,No SMOTE,0,0,0.0010016381123564063
Logistic Reg,No SMOTE,0,0,4.611976477136833e-05
Logistic Reg,No SMOTE,0,0,0.22606528357297748
Logistic Reg,No SMOTE,0,0,0.0014005037614431785
Logistic Reg,No SMOTE,0,0,1.2504492130702182e-06
Logistic Reg,No SMOTE,0,0,9.412737501095001e-07
Logistic Reg,No SMOTE,0,0,1.049181456071711e-06
Logistic Reg,No SMOTE,0,0,4.565282822928448e-05
Logistic Reg,No SMOTE,0,0,0.006249091428565055
Logistic Reg,No SMOTE,0,0,0.025255021193897068
Logistic Reg,No SMOTE,0,0,2.7057525174590466e-05
Logistic Reg,No SMOTE,0,0,8.3555196472854e-07
Logistic Reg,No SMOTE,0,0,0.014134795209602112
Logistic Reg,No SMOTE,0,0,8.96728169337508e-07
Logistic Reg,No SMOTE,0,0,0.2965865778750455
Logistic Reg,No SMOTE,0,0,0.04246287899311833
Logistic Reg,No SMOTE,0,0,0.033242524425336914
Logistic Reg,No SMOTE,0,0,4.008582959140659e-22
Logistic Reg,No SMOTE,0,0,4.615440243426607e-05
Logistic Reg,No SMOTE,0,0,7.763242096532042e-07
Logistic Reg,No SMOTE,0,0,0.03275500388595072
Logistic Reg,No SMOTE,0,0,4.892356593794709e-05
Logistic Reg,No SMOTE,0,0,8.870165830662058e-07
Logistic Reg,No SMOTE,0,0,2.8579149037118432e-18
Logistic Reg,No SMOTE,0,0,0.0029309925379438525
Logistic Reg,No SMOTE,0,0,0.013503507939421705
Logistic Reg,No SMOTE,0,0,0.053086546308545826
Logistic Reg,No SMOTE,0,0,0.030753162278250732
Logistic Reg,No SMOTE,0,0,1.4652656627420594e-09
Logistic Reg,No SMOTE,0,0,2.0113655004046165e-18
Logistic Reg,No SMOTE,0,0,9.438444026209893e-06
Logistic Reg,No SMOTE,0,0,4.613816523359909e-05
Logistic Reg,No SMOTE,0,0,0.0011036521250898212
Logistic Reg,No SMOTE,0,0,0.002840920789132546
Logistic Reg,No SMOTE,0,0,0.026073501159253845
Logistic Reg,No SMOTE,0,0,0.040277152955364735
Logistic Reg,No SMOTE,0,0,8.843333775873534e-07
Logistic Reg,No SMOTE,0,0,1.0103777495518949e-14
Logistic Reg,No SMOTE,0,0,0.0020244674179698786
Logistic Reg,No SMOTE,0,0,1.5893411204196643e-09
Logistic Reg,No SMOTE,0,0,6.37767370963066e-14
Logistic Reg,No SMOTE,0,0,1.3927355709109447e-11
Logistic Reg,No SMOTE,0,0,5.244838856562247e-09
Logistic Reg,No SMOTE,0,1,0.5599420582144102
Logistic Reg,No SMOTE,0,0,0.00021931397921653452
Logistic Reg,No SMOTE,0,0,0.03061005648281161
Logistic Reg,No SMOTE,0,0,5.874410099060077e-07
Logistic Reg,No SMOTE,0,0,0.0026832552258742085
Logistic Reg,No SMOTE,0,0,1.6140394801393015e-11
Logistic Reg,No SMOTE,0,0,0.055899535685104564
Logistic Reg,No SMOTE,0,0,4.636856249422615e-05
Logistic Reg,No SMOTE,0,0,4.968402894550379e-17
Logistic Reg,No SMOTE,0,0,0.028654028328773447
Logistic Reg,No SMOTE,0,0,1.4743782785609831e-05
Logistic Reg,No SMOTE,0,0,0.006673828430452382
Logistic Reg,No SMOTE,0,0,0.4775361425720093
Logistic Reg,No SMOTE,0,0,2.3020729763982853e-15
Logistic Reg,No SMOTE,0,0,0.000297312773498341
Logistic Reg,No SMOTE,0,0,1.1557095757035548e-11
Logistic Reg,No SMOTE,0,0,2.235478705186837e-12
Logistic Reg,No SMOTE,0,0,1.5468008877599998e-12
Logistic Reg,No SMOTE,0,0,2.667327866180418e-10
Logistic Reg,No SMOTE,0,0,1.0810462492757086e-12
Logistic Reg,No SMOTE,0,0,7.95698755139865e-07
Logistic Reg,No SMOTE,0,0,0.03221393043156505
Logistic Reg,No SMOTE,0,0,4.6030786558973686e-05
Logistic Reg,No SMOTE,0,0,2.7378166506213247e-07
Logistic Reg,No SMOTE,0,0,0.025246104733611382
Logistic Reg,No SMOTE,0,0,0.021787832727670525
Logistic Reg,No SMOTE,0,0,6.657832027789433e-07
Logistic Reg,No SMOTE,0,0,1.0349924699870023e-06
Logistic Reg,No SMOTE,0,0,4.8595314721360584e-05
Logistic Reg,No SMOTE,0,0,6.338607192142503e-07
Logistic Reg,No SMOTE,0,0,4.60331842627711e-05
Logistic Reg,No SMOTE,0,0,8.283875229504771e-07
Logistic Reg,No SMOTE,0,0,4.643506864558247e-05
Logistic Reg,No SMOTE,0,0,1.078067715232991e-06
Logistic Reg,No SMOTE,0,0,1.7255858747672268e-06
Logistic Reg,No SMOTE,0,0,5.737800774207677e-20
Logistic Reg,No SMOTE,0,0,0.038047862676650036
Logistic Reg,No SMOTE,0,0,1.0092179922506128e-06
Logistic Reg,No SMOTE,0,0,2.8006557884301643e-10
Logistic Reg,No SMOTE,0,0,8.0983124269225e-07
Logistic Reg,No SMOTE,0,0,0.03802068465009937
Logistic Reg,No SMOTE,0,0,0.013683773963796459
Logistic Reg,No SMOTE,0,0,0.027458870001715235
Logistic Reg,No SMOTE,0,0,0.0002015557764369772
Logistic Reg,No SMOTE,0,0,0.040521617067615416
Logistic Reg,No SMOTE,0,1,0.688291824088424
Logistic Reg,No SMOTE,0,0,0.04901075977148959
Logistic Reg,No SMOTE,0,0,1.10513466096012e-09
Logistic Reg,No SMOTE,0,0,9.898067543735027e-07
Logistic Reg,No SMOTE,0,0,0.031044839394492332
Logistic Reg,No SMOTE,0,0,3.6712747074774347e-44
Logistic Reg,No SMOTE,0,0,1.2135620417829396e-06
Logistic Reg,No SMOTE,0,0,4.297480281671816e-32
Logistic Reg,No SMOTE,0,0,7.894750573856845e-07
Logistic Reg,No SMOTE,0,0,0.016651528525509246
Logistic Reg,No SMOTE,0,0,3.0027972089425686e-11
Logistic Reg,No SMOTE,0,0,0.0014029716196767394
Logistic Reg,No SMOTE,0,0,8.915077860173839e-07
Logistic Reg,No SMOTE,0,0,1.9974237174639844e-11
Logistic Reg,No SMOTE,0,0,0.014206440718360558
Logistic Reg,No SMOTE,0,0,0.025422168375763016
Logistic Reg,No SMOTE,0,0,7.019874425226278e-07
Logistic Reg,No SMOTE,0,0,0.0007360178598617517
Logistic Reg,No SMOTE,0,0,4.737159974085878e-11
Logistic Reg,No SMOTE,0,0,2.0752855005105356e-08
Logistic Reg,No SMOTE,0,0,0.045569478542273556
Logistic Reg,No SMOTE,0,0,1.1871724057018748e-08
Logistic Reg,No SMOTE,0,0,8.680342347366681e-19
Logistic Reg,No SMOTE,0,0,7.550119860522533e-07
Logistic Reg,No SMOTE,0,0,9.907965019075626e-07
Logistic Reg,No SMOTE,0,0,1.1461829231266431e-11
Logistic Reg,No SMOTE,0,0,2.919759172390302e-11
Logistic Reg,No SMOTE,0,0,6.553109000784959e-07
Logistic Reg,No SMOTE,0,0,3.819110473206841e-11
Logistic Reg,No SMOTE,0,0,0.02817773034531018
Logistic Reg,No SMOTE,0,0,0.022373054308259543
Logistic Reg,No SMOTE,0,0,1.356353440178468e-07
Logistic Reg,No SMOTE,0,0,0.18723671880366807
Logistic Reg,No SMOTE,0,0,5.372991298197436e-05
Logistic Reg,No SMOTE,0,0,9.168431120097452e-06
Logistic Reg,No SMOTE,0,0,4.6502952984900306e-05
Logistic Reg,No SMOTE,0,0,0.0032562575520144127
Logistic Reg,No SMOTE,0,0,1.8191157728325066e-17
Logistic Reg,No SMOTE,0,0,4.7972324758325715e-05
Logistic Reg,No SMOTE,0,0,0.05257105961363959
Logistic Reg,No SMOTE,0,0,6.375419735295868e-26
Logistic Reg,No SMOTE,0,0,1.7680862636990397e-05
Logistic Reg,No SMOTE,0,0,4.559263387793334e-05
Logistic Reg,No SMOTE,0,0,0.001761359055674003
Logistic Reg,No SMOTE,0,0,3.0824738162519246e-17
Logistic Reg,No SMOTE,0,0,1.9218141339973404e-05
Logistic Reg,No SMOTE,0,0,1.821260740644782e-09
Logistic Reg,No SMOTE,0,0,1.1576806847143243e-08
Logistic Reg,No SMOTE,0,0,1.279868511554481e-12
Logistic Reg,No SMOTE,0,0,0.001148025156001076
Logistic Reg,No SMOTE,0,0,0.02182895579148032
Logistic Reg,No SMOTE,0,0,1.5470670430913638e-05
Logistic Reg,No SMOTE,0,0,1.0275986399573e-09
Logistic Reg,No SMOTE,0,0,4.787549887857069e-05
Logistic Reg,No SMOTE,0,0,9.386061669696099e-07
Logistic Reg,No SMOTE,0,0,1.0287942601317263e-06
Logistic Reg,No SMOTE,0,0,1.1007873214290749e-12
Logistic Reg,No SMOTE,0,0,6.55264428750003e-12
Logistic Reg,No SMOTE,0,0,8.874435751693419e-07
Logistic Reg,No SMOTE,0,0,0.02389673154003898
Logistic Reg,No SMOTE,0,0,4.597875244863024e-05
Logistic Reg,No SMOTE,0,0,4.7162869488296426e-05
Logistic Reg,No SMOTE,0,0,9.556873872342854e-07
Logistic Reg,No SMOTE,0,0,4.6622882703942954e-05
Logistic Reg,No SMOTE,0,0,5.863543287807879e-13
Logistic Reg,No SMOTE,0,0,0.030328524032705716
Logistic Reg,No SMOTE,0,0,1.7896590515104743e-15
Logistic Reg,No SMOTE,0,0,2.2021068152003886e-17
Logistic Reg,No SMOTE,0,0,0.001075375300470935
Logistic Reg,No SMOTE,0,0,4.558592377446462e-05
Logistic Reg,No SMOTE,0,0,0.0008890965448556797
Logistic Reg,No SMOTE,0,0,1.1082236179678813e-06
Logistic Reg,No SMOTE,0,0,0.0006371253398175327
Logistic Reg,No SMOTE,0,0,4.6037645127251505e-05
Logistic Reg,No SMOTE,0,0,0.04918699733340328
Logistic Reg,No SMOTE,0,0,0.031793234823597485
Logistic Reg,No SMOTE,0,0,4.569658615072898e-05
Logistic Reg,No SMOTE,0,0,4.576886846310377e-05
Logistic Reg,No SMOTE,0,0,0.03157256119193687
Logistic Reg,No SMOTE,0,0,7.941735151677089e-07
Logistic Reg,No SMOTE,0,0,0.0012291748017508922
Logistic Reg,No SMOTE,0,0,0.0393771846236077
Logistic Reg,No SMOTE,0,0,0.0037692945450377843
Logistic Reg,No SMOTE,0,0,8.032890346019623e-06
Logistic Reg,No SMOTE,0,0,6.242949174343894e-08
Logistic Reg,No SMOTE,0,0,0.00025486775789980876
Logistic Reg,No SMOTE,0,0,0.03119458015267603
Logistic Reg,No SMOTE,0,0,1.4861970426493361e-05
Logistic Reg,No SMOTE,0,0,4.6623307934225635e-05
Logistic Reg,No SMOTE,0,0,0.0371535815243159
Logistic Reg,No SMOTE,0,0,5.660481219447053e-07
Logistic Reg,No SMOTE,0,0,0.035967414817848625
Logistic Reg,No SMOTE,0,0,0.0004296778254502681
Logistic Reg,No SMOTE,0,0,0.001332423955003422
Logistic Reg,No SMOTE,0,0,4.877980425228876e-05
Logistic Reg,No SMOTE,0,0,4.7110167300017896e-05
Logistic Reg,No SMOTE,0,0,1.3232732383846847e-06
Logistic Reg,No SMOTE,0,0,0.012075201375691095
Logistic Reg,No SMOTE,0,0,0.03157952184585724
Logistic Reg,No SMOTE,0,0,1.0553257909154946e-06
Logistic Reg,No SMOTE,0,0,1.0252822738835707e-06
Logistic Reg,No SMOTE,0,1,0.6786073424633774
Logistic Reg,No SMOTE,0,0,4.13590134792516e-07
Logistic Reg,No SMOTE,0,0,7.457440923264005e-10
Logistic Reg,No SMOTE,0,0,0.008527130771002511
Logistic Reg,No SMOTE,0,0,9.299689860898148e-21
Logistic Reg,No SMOTE,0,0,8.86256916802499e-07
Logistic Reg,No SMOTE,0,0,1.1620326746418551e-11
Logistic Reg,No SMOTE,0,0,2.215606848578305e-19
Logistic Reg,No SMOTE,0,0,4.054366908089049e-08
Logistic Reg,No SMOTE,0,0,0.03390677399969939
Logistic Reg,No SMOTE,0,0,1.1340487589336591e-06
Logistic Reg,No SMOTE,0,0,4.5637011051439214e-05
Logistic Reg,No SMOTE,0,0,0.029343248434794866
Logistic Reg,No SMOTE,0,0,0.0032342709865018342
Logistic Reg,No SMOTE,0,0,7.664798932087302e-07
Logistic Reg,No SMOTE,0,1,0.7146639458359183
Logistic Reg,No SMOTE,0,0,1.9825347303820508e-17
Logistic Reg,No SMOTE,0,0,0.02532704578903856
Logistic Reg,No SMOTE,0,0,8.664112554127014e-07
Logistic Reg,No SMOTE,0,0,8.67865127810516e-07
Logistic Reg,No SMOTE,0,1,0.5238602633333606
Logistic Reg,No SMOTE,0,0,1.4236770491008773e-07
Logistic Reg,No SMOTE,0,0,6.50103664776971e-05
Logistic Reg,No SMOTE,0,0,0.022511080369816864
Logistic Reg,No SMOTE,0,0,4.6240452630141814e-05
Logistic Reg,No SMOTE,0,0,0.030582126776937637
Logistic Reg,No SMOTE,0,0,1.0620989440249324e-06
Logistic Reg,No SMOTE,0,0,0.04619550489309529
Logistic Reg,No SMOTE,0,0,0.14885460015678326
Logistic Reg,No SMOTE,0,0,9.932748007521557e-07
Logistic Reg,No SMOTE,0,0,4.727338789964964e-06
Logistic Reg,No SMOTE,0,0,5.7992782861332685e-11
Logistic Reg,No SMOTE,0,0,0.042116337066159505
Logistic Reg,No SMOTE,0,0,9.324657678231172e-07
Logistic Reg,No SMOTE,0,0,0.0018484251490281948
Logistic Reg,No SMOTE,0,0,0.03616212622266103
Logistic Reg,No SMOTE,0,0,7.769476815572101e-15
Logistic Reg,No SMOTE,0,0,4.781131843201138e-05
Logistic Reg,No SMOTE,0,0,0.0014892803383178208
Logistic Reg,No SMOTE,0,0,2.5977454096448886e-08
Logistic Reg,No SMOTE,0,0,2.977522711015382e-11
Logistic Reg,No SMOTE,0,0,8.553455541311825e-09
Logistic Reg,No SMOTE,0,0,0.03286775685737557
Logistic Reg,No SMOTE,0,0,0.0004938075786128337
Logistic Reg,No SMOTE,0,0,0.016721457615117546
Logistic Reg,No SMOTE,0,1,0.5532435682097244
Logistic Reg,No SMOTE,0,0,1.0543075714785508e-06
Logistic Reg,No SMOTE,0,0,3.228424886400218e-05
Logistic Reg,No SMOTE,0,0,2.857690055411685e-08
Logistic Reg,No SMOTE,0,0,0.031007190787994465
Logistic Reg,No SMOTE,0,0,5.000889295892058e-05
Logistic Reg,No SMOTE,0,0,0.0021302206685322685
Logistic Reg,No SMOTE,0,0,1.2247318889431919e-09
Logistic Reg,No SMOTE,0,0,5.633206312386987e-08
Logistic Reg,No SMOTE,0,0,0.01867202971530837
Logistic Reg,No SMOTE,0,0,0.0006570229703994068
Logistic Reg,No SMOTE,0,0,1.0903435569309334e-08
Logistic Reg,No SMOTE,0,0,0.0007068114676481701
Logistic Reg,No SMOTE,0,0,0.001343553497589758
Logistic Reg,No SMOTE,0,0,6.170763906144925e-27
Logistic Reg,No SMOTE,0,0,4.831107448606481e-05
Logistic Reg,No SMOTE,0,0,8.677812712021605e-07
Logistic Reg,No SMOTE,0,0,0.0001764401750267631
Logistic Reg,No SMOTE,0,0,1.0022550092028003e-06
Logistic Reg,No SMOTE,0,0,0.0005703698377128927
Logistic Reg,No SMOTE,0,0,4.4769381020928684e-26
Logistic Reg,No SMOTE,0,0,0.0007089705418424231
Logistic Reg,No SMOTE,0,0,0.003256286181510092
Logistic Reg,No SMOTE,0,0,2.9695426127686464e-08
Logistic Reg,No SMOTE,0,0,0.013376196544183223
Logistic Reg,No SMOTE,0,0,8.147131922710923e-07
Logistic Reg,No SMOTE,0,0,0.03311114338558087
Logistic Reg,No SMOTE,0,0,0.04420810709091063
Logistic Reg,No SMOTE,0,0,1.9869858669698165e-07
Logistic Reg,No SMOTE,0,0,0.003441240064127535
Logistic Reg,No SMOTE,0,0,0.031217261286810013
Logistic Reg,No SMOTE,0,0,5.325110219769947e-23
Logistic Reg,No SMOTE,0,0,0.0651258974037577
Logistic Reg,No SMOTE,0,0,3.3541918850390495e-09
Logistic Reg,No SMOTE,0,0,0.0014269316705000268
Logistic Reg,No SMOTE,0,0,0.05246385867668548
Logistic Reg,No SMOTE,0,0,3.0737855443350013e-06
Logistic Reg,No SMOTE,0,0,1.1246763920544478e-14
Logistic Reg,No SMOTE,0,0,0.05061925849292981
Logistic Reg,No SMOTE,0,0,0.1630012700631815
Logistic Reg,No SMOTE,0,0,8.348367061791051e-190
Logistic Reg,No SMOTE,0,0,4.584887474592459e-05
Logistic Reg,No SMOTE,0,0,4.867820047308529e-06
Logistic Reg,No SMOTE,0,0,0.0049881252770091755
Logistic Reg,No SMOTE,0,0,7.58216368624981e-07
Logistic Reg,No SMOTE,0,0,0.02541810863057624
Logistic Reg,No SMOTE,0,0,0.0411059106779025
Logistic Reg,No SMOTE,0,0,6.704684570340949e-05
Logistic Reg,No SMOTE,0,0,0.04395096967018388
Logistic Reg,No SMOTE,0,0,0.0003442577307950403
Logistic Reg,No SMOTE,0,0,0.005900154532489537
Logistic Reg,No SMOTE,0,0,1.4538269527625039e-09
Logistic Reg,No SMOTE,0,0,4.937144969817784e-07
Logistic Reg,No SMOTE,0,0,1.4506440473360995e-22
Logistic Reg,No SMOTE,0,0,0.006961987166656481
Logistic Reg,No SMOTE,0,0,1.1402310570552492e-06
Logistic Reg,No SMOTE,0,0,0.02842682757675862
Logistic Reg,No SMOTE,0,0,0.0021139259977956833
Logistic Reg,No SMOTE,0,0,0.030414443215625427
Logistic Reg,No SMOTE,0,0,1.3831565232522501e-06
Logistic Reg,No SMOTE,0,0,2.0381632698921388e-23
Logistic Reg,No SMOTE,0,0,6.451814974746033e-07
Logistic Reg,No SMOTE,0,0,7.864890105867766e-07
Logistic Reg,No SMOTE,0,0,3.921902897142165e-08
Logistic Reg,No SMOTE,0,0,0.0011783318423513227
Logistic Reg,No SMOTE,0,0,5.116803537213874e-05
Logistic Reg,No SMOTE,0,0,0.03835618376049097
Logistic Reg,No SMOTE,0,0,0.0007949857007129991
Logistic Reg,No SMOTE,0,0,1.5909003965514497e-05
Logistic Reg,No SMOTE,0,0,0.0002854175249633224
Logistic Reg,No SMOTE,0,0,0.03248338884050825
Logistic Reg,No SMOTE,0,0,0.48090643859605153
Logistic Reg,No SMOTE,0,0,0.0017785054607592145
Logistic Reg,No SMOTE,0,0,1.1234872207014456e-63
Logistic Reg,No SMOTE,0,0,0.001172721221161635
Logistic Reg,No SMOTE,0,0,8.380762585140275e-07
Logistic Reg,No SMOTE,0,0,0.03614978451537318
Logistic Reg,No SMOTE,0,0,1.6153009309680798e-11
Logistic Reg,No SMOTE,0,0,1.3602096108569527e-11
Logistic Reg,No SMOTE,0,0,4.629617167878656e-05
Logistic Reg,No SMOTE,0,0,7.179112250635668e-10
Logistic Reg,No SMOTE,0,0,0.000711302100234033
Logistic Reg,No SMOTE,0,0,2.630116802306371e-09
Logistic Reg,No SMOTE,0,0,5.398930314912089e-08
Logistic Reg,No SMOTE,0,0,0.32978086143137747
Logistic Reg,No SMOTE,0,0,0.026574863331832912
Logistic Reg,No SMOTE,0,0,1.1521977189821002e-18
Logistic Reg,No SMOTE,0,0,0.007510105890981531
Logistic Reg,No SMOTE,0,0,7.062114351444036e-07
Logistic Reg,No SMOTE,0,0,1.0876674781023937e-06
Logistic Reg,No SMOTE,0,0,2.1052536345097375e-05
Logistic Reg,No SMOTE,0,0,9.75727766745604e-12
Logistic Reg,No SMOTE,0,0,0.006312892255770451
Logistic Reg,No SMOTE,0,0,0.023696823305889902
Logistic Reg,No SMOTE,0,0,4.6175331794458794e-05
Logistic Reg,No SMOTE,0,0,4.37961142565819e-07
Logistic Reg,No SMOTE,0,0,4.561213487523414e-05
Logistic Reg,No SMOTE,0,0,4.600895626165931e-05
Logistic Reg,No SMOTE,0,0,2.010071652901665e-16
Logistic Reg,No SMOTE,0,0,8.592026267506132e-07
Logistic Reg,No SMOTE,0,0,5.442742939918063e-07
Logistic Reg,No SMOTE,0,0,0.0248829872850686
Logistic Reg,No SMOTE,0,0,2.979399412280932e-21
Logistic Reg,No SMOTE,0,0,0.041182505241334856
Logistic Reg,No SMOTE,0,0,0.01460391155128296
Logistic Reg,No SMOTE,0,0,3.6074083165966823e-05
Logistic Reg,No SMOTE,0,0,0.004537410092986682
Logistic Reg,No SMOTE,0,0,1.1373845162988727e-06
Logistic Reg,No SMOTE,0,0,0.02605049724169889
Logistic Reg,No SMOTE,0,0,1.033214795564766e-06
Logistic Reg,No SMOTE,0,0,0.0728954048674814
Logistic Reg,No SMOTE,0,0,4.6838280593636326e-05
Logistic Reg,No SMOTE,0,0,5.6184817311874115e-06
Logistic Reg,No SMOTE,0,0,4.7454027237283965e-05
Logistic Reg,No SMOTE,0,0,1.2137975034745337e-12
Logistic Reg,No SMOTE,0,0,4.5936797737254356e-05
Logistic Reg,No SMOTE,0,0,0.010691336700792727
Logistic Reg,No SMOTE,0,0,0.0005481576617547285
Logistic Reg,No SMOTE,0,0,8.748817658588336e-07
Logistic Reg,No SMOTE,0,0,2.265885671050233e-09
Logistic Reg,No SMOTE,0,0,0.004442137440316828
Logistic Reg,No SMOTE,0,0,0.03725341365899406
Logistic Reg,No SMOTE,0,0,6.973162357258265e-08
Logistic Reg,No SMOTE,0,0,0.05111764726578414
Logistic Reg,No SMOTE,0,0,0.004798921915564437
Logistic Reg,No SMOTE,0,0,2.915314890889382e-13
Logistic Reg,No SMOTE,0,0,0.0007841603239649275
Logistic Reg,No SMOTE,0,0,0.0006331171744551294
Logistic Reg,No SMOTE,0,0,2.1918813032816306e-05
Logistic Reg,No SMOTE,0,0,0.012533249727976257
Logistic Reg,No SMOTE,0,0,0.0013188759312241988
Logistic Reg,No SMOTE,0,0,0.06862275582313908
Logistic Reg,No SMOTE,0,0,0.028395629220582082
Logistic Reg,No SMOTE,0,0,0.004009771628274068
Logistic Reg,No SMOTE,0,0,1.0281515243576278e-06
Logistic Reg,No SMOTE,0,0,9.063725668586011e-07
Logistic Reg,No SMOTE,0,0,0.035845381951581316
Logistic Reg,No SMOTE,0,0,0.0008947138384067721
Logistic Reg,No SMOTE,0,0,4.765092904295126e-05
Logistic Reg,No SMOTE,0,0,2.433253166750839e-07
Logistic Reg,No SMOTE,0,0,0.040937849676556566
Logistic Reg,No SMOTE,0,0,0.0018083900716284367
Logistic Reg,No SMOTE,0,0,5.358082139802844e-05
Logistic Reg,No SMOTE,0,0,0.03978656214467926
Logistic Reg,No SMOTE,0,0,0.0008690712743287402
Logistic Reg,No SMOTE,0,0,3.240479013562776e-14
Logistic Reg,No SMOTE,0,0,0.000570821657569768
Logistic Reg,No SMOTE,0,0,8.895821838847598e-14
Logistic Reg,No SMOTE,0,0,7.465535492361292e-07
Logistic Reg,No SMOTE,0,0,4.9353675224368396e-05
Logistic Reg,No SMOTE,0,0,1.40393432312498e-14
Logistic Reg,No SMOTE,0,0,4.612530227466855e-05
Logistic Reg,No SMOTE,0,0,4.576517752682219e-05
Logistic Reg,No SMOTE,0,0,4.7505973906078084e-05
Logistic Reg,No SMOTE,0,0,9.834168914274802e-06
Logistic Reg,No SMOTE,0,0,0.039989904383649785
Logistic Reg,No SMOTE,0,0,0.0006233749601823022
Logistic Reg,No SMOTE,0,0,4.6779772520207737e-05
Logistic Reg,No SMOTE,0,0,4.5721600990451054e-05
Logistic Reg,No SMOTE,0,0,0.00025190126369906905
Logistic Reg,No SMOTE,0,0,1.1019969011488641e-05
Logistic Reg,No SMOTE,0,0,0.03456532012926891
Logistic Reg,No SMOTE,0,0,4.55859914335331e-05
Logistic Reg,No SMOTE,0,0,0.01280369624544801
Logistic Reg,No SMOTE,0,0,0.0046487259911652526
Logistic Reg,No SMOTE,0,0,6.465579752081822e-07
Logistic Reg,No SMOTE,0,0,1.1208900148088124e-13
Logistic Reg,No SMOTE,0,0,0.06221691515102217
Logistic Reg,No SMOTE,0,0,0.0339424003805608
Logistic Reg,No SMOTE,0,0,1.5310373867163307e-09
Logistic Reg,No SMOTE,0,0,0.023836202917011932
Logistic Reg,No SMOTE,0,1,0.9167855373048979
Logistic Reg,No SMOTE,0,0,4.593252720479122e-05
Logistic Reg,No SMOTE,0,0,0.00028463348168758366
Logistic Reg,No SMOTE,0,0,2.714325621682755e-06
Logistic Reg,No SMOTE,0,0,0.06462470653770759
Logistic Reg,No SMOTE,0,0,4.638852204705597e-05
Logistic Reg,No SMOTE,0,0,0.015230013069611477
Logistic Reg,No SMOTE,0,0,6.6947153505061865e-09
Logistic Reg,No SMOTE,0,0,4.69538521121339e-05
Logistic Reg,No SMOTE,0,0,8.421399098801185e-07
Logistic Reg,No SMOTE,0,0,0.024364577129412594
Logistic Reg,No SMOTE,0,0,1.0216543158960373e-06
Logistic Reg,No SMOTE,0,0,4.5899658632941184e-05
Logistic Reg,No SMOTE,0,0,4.569136737663827e-05
Logistic Reg,No SMOTE,0,0,4.674583057215621e-05
Logistic Reg,No SMOTE,0,0,4.576683850093666e-05
Logistic Reg,No SMOTE,0,0,2.021041186210802e-08
Logistic Reg,No SMOTE,0,0,1.0257202014722902e-06
Logistic Reg,No SMOTE,0,0,0.06087418193384133
Logistic Reg,No SMOTE,0,0,1.1723043356259666e-06
Logistic Reg,No SMOTE,0,0,0.03840332126576576
Logistic Reg,No SMOTE,0,0,7.107737406863891e-07
Logistic Reg,No SMOTE,0,0,1.3865406490671485e-06
Logistic Reg,No SMOTE,0,0,0.02522138436276399
Logistic Reg,No SMOTE,0,0,8.07560455660647e-11
Logistic Reg,No SMOTE,0,0,4.673378826594679e-05
Logistic Reg,No SMOTE,0,0,5.083201453864125e-05
Logistic Reg,No SMOTE,0,0,1.0444358133198758e-06
Logistic Reg,No SMOTE,0,0,2.5344850579071438e-17
Logistic Reg,No SMOTE,0,0,0.008983439008004645
Logistic Reg,No SMOTE,0,0,0.029233588971551986
Logistic Reg,No SMOTE,0,0,9.290390663811952e-07
Logistic Reg,No SMOTE,0,1,0.7903355114414604
Logistic Reg,No SMOTE,0,0,0.0037955529662899393
Logistic Reg,No SMOTE,0,0,4.765758758996815e-12
Logistic Reg,No SMOTE,0,0,4.658982962727432e-11
Logistic Reg,No SMOTE,0,0,7.195878419335962e-07
Logistic Reg,No SMOTE,0,0,7.074269366545516e-05
Logistic Reg,No SMOTE,0,0,0.012236205349733992
Logistic Reg,No SMOTE,0,0,3.093766202574466e-11
Logistic Reg,No SMOTE,0,0,7.086608287986112e-07
Logistic Reg,No SMOTE,0,0,4.596997757018534e-05
Logistic Reg,No SMOTE,0,0,0.003184308063594738
Logistic Reg,No SMOTE,0,0,1.638977991060558e-10
Logistic Reg,No SMOTE,0,0,0.007295835995870342
Logistic Reg,No SMOTE,0,0,7.527591773130105e-07
Logistic Reg,No SMOTE,0,0,0.02504450958578556
Logistic Reg,No SMOTE,0,0,2.9415912513146868e-06
Logistic Reg,No SMOTE,0,0,2.7757790191838385e-17
Logistic Reg,No SMOTE,0,0,0.026679720866955074
Logistic Reg,No SMOTE,0,0,5.851206198395384e-05
Logistic Reg,No SMOTE,0,0,1.0950699258350887e-08
Logistic Reg,No SMOTE,0,0,1.0376451579297618e-06
Logistic Reg,No SMOTE,0,0,1.3931849262943654e-06
Logistic Reg,No SMOTE,0,0,0.04980089787327513
Logistic Reg,No SMOTE,0,0,0.026317813995972994
Logistic Reg,No SMOTE,0,0,0.0006247327762918864
Logistic Reg,No SMOTE,0,0,0.03413042818080353
Logistic Reg,No SMOTE,0,0,0.0004373279310727314
Logistic Reg,No SMOTE,0,0,0.023439901741220244
Logistic Reg,No SMOTE,0,0,0.0012312284566948235
Logistic Reg,No SMOTE,0,0,4.5922811418152116e-05
Logistic Reg,No SMOTE,0,0,1.2376325064904039e-12
Logistic Reg,No SMOTE,0,0,0.03329075827016895
Logistic Reg,No SMOTE,0,0,1.6395666819745231e-06
Logistic Reg,No SMOTE,0,0,7.54373182050919e-07
Logistic Reg,No SMOTE,0,0,0.03999842478489569
Logistic Reg,No SMOTE,0,0,0.04355680947720815
Logistic Reg,No SMOTE,0,0,4.863504999746667e-12
Logistic Reg,No SMOTE,0,0,4.5745607250669227e-05
Logistic Reg,No SMOTE,0,0,7.409765198900515e-07
Logistic Reg,No SMOTE,0,0,3.626014069374714e-05
Logistic Reg,No SMOTE,0,0,0.033290387562150026
Logistic Reg,No SMOTE,0,0,0.034212429000808925
Logistic Reg,No SMOTE,0,0,6.434991707808602e-07
Logistic Reg,No SMOTE,0,0,0.031158740275705053
Logistic Reg,No SMOTE,0,0,0.0017786499814466089
Logistic Reg,No SMOTE,0,0,0.021408019755456642
Logistic Reg,No SMOTE,0,0,9.690808479573719e-14
Logistic Reg,No SMOTE,0,0,0.0009217811116695048
Logistic Reg,No SMOTE,0,0,0.019743342703138145
Logistic Reg,No SMOTE,0,0,0.0016259591360549028
Logistic Reg,No SMOTE,0,0,0.0013195600744759376
Logistic Reg,No SMOTE,0,1,0.7262723210672276
Logistic Reg,No SMOTE,0,0,7.268328995133842e-07
Logistic Reg,No SMOTE,0,0,0.00010774198864672233
Logistic Reg,No SMOTE,0,1,0.5750527007699976
Logistic Reg,No SMOTE,0,0,3.37437502840346e-05
Logistic Reg,No SMOTE,0,0,0.0043877396920257794
Logistic Reg,No SMOTE,0,0,0.03735610159406226
Logistic Reg,No SMOTE,0,0,2.6866434045787346e-05
Logistic Reg,No SMOTE,0,0,1.5605631906908142e-10
Logistic Reg,No SMOTE,0,0,0.03584316209274482
Logistic Reg,No SMOTE,0,0,0.0005511156058708168
Logistic Reg,No SMOTE,0,0,1.1875867506443685e-06
Logistic Reg,No SMOTE,0,0,4.665725080294419e-05
Logistic Reg,No SMOTE,0,0,0.049420303733229136
Logistic Reg,No SMOTE,0,0,9.147295865261335e-07
Logistic Reg,No SMOTE,1,1,0.9688240940049394
Logistic Reg,No SMOTE,0,0,7.58040375962564e-07
Logistic Reg,No SMOTE,0,0,4.558965164580249e-05
Logistic Reg,No SMOTE,0,0,8.845462509396577e-07
Logistic Reg,No SMOTE,0,0,0.3216863317086569
Logistic Reg,No SMOTE,0,0,0.0013639677832691659
Logistic Reg,No SMOTE,0,0,0.09210582777161662
Logistic Reg,No SMOTE,0,0,4.4091943267518504e-15
Logistic Reg,No SMOTE,0,0,0.04267697875754781
Logistic Reg,No SMOTE,0,0,8.906269301040843e-07
Logistic Reg,No SMOTE,0,0,0.009216319475032993
Logistic Reg,No SMOTE,0,0,0.00032281882139812833
Logistic Reg,No SMOTE,0,0,0.03703750667833336
Logistic Reg,No SMOTE,0,0,0.00019177879306443436
Logistic Reg,No SMOTE,0,0,4.589574684781002e-05
Logistic Reg,No SMOTE,0,0,4.2707772506418664e-06
Logistic Reg,No SMOTE,0,0,1.3355312611609913e-06
Logistic Reg,No SMOTE,0,0,5.7608751091256167e-08
Logistic Reg,No SMOTE,0,0,0.03379334893206922
Logistic Reg,No SMOTE,0,0,0.04448110039422573
Logistic Reg,No SMOTE,0,0,0.004349763129655271
Logistic Reg,No SMOTE,0,0,9.619236593640126e-07
Logistic Reg,No SMOTE,0,0,8.439834124082152e-05
Logistic Reg,No SMOTE,0,0,8.227728202646795e-07
Logistic Reg,No SMOTE,0,0,0.003579186942385813
Logistic Reg,No SMOTE,0,0,0.03427674738645137
Logistic Reg,No SMOTE,0,0,9.422030146574294e-07
Logistic Reg,No SMOTE,0,0,4.339578778321442e-06
Logistic Reg,No SMOTE,0,0,0.02776216428098053
Logistic Reg,No SMOTE,0,0,1.2999357915827578e-15
Logistic Reg,No SMOTE,0,0,8.463350242273554e-07
Logistic Reg,No SMOTE,0,0,1.0950837074815475e-06
Logistic Reg,No SMOTE,0,0,1.0835249271771057e-06
Logistic Reg,No SMOTE,0,0,0.04538285074000511
Logistic Reg,No SMOTE,0,0,9.040428872087902e-07
Logistic Reg,No SMOTE,0,0,0.0014861951399044269
Logistic Reg,No SMOTE,0,0,9.779650364770596e-07
Logistic Reg,No SMOTE,0,0,7.511621024939911e-08
Logistic Reg,No SMOTE,0,0,2.117241665503964e-06
Logistic Reg,No SMOTE,0,0,4.559933499505774e-05
Logistic Reg,No SMOTE,0,1,0.7631742597610564
Logistic Reg,No SMOTE,0,0,3.7185936926782925e-08
Logistic Reg,No SMOTE,0,0,8.726668200524853e-07
Logistic Reg,No SMOTE,0,0,1.8102237193692646e-05
Logistic Reg,No SMOTE,0,0,1.6248395932652393e-11
Logistic Reg,No SMOTE,0,0,2.1844272187708474e-21
Logistic Reg,No SMOTE,0,0,2.666489122085929e-06
Logistic Reg,No SMOTE,0,0,1.2405689237094428e-10
Logistic Reg,No SMOTE,0,0,0.04699146627108685
Logistic Reg,No SMOTE,0,0,2.0223217718467962e-08
Logistic Reg,No SMOTE,0,0,1.3237124288182958e-14
Logistic Reg,No SMOTE,0,0,0.03160137225129597
Logistic Reg,No SMOTE,0,0,6.455474929039016e-08
Logistic Reg,No SMOTE,0,0,0.030275782578769807
Logistic Reg,No SMOTE,0,0,1.2053679412692317e-06
Logistic Reg,No SMOTE,0,0,0.021512881022257305
Logistic Reg,No SMOTE,0,0,0.01232478955559913
Logistic Reg,No SMOTE,0,0,1.8462040347370572e-06
Logistic Reg,No SMOTE,0,0,0.030095409340268713
Logistic Reg,No SMOTE,0,0,7.000422723917547e-12
Logistic Reg,No SMOTE,0,0,1.450482201588319e-06
Logistic Reg,No SMOTE,0,0,1.680088142093773e-06
Logistic Reg,No SMOTE,0,0,9.909257876671254e-07
Logistic Reg,No SMOTE,0,0,0.0310800214088639
Logistic Reg,No SMOTE,0,0,1.3461239744911822e-06
Logistic Reg,No SMOTE,0,0,3.42424839645635e-27
Logistic Reg,No SMOTE,0,0,9.330969403530643e-08
Logistic Reg,No SMOTE,0,0,9.101345475719541e-07
Logistic Reg,No SMOTE,0,0,6.77263399340203e-05
Logistic Reg,No SMOTE,0,0,0.04572854570823764
Logistic Reg,No SMOTE,0,0,0.005528461363685377
Logistic Reg,No SMOTE,0,0,4.559578971353783e-05
Logistic Reg,No SMOTE,0,0,5.529064127295615e-05
Logistic Reg,No SMOTE,0,0,1.198685274197544e-06
Logistic Reg,No SMOTE,0,0,1.071931511385011e-06
Logistic Reg,No SMOTE,0,0,4.093730469992354e-13
Logistic Reg,No SMOTE,0,0,4.8475935335201475e-05
Logistic Reg,No SMOTE,0,0,0.035732694442852556
Logistic Reg,No SMOTE,0,0,0.01174092871965467
Logistic Reg,No SMOTE,0,0,1.1024911223945608e-05
Logistic Reg,No SMOTE,0,0,3.29844779180114e-08
Logistic Reg,No SMOTE,0,0,0.04615142688135519
Logistic Reg,No SMOTE,0,0,7.922338627151959e-07
Logistic Reg,No SMOTE,0,0,0.043722982124482494
Logistic Reg,No SMOTE,0,0,4.590446752234155e-05
Logistic Reg,No SMOTE,0,0,1.6680602072625522e-16
Logistic Reg,No SMOTE,0,0,9.196979448520816e-07
Logistic Reg,No SMOTE,0,0,7.41071538479339e-06
Logistic Reg,No SMOTE,0,0,4.876549859657645e-05
Logistic Reg,No SMOTE,0,1,0.9302544047948236
Logistic Reg,No SMOTE,0,0,8.576399111288204e-07
Logistic Reg,No SMOTE,0,0,0.004600565798004447
Logistic Reg,No SMOTE,0,0,8.15102543770452e-07
Logistic Reg,No SMOTE,0,0,1.0580076197582756e-06
Logistic Reg,No SMOTE,0,0,0.00418553008849462
Logistic Reg,No SMOTE,0,0,0.031611552276091116
Logistic Reg,No SMOTE,0,1,0.587222329728
Logistic Reg,No SMOTE,0,0,2.616094160374155e-07
Logistic Reg,No SMOTE,0,0,5.2047401266516994e-05
Logistic Reg,No SMOTE,0,0,4.584979026416177e-05
Logistic Reg,No SMOTE,0,0,9.796475253920358e-14
Logistic Reg,No SMOTE,0,0,1.3110697800370398e-06
Logistic Reg,No SMOTE,0,0,0.0907373241672947
Logistic Reg,No SMOTE,0,0,0.04031998930966139
Logistic Reg,No SMOTE,0,0,0.030092584525698945
Logistic Reg,No SMOTE,0,0,4.570584137428797e-05
Logistic Reg,No SMOTE,0,0,3.681265168904744e-06
Logistic Reg,No SMOTE,0,0,0.00487471425364406
Logistic Reg,No SMOTE,0,0,0.03132627201123575
Logistic Reg,No SMOTE,0,0,2.1150161801341386e-06
Logistic Reg,No SMOTE,0,0,4.5598882883249513e-05
Logistic Reg,No SMOTE,0,0,8.49751323746763e-15
Logistic Reg,No SMOTE,0,0,4.82737256432156e-05
Logistic Reg,No SMOTE,0,0,0.0007939328880243879
Logistic Reg,No SMOTE,0,0,4.812416593773959e-05
Logistic Reg,No SMOTE,0,0,0.07767629376071367
Logistic Reg,No SMOTE,0,0,8.295280090548824e-07
Logistic Reg,No SMOTE,0,1,0.6767812560795092
Logistic Reg,No SMOTE,0,1,0.9429426323021297
Logistic Reg,No SMOTE,0,0,0.04085007030110766
Logistic Reg,No SMOTE,0,0,2.6975871965477868e-05
Logistic Reg,No SMOTE,0,0,6.141953881517088e-11
Logistic Reg,No SMOTE,0,0,0.00984233506684286
Logistic Reg,No SMOTE,0,0,0.029072128641831497
Logistic Reg,No SMOTE,0,0,0.027223009373670268
Logistic Reg,No SMOTE,0,0,1.3343212755179346e-13
Logistic Reg,No SMOTE,0,0,3.6834770381124283e-09
Logistic Reg,No SMOTE,0,0,6.138852815604135e-07
Logistic Reg,No SMOTE,0,0,5.1651132384926694e-05
Logistic Reg,No SMOTE,0,0,0.0011598165209464
Logistic Reg,No SMOTE,0,0,0.05538369123877727
Logistic Reg,No SMOTE,0,0,8.845607953841754e-07
Logistic Reg,No SMOTE,0,0,3.401052884369645e-08
Logistic Reg,No SMOTE,0,0,4.7723456730415915e-05
Logistic Reg,No SMOTE,0,0,0.009245974877506894
Logistic Reg,No SMOTE,0,0,0.013164905081159322
Logistic Reg,No SMOTE,0,0,0.0013262764211872068
Logistic Reg,No SMOTE,0,0,0.021773230864974697
Logistic Reg,No SMOTE,0,0,4.8897816761055215e-05
Logistic Reg,No SMOTE,0,0,9.428742626551218e-12
Logistic Reg,No SMOTE,0,0,7.514297783299249e-12
Logistic Reg,No SMOTE,0,0,1.1031172038437193e-06
Logistic Reg,No SMOTE,0,0,0.03711215146147013
Logistic Reg,No SMOTE,0,0,0.028719466772699077
Logistic Reg,No SMOTE,0,0,0.030388190371569715
Logistic Reg,No SMOTE,0,0,0.008630893093439231
Logistic Reg,No SMOTE,0,0,0.015334629447899492
Logistic Reg,No SMOTE,0,0,0.03652136675492583
Logistic Reg,No SMOTE,0,0,0.04541915032755053
Logistic Reg,No SMOTE,0,0,7.790461768752253e-07
Logistic Reg,No SMOTE,0,0,0.00029483611022222813
Logistic Reg,No SMOTE,0,0,6.668763175740452e-07
Logistic Reg,No SMOTE,0,0,4.633818031180914e-05
Logistic Reg,No SMOTE,0,0,0.02281737169555329
Logistic Reg,No SMOTE,0,0,4.6589947416831955e-05
Logistic Reg,No SMOTE,0,0,0.0001302691093070387
Logistic Reg,No SMOTE,0,0,2.2888178421490335e-16
Logistic Reg,No SMOTE,0,1,0.915280412399651
Logistic Reg,No SMOTE,0,0,1.1479087813061197e-06
Logistic Reg,No SMOTE,0,0,0.003333284668165702
Logistic Reg,No SMOTE,0,0,0.004958447060321831
Logistic Reg,No SMOTE,0,0,0.003244788961504166
Logistic Reg,No SMOTE,0,0,0.0067864412333687
Logistic Reg,No SMOTE,0,0,0.03341675138919292
Logistic Reg,No SMOTE,0,0,8.569254399436871e-12
Logistic Reg,No SMOTE,0,0,4.609441300181785e-05
Logistic Reg,No SMOTE,0,0,0.0007679200661496865
Logistic Reg,No SMOTE,0,0,0.02275230983183785
Logistic Reg,No SMOTE,0,0,0.0004826055747888866
Logistic Reg,No SMOTE,0,0,0.0011423547938125937
Logistic Reg,No SMOTE,0,1,0.8269202205347871
Logistic Reg,No SMOTE,0,0,0.011754965221547668
Logistic Reg,No SMOTE,0,0,7.836955190060578e-07
Logistic Reg,No SMOTE,0,0,0.36016148974869816
Logistic Reg,No SMOTE,0,0,2.457634237840044e-17
Logistic Reg,No SMOTE,0,0,3.4904974942744005e-05
Logistic Reg,No SMOTE,0,0,0.036013734465753254
Logistic Reg,No SMOTE,0,0,1.8207325932101373e-14
Logistic Reg,No SMOTE,0,1,0.8379873244199975
Logistic Reg,No SMOTE,0,0,5.1975825343438006e-05
Logistic Reg,No SMOTE,0,0,7.478277156764617e-07
Logistic Reg,No SMOTE,0,0,0.07445460534588352
Logistic Reg,No SMOTE,0,1,0.6236721262332348
Logistic Reg,No SMOTE,0,0,1.0948598559832723e-06
Logistic Reg,No SMOTE,0,0,2.6106408483659877e-09
Logistic Reg,No SMOTE,0,0,0.01880202433869341
Logistic Reg,No SMOTE,0,0,1.176132238706881e-06
Logistic Reg,No SMOTE,0,0,1.0271045534108302e-06
Logistic Reg,No SMOTE,0,0,0.028650558040314824
Logistic Reg,No SMOTE,0,0,8.497399369487623e-07
Logistic Reg,No SMOTE,0,0,4.926521977171652e-05
Logistic Reg,No SMOTE,0,0,0.0452918584602017
Logistic Reg,No SMOTE,0,0,6.167904826408771e-10
Logistic Reg,No SMOTE,0,0,4.7992653436136204e-23
Logistic Reg,No SMOTE,0,0,0.013619763694725798
Logistic Reg,No SMOTE,0,0,4.658373226895874e-05
Logistic Reg,No SMOTE,0,0,0.012197957139930092
Logistic Reg,No SMOTE,0,0,4.5645847823050176e-05
Logistic Reg,No SMOTE,0,0,9.199749036151025e-07
Logistic Reg,No SMOTE,0,0,0.007570294662182978
Logistic Reg,No SMOTE,0,0,0.009700440934288795
Logistic Reg,No SMOTE,0,0,3.193845686154801e-05
Logistic Reg,No SMOTE,0,0,0.01616762611829383
Logistic Reg,No SMOTE,0,0,3.811600333133318e-15
Logistic Reg,No SMOTE,0,0,5.2169380377104856e-14
Logistic Reg,No SMOTE,0,0,2.0259368758381775e-09
Logistic Reg,No SMOTE,0,0,0.018054944082918037
Logistic Reg,No SMOTE,0,0,5.68718495244582e-12
Logistic Reg,No SMOTE,0,0,4.7199882463268976e-05
Logistic Reg,No SMOTE,0,0,0.009519690885991472
Logistic Reg,No SMOTE,0,0,1.1451293847254693e-11
Logistic Reg,No SMOTE,0,0,0.0002611326884560891
Logistic Reg,No SMOTE,0,0,0.04059137353933936
Logistic Reg,No SMOTE,0,0,0.037751208330820844
Logistic Reg,No SMOTE,0,0,4.781542481595232e-05
Logistic Reg,No SMOTE,0,0,2.153128620447164e-11
Logistic Reg,No SMOTE,0,0,4.5728295232264104e-14
Logistic Reg,No SMOTE,0,0,1.5239891110083987e-11
Logistic Reg,No SMOTE,0,0,1.88352512979536e-12
Logistic Reg,No SMOTE,0,0,0.0004397558299530442
Logistic Reg,No SMOTE,0,0,2.1495195673700787e-11
Logistic Reg,No SMOTE,0,0,0.0035082595793018635
Logistic Reg,No SMOTE,0,0,4.045391284359369e-11
Logistic Reg,No SMOTE,0,0,0.021225047503090882
Logistic Reg,No SMOTE,0,0,3.876912944749802e-06
Logistic Reg,No SMOTE,0,0,5.971524317921697e-07
Logistic Reg,No SMOTE,0,0,6.348810553993981e-07
Logistic Reg,No SMOTE,0,0,4.558231904179205e-05
Logistic Reg,No SMOTE,0,0,8.2025492330815425e-22
Logistic Reg,No SMOTE,0,0,1.0746233636894344e-06
Logistic Reg,No SMOTE,0,0,4.8402188111277136e-11
Logistic Reg,No SMOTE,0,1,0.6131792481401859
Logistic Reg,No SMOTE,0,0,0.09651616642428242
Logistic Reg,No SMOTE,0,0,0.030186396154435226
Logistic Reg,No SMOTE,0,0,0.0009555755871574074
Logistic Reg,No SMOTE,0,0,0.2133714557797132
Logistic Reg,No SMOTE,0,0,1.859856097575399e-15
Logistic Reg,No SMOTE,0,0,0.001923025092612144
Logistic Reg,No SMOTE,0,0,0.017089898587095233
Logistic Reg,No SMOTE,0,0,2.1502482158505077e-11
Logistic Reg,No SMOTE,0,0,1.0813722148816397e-06
Logistic Reg,No SMOTE,0,0,0.013650413403948678
Logistic Reg,No SMOTE,0,0,4.5649995112970225e-05
Logistic Reg,No SMOTE,0,0,0.009081296440602364
Logistic Reg,No SMOTE,0,0,0.04016534378206375
Logistic Reg,No SMOTE,0,0,0.026138034990240994
Logistic Reg,No SMOTE,0,0,1.3952988057985341e-12
Logistic Reg,No SMOTE,0,0,4.650704149347749e-05
Logistic Reg,No SMOTE,0,0,0.025741984885971066
Logistic Reg,No SMOTE,0,0,2.7346005989897856e-17
Logistic Reg,No SMOTE,0,0,0.028715697338591285
Logistic Reg,No SMOTE,0,0,9.39407380090716e-06
Logistic Reg,No SMOTE,0,0,1.1016677210742288e-06
Logistic Reg,No SMOTE,0,0,7.216820330994808e-07
Logistic Reg,No SMOTE,0,0,0.0002257659337691328
Logistic Reg,No SMOTE,0,0,0.006245345950958629
Logistic Reg,No SMOTE,0,0,8.177106821475374e-07
Logistic Reg,No SMOTE,0,0,0.0005509969795404601
Logistic Reg,No SMOTE,0,0,7.948012438313181e-07
Logistic Reg,No SMOTE,0,0,4.9644367729550594e-05
Logistic Reg,No SMOTE,0,0,9.286169419197644e-07
Logistic Reg,No SMOTE,0,0,4.5630480390529814e-05
Logistic Reg,No SMOTE,0,0,0.024295322795540832
Logistic Reg,No SMOTE,0,0,1.8022065852885022e-12
Logistic Reg,No SMOTE,0,0,0.1284901748202123
Logistic Reg,No SMOTE,0,0,0.038092861265190445
Logistic Reg,No SMOTE,0,0,0.12137520489754022
Logistic Reg,No SMOTE,0,0,9.591500436985976e-07
Logistic Reg,No SMOTE,0,0,0.0004422312748460502
Logistic Reg,No SMOTE,0,0,2.250842219249603e-09
Logistic Reg,No SMOTE,0,0,1.184832569398939e-39
Logistic Reg,No SMOTE,0,0,5.393805086301422e-09
Logistic Reg,No SMOTE,0,0,0.000986355370440502
Logistic Reg,No SMOTE,0,0,7.805292004293934e-07
Logistic Reg,No SMOTE,0,0,0.009242852805433986
Logistic Reg,No SMOTE,0,0,4.627573606007817e-05
Logistic Reg,No SMOTE,0,0,0.0028741407900375
Logistic Reg,No SMOTE,0,0,0.18350930164241347
Logistic Reg,No SMOTE,0,0,0.0037024666704596463
Logistic Reg,No SMOTE,0,0,0.05442446996789781
Logistic Reg,No SMOTE,0,0,1.5147488663161964e-07
Logistic Reg,No SMOTE,0,0,0.0007677931023496005
Logistic Reg,No SMOTE,0,0,0.02875033544375228
Logistic Reg,No SMOTE,0,0,7.567717772594051e-07
Logistic Reg,No SMOTE,0,1,0.8634888806426047
Logistic Reg,No SMOTE,0,0,0.029767441361234135
Logistic Reg,No SMOTE,0,0,0.008441857335459883
Logistic Reg,No SMOTE,0,0,0.030189120505099816
Logistic Reg,No SMOTE,0,0,0.0009043638081338177
Logistic Reg,No SMOTE,0,0,4.6644196770481835e-05
Logistic Reg,No SMOTE,0,0,7.093669316738479e-17
Logistic Reg,No SMOTE,0,0,9.033811184714188e-07
Logistic Reg,No SMOTE,0,0,1.415865567206358e-09
Logistic Reg,No SMOTE,0,0,0.034517573934973914
Logistic Reg,No SMOTE,0,0,0.029483033195958998
Logistic Reg,No SMOTE,0,0,1.1453154762445406e-07
Logistic Reg,No SMOTE,0,0,0.0015402080226817627
Logistic Reg,No SMOTE,0,0,7.879171799555321e-07
Logistic Reg,No SMOTE,0,0,0.16859665730017223
Logistic Reg,No SMOTE,0,0,0.007723730397171484
Logistic Reg,No SMOTE,0,0,0.012166829997317578
Logistic Reg,No SMOTE,0,0,8.158298682653495e-07
Logistic Reg,No SMOTE,0,0,3.665948078993353e-07
Logistic Reg,No SMOTE,0,0,1.2240648588864044e-06
Logistic Reg,No SMOTE,0,0,0.000607999722403446
Logistic Reg,No SMOTE,0,0,0.20622464577485766
Logistic Reg,No SMOTE,0,0,0.03164454144453762
Logistic Reg,No SMOTE,0,0,0.025902236353264097
Logistic Reg,No SMOTE,0,0,1.037523165365885e-09
Logistic Reg,No SMOTE,0,0,0.02690146023588141
Logistic Reg,No SMOTE,0,0,0.02796083720169364
Logistic Reg,No SMOTE,0,0,6.913472493338468e-14
Logistic Reg,No SMOTE,0,0,4.428622737539583e-16
Logistic Reg,No SMOTE,0,0,4.57078270061327e-05
Logistic Reg,No SMOTE,0,0,8.356187523935912e-07
Logistic Reg,No SMOTE,0,0,1.285522314283319e-09
Logistic Reg,No SMOTE,0,0,1.2057658529657556e-16
Logistic Reg,No SMOTE,0,0,0.006232600476816776
Logistic Reg,No SMOTE,0,0,5.148178580342148e-05
Logistic Reg,No SMOTE,0,0,7.569110837819562e-22
Logistic Reg,No SMOTE,0,0,0.0014630130300886132
Logistic Reg,No SMOTE,0,0,0.02293048059905924
Logistic Reg,No SMOTE,0,0,4.725598933807658e-05
Logistic Reg,No SMOTE,0,0,0.020571960898048715
Logistic Reg,No SMOTE,0,0,0.012752717205647584
Logistic Reg,No SMOTE,0,0,4.565918159857164e-05
Logistic Reg,No SMOTE,0,0,4.56176547776446e-05
Logistic Reg,No SMOTE,0,0,3.7804137077009273e-19
Logistic Reg,No SMOTE,0,0,5.792400508426847e-07
Logistic Reg,No SMOTE,0,0,3.663419633229383e-18
Logistic Reg,No SMOTE,0,0,1.1984109550910074e-06
Logistic Reg,No SMOTE,0,0,4.562535249142794e-05
Logistic Reg,No SMOTE,0,0,4.612883236789138e-05
Logistic Reg,No SMOTE,0,0,9.307777323176904e-07
Logistic Reg,No SMOTE,0,0,7.771873097821447e-07
Logistic Reg,No SMOTE,0,0,0.0011330158314783272
Logistic Reg,No SMOTE,0,0,4.679223988771223e-05
Logistic Reg,No SMOTE,0,0,0.0027095324377743512
Logistic Reg,No SMOTE,0,0,0.056765963439014584
Logistic Reg,No SMOTE,0,0,1.2297476146135824e-06
Logistic Reg,No SMOTE,0,0,0.12533191937608756
Logistic Reg,No SMOTE,0,0,8.683999823269959e-07
Logistic Reg,No SMOTE,0,0,0.025769441397361884
Logistic Reg,No SMOTE,0,0,4.546211387973777e-15
Logistic Reg,No SMOTE,0,0,0.001298564194511372
Logistic Reg,No SMOTE,0,0,2.9378624839262772e-12
Logistic Reg,No SMOTE,0,0,6.818963959426143e-14
Logistic Reg,No SMOTE,0,0,0.46133329209802865
Logistic Reg,No SMOTE,0,0,4.721402071165382e-05
Logistic Reg,No SMOTE,0,0,4.636451497653924e-05
Logistic Reg,No SMOTE,0,0,1.0240610247891463e-05
Logistic Reg,No SMOTE,0,0,4.626291082035823e-05
Logistic Reg,No SMOTE,0,0,0.043141200109739174
Logistic Reg,No SMOTE,0,0,6.304217889199797e-08
Logistic Reg,No SMOTE,0,0,4.584250289330642e-05
Logistic Reg,No SMOTE,0,0,0.04352200096589359
Logistic Reg,No SMOTE,0,0,6.203262492976803e-05
Logistic Reg,No SMOTE,0,0,8.425691474716527e-07
Logistic Reg,No SMOTE,0,0,1.083873259544068e-06
Logistic Reg,No SMOTE,0,0,1.223818417737646e-10
Logistic Reg,No SMOTE,0,0,1.5460613210510308e-07
Logistic Reg,No SMOTE,0,0,6.125847623095338e-45
Logistic Reg,No SMOTE,0,0,0.007691725154362534
Logistic Reg,No SMOTE,0,0,7.794722450953515e-07
Logistic Reg,No SMOTE,0,0,7.847217619679492e-07
Logistic Reg,No SMOTE,0,0,0.026340007700689533
Logistic Reg,No SMOTE,0,0,3.399187430535321e-12
Logistic Reg,No SMOTE,0,0,0.027031764321868504
Logistic Reg,No SMOTE,0,0,0.0020160419297799953
Logistic Reg,No SMOTE,0,0,7.362016948294517e-07
Logistic Reg,No SMOTE,0,0,1.0245767201036084e-06
Logistic Reg,No SMOTE,0,0,0.0007244965731667236
Logistic Reg,No SMOTE,0,0,1.0768023480956127e-06
Logistic Reg,No SMOTE,0,0,0.0225222266001967
Logistic Reg,No SMOTE,0,0,4.720638054569378e-13
Logistic Reg,No SMOTE,0,0,0.01794753681625564
Logistic Reg,No SMOTE,0,0,2.2679418284092022e-09
Logistic Reg,No SMOTE,0,0,9.897519999655875e-06
Logistic Reg,No SMOTE,0,0,1.734023783646894e-14
Logistic Reg,No SMOTE,0,0,1.1429325221168735e-06
Logistic Reg,No SMOTE,0,0,1.2125038680694531e-08
Logistic Reg,No SMOTE,0,1,0.8065356282767357
Logistic Reg,No SMOTE,0,0,0.04936955717337962
Logistic Reg,No SMOTE,0,0,8.738761751301906e-07
Logistic Reg,No SMOTE,0,0,7.818322644985978e-10
Logistic Reg,No SMOTE,0,0,0.0009787873855574248
Logistic Reg,No SMOTE,0,1,0.7605546585918991
Logistic Reg,No SMOTE,0,0,3.296060315311199e-08
Logistic Reg,No SMOTE,0,0,2.3982051634031745e-06
Logistic Reg,No SMOTE,0,0,0.03144109126719072
Logistic Reg,No SMOTE,0,0,2.8403262414945e-13
Logistic Reg,No SMOTE,0,0,0.02524379347890409
Logistic Reg,No SMOTE,0,0,1.013048918143647e-06
Logistic Reg,No SMOTE,0,0,0.04414486709686438
Logistic Reg,No SMOTE,0,0,8.844594183467575e-09
Logistic Reg,No SMOTE,0,0,8.27719854697893e-07
Logistic Reg,No SMOTE,0,0,1.2592734518892481e-06
Logistic Reg,No SMOTE,0,0,8.114908344213995e-07
Logistic Reg,No SMOTE,0,0,7.232393680422598e-07
Logistic Reg,No SMOTE,0,0,4.55907211732689e-05
Logistic Reg,No SMOTE,0,0,8.634176444413572e-07
Logistic Reg,No SMOTE,0,0,4.670513177938113e-05
Logistic Reg,No SMOTE,0,0,0.05820062861360025
Logistic Reg,No SMOTE,0,0,8.060346689339971e-07
Logistic Reg,No SMOTE,0,0,0.32487371908342366
Logistic Reg,No SMOTE,0,0,7.237788690895758e-07
Logistic Reg,No SMOTE,0,0,4.578638656348141e-05
Logistic Reg,No SMOTE,0,0,0.04094282413025819
Logistic Reg,No SMOTE,0,0,4.6777671384551305e-18
Logistic Reg,No SMOTE,0,0,0.007733166492533348
Logistic Reg,No SMOTE,0,0,4.371251260158263e-06
Logistic Reg,No SMOTE,0,0,0.03379831883846591
Logistic Reg,No SMOTE,0,0,4.730989089199856e-05
Logistic Reg,No SMOTE,0,0,0.03987193078396293
Logistic Reg,No SMOTE,0,0,7.959013907793061e-05
Logistic Reg,No SMOTE,0,0,1.1901908657605958e-06
Logistic Reg,No SMOTE,0,0,4.6288350338263494e-05
Logistic Reg,No SMOTE,0,0,4.6907806499363863e-08
Logistic Reg,No SMOTE,0,0,4.60600695223052e-05
Logistic Reg,No SMOTE,0,0,0.02756395393518995
Logistic Reg,No SMOTE,0,0,0.048339774918407574
Logistic Reg,No SMOTE,0,0,8.386708936885609e-07
Logistic Reg,No SMOTE,0,0,1.0498053645770567e-06
Logistic Reg,No SMOTE,0,0,2.7644256789197748e-12
Logistic Reg,No SMOTE,0,0,0.0014374044687496734
Logistic Reg,No SMOTE,0,0,1.2392049300837646e-06
Logistic Reg,No SMOTE,0,0,0.056448406323976096
Logistic Reg,No SMOTE,0,0,0.479656143480364
Logistic Reg,No SMOTE,0,0,2.3438203789883987e-10
Logistic Reg,No SMOTE,0,0,5.620495866233145e-05
Logistic Reg,No SMOTE,0,0,1.0541529290605198e-18
Logistic Reg,No SMOTE,0,0,8.566215880966057e-10
Logistic Reg,No SMOTE,0,0,0.00958551494181134
Logistic Reg,No SMOTE,0,0,9.137198937158246e-07
Logistic Reg,No SMOTE,0,0,2.902463313579392e-14
Logistic Reg,No SMOTE,0,0,0.007534937308716743
Logistic Reg,No SMOTE,0,0,2.6428098524931248e-15
Logistic Reg,No SMOTE,0,0,7.863306775066133e-07
Logistic Reg,No SMOTE,0,0,5.461684462333981e-17
Logistic Reg,No SMOTE,0,0,1.106602424369449e-06
Logistic Reg,No SMOTE,0,0,1.207635456785505e-06
Logistic Reg,No SMOTE,0,0,5.8912484599547215e-06
Logistic Reg,No SMOTE,0,0,0.001992590411799837
Logistic Reg,No SMOTE,0,0,8.492069196849838e-17
Logistic Reg,No SMOTE,0,0,0.002107933860462184
Logistic Reg,No SMOTE,0,0,0.010173458982105704
Logistic Reg,No SMOTE,0,0,4.825883318648453e-05
Logistic Reg,No SMOTE,0,0,1.8072483059225357e-09
Logistic Reg,No SMOTE,0,0,0.003612376122657164
Logistic Reg,No SMOTE,0,0,0.029522142016079007
Logistic Reg,No SMOTE,0,0,1.4284989503485456e-15
Logistic Reg,No SMOTE,0,0,4.8699677377135925e-05
Logistic Reg,No SMOTE,0,0,0.02223008402189753
Logistic Reg,No SMOTE,0,0,6.589844076808752e-07
Logistic Reg,No SMOTE,0,0,0.4535311026762194
Logistic Reg,No SMOTE,0,0,1.2102668597741477e-06
Logistic Reg,No SMOTE,0,0,1.1842454035344878e-06
Logistic Reg,No SMOTE,0,0,2.0583294368683988e-22
Logistic Reg,No SMOTE,0,0,0.0325494897927988
Logistic Reg,No SMOTE,0,0,0.013545516813256366
Logistic Reg,No SMOTE,0,0,5.477262776063774e-05
Logistic Reg,No SMOTE,0,0,1.1764547534273633e-12
Logistic Reg,No SMOTE,0,0,2.034169344377773e-06
Logistic Reg,No SMOTE,0,0,0.0012576742452410368
Logistic Reg,No SMOTE,0,0,0.32693472357860265
Logistic Reg,No SMOTE,0,0,0.024495445589346878
Logistic Reg,No SMOTE,0,0,5.922535427196701e-15
Logistic Reg,No SMOTE,0,0,2.9227795881379328e-05
Logistic Reg,No SMOTE,0,0,4.559983767701826e-05
Logistic Reg,No SMOTE,0,0,3.1085277320780467e-07
Logistic Reg,No SMOTE,0,0,0.03993900250748122
Logistic Reg,No SMOTE,0,1,0.7568367440253785
Logistic Reg,No SMOTE,0,0,2.3954193952454264e-05
Logistic Reg,No SMOTE,0,0,0.0012190088540571904
Logistic Reg,No SMOTE,0,0,0.04195810152193838
Logistic Reg,No SMOTE,0,0,0.040461099864803826
Logistic Reg,No SMOTE,0,0,0.04145838315611828
Logistic Reg,No SMOTE,0,0,0.28220929912962384
Logistic Reg,No SMOTE,0,0,4.6073802895578924e-05
Logistic Reg,No SMOTE,0,0,0.005488330792825728
Logistic Reg,No SMOTE,0,0,1.0506806896692694e-06
Logistic Reg,No SMOTE,0,0,0.0001134542394524482
Logistic Reg,No SMOTE,0,0,6.27862799742473e-08
Logistic Reg,No SMOTE,0,0,1.4698184597451222e-12
Logistic Reg,No SMOTE,0,0,1.0815901985546854e-06
Logistic Reg,No SMOTE,0,0,0.02163011643990205
Logistic Reg,No SMOTE,0,0,8.421297815545315e-07
Logistic Reg,No SMOTE,0,0,5.363132007174217e-05
Logistic Reg,No SMOTE,0,0,0.029233002035985407
Logistic Reg,No SMOTE,0,0,9.278298772799143e-07
Logistic Reg,No SMOTE,0,0,5.242110652924155e-12
Logistic Reg,No SMOTE,0,0,8.178129432176829e-07
Logistic Reg,No SMOTE,0,0,4.583698747960161e-05
Logistic Reg,No SMOTE,0,0,0.027199113255603875
Logistic Reg,No SMOTE,0,1,0.8173942381010015
Logistic Reg,No SMOTE,0,0,0.005128322825989741
Logistic Reg,No SMOTE,0,0,6.112172316903393e-07
Logistic Reg,No SMOTE,0,0,9.674254984765054e-07
Logistic Reg,No SMOTE,0,0,9.656764844765839e-07
Logistic Reg,No SMOTE,0,0,3.094317110337494e-05
Logistic Reg,No SMOTE,0,0,1.1404802248464652e-13
Logistic Reg,No SMOTE,0,0,0.0010092310458498265
Logistic Reg,No SMOTE,0,0,8.15657428857381e-08
Logistic Reg,No SMOTE,0,0,0.0009011712654691404
Logistic Reg,No SMOTE,0,0,0.011556726738924855
Logistic Reg,No SMOTE,0,0,0.006339072648341378
Logistic Reg,No SMOTE,0,0,1.02240914299956e-06
Logistic Reg,No SMOTE,0,0,0.441221194721324
Logistic Reg,No SMOTE,0,0,0.0001331302552383493
Logistic Reg,No SMOTE,0,0,4.567381748671911e-05
Logistic Reg,No SMOTE,0,0,0.002424770278846715
Logistic Reg,No SMOTE,0,0,4.706859720085326e-05
Logistic Reg,No SMOTE,0,1,0.9766393810422836
Logistic Reg,No SMOTE,0,0,1.8390669346469127e-14
Logistic Reg,No SMOTE,0,0,0.0003464796156844485
Logistic Reg,No SMOTE,0,0,0.00046156162498162633
Logistic Reg,No SMOTE,0,0,0.005761498306230416
Logistic Reg,No SMOTE,0,0,6.213241385632916e-07
Logistic Reg,No SMOTE,0,0,0.02697600318313052
Logistic Reg,No SMOTE,0,0,0.042820944398400555
Logistic Reg,No SMOTE,0,0,0.0035946025173999754
Logistic Reg,No SMOTE,0,0,9.158913357983997e-07
Logistic Reg,No SMOTE,0,0,8.320924076733319e-16
Logistic Reg,No SMOTE,0,0,5.2007139648399495e-06
Logistic Reg,No SMOTE,0,0,0.00043216742367681565
Logistic Reg,No SMOTE,0,0,9.074992899360204e-07
Logistic Reg,No SMOTE,0,0,6.22307639212707e-12
Logistic Reg,No SMOTE,0,0,0.0387691751280604
Logistic Reg,No SMOTE,0,0,2.598290969878333e-06
Logistic Reg,No SMOTE,0,0,7.349588178404033e-06
Logistic Reg,No SMOTE,0,0,1.9934797291863877e-11
Logistic Reg,No SMOTE,0,0,0.01255094354577399
Logistic Reg,No SMOTE,0,0,3.8335045475271185e-12
Logistic Reg,No SMOTE,0,0,1.6191659248499189e-09
Logistic Reg,No SMOTE,0,0,8.717411199410761e-07
Logistic Reg,No SMOTE,0,0,0.012704484239923276
Logistic Reg,No SMOTE,0,0,4.5912650068103524e-05
Logistic Reg,No SMOTE,0,0,0.048951844256868764
Logistic Reg,No SMOTE,0,0,0.13649514182245073
Logistic Reg,No SMOTE,0,0,8.843333682705415e-07
Logistic Reg,No SMOTE,0,0,0.0008632075382010867
Logistic Reg,No SMOTE,0,0,0.002997364278628149
Logistic Reg,No SMOTE,0,0,3.6083558358628004e-17
Logistic Reg,No SMOTE,0,0,1.006893360939836e-06
Logistic Reg,No SMOTE,0,0,4.887134940294382e-05
Logistic Reg,No SMOTE,0,0,1.6681171436167722e-12
Logistic Reg,No SMOTE,0,0,0.03404101641536817
Logistic Reg,No SMOTE,0,0,1.1358970595538058e-06
Logistic Reg,No SMOTE,0,0,0.005913235595252155
Logistic Reg,No SMOTE,0,1,0.8795830336310233
Logistic Reg,No SMOTE,0,0,0.01858188334512851
Logistic Reg,No SMOTE,0,0,0.017100265378389462
Logistic Reg,No SMOTE,0,0,9.73991402921303e-07
Logistic Reg,No SMOTE,0,0,1.0725941072425655e-06
Logistic Reg,No SMOTE,0,0,1.7658176033494334e-11
Logistic Reg,No SMOTE,0,0,1.947348983143198e-09
Logistic Reg,No SMOTE,0,0,9.746782882502288e-07
Logistic Reg,No SMOTE,0,0,4.558223364015258e-05
Logistic Reg,No SMOTE,0,0,0.03645491942047569
Logistic Reg,No SMOTE,0,0,8.765673590143383e-07
Logistic Reg,No SMOTE,0,0,1.8680153720567727e-18
Logistic Reg,No SMOTE,0,0,7.785624154100479e-25
Logistic Reg,No SMOTE,0,0,0.03656035567827751
Logistic Reg,No SMOTE,0,0,0.0003354330712600394
Logistic Reg,No SMOTE,0,0,0.02803449749696641
Logistic Reg,No SMOTE,0,0,2.5987995059777513e-07
Logistic Reg,No SMOTE,0,0,0.00017747878881104086
Logistic Reg,No SMOTE,0,0,0.0010345915041680633
Logistic Reg,No SMOTE,0,0,0.04722283190264746
Logistic Reg,No SMOTE,0,0,5.55110739257296e-07
Logistic Reg,No SMOTE,0,0,0.03464525268447482
Logistic Reg,No SMOTE,0,0,0.0008584184236389316
Logistic Reg,No SMOTE,0,0,0.016745259577525453
Logistic Reg,No SMOTE,0,0,1.3015753029756222e-06
Logistic Reg,No SMOTE,0,0,4.6555003718121924e-05
Logistic Reg,No SMOTE,0,0,7.877898934643405e-07
Logistic Reg,No SMOTE,0,0,7.882375858037753e-07
Logistic Reg,No SMOTE,0,0,3.713342759162605e-06
Logistic Reg,No SMOTE,0,0,6.28765261561946e-08
Logistic Reg,No SMOTE,0,0,0.02176489661554983
Logistic Reg,No SMOTE,0,0,0.0023485570729112203
Logistic Reg,No SMOTE,0,0,1.680169038095499e-17
Logistic Reg,No SMOTE,0,0,0.0017699264349612114
Logistic Reg,No SMOTE,0,1,0.8684379039032489
Logistic Reg,No SMOTE,0,0,0.034217644007944865
Logistic Reg,No SMOTE,0,0,0.0008597046733780827
Logistic Reg,No SMOTE,0,0,6.689570318351856e-07
Logistic Reg,No SMOTE,0,0,4.825484687359152e-05
Logistic Reg,No SMOTE,0,0,5.068466843017742e-05
Logistic Reg,No SMOTE,0,0,0.00014561218049995254
Logistic Reg,No SMOTE,0,0,8.46617455872304e-24
Logistic Reg,No SMOTE,0,0,0.04545457507907989
Logistic Reg,No SMOTE,0,0,9.98881090093162e-07
Logistic Reg,No SMOTE,0,0,4.5673915271378315e-05
Logistic Reg,No SMOTE,0,0,0.036247724526195325
Logistic Reg,No SMOTE,0,1,0.8683594181985794
Logistic Reg,No SMOTE,0,0,4.779563252759801e-05
Logistic Reg,No SMOTE,0,0,0.007725375428299071
Logistic Reg,No SMOTE,0,0,4.6103824754420204e-05
Logistic Reg,No SMOTE,0,0,0.2176989641539067
Logistic Reg,No SMOTE,0,0,0.0008856013143510895
Logistic Reg,No SMOTE,0,0,4.722719246500027e-05
Logistic Reg,No SMOTE,0,0,4.567308974325983e-05
Logistic Reg,No SMOTE,0,0,5.902118478877688e-10
Logistic Reg,No SMOTE,0,0,6.508209021428159e-13
Logistic Reg,No SMOTE,0,0,0.00025081287596010756
Logistic Reg,No SMOTE,0,0,4.6894001736489485e-14
Logistic Reg,No SMOTE,0,0,3.082700669534612e-24
Logistic Reg,No SMOTE,0,0,0.0049224225657213865
Logistic Reg,No SMOTE,0,0,1.0754051011768374e-08
Logistic Reg,No SMOTE,0,0,0.46791377215981117
Logistic Reg,No SMOTE,0,0,4.560312078133086e-05
Logistic Reg,No SMOTE,0,0,0.0021550962847033464
Logistic Reg,No SMOTE,0,0,1.6061636054791625e-05
Logistic Reg,No SMOTE,0,0,0.0006007676650894301
Logistic Reg,No SMOTE,0,0,4.559434631481031e-05
Logistic Reg,No SMOTE,0,0,0.0028623589916850363
Logistic Reg,No SMOTE,0,0,8.426369577182152e-09
Logistic Reg,No SMOTE,0,0,4.727914602111121e-05
Logistic Reg,No SMOTE,0,0,0.001018236978727721
Logistic Reg,No SMOTE,0,0,2.7995892235735677e-11
Logistic Reg,No SMOTE,0,0,5.343164432075977e-05
Logistic Reg,No SMOTE,0,0,0.0006702303079527202
Logistic Reg,No SMOTE,0,0,8.624423098521145e-07
Logistic Reg,No SMOTE,0,0,0.0006017724639617172
Logistic Reg,No SMOTE,0,0,0.004254462930993033
Logistic Reg,No SMOTE,0,0,0.0008415739756049228
Logistic Reg,No SMOTE,0,0,1.673612478635455e-31
Logistic Reg,No SMOTE,0,0,0.006158062171970524
Logistic Reg,No SMOTE,0,0,8.052447761841595e-16
Logistic Reg,No SMOTE,0,0,4.558547746203922e-05
Logistic Reg,No SMOTE,0,0,1.4454909444734157e-09
Logistic Reg,No SMOTE,0,0,8.797649287362833e-07
Logistic Reg,No SMOTE,0,0,1.8099298117040317e-09
Logistic Reg,No SMOTE,0,0,8.281969169084816e-07
Logistic Reg,No SMOTE,0,0,0.0013338696491782944
Logistic Reg,No SMOTE,0,0,4.699386258329024e-05
Logistic Reg,No SMOTE,0,0,4.65455857790257e-05
Logistic Reg,No SMOTE,0,0,0.03517737003575469
Logistic Reg,No SMOTE,0,0,0.0075543698717581865
Logistic Reg,No SMOTE,0,0,0.031028900077867204
Logistic Reg,No SMOTE,0,0,0.02804590264415593
Logistic Reg,No SMOTE,0,0,0.004427954798437812
Logistic Reg,No SMOTE,0,0,4.933123714279554e-05
Logistic Reg,No SMOTE,0,0,4.57038630586798e-05
Logistic Reg,No SMOTE,0,0,8.776984562346409e-07
Logistic Reg,No SMOTE,0,0,1.123266840407886e-06
Logistic Reg,No SMOTE,0,0,1.8436417828425542e-14
Logistic Reg,No SMOTE,0,0,1.249247375332908e-05
Logistic Reg,No SMOTE,0,0,8.704572343767114e-07
Logistic Reg,No SMOTE,0,0,5.4762347366712296e-14
Logistic Reg,No SMOTE,0,0,1.1321350918329211e-10
Logistic Reg,No SMOTE,0,0,6.981954842695946e-05
Logistic Reg,No SMOTE,0,0,4.560041800017961e-05
Logistic Reg,No SMOTE,0,0,7.903125735610372e-07
Logistic Reg,No SMOTE,0,0,0.02851784480320439
Logistic Reg,No SMOTE,0,0,2.983950980267612e-05
Logistic Reg,No SMOTE,0,0,4.5646226852708015e-05
Logistic Reg,No SMOTE,0,1,0.9357920560692368
Logistic Reg,No SMOTE,0,0,2.1270112714435742e-18
Logistic Reg,No SMOTE,0,0,4.5671266923216925e-05
Logistic Reg,No SMOTE,0,0,2.849278729887639e-18
Logistic Reg,No SMOTE,0,0,1.4763803565507388e-06
Logistic Reg,No SMOTE,0,0,4.59598299838961e-05
Logistic Reg,No SMOTE,0,0,1.3361573438378297e-06
Logistic Reg,No SMOTE,0,0,0.032669323961260696
Logistic Reg,No SMOTE,0,0,0.0003288659481497736
Logistic Reg,No SMOTE,0,0,1.084963396587871e-06
Logistic Reg,No SMOTE,0,0,4.789329948837836e-05
Logistic Reg,No SMOTE,0,0,3.5500629603465047e-09
Logistic Reg,No SMOTE,0,0,0.0339585489315994
Logistic Reg,No SMOTE,0,0,0.04292742147583976
Logistic Reg,No SMOTE,0,0,5.016285512482716e-05
Logistic Reg,No SMOTE,0,0,5.9724201605189255e-06
Logistic Reg,No SMOTE,0,0,0.008553636476163128
Logistic Reg,No SMOTE,0,0,1.1520725755089657e-06
Logistic Reg,No SMOTE,0,0,0.025092941947375776
Logistic Reg,No SMOTE,0,0,0.02295435283212508
Logistic Reg,No SMOTE,0,0,4.6951150456689654e-05
Logistic Reg,No SMOTE,0,0,0.0008564039687763056
Logistic Reg,No SMOTE,0,0,0.0004489217467571688
Logistic Reg,No SMOTE,0,0,4.854423678903763e-05
Logistic Reg,No SMOTE,0,0,2.7716902471130037e-11
Logistic Reg,No SMOTE,0,0,0.008032314481477811
Logistic Reg,No SMOTE,0,0,4.596680819152678e-05
Logistic Reg,No SMOTE,0,0,2.3379030016243144e-09
Logistic Reg,No SMOTE,0,0,0.011238936637145602
Logistic Reg,No SMOTE,0,0,0.0009320560712638388
Logistic Reg,No SMOTE,0,0,0.01288417410180844
Logistic Reg,No SMOTE,0,0,1.2927996745073826e-12
Logistic Reg,No SMOTE,0,0,0.07685304808066666
Logistic Reg,No SMOTE,0,0,0.39897908093963175
Logistic Reg,No SMOTE,0,0,4.277569959662686e-32
Logistic Reg,No SMOTE,0,0,4.6947722599488644e-05
Logistic Reg,No SMOTE,0,0,0.4415626342261458
Logistic Reg,No SMOTE,0,0,9.921599031823104e-07
Logistic Reg,No SMOTE,0,0,0.0004060680027810604
Logistic Reg,No SMOTE,0,0,0.025178513901125965
Logistic Reg,No SMOTE,0,0,0.021856548272693715
Logistic Reg,No SMOTE,0,0,4.883001017162153e-07
Logistic Reg,No SMOTE,0,0,0.020802984048386406
Logistic Reg,No SMOTE,0,0,0.025836932846304443
Logistic Reg,No SMOTE,0,0,0.05171267306629997
Logistic Reg,No SMOTE,0,0,0.03922488963182666
Logistic Reg,No SMOTE,0,0,0.04285381566456695
Logistic Reg,No SMOTE,0,0,2.3103630895265033e-12
Logistic Reg,No SMOTE,0,0,9.313006701303542e-07
Logistic Reg,No SMOTE,0,0,4.580148587960217e-05
Logistic Reg,No SMOTE,0,0,0.03547054558309942
Logistic Reg,No SMOTE,0,0,5.04802223404274e-07
Logistic Reg,No SMOTE,0,0,0.025425974232320726
Logistic Reg,No SMOTE,0,0,0.0463837788035208
Logistic Reg,No SMOTE,0,0,1.0151200158413526e-06
Logistic Reg,No SMOTE,0,0,0.02151607986212645
Logistic Reg,No SMOTE,0,0,5.0043540402168796e-05
Logistic Reg,No SMOTE,0,0,2.8673980048850337e-05
Logistic Reg,No SMOTE,0,0,0.06777655817120691
Logistic Reg,No SMOTE,0,0,0.3109169442535671
Logistic Reg,No SMOTE,0,0,0.05307351146200005
Logistic Reg,No SMOTE,0,0,7.757172530016656e-18
Logistic Reg,No SMOTE,0,0,8.567140676789067e-07
Logistic Reg,No SMOTE,0,0,0.019855208931921442
Logistic Reg,No SMOTE,0,0,4.603960250303823e-05
Logistic Reg,No SMOTE,0,0,2.7793287034122254e-06
Logistic Reg,No SMOTE,0,0,4.581929814363546e-05
Logistic Reg,No SMOTE,0,0,8.481656870081181e-07
Logistic Reg,No SMOTE,0,0,5.085444466836502e-06
Logistic Reg,No SMOTE,0,0,0.001317677296767677
Logistic Reg,No SMOTE,0,0,0.0008945464847735472
Logistic Reg,No SMOTE,0,0,8.192833122322e-07
Logistic Reg,No SMOTE,0,0,0.0010102467690358624
Logistic Reg,No SMOTE,0,0,9.443670701651295e-07
Logistic Reg,No SMOTE,0,0,0.024355860473559053
Logistic Reg,No SMOTE,0,0,0.0035735355362435136
Logistic Reg,No SMOTE,0,0,0.04746492656892059
Logistic Reg,No SMOTE,0,0,4.765480104321124e-05
Logistic Reg,No SMOTE,0,0,1.013701489284012e-06
Logistic Reg,No SMOTE,0,0,0.000786537924168123
Logistic Reg,No SMOTE,0,0,0.37933314656613
Logistic Reg,No SMOTE,0,0,8.937522333564272e-07
Logistic Reg,No SMOTE,0,0,2.347790435038217e-13
Logistic Reg,No SMOTE,0,0,0.034513617226470915
Logistic Reg,No SMOTE,0,0,1.3470082114889242e-08
Logistic Reg,No SMOTE,0,0,1.927672231181249e-12
Logistic Reg,No SMOTE,0,0,4.654790853178611e-05
Logistic Reg,No SMOTE,0,0,0.020514264489031944
Logistic Reg,No SMOTE,0,0,1.1288435223108139e-08
Logistic Reg,No SMOTE,0,0,0.02621041668632294
Logistic Reg,No SMOTE,0,0,7.730883502625526e-07
Logistic Reg,No SMOTE,0,0,5.011484814586393e-06
Logistic Reg,No SMOTE,0,0,0.01089649223174452
Logistic Reg,No SMOTE,0,0,0.0015014155260263497
Logistic Reg,No SMOTE,0,0,5.447056775777184e-11
Logistic Reg,No SMOTE,0,0,0.047207130262739434
Logistic Reg,No SMOTE,0,0,7.848895290839608e-07
Logistic Reg,No SMOTE,0,0,4.3292583532782774e-17
Logistic Reg,No SMOTE,0,0,0.0012717710362926177
Logistic Reg,No SMOTE,0,0,2.228556828166039e-09
Logistic Reg,No SMOTE,0,0,9.837883066786669e-06
Logistic Reg,No SMOTE,0,0,3.2413521977500274e-84
Logistic Reg,No SMOTE,0,0,4.564585114894372e-05
Logistic Reg,No SMOTE,0,0,6.616172814824332e-07
Logistic Reg,No SMOTE,0,0,0.0003151114543615537
Logistic Reg,No SMOTE,0,0,5.991822934486845e-14
Logistic Reg,No SMOTE,0,0,0.03831022358126959
Logistic Reg,No SMOTE,0,0,0.02805241222618876
Logistic Reg,No SMOTE,0,0,2.485036172854888e-05
Logistic Reg,No SMOTE,0,0,4.608577181559331e-05
Logistic Reg,No SMOTE,0,0,2.9669603639236175e-06
Logistic Reg,No SMOTE,0,0,0.013586032452792505
Logistic Reg,No SMOTE,0,0,2.578516924452759e-07
Logistic Reg,No SMOTE,0,0,4.6366010080116866e-05
Logistic Reg,No SMOTE,0,0,0.06269375352714658
Logistic Reg,No SMOTE,0,0,1.54600727331935e-16
Logistic Reg,No SMOTE,0,0,3.5002323528405164e-08
Logistic Reg,No SMOTE,0,0,1.070093335791479e-06
Logistic Reg,No SMOTE,0,0,2.841291911399485e-05
Logistic Reg,No SMOTE,0,0,0.00976403093975327
Logistic Reg,No SMOTE,0,0,6.861051284642544e-13
Logistic Reg,No SMOTE,0,0,0.0025049961469644304
Logistic Reg,No SMOTE,0,0,4.4908904731955266e-14
Logistic Reg,No SMOTE,0,0,1.0690517747593862e-06
Logistic Reg,No SMOTE,0,0,1.1033940216802565e-06
Logistic Reg,No SMOTE,0,0,0.001051672812176006
Logistic Reg,No SMOTE,0,0,6.059467805297227e-06
Logistic Reg,No SMOTE,0,0,2.2403986857314887e-09
Logistic Reg,No SMOTE,0,0,0.029907899319758423
Logistic Reg,No SMOTE,0,0,4.281328939351944e-18
Logistic Reg,No SMOTE,0,0,4.5662470955930535e-05
Logistic Reg,No SMOTE,0,0,0.0028398795839800596
Logistic Reg,No SMOTE,0,0,0.04239779301930113
Logistic Reg,No SMOTE,0,0,0.019834967642963088
Logistic Reg,No SMOTE,0,0,0.011874084563138624
Logistic Reg,No SMOTE,0,0,0.021536639371320006
Logistic Reg,No SMOTE,0,0,0.0005353566192170672
Logistic Reg,No SMOTE,0,0,9.276868701435395e-13
Logistic Reg,No SMOTE,0,0,4.0794217855011444e-15
Logistic Reg,No SMOTE,0,0,5.002914554430549e-06
Logistic Reg,No SMOTE,0,0,0.0005359264853658255
Logistic Reg,No SMOTE,0,0,8.373290419821573e-16
Logistic Reg,No SMOTE,0,0,0.01004348126073465
Logistic Reg,No SMOTE,0,0,4.624621758551065e-05
Logistic Reg,No SMOTE,0,0,4.8233436831180444e-06
Logistic Reg,No SMOTE,0,0,0.013741174999490822
Logistic Reg,No SMOTE,0,0,1.4177273711411354e-15
Logistic Reg,No SMOTE,0,0,7.508045048161772e-07
Logistic Reg,No SMOTE,0,0,0.0001809685309838951
Logistic Reg,No SMOTE,0,0,8.080630746605518e-06
Logistic Reg,No SMOTE,0,0,0.028687234808039214
Logistic Reg,No SMOTE,0,0,0.02091101706967193
Logistic Reg,No SMOTE,0,0,1.1861067510503483e-06
Logistic Reg,No SMOTE,0,0,9.60705129470757e-07
Logistic Reg,No SMOTE,0,0,0.016675448530135632
Logistic Reg,No SMOTE,0,0,1.0085530764323964e-13
Logistic Reg,No SMOTE,0,0,1.2024154589617129e-05
Logistic Reg,No SMOTE,0,0,8.630848244783918e-07
Logistic Reg,No SMOTE,0,0,5.484166320860947e-05
Logistic Reg,No SMOTE,0,0,8.755969166799939e-07
Logistic Reg,No SMOTE,0,0,0.38524075960172877
Logistic Reg,No SMOTE,0,0,5.791980265841375e-07
Logistic Reg,No SMOTE,0,0,4.685673983550517e-05
Logistic Reg,No SMOTE,0,0,0.0007447064212229273
Logistic Reg,No SMOTE,0,0,4.614210279404123e-05
Logistic Reg,No SMOTE,0,0,0.03163895159548532
Logistic Reg,No SMOTE,0,0,3.978877739118745e-06
Logistic Reg,No SMOTE,0,0,3.3012880410280104e-13
Logistic Reg,No SMOTE,0,0,0.0016180602970753957
Logistic Reg,No SMOTE,0,0,2.2809681531314964e-10
Logistic Reg,No SMOTE,0,0,6.444808214214396e-07
Logistic Reg,No SMOTE,0,0,0.04606878890252777
Logistic Reg,No SMOTE,0,0,1.090072867748649e-06
Logistic Reg,No SMOTE,0,0,0.03090394371901157
Logistic Reg,No SMOTE,0,0,1.312255125957138e-06
Logistic Reg,No SMOTE,0,0,0.13729134261065282
Logistic Reg,No SMOTE,0,0,5.7957314562758146e-05
Logistic Reg,No SMOTE,0,0,1.3577755697950953e-15
Logistic Reg,No SMOTE,0,0,7.985640317141792e-14
Logistic Reg,No SMOTE,0,0,0.0017496311126276862
Logistic Reg,No SMOTE,0,0,0.028141485619870628
Logistic Reg,No SMOTE,0,0,4.664256838873038e-05
Logistic Reg,No SMOTE,0,0,0.2630559151194647
Logistic Reg,No SMOTE,0,0,4.5818849399522995e-05
Logistic Reg,No SMOTE,0,0,0.009151643394986832
Logistic Reg,No SMOTE,0,0,4.5922688933686644e-07
Logistic Reg,No SMOTE,0,0,0.009360367592027451
Logistic Reg,No SMOTE,0,0,1.2153666021569124e-06
Logistic Reg,No SMOTE,0,0,4.413231298003865e-10
Logistic Reg,No SMOTE,0,0,6.6686861771828325e-09
Logistic Reg,No SMOTE,0,0,5.3237015562699135e-11
Logistic Reg,No SMOTE,0,0,9.434493059309784e-07
Logistic Reg,No SMOTE,0,0,0.0005789119335984858
Logistic Reg,No SMOTE,0,0,0.00015042513727903342
Logistic Reg,No SMOTE,0,0,0.028659375801177184
Logistic Reg,No SMOTE,0,0,0.04011057056482417
Logistic Reg,No SMOTE,0,0,0.0005764350104179013
Logistic Reg,No SMOTE,0,0,0.06072023378085474
Logistic Reg,No SMOTE,0,0,0.001759319479122561
Logistic Reg,No SMOTE,0,0,0.4430615703685507
Logistic Reg,No SMOTE,0,1,0.9359687276868053
Logistic Reg,No SMOTE,0,0,1.5402626721347128e-10
Logistic Reg,No SMOTE,0,0,2.018390959917939e-07
Logistic Reg,No SMOTE,0,0,0.025018012687681508
Logistic Reg,No SMOTE,0,0,4.605462900348527e-05
Logistic Reg,No SMOTE,0,0,0.031917269941433894
Logistic Reg,No SMOTE,0,0,0.036554528179796215
Logistic Reg,No SMOTE,0,0,4.970482999975051e-06
Logistic Reg,No SMOTE,0,0,4.697707561449599e-05
Logistic Reg,No SMOTE,0,0,4.5993152019566496e-05
Logistic Reg,No SMOTE,0,0,0.07730893881020857
Logistic Reg,No SMOTE,0,0,8.551337519313282e-07
Logistic Reg,No SMOTE,0,0,0.0021940652973164005
Logistic Reg,No SMOTE,0,0,0.031408028149904905
Logistic Reg,No SMOTE,0,0,1.6978631423993255e-08
Logistic Reg,No SMOTE,0,0,4.647779518513749e-05
Logistic Reg,No SMOTE,0,0,0.0025314923143899023
Logistic Reg,No SMOTE,0,0,2.798361255368776e-12
Logistic Reg,No SMOTE,0,0,0.0021713654909487554
Logistic Reg,No SMOTE,0,0,0.00639275142316828
Logistic Reg,No SMOTE,0,0,0.001229487299439152
Logistic Reg,No SMOTE,0,1,0.5919585784914427
Logistic Reg,No SMOTE,0,0,6.829249452996339e-07
Logistic Reg,No SMOTE,0,0,0.025070677322259576
Logistic Reg,No SMOTE,0,0,8.079210367551309e-07
Logistic Reg,No SMOTE,0,0,4.7034076329361394e-06
Logistic Reg,No SMOTE,0,0,4.642759185355895e-05
Logistic Reg,No SMOTE,0,0,0.025131774479083067
Logistic Reg,No SMOTE,0,0,2.47322382602444e-16
Logistic Reg,No SMOTE,0,0,4.9096357985538205e-05
Logistic Reg,No SMOTE,0,0,1.379958721363809e-05
Logistic Reg,No SMOTE,0,0,0.0014912547512839606
Logistic Reg,No SMOTE,0,0,0.02355181259935893
Logistic Reg,No SMOTE,0,0,0.008334001296186768
Logistic Reg,No SMOTE,0,0,4.8031581443538846e-05
Logistic Reg,No SMOTE,0,0,1.0818726857950494e-06
Logistic Reg,No SMOTE,0,0,6.222753529156369e-23
Logistic Reg,No SMOTE,0,0,5.554639815159744e-07
Logistic Reg,No SMOTE,0,0,0.0003924942186368603
Logistic Reg,No SMOTE,0,1,0.5856125575204677
Logistic Reg,No SMOTE,0,0,7.265085964556306e-16
Logistic Reg,No SMOTE,0,0,9.635128473255337e-07
Logistic Reg,No SMOTE,0,0,0.0008179881789428292
Logistic Reg,No SMOTE,0,0,5.717893262035762e-15
Logistic Reg,No SMOTE,0,0,9.665658733918247e-07
Logistic Reg,No SMOTE,0,1,0.6190175206801833
Logistic Reg,No SMOTE,0,0,0.0008642249177180791
Logistic Reg,No SMOTE,0,0,7.584942219551762e-07
Logistic Reg,No SMOTE,0,0,0.0002607344658864434
Logistic Reg,No SMOTE,0,1,0.5970085578308335
Logistic Reg,No SMOTE,0,0,4.975322523591506e-05
Logistic Reg,No SMOTE,0,0,0.0013110457182947466
Logistic Reg,No SMOTE,0,0,0.014392315255975684
Logistic Reg,No SMOTE,0,0,4.692779623875921e-05
Logistic Reg,No SMOTE,0,0,0.028297946543417413
Logistic Reg,No SMOTE,0,0,1.9879236684593142e-08
Logistic Reg,No SMOTE,0,0,0.0009743145296819809
Logistic Reg,No SMOTE,0,0,0.00013766254217117608
Logistic Reg,No SMOTE,0,0,6.699088571106751e-13
Logistic Reg,No SMOTE,0,0,1.1645596398358032e-12
Logistic Reg,No SMOTE,0,0,0.001235862131602767
Logistic Reg,No SMOTE,0,0,4.889427632920269e-07
Logistic Reg,No SMOTE,0,0,5.035159383006242e-05
Logistic Reg,No SMOTE,0,0,0.001702994533251693
Logistic Reg,No SMOTE,0,0,4.741303497175826e-05
Logistic Reg,No SMOTE,0,0,1.1752242610831899e-06
Logistic Reg,No SMOTE,0,0,6.813668920204637e-18
Logistic Reg,No SMOTE,0,0,1.0814990261818067e-06
Logistic Reg,No SMOTE,0,0,9.75812630253145e-06
Logistic Reg,No SMOTE,0,0,0.03335480820756767
Logistic Reg,No SMOTE,0,0,0.0005744732701526925
Logistic Reg,No SMOTE,0,0,2.801920775593285e-08
Logistic Reg,No SMOTE,0,0,2.846168641319507e-14
Logistic Reg,No SMOTE,0,0,0.002625782472687837
Logistic Reg,No SMOTE,0,0,1.0336286385908896e-12
Logistic Reg,No SMOTE,0,0,1.0447177841867687e-06
Logistic Reg,No SMOTE,0,0,1.117051613305207e-06
Logistic Reg,No SMOTE,0,1,0.9522934647798627
Logistic Reg,No SMOTE,0,0,1.0285430081579432e-06
Logistic Reg,No SMOTE,0,0,1.4643649574394339e-08
Logistic Reg,No SMOTE,0,0,0.03303093363171275
Logistic Reg,No SMOTE,0,0,2.241119634863752e-07
Logistic Reg,No SMOTE,0,0,1.739568540592661e-07
Logistic Reg,No SMOTE,0,0,0.051672857516191675
Logistic Reg,No SMOTE,0,0,8.888448870440435e-07
Logistic Reg,No SMOTE,0,0,0.0007569846244656889
Logistic Reg,No SMOTE,0,0,2.439721520558032e-06
Logistic Reg,No SMOTE,0,0,0.023161787744752388
Logistic Reg,No SMOTE,0,0,0.01257003061770097
Logistic Reg,No SMOTE,0,0,8.851208424214276e-13
Logistic Reg,No SMOTE,0,0,3.32756435656176e-10
Logistic Reg,No SMOTE,0,0,4.186297034194914e-13
Logistic Reg,No SMOTE,0,0,5.3478068715032366e-06
Logistic Reg,No SMOTE,0,0,1.7446622533912622e-25
Logistic Reg,No SMOTE,0,0,0.0027533564394874306
Logistic Reg,No SMOTE,0,0,0.001858236793998041
Logistic Reg,No SMOTE,0,0,0.03435683677445115
Logistic Reg,No SMOTE,0,0,0.00297674992951621
Logistic Reg,No SMOTE,0,0,1.4076663372509002e-11
Logistic Reg,No SMOTE,0,0,2.654843169254277e-18
Logistic Reg,No SMOTE,0,0,1.0554152139142557e-06
Logistic Reg,No SMOTE,0,0,0.02992522888756211
Logistic Reg,No SMOTE,0,0,5.158807502438909e-08
Logistic Reg,No SMOTE,0,0,0.002151959250866851
Logistic Reg,No SMOTE,0,0,0.007698507444396832
Logistic Reg,No SMOTE,0,0,4.5954176322632534e-05
Logistic Reg,No SMOTE,0,0,0.002890702680375435
Logistic Reg,No SMOTE,0,0,0.015531058723776001
Logistic Reg,No SMOTE,0,0,0.0005780840530229183
Logistic Reg,No SMOTE,0,0,8.795674275064094e-07
Logistic Reg,No SMOTE,0,1,0.7298173308541918
Logistic Reg,No SMOTE,0,0,5.900246339911221e-05
Logistic Reg,No SMOTE,0,0,0.001096871761196325
Logistic Reg,No SMOTE,0,0,0.00039847751279662786
Logistic Reg,No SMOTE,0,0,9.468555089496641e-07
Logistic Reg,No SMOTE,0,0,0.03865847721160107
Logistic Reg,No SMOTE,0,0,0.00013840555808751527
Logistic Reg,No SMOTE,0,0,6.797207810295658e-19
Logistic Reg,No SMOTE,0,0,1.8443015498493988e-13
Logistic Reg,No SMOTE,0,0,2.442885526164465e-06
Logistic Reg,No SMOTE,0,0,0.012337161064690927
Logistic Reg,No SMOTE,0,0,1.4260813777366613e-05
Logistic Reg,No SMOTE,0,0,0.029298361457482942
Logistic Reg,No SMOTE,0,0,3.375570432913462e-08
Logistic Reg,No SMOTE,0,0,0.027196408879535117
Logistic Reg,No SMOTE,0,0,0.03179763896779922
Logistic Reg,No SMOTE,0,0,0.03324981435690503
Logistic Reg,No SMOTE,0,0,2.225720468111007e-15
Logistic Reg,No SMOTE,0,0,0.001043911818933849
Logistic Reg,No SMOTE,0,0,1.0572103227277626e-06
Logistic Reg,No SMOTE,0,0,8.776574601374353e-07
Logistic Reg,No SMOTE,0,0,8.584612209364133e-07
Logistic Reg,No SMOTE,0,0,0.016062801121589997
Logistic Reg,No SMOTE,0,0,1.090007505724142e-12
Logistic Reg,No SMOTE,0,0,1.4160997872841667e-16
Logistic Reg,No SMOTE,0,0,0.0018837177598112589
Logistic Reg,No SMOTE,0,0,1.9613509167068751e-13
Logistic Reg,No SMOTE,0,0,0.023733487940626626
Logistic Reg,No SMOTE,0,0,0.17172124993070356
Logistic Reg,No SMOTE,0,0,0.011756561850519175
Logistic Reg,No SMOTE,0,0,7.18457806122e-07
Logistic Reg,No SMOTE,0,0,0.0018614802171825623
Logistic Reg,No SMOTE,0,0,0.03578430270461268
Logistic Reg,No SMOTE,0,0,0.03506859297143564
Logistic Reg,No SMOTE,0,0,0.02918955442890396
Logistic Reg,No SMOTE,0,0,0.00023224536739210213
Logistic Reg,No SMOTE,0,0,8.614043245494826e-07
Logistic Reg,No SMOTE,0,0,1.9595822594467621e-07
Logistic Reg,No SMOTE,0,0,0.032424457311899274
Logistic Reg,No SMOTE,0,0,3.7587493630701277e-06
Logistic Reg,No SMOTE,0,0,0.00018818533746809543
Logistic Reg,No SMOTE,0,0,0.02470790966565599
Logistic Reg,No SMOTE,0,0,4.752432141192334e-05
Logistic Reg,No SMOTE,0,0,9.629210473770547e-11
Logistic Reg,No SMOTE,0,0,9.304706105513759e-07
Logistic Reg,No SMOTE,0,0,9.400387161532366e-06
Logistic Reg,No SMOTE,0,0,0.0029679963918439215
Logistic Reg,No SMOTE,0,0,3.709616925677704e-42
Logistic Reg,No SMOTE,0,0,2.1962453860886282e-15
Logistic Reg,No SMOTE,0,0,0.024601686679997545
Logistic Reg,No SMOTE,0,0,0.04179094667075
Logistic Reg,No SMOTE,0,0,0.010231628119463688
Logistic Reg,No SMOTE,0,0,0.029073433465292828
Logistic Reg,No SMOTE,0,0,0.004494012897224424
Logistic Reg,No SMOTE,0,0,2.7470229279315727e-06
Logistic Reg,No SMOTE,0,1,0.7094284309013195
Logistic Reg,No SMOTE,0,0,0.0013965183533865685
Logistic Reg,No SMOTE,0,0,0.00011705440662145392
Logistic Reg,No SMOTE,0,0,6.764291806351531e-07
Logistic Reg,No SMOTE,0,0,0.005444160064803831
Logistic Reg,No SMOTE,0,0,0.027787770375533562
Logistic Reg,No SMOTE,0,0,7.670349297725718e-07
Logistic Reg,No SMOTE,0,0,0.00012826997989327142
Logistic Reg,No SMOTE,0,0,0.009455190628544764
Logistic Reg,No SMOTE,0,0,0.03377087678370226
Logistic Reg,No SMOTE,0,0,0.0009651389742638659
Logistic Reg,No SMOTE,0,0,1.085777285061646e-05
Logistic Reg,No SMOTE,0,0,1.5117774254104025e-17
Logistic Reg,No SMOTE,0,0,0.039793333255630406
Logistic Reg,No SMOTE,0,0,5.127596823098844e-12
Logistic Reg,No SMOTE,0,0,0.0005232685622433196
Logistic Reg,No SMOTE,0,0,1.799204797556307e-14
Logistic Reg,No SMOTE,0,0,0.006057667825883284
Logistic Reg,No SMOTE,0,1,0.8242434740535215
Logistic Reg,No SMOTE,0,0,0.02987672305984463
Logistic Reg,No SMOTE,0,0,0.014524069651409276
Logistic Reg,No SMOTE,0,0,0.001340815085834713
Logistic Reg,No SMOTE,0,0,9.801649818568774e-14
Logistic Reg,No SMOTE,0,1,0.8233048106547773
Logistic Reg,No SMOTE,0,0,8.71293127150353e-07
Logistic Reg,No SMOTE,0,0,0.0005341424390594846
Logistic Reg,No SMOTE,0,0,0.0017187428119447255
Logistic Reg,No SMOTE,0,0,5.089087556254695e-05
Logistic Reg,No SMOTE,0,0,1.0567543009833606e-06
Logistic Reg,No SMOTE,0,0,6.23385784603613e-07
Logistic Reg,No SMOTE,0,0,0.00026631793433361787
Logistic Reg,No SMOTE,0,0,0.0024431794190761
Logistic Reg,No SMOTE,0,0,4.6232539049114475e-05
Logistic Reg,No SMOTE,0,0,0.012590995638419254
Logistic Reg,No SMOTE,0,0,4.820396125715532e-05
Logistic Reg,No SMOTE,0,0,1.504530962324936e-06
Logistic Reg,No SMOTE,0,0,8.169196747474188e-07
Logistic Reg,No SMOTE,0,0,7.68245318774829e-07
Logistic Reg,No SMOTE,0,0,0.057509375495124825
Logistic Reg,No SMOTE,0,1,0.9714038840937472
Logistic Reg,No SMOTE,0,0,0.043818541370607714
Logistic Reg,No SMOTE,0,0,0.04715938170422634
Logistic Reg,No SMOTE,0,0,0.02248422410104732
Logistic Reg,No SMOTE,0,0,0.019763802790152916
Logistic Reg,No SMOTE,0,0,0.023214336146242222
Logistic Reg,No SMOTE,0,0,0.032466884268337465
Logistic Reg,No SMOTE,0,0,1.1195457874266131e-14
Logistic Reg,No SMOTE,0,0,3.08365160086331e-08
Logistic Reg,No SMOTE,0,0,9.325197106915228e-07
Logistic Reg,No SMOTE,0,0,3.6301005424113486e-09
Logistic Reg,No SMOTE,0,0,5.1151781245983364e-11
Logistic Reg,No SMOTE,0,0,3.392240060627653e-06
Logistic Reg,No SMOTE,0,0,7.0734096060936524e-06
Logistic Reg,No SMOTE,0,1,0.6925629559089824
Logistic Reg,No SMOTE,0,0,0.019290647402532154
Logistic Reg,No SMOTE,0,0,3.3445909643693146e-17
Logistic Reg,No SMOTE,0,0,1.0444141995718837e-12
Logistic Reg,No SMOTE,0,0,0.05349892523459705
Logistic Reg,No SMOTE,0,0,0.0006631752611176136
Logistic Reg,No SMOTE,0,0,0.012120714653098571
Logistic Reg,No SMOTE,0,0,0.22870564774314553
Logistic Reg,No SMOTE,0,0,4.352247970717804e-06
Logistic Reg,No SMOTE,0,1,0.7950762615752095
Logistic Reg,No SMOTE,0,0,4.67408198806873e-05
Logistic Reg,No SMOTE,0,0,1.073539409750673e-06
Logistic Reg,No SMOTE,0,0,0.04894844764792217
Logistic Reg,No SMOTE,0,0,0.0016331156454588562
Logistic Reg,No SMOTE,0,0,9.895268641388343e-07
Logistic Reg,No SMOTE,0,0,1.127768927931799e-06
Logistic Reg,No SMOTE,0,0,0.014121571429333346
Logistic Reg,No SMOTE,0,0,7.917501680255617e-07
Logistic Reg,No SMOTE,0,0,0.11029736082640927
Logistic Reg,No SMOTE,0,0,6.089020103554479e-10
Logistic Reg,No SMOTE,0,0,1.0762728332327824e-06
Logistic Reg,No SMOTE,0,0,4.5733732389478603e-05
Logistic Reg,No SMOTE,0,0,8.652956305903731e-12
Logistic Reg,No SMOTE,0,0,6.587233899983637e-07
Logistic Reg,No SMOTE,0,0,0.02209604780620592
Logistic Reg,No SMOTE,0,0,1.0026099406419235e-06
Logistic Reg,No SMOTE,0,0,9.905562411921858e-11
Logistic Reg,No SMOTE,0,0,8.553591942526144e-05
Logistic Reg,No SMOTE,0,0,4.7948491147874245e-05
Logistic Reg,No SMOTE,0,0,4.559643839490681e-05
Logistic Reg,No SMOTE,0,0,9.949578884701835e-07
Logistic Reg,No SMOTE,0,1,0.956484100735567
Logistic Reg,No SMOTE,0,0,4.192792705740331e-15
Logistic Reg,No SMOTE,0,0,2.50094712271756e-10
Logistic Reg,No SMOTE,0,0,7.537713707374799e-07
Logistic Reg,No SMOTE,0,0,0.0012759620728030033
Logistic Reg,No SMOTE,0,0,0.0032638770814106145
Logistic Reg,No SMOTE,0,0,4.640265154222431e-05
Logistic Reg,No SMOTE,0,0,0.0008520578319209954
Logistic Reg,No SMOTE,0,0,5.365764993744578e-09
Logistic Reg,No SMOTE,0,0,6.091474208988764e-16
Logistic Reg,No SMOTE,0,0,4.626669074490818e-21
Logistic Reg,No SMOTE,0,0,0.04559355248052431
Logistic Reg,No SMOTE,0,0,0.013572586844212685
Logistic Reg,No SMOTE,0,0,8.510627125151817e-07
Logistic Reg,No SMOTE,0,0,1.6637888848200087e-14
Logistic Reg,No SMOTE,0,0,1.9641711311707046e-05
Logistic Reg,No SMOTE,0,0,0.00014266306147914245
Logistic Reg,No SMOTE,0,0,6.540658522247751e-07
Logistic Reg,No SMOTE,0,0,0.000131497996539318
Logistic Reg,No SMOTE,0,0,5.106224014983423e-05
Logistic Reg,No SMOTE,0,0,0.05568293127820636
Logistic Reg,No SMOTE,0,0,0.00748473693188198
Logistic Reg,No SMOTE,0,0,0.012016821483534133
Logistic Reg,No SMOTE,0,0,0.03835107222041389
Logistic Reg,No SMOTE,0,0,9.295771206682978e-07
Logistic Reg,No SMOTE,0,0,0.04349549206313349
Logistic Reg,No SMOTE,0,0,1.2288080424029433e-06
Logistic Reg,No SMOTE,0,0,5.1480465774108685e-17
Logistic Reg,No SMOTE,0,0,0.00017049843893330758
Logistic Reg,No SMOTE,0,0,4.5851357746706545e-05
Logistic Reg,No SMOTE,0,0,7.672676349402248e-07
Logistic Reg,No SMOTE,0,0,4.1163247013392544e-17
Logistic Reg,No SMOTE,0,0,4.160449681166388e-08
Logistic Reg,No SMOTE,0,0,0.011079038896672931
Logistic Reg,No SMOTE,0,0,4.596481322914302e-13
Logistic Reg,No SMOTE,0,0,5.913177426553713e-05
Logistic Reg,No SMOTE,0,0,4.70639181267598e-05
Logistic Reg,No SMOTE,0,0,0.0030018950201643373
Logistic Reg,No SMOTE,0,0,1.6001501522234077e-07
Logistic Reg,No SMOTE,0,0,0.013744166346518332
Logistic Reg,No SMOTE,0,0,1.5247715427273951e-15
Logistic Reg,No SMOTE,0,0,7.391901303165709e-19
Logistic Reg,No SMOTE,0,0,9.85800036959268e-07
Logistic Reg,No SMOTE,0,0,9.453900729060804e-07
Logistic Reg,No SMOTE,0,0,4.590819874267572e-05
Logistic Reg,No SMOTE,0,0,0.00027920540477133904
Logistic Reg,No SMOTE,0,0,1.1360396761083064e-06
Logistic Reg,No SMOTE,0,0,0.003470873330053968
Logistic Reg,No SMOTE,0,0,0.02626301590840541
Logistic Reg,No SMOTE,0,0,0.0031302241379028697
Logistic Reg,No SMOTE,0,0,0.0003451220911158721
Logistic Reg,No SMOTE,0,0,0.052574146866589025
Logistic Reg,No SMOTE,0,0,4.320344434427561e-09
Logistic Reg,No SMOTE,0,0,4.65544013389451e-05
Logistic Reg,No SMOTE,0,1,0.6772017215743108
Logistic Reg,No SMOTE,0,0,0.0021068974173365763
Logistic Reg,No SMOTE,0,0,7.004376242002238e-21
Logistic Reg,No SMOTE,0,0,1.4748235123502467e-07
Logistic Reg,No SMOTE,0,1,0.741127921801545
Logistic Reg,No SMOTE,0,0,0.001963758006281194
Logistic Reg,No SMOTE,0,0,0.05184664076165331
Logistic Reg,No SMOTE,0,0,0.016148302892201087
Logistic Reg,No SMOTE,0,1,0.9174901439670771
Logistic Reg,No SMOTE,0,0,1.0029454567326288e-10
Logistic Reg,No SMOTE,0,0,1.2043919947669475e-13
Logistic Reg,No SMOTE,0,0,1.215357907208258e-06
Logistic Reg,No SMOTE,0,0,4.4959895573991745e-11
Logistic Reg,No SMOTE,0,1,0.8880613532207202
Logistic Reg,No SMOTE,0,1,0.5360162303002681
Logistic Reg,No SMOTE,0,0,0.039658810544060744
Logistic Reg,No SMOTE,0,0,0.001638636374404704
Logistic Reg,No SMOTE,0,0,4.582057678956344e-05
Logistic Reg,No SMOTE,0,0,0.00019616892044754537
Logistic Reg,No SMOTE,0,0,1.7472120808581555e-06
Logistic Reg,No SMOTE,0,0,1.3062280853737696e-05
Logistic Reg,No SMOTE,0,0,1.8022703431181635e-05
Logistic Reg,No SMOTE,0,0,4.626802949440417e-05
Logistic Reg,No SMOTE,0,0,0.030294048210603317
Logistic Reg,No SMOTE,0,0,0.013501112747632108
Logistic Reg,No SMOTE,0,0,1.0430214729247427e-06
Logistic Reg,No SMOTE,0,0,3.610886783547658e-15
Logistic Reg,No SMOTE,0,0,0.012455800519586934
Logistic Reg,No SMOTE,0,0,0.11676000760315051
Logistic Reg,No SMOTE,0,0,0.03356061999969753
Logistic Reg,No SMOTE,0,0,1.2368299965450493e-06
Logistic Reg,No SMOTE,0,0,0.029891251674685718
Logistic Reg,No SMOTE,0,0,8.13448481729052e-07
Logistic Reg,No SMOTE,0,0,0.011340937862912653
Logistic Reg,No SMOTE,0,0,0.0018396484606558827
Logistic Reg,No SMOTE,0,1,0.9544485384052677
Logistic Reg,No SMOTE,0,0,1.4202843348364567e-26
Logistic Reg,No SMOTE,0,0,4.253456425287327e-06
Logistic Reg,No SMOTE,0,0,0.04516922565624246
Logistic Reg,No SMOTE,0,0,4.7486695124582846e-05
Logistic Reg,No SMOTE,0,0,0.008244306916507174
Logistic Reg,No SMOTE,0,0,0.0005916697242073197
Logistic Reg,No SMOTE,0,0,8.083544675570226e-05
Logistic Reg,No SMOTE,0,0,8.338014066391432e-10
Logistic Reg,No SMOTE,0,0,0.03694692214352842
Logistic Reg,No SMOTE,0,0,5.348754677862304e-05
Logistic Reg,No SMOTE,0,0,0.023181988776266475
Logistic Reg,No SMOTE,0,0,0.0006713761862070036
Logistic Reg,No SMOTE,0,0,0.023749415502446747
Logistic Reg,No SMOTE,0,0,4.7047358877087795e-05
Logistic Reg,No SMOTE,0,0,9.418403155880274e-07
Logistic Reg,No SMOTE,0,0,8.531134456523186e-07
Logistic Reg,No SMOTE,0,0,1.8181809767589865e-08
Logistic Reg,No SMOTE,0,0,0.015165072078867846
Logistic Reg,No SMOTE,0,0,2.8815485781516544e-07
Logistic Reg,No SMOTE,0,0,4.5673938614179965e-05
Logistic Reg,No SMOTE,0,0,0.00829377984781872
Logistic Reg,No SMOTE,0,0,0.00042214181824506357
Logistic Reg,No SMOTE,0,1,0.5192502849164485
Logistic Reg,No SMOTE,0,0,6.102777879201213e-07
Logistic Reg,No SMOTE,0,0,1.311894277759327e-05
Logistic Reg,No SMOTE,0,0,0.04456994459156293
Logistic Reg,No SMOTE,0,0,0.0011475242759505114
Logistic Reg,No SMOTE,0,0,0.03442913422846316
Logistic Reg,No SMOTE,0,0,0.028287587589503466
Logistic Reg,No SMOTE,0,0,0.03003986423275382
Logistic Reg,No SMOTE,0,0,4.587055781287639e-05
Logistic Reg,No SMOTE,0,0,0.0012891940563952721
Logistic Reg,No SMOTE,0,0,8.480274856985689e-07
Logistic Reg,No SMOTE,0,0,0.02957544534362104
Logistic Reg,No SMOTE,0,0,0.01973735397797422
Logistic Reg,No SMOTE,0,0,2.4529743427674993e-12
Logistic Reg,No SMOTE,0,0,7.276799336707509e-07
Logistic Reg,No SMOTE,0,0,4.637448390701005e-05
Logistic Reg,No SMOTE,0,0,9.503957548914693e-07
Logistic Reg,No SMOTE,0,0,0.0011625716362484672
Logistic Reg,No SMOTE,0,0,3.9047573610163126e-05
Logistic Reg,No SMOTE,0,0,1.0079848996080493e-06
Logistic Reg,No SMOTE,0,0,1.2050196540978007e-19
Logistic Reg,No SMOTE,0,0,9.716585712235635e-07
Logistic Reg,No SMOTE,0,0,0.034343956223739404
Logistic Reg,No SMOTE,0,0,0.000869533045465967
Logistic Reg,No SMOTE,0,0,1.1236451913356252e-06
Logistic Reg,No SMOTE,0,0,3.3542536721905205e-06
Logistic Reg,No SMOTE,0,0,1.246969052749164e-10
Logistic Reg,No SMOTE,0,0,0.013848129764420843
Logistic Reg,No SMOTE,0,0,0.003533884129592269
Logistic Reg,No SMOTE,0,0,3.0398634086717905e-08
Logistic Reg,No SMOTE,0,0,0.02772861191257444
Logistic Reg,No SMOTE,0,0,2.9068588972976848e-08
Logistic Reg,No SMOTE,0,0,5.727565950391432e-07
Logistic Reg,No SMOTE,0,0,2.413003777583509e-16
Logistic Reg,No SMOTE,0,0,1.5915835337814e-16
Logistic Reg,No SMOTE,0,0,7.290206478744763e-12
Logistic Reg,No SMOTE,0,0,7.281052514710701e-07
Logistic Reg,No SMOTE,0,0,6.554091597853932e-11
Logistic Reg,No SMOTE,0,0,0.2063836186402517
Logistic Reg,No SMOTE,0,0,3.11857700011739e-05
Logistic Reg,No SMOTE,0,0,8.568660922718222e-07
Logistic Reg,No SMOTE,0,0,3.634105871724722e-06
Logistic Reg,No SMOTE,0,0,0.01363279583266459
Logistic Reg,No SMOTE,0,0,9.16664419803025e-07
Logistic Reg,No SMOTE,0,0,2.2160809313917224e-08
Logistic Reg,No SMOTE,0,0,0.03390593992772289
Logistic Reg,No SMOTE,0,0,1.3329375552259515e-06
Logistic Reg,No SMOTE,0,0,7.208743277727009e-07
Logistic Reg,No SMOTE,0,0,0.0006197980552481794
Logistic Reg,No SMOTE,0,0,0.01930266012572825
Logistic Reg,No SMOTE,0,0,0.01105549974450184
Logistic Reg,No SMOTE,0,0,0.020817629965230577
Logistic Reg,No SMOTE,0,0,9.989567949396048e-07
Logistic Reg,No SMOTE,0,0,4.563498112144365e-05
Logistic Reg,No SMOTE,0,0,0.0011824370752340522
Logistic Reg,No SMOTE,0,0,0.0010882255292299745
Logistic Reg,No SMOTE,0,0,0.0008232115073111713
Logistic Reg,No SMOTE,0,0,0.00044979775979902414
Logistic Reg,No SMOTE,0,0,0.006674385117492237
Logistic Reg,No SMOTE,0,0,4.66425068709842e-05
Logistic Reg,No SMOTE,0,0,4.5597483176156966e-05
Logistic Reg,No SMOTE,0,0,7.283719286254074e-08
Logistic Reg,No SMOTE,0,0,1.1475287911213194e-05
Logistic Reg,No SMOTE,0,0,1.4473872113993856e-09
Logistic Reg,No SMOTE,0,0,0.1001099664001435
Logistic Reg,No SMOTE,0,0,0.02919418132831538
Logistic Reg,No SMOTE,0,0,1.160730193991057e-06
Logistic Reg,No SMOTE,0,0,1.04858583039685e-16
Logistic Reg,No SMOTE,0,0,0.00465544665987295
Logistic Reg,No SMOTE,0,0,0.05115091795894756
Logistic Reg,No SMOTE,0,0,0.02821716271330535
Logistic Reg,No SMOTE,0,0,4.752537289338717e-05
Logistic Reg,No SMOTE,0,0,4.934007373010375e-05
Logistic Reg,No SMOTE,0,0,1.0020290848227713e-06
Logistic Reg,No SMOTE,0,0,3.58420169456894e-19
Logistic Reg,No SMOTE,0,0,4.606158495797788e-05
Logistic Reg,No SMOTE,0,0,0.040086789651048206
Logistic Reg,No SMOTE,0,1,0.7746711076239284
Logistic Reg,No SMOTE,0,0,3.974851239847665e-14
Logistic Reg,No SMOTE,0,0,4.649504258874818e-05
Logistic Reg,No SMOTE,0,0,4.5954130628594775e-05
Logistic Reg,No SMOTE,0,0,0.0003965637170405835
Logistic Reg,No SMOTE,0,0,0.0016170903268673007
Logistic Reg,No SMOTE,0,0,1.105297162273458e-06
Logistic Reg,No SMOTE,0,0,1.0947545549739259e-06
Logistic Reg,No SMOTE,0,0,6.1856635941457e-21
Logistic Reg,No SMOTE,0,0,0.034847101327746946
Logistic Reg,No SMOTE,0,0,4.576785579983398e-05
Logistic Reg,No SMOTE,0,0,4.562594940787431e-05
Logistic Reg,No SMOTE,0,0,4.66790992253178e-05
Logistic Reg,No SMOTE,0,0,7.210812937247266e-07
Logistic Reg,No SMOTE,0,0,0.0008948875300696886
Logistic Reg,No SMOTE,0,0,0.0013247378527751368
Logistic Reg,No SMOTE,0,0,1.8196858256677807e-07
Logistic Reg,No SMOTE,0,0,4.6102158744249205e-05
Logistic Reg,No SMOTE,0,0,0.0008368026639792805
Logistic Reg,No SMOTE,0,0,0.24458890655041343
Logistic Reg,No SMOTE,0,0,4.8886193681470675e-05
Logistic Reg,No SMOTE,0,0,6.33932080908905e-07
Logistic Reg,No SMOTE,0,0,4.5907885411014396e-05
Logistic Reg,No SMOTE,0,0,3.058033574689457e-05
Logistic Reg,No SMOTE,0,0,4.718995092132288e-05
Logistic Reg,No SMOTE,0,0,1.001247097611122e-06
Logistic Reg,No SMOTE,0,0,0.03810739688437278
Logistic Reg,No SMOTE,0,0,3.0350871947413115e-08
Logistic Reg,No SMOTE,0,0,4.568623823692956e-05
Logistic Reg,No SMOTE,0,0,4.258355256839945e-05
Logistic Reg,No SMOTE,0,0,4.559363445622151e-05
Logistic Reg,No SMOTE,0,0,0.01091161505785111
Logistic Reg,No SMOTE,0,0,0.04403175143779173
Logistic Reg,No SMOTE,0,0,0.01661645067761119
Logistic Reg,No SMOTE,0,0,0.07920459060560166
Logistic Reg,No SMOTE,0,0,0.001091421281432619
Logistic Reg,No SMOTE,0,0,1.1296527662562232e-06
Logistic Reg,No SMOTE,0,0,4.859742865286979e-05
Logistic Reg,No SMOTE,0,0,0.007396540664782161
Logistic Reg,No SMOTE,0,0,8.349566716315571e-07
Logistic Reg,No SMOTE,0,0,1.7079502065904928e-16
Logistic Reg,No SMOTE,0,0,3.5028732261134753e-11
Logistic Reg,No SMOTE,0,0,9.120378530261221e-07
Logistic Reg,No SMOTE,0,0,4.566611759262098e-05
Logistic Reg,No SMOTE,0,0,4.937793004712282e-05
Logistic Reg,No SMOTE,0,0,3.0654967623520544e-06
Logistic Reg,No SMOTE,0,0,0.0001927772640585475
Logistic Reg,No SMOTE,0,0,0.4082499826050137
Logistic Reg,No SMOTE,0,0,4.803092095388894e-05
Logistic Reg,No SMOTE,0,0,0.04405965552962767
Logistic Reg,No SMOTE,0,1,0.6508570578763476
Logistic Reg,No SMOTE,0,0,1.199220136026784e-08
Logistic Reg,No SMOTE,0,0,0.00185484174989286
Logistic Reg,No SMOTE,0,0,0.008921195251148218
Logistic Reg,No SMOTE,0,0,0.015931226123674074
Logistic Reg,No SMOTE,0,0,1.9112011747153088e-18
Logistic Reg,No SMOTE,0,0,4.975943384792995e-19
Logistic Reg,No SMOTE,0,0,5.4142700971754794e-05
Logistic Reg,No SMOTE,0,0,4.626657840325152e-05
Logistic Reg,No SMOTE,0,0,4.9185775871536185e-05
Logistic Reg,No SMOTE,0,0,2.5425795123353922e-12
Logistic Reg,No SMOTE,0,0,1.1816649056211275e-06
Logistic Reg,No SMOTE,0,0,0.0001686720515140013
Logistic Reg,No SMOTE,0,0,5.330319473332137e-05
Logistic Reg,No SMOTE,0,0,4.227070917316965e-06
Logistic Reg,No SMOTE,0,0,4.5660577211365225e-05
Logistic Reg,No SMOTE,0,0,0.03660088452021753
Logistic Reg,No SMOTE,0,0,4.576026599104433e-05
Logistic Reg,No SMOTE,0,0,4.89423637401148e-07
Logistic Reg,No SMOTE,0,0,0.011462156911877174
Logistic Reg,No SMOTE,0,0,0.04059187549915409
Logistic Reg,No SMOTE,0,0,4.661987283723876e-05
Logistic Reg,No SMOTE,0,0,1.0085704417073062e-06
Logistic Reg,No SMOTE,0,0,6.411890964834756e-28
Logistic Reg,No SMOTE,0,0,4.7229708410016145e-05
Logistic Reg,No SMOTE,0,0,4.604310935218186e-05
Logistic Reg,No SMOTE,0,0,0.025325988242873236
Logistic Reg,No SMOTE,0,0,0.46383831450536517
Logistic Reg,No SMOTE,0,0,0.022006644461663238
Logistic Reg,No SMOTE,0,0,1.0511457416355254e-06
Logistic Reg,No SMOTE,0,0,4.578881688142637e-05
Logistic Reg,No SMOTE,0,0,8.765238501561498e-07
Logistic Reg,No SMOTE,0,0,0.002491150246846773
Logistic Reg,No SMOTE,0,1,0.8489158506314359
Logistic Reg,No SMOTE,0,0,0.0024801185014456753
Logistic Reg,No SMOTE,0,0,0.46327030833798444
Logistic Reg,No SMOTE,0,0,0.030631032144326928
Logistic Reg,No SMOTE,0,0,4.5612057973277766e-05
Logistic Reg,No SMOTE,0,0,1.3134228512373666e-05
Logistic Reg,No SMOTE,0,0,7.033748092718923e-07
Logistic Reg,No SMOTE,0,0,1.525457455847505e-17
Logistic Reg,No SMOTE,0,0,1.123947286664456e-06
Logistic Reg,No SMOTE,0,0,0.026426829362735382
Logistic Reg,No SMOTE,0,0,7.194756896662567e-07
Logistic Reg,No SMOTE,0,0,8.451192484100207e-07
Logistic Reg,No SMOTE,0,0,1.1585073132221735e-10
Logistic Reg,No SMOTE,0,0,9.802413838537961e-07
Logistic Reg,No SMOTE,0,0,9.882617783446543e-07
Logistic Reg,No SMOTE,0,0,8.103485003347523e-07
Logistic Reg,No SMOTE,0,0,1.3959747904776933e-16
Logistic Reg,No SMOTE,0,0,1.0370519702686882e-06
Logistic Reg,No SMOTE,0,0,1.7197447103997337e-08
Logistic Reg,No SMOTE,0,0,0.018409491410046563
Logistic Reg,No SMOTE,0,0,0.00010873503099575655
Logistic Reg,No SMOTE,0,0,0.030316612073720627
Logistic Reg,No SMOTE,0,0,3.1180315475185224e-05
Logistic Reg,No SMOTE,0,0,0.0005422486511643388
Logistic Reg,No SMOTE,0,0,4.929583530404665e-05
Logistic Reg,No SMOTE,0,0,0.019933289961870174
Logistic Reg,No SMOTE,0,0,4.890033430768603e-05
Logistic Reg,No SMOTE,0,0,1.803316145201408e-11
Logistic Reg,No SMOTE,0,0,0.0569231780658135
Logistic Reg,No SMOTE,0,1,0.9335385426340542
Logistic Reg,No SMOTE,0,0,4.565048530076599e-05
Logistic Reg,No SMOTE,0,0,0.03512049562056211
Logistic Reg,No SMOTE,0,0,1.4163093779071093e-06
Logistic Reg,No SMOTE,0,0,0.0006637947380300989
Logistic Reg,No SMOTE,0,0,0.26166267121420955
Logistic Reg,No SMOTE,0,0,9.25028939482544e-19
Logistic Reg,No SMOTE,0,0,0.0011178409421874068
Logistic Reg,No SMOTE,0,0,1.1221904944892734e-06
Logistic Reg,No SMOTE,0,0,0.0019976244088272727
Logistic Reg,No SMOTE,0,0,1.160311433346905e-23
Logistic Reg,No SMOTE,0,0,0.0009693731605078222
Logistic Reg,No SMOTE,0,0,1.7998095757641614e-11
Logistic Reg,No SMOTE,0,0,4.610278112030919e-05
Logistic Reg,No SMOTE,0,0,1.2843385959797427e-16
Logistic Reg,No SMOTE,0,0,0.03617974503977395
Logistic Reg,No SMOTE,0,0,1.8032006336307936e-07
Logistic Reg,No SMOTE,0,0,0.0004382278187601171
Logistic Reg,No SMOTE,0,1,0.5640919723099573
Logistic Reg,No SMOTE,0,0,4.5870115767240276e-05
Logistic Reg,No SMOTE,0,0,1.0544032607290283e-06
Logistic Reg,No SMOTE,0,0,0.03942726577233422
Logistic Reg,No SMOTE,0,0,9.867246867086472e-07
Logistic Reg,No SMOTE,0,0,7.044661302721243e-07
Logistic Reg,No SMOTE,0,0,0.0005143858777115047
Logistic Reg,No SMOTE,0,0,0.02671643725431925
Logistic Reg,No SMOTE,0,0,0.0009496769749591328
KNN,No SMOTE,0,0,0.0
KNN,No SMOTE,0,0,0.0
KNN,No SMOTE,0,0,0.0
KNN,No SMOTE,0,0,0.0
KNN,No SMOTE,0,0,0.0
KNN,No SMOTE,0,0,0.0
KNN,No SMOTE,0,0,0.0
KNN,No SMOTE,0,0,0.0
KNN,No SMOTE,0,0,0.0
KNN,No SMOTE,0,0,0.0
KNN,No SMOTE,0,0,0.0
KNN,No SMOTE,0,0,0.0
KNN,No SMOTE,0,0,0.0
KNN,No SMOTE,0,0,0.0
KNN,No SMOTE,0,0,0.0
KNN,No SMOTE,0,0,0.0
KNN,No SMOTE,0,0,0.0
KNN,No SMOTE,0,0,0.0
KNN,No SMOTE,0,0,0.0
KNN,No SMOTE,0,0,0.0
KNN,No SMOTE,0,0,0.0
KNN,No SMOTE,0,0,0.0
KNN,No SMOTE,0,0,0.0
KNN,No SMOTE,0,0,0.0
KNN,No SMOTE,0,0,0.0
KNN,No SMOTE,0,0,0.0
KNN,No SMOTE,0,0,0.0
KNN,No SMOTE,0,0,0.0
KNN,No SMOTE,0,0,0.0
KNN,No SMOTE,0,0,0.0
KNN,No SMOTE,0,0,0.0
KNN,No SMOTE,0,0,0.0
KNN,No SMOTE,0,0,0.0
KNN,No SMOTE,0,0,0.0
KNN,No SMOTE,0,0,0.0
KNN,No SMOTE,0,0,0.0
KNN,No SMOTE,0,0,0.0
KNN,No SMOTE,0,0,0.0
KNN,No SMOTE,0,0,0.0
KNN,No SMOTE,0,0,0.0
KNN,No SMOTE,0,0,0.0
KNN,No SMOTE,0,0,0.0
KNN,No SMOTE,0,0,0.0
KNN,No SMOTE,0,0,0.0
KNN,No SMOTE,0,0,0.0
KNN,No SMOTE,0,0,0.0
KNN,No SMOTE,0,0,0.0
KNN,No SMOTE,0,0,0.0
KNN,No SMOTE,0,0,0.0
KNN,No SMOTE,0,0,0.0
KNN,No SMOTE,0,0,0.0
KNN,No SMOTE,0,0,0.0
KNN,No SMOTE,0,0,0.0
KNN,No SMOTE,0,0,0.0
KNN,No SMOTE,0,0,0.0
KNN,No SMOTE,0,0,0.0
KNN,No SMOTE,0,0,0.0
KNN,No SMOTE,0,0,0.0
KNN,No SMOTE,0,0,0.0
KNN,No SMOTE,0,0,0.0
KNN,No SMOTE,0,0,0.0
KNN,No SMOTE,0,0,0.0
KNN,No SMOTE,0,0,0.0
KNN,No SMOTE,0,0,0.0
KNN,No SMOTE,0,0,0.0
KNN,No SMOTE,0,0,0.0
KNN,No SMOTE,0,0,0.0
KNN,No SMOTE,0,0,0.0
KNN,No SMOTE,0,0,0.0
KNN,No SMOTE,0,0,0.0
KNN,No SMOTE,0,0,0.0
KNN,No SMOTE,0,0,0.0
KNN,No SMOTE,0,0,0.0
KNN,No SMOTE,0,0,0.0
KNN,No SMOTE,0,0,0.0
KNN,No SMOTE,0,0,0.0
KNN,No SMOTE,0,0,0.0
KNN,No SMOTE,0,0,0.0
KNN,No SMOTE,0,0,0.0
KNN,No SMOTE,0,0,0.0
KNN,No SMOTE,0,0,0.0
KNN,No SMOTE,0,0,0.0
KNN,No SMOTE,0,0,0.0
KNN,No SMOTE,0,0,0.0
KNN,No SMOTE,0,0,0.0
KNN,No SMOTE,0,0,0.0
KNN,No SMOTE,0,0,0.0
KNN,No SMOTE,0,0,0.0
KNN,No SMOTE,0,0,0.0
KNN,No SMOTE,0,0,0.0
KNN,No SMOTE,0,0,0.0
KNN,No SMOTE,0,0,0.0
KNN,No SMOTE,0,0,0.0
KNN,No SMOTE,0,0,0.0
KNN,No SMOTE,0,0,0.0
KNN,No SMOTE,0,0,0.0
KNN,No SMOTE,0,0,0.0
KNN,No SMOTE,0,0,0.0
KNN,No SMOTE,0,0,0.0
KNN,No SMOTE,0,0,0.0
KNN,No SMOTE,0,0,0.0
KNN,No SMOTE,0,0,0.0
KNN,No SMOTE,0,0,0.0
KNN,No SMOTE,0,0,0.0
KNN,No SMOTE,0,0,0.0
KNN,No SMOTE,0,0,0.0
KNN,No SMOTE,0,0,0.0
KNN,No SMOTE,0,0,0.0
KNN,No SMOTE,0,0,0.0
KNN,No SMOTE,0,0,0.0
KNN,No SMOTE,0,0,0.0
KNN,No SMOTE,0,0,0.0
KNN,No SMOTE,0,0,0.0
KNN,No SMOTE,0,0,0.0
KNN,No SMOTE,0,0,0.0
KNN,No SMOTE,0,0,0.0
KNN,No SMOTE,0,0,0.0
KNN,No SMOTE,0,0,0.0
KNN,No SMOTE,0,0,0.0
KNN,No SMOTE,0,0,0.0
KNN,No SMOTE,0,0,0.0
KNN,No SMOTE,0,0,0.0
KNN,No SMOTE,0,0,0.0
KNN,No SMOTE,0,0,0.0
KNN,No SMOTE,0,0,0.0
KNN,No SMOTE,0,0,0.0
KNN,No SMOTE,0,0,0.0
KNN,No SMOTE,0,0,0.0
KNN,No SMOTE,0,0,0.0
KNN,No SMOTE,0,0,0.0
KNN,No SMOTE,0,0,0.0
KNN,No SMOTE,0,0,0.0
KNN,No SMOTE,0,0,0.0
KNN,No SMOTE,0,0,0.0
KNN,No SMOTE,0,0,0.0
KNN,No SMOTE,0,0,0.0
KNN,No SMOTE,0,0,0.0
KNN,No SMOTE,0,0,0.0
KNN,No SMOTE,0,0,0.0
KNN,No SMOTE,0,0,0.0
KNN,No SMOTE,0,0,0.0
KNN,No SMOTE,0,0,0.0
KNN,No SMOTE,0,0,0.0
KNN,No SMOTE,0,0,0.0
KNN,No SMOTE,0,0,0.0
KNN,No SMOTE,0,0,0.0
KNN,No SMOTE,0,0,0.0
KNN,No SMOTE,0,0,0.0
KNN,No SMOTE,0,0,0.0
KNN,No SMOTE,0,0,0.0
KNN,No SMOTE,0,0,0.0
KNN,No SMOTE,0,0,0.0
KNN,No SMOTE,0,0,0.0
KNN,No SMOTE,0,0,0.0
KNN,No SMOTE,0,0,0.0
KNN,No SMOTE,0,0,0.0
KNN,No SMOTE,0,0,0.0
KNN,No SMOTE,0,0,0.0
KNN,No SMOTE,0,0,0.0
KNN,No SMOTE,0,0,0.0
KNN,No SMOTE,0,0,0.0
KNN,No SMOTE,0,0,0.0
KNN,No SMOTE,0,0,0.0
KNN,No SMOTE,0,0,0.0
KNN,No SMOTE,0,0,0.0
KNN,No SMOTE,0,0,0.0
KNN,No SMOTE,0,0,0.0
KNN,No SMOTE,0,0,0.0
KNN,No SMOTE,0,0,0.0
KNN,No SMOTE,0,0,0.0
KNN,No SMOTE,0,0,0.0
KNN,No SMOTE,0,0,0.0
KNN,No SMOTE,0,0,0.0
KNN,No SMOTE,0,0,0.0
KNN,No SMOTE,0,0,0.0
KNN,No SMOTE,0,0,0.0
KNN,No SMOTE,0,0,0.0
KNN,No SMOTE,0,0,0.0
KNN,No SMOTE,0,0,0.0
KNN,No SMOTE,0,0,0.0
KNN,No SMOTE,0,0,0.0
KNN,No SMOTE,0,0,0.0
KNN,No SMOTE,0,0,0.0
KNN,No SMOTE,0,0,0.0
KNN,No SMOTE,0,0,0.0
KNN,No SMOTE,0,0,0.0
KNN,No SMOTE,0,0,0.0
KNN,No SMOTE,0,0,0.0
KNN,No SMOTE,0,0,0.0
KNN,No SMOTE,0,0,0.0
KNN,No SMOTE,0,0,0.0
KNN,No SMOTE,0,0,0.0
KNN,No SMOTE,0,0,0.0
KNN,No SMOTE,0,0,0.0
KNN,No SMOTE,0,0,0.0
KNN,No SMOTE,0,0,0.0
KNN,No SMOTE,0,0,0.0
KNN,No SMOTE,0,0,0.0
KNN,No SMOTE,0,0,0.0
KNN,No SMOTE,0,0,0.0
KNN,No SMOTE,0,0,0.0
KNN,No SMOTE,0,0,0.0
KNN,No SMOTE,0,0,0.0
KNN,No SMOTE,0,0,0.0
KNN,No SMOTE,0,0,0.0
KNN,No SMOTE,0,0,0.0
KNN,No SMOTE,0,0,0.0
KNN,No SMOTE,0,0,0.0
KNN,No SMOTE,0,0,0.0
KNN,No SMOTE,0,0,0.0
KNN,No SMOTE,0,0,0.0
KNN,No SMOTE,0,0,0.0
KNN,No SMOTE,0,0,0.0
KNN,No SMOTE,0,0,0.0
KNN,No SMOTE,0,0,0.0
KNN,No SMOTE,0,0,0.0
KNN,No SMOTE,0,0,0.0
KNN,No SMOTE,0,0,0.0
KNN,No SMOTE,0,0,0.0
KNN,No SMOTE,0,0,0.0
KNN,No SMOTE,0,0,0.0
KNN,No SMOTE,0,0,0.0
KNN,No SMOTE,0,0,0.0
KNN,No SMOTE,0,0,0.0
KNN,No SMOTE,0,0,0.0
KNN,No SMOTE,0,0,0.0
KNN,No SMOTE,0,0,0.0
KNN,No SMOTE,0,0,0.0
KNN,No SMOTE,0,0,0.0
KNN,No SMOTE,0,0,0.0
KNN,No SMOTE,0,0,0.0
KNN,No SMOTE,0,0,0.0
KNN,No SMOTE,0,0,0.0
KNN,No SMOTE,0,0,0.0
KNN,No SMOTE,0,0,0.0
KNN,No SMOTE,0,0,0.0
KNN,No SMOTE,0,0,0.0
KNN,No SMOTE,0,0,0.0
KNN,No SMOTE,0,0,0.0
KNN,No SMOTE,0,0,0.0
KNN,No SMOTE,0,0,0.0
KNN,No SMOTE,0,0,0.0
KNN,No SMOTE,0,0,0.0
KNN,No SMOTE,0,0,0.0
KNN,No SMOTE,0,0,0.0
KNN,No SMOTE,0,0,0.0
KNN,No SMOTE,0,0,0.0
KNN,No SMOTE,0,0,0.0
KNN,No SMOTE,0,0,0.0
KNN,No SMOTE,0,0,0.0
KNN,No SMOTE,0,0,0.0
KNN,No SMOTE,0,0,0.0
KNN,No SMOTE,0,0,0.0
KNN,No SMOTE,0,0,0.0
KNN,No SMOTE,0,0,0.0
KNN,No SMOTE,0,0,0.0
KNN,No SMOTE,0,0,0.0
KNN,No SMOTE,0,0,0.0
KNN,No SMOTE,0,0,0.0
KNN,No SMOTE,0,0,0.0
KNN,No SMOTE,0,0,0.0
KNN,No SMOTE,0,0,0.0
KNN,No SMOTE,0,0,0.0
KNN,No SMOTE,0,0,0.0
KNN,No SMOTE,0,0,0.0
KNN,No SMOTE,0,0,0.0
KNN,No SMOTE,0,0,0.0
KNN,No SMOTE,0,0,0.0
KNN,No SMOTE,0,0,0.0
KNN,No SMOTE,0,0,0.0
KNN,No SMOTE,0,0,0.0
KNN,No SMOTE,0,0,0.0
KNN,No SMOTE,0,0,0.0
KNN,No SMOTE,0,0,0.0
KNN,No SMOTE,0,0,0.0
KNN,No SMOTE,0,0,0.0
KNN,No SMOTE,0,0,0.0
KNN,No SMOTE,0,0,0.0
KNN,No SMOTE,0,0,0.0
KNN,No SMOTE,0,0,0.0
KNN,No SMOTE,0,0,0.0
KNN,No SMOTE,0,0,0.0
KNN,No SMOTE,0,0,0.0
KNN,No SMOTE,0,0,0.0
KNN,No SMOTE,0,0,0.0
KNN,No SMOTE,0,0,0.0
KNN,No SMOTE,0,0,0.0
KNN,No SMOTE,0,0,0.0
KNN,No SMOTE,0,0,0.0
KNN,No SMOTE,0,0,0.0
KNN,No SMOTE,0,0,0.0
KNN,No SMOTE,0,0,0.0
KNN,No SMOTE,0,0,0.0
KNN,No SMOTE,0,0,0.0
KNN,No SMOTE,0,0,0.0
KNN,No SMOTE,0,0,0.0
KNN,No SMOTE,0,0,0.0
KNN,No SMOTE,0,0,0.0
KNN,No SMOTE,0,0,0.0
KNN,No SMOTE,0,0,0.0
KNN,No SMOTE,0,0,0.0
KNN,No SMOTE,0,0,0.0
KNN,No SMOTE,0,0,0.0
KNN,No SMOTE,0,0,0.0
KNN,No SMOTE,0,0,0.0
KNN,No SMOTE,0,0,0.0
KNN,No SMOTE,0,0,0.0
KNN,No SMOTE,0,0,0.0
KNN,No SMOTE,0,0,0.0
KNN,No SMOTE,0,0,0.0
KNN,No SMOTE,0,0,0.0
KNN,No SMOTE,0,0,0.0
KNN,No SMOTE,0,0,0.0
KNN,No SMOTE,0,0,0.0
KNN,No SMOTE,0,0,0.0
KNN,No SMOTE,0,0,0.0
KNN,No SMOTE,0,0,0.0
KNN,No SMOTE,0,0,0.0
KNN,No SMOTE,0,0,0.0
KNN,No SMOTE,0,0,0.0
KNN,No SMOTE,0,0,0.0
KNN,No SMOTE,0,0,0.0
KNN,No SMOTE,0,0,0.0
KNN,No SMOTE,0,0,0.0
KNN,No SMOTE,0,0,0.0
KNN,No SMOTE,0,0,0.0
KNN,No SMOTE,0,0,0.0
KNN,No SMOTE,0,0,0.0
KNN,No SMOTE,0,0,0.0
KNN,No SMOTE,0,0,0.0
KNN,No SMOTE,0,0,0.0
KNN,No SMOTE,0,0,0.0
KNN,No SMOTE,0,0,0.0
KNN,No SMOTE,0,0,0.0
KNN,No SMOTE,0,0,0.0
KNN,No SMOTE,0,0,0.0
KNN,No SMOTE,0,0,0.0
KNN,No SMOTE,0,0,0.0
KNN,No SMOTE,0,0,0.0
KNN,No SMOTE,0,0,0.0
KNN,No SMOTE,0,0,0.0
KNN,No SMOTE,0,0,0.0
KNN,No SMOTE,0,0,0.0
KNN,No SMOTE,0,0,0.0
KNN,No SMOTE,0,0,0.0
KNN,No SMOTE,0,0,0.0
KNN,No SMOTE,0,0,0.0
KNN,No SMOTE,0,0,0.0
KNN,No SMOTE,0,0,0.0
KNN,No SMOTE,0,0,0.0
KNN,No SMOTE,0,0,0.0
KNN,No SMOTE,0,0,0.0
KNN,No SMOTE,0,0,0.0
KNN,No SMOTE,0,0,0.0
KNN,No SMOTE,0,0,0.0
KNN,No SMOTE,0,0,0.0
KNN,No SMOTE,0,0,0.0
KNN,No SMOTE,0,0,0.0
KNN,No SMOTE,0,0,0.0
KNN,No SMOTE,0,0,0.0
KNN,No SMOTE,0,0,0.0
KNN,No SMOTE,0,0,0.0
KNN,No SMOTE,0,0,0.0
KNN,No SMOTE,0,0,0.0
KNN,No SMOTE,0,0,0.0
KNN,No SMOTE,0,0,0.0
KNN,No SMOTE,0,0,0.0
KNN,No SMOTE,0,0,0.0
KNN,No SMOTE,0,0,0.0
KNN,No SMOTE,0,0,0.0
KNN,No SMOTE,0,0,0.0
KNN,No SMOTE,0,0,0.0
KNN,No SMOTE,0,0,0.0
KNN,No SMOTE,0,0,0.0
KNN,No SMOTE,0,0,0.0
KNN,No SMOTE,0,0,0.0
KNN,No SMOTE,0,0,0.0
KNN,No SMOTE,0,0,0.0
KNN,No SMOTE,0,0,0.0
KNN,No SMOTE,0,0,0.0
KNN,No SMOTE,0,0,0.0
KNN,No SMOTE,0,0,0.0
KNN,No SMOTE,0,0,0.0
KNN,No SMOTE,0,0,0.0
KNN,No SMOTE,0,0,0.0
KNN,No SMOTE,0,0,0.0
KNN,No SMOTE,0,0,0.0
KNN,No SMOTE,0,0,0.0
KNN,No SMOTE,0,0,0.0
KNN,No SMOTE,0,0,0.0
KNN,No SMOTE,0,0,0.0
KNN,No SMOTE,0,0,0.0
KNN,No SMOTE,0,0,0.0
KNN,No SMOTE,0,0,0.0
KNN,No SMOTE,0,0,0.2
KNN,No SMOTE,0,0,0.0
KNN,No SMOTE,0,0,0.0
KNN,No SMOTE,0,0,0.0
KNN,No SMOTE,0,0,0.0
KNN,No SMOTE,0,0,0.0
KNN,No SMOTE,0,0,0.0
KNN,No SMOTE,0,0,0.0
KNN,No SMOTE,0,0,0.0
KNN,No SMOTE,0,0,0.0
KNN,No SMOTE,0,0,0.0
KNN,No SMOTE,0,0,0.0
KNN,No SMOTE,0,0,0.0
KNN,No SMOTE,0,0,0.0
KNN,No SMOTE,0,0,0.0
KNN,No SMOTE,0,0,0.0
KNN,No SMOTE,0,0,0.0
KNN,No SMOTE,0,0,0.0
KNN,No SMOTE,0,0,0.0
KNN,No SMOTE,0,0,0.0
KNN,No SMOTE,0,0,0.0
KNN,No SMOTE,0,0,0.0
KNN,No SMOTE,0,0,0.0
KNN,No SMOTE,0,0,0.0
KNN,No SMOTE,0,0,0.0
KNN,No SMOTE,0,0,0.0
KNN,No SMOTE,0,0,0.0
KNN,No SMOTE,0,0,0.0
KNN,No SMOTE,0,0,0.0
KNN,No SMOTE,0,0,0.0
KNN,No SMOTE,0,0,0.0
KNN,No SMOTE,0,0,0.0
KNN,No SMOTE,0,0,0.0
KNN,No SMOTE,0,0,0.0
KNN,No SMOTE,0,0,0.0
KNN,No SMOTE,0,0,0.0
KNN,No SMOTE,0,0,0.0
KNN,No SMOTE,0,0,0.0
KNN,No SMOTE,0,0,0.0
KNN,No SMOTE,0,0,0.0
KNN,No SMOTE,0,0,0.0
KNN,No SMOTE,0,0,0.0
KNN,No SMOTE,0,0,0.0
KNN,No SMOTE,0,0,0.0
KNN,No SMOTE,0,0,0.0
KNN,No SMOTE,0,0,0.0
KNN,No SMOTE,0,0,0.0
KNN,No SMOTE,0,0,0.0
KNN,No SMOTE,0,0,0.0
KNN,No SMOTE,0,0,0.0
KNN,No SMOTE,0,0,0.0
KNN,No SMOTE,0,0,0.0
KNN,No SMOTE,0,0,0.0
KNN,No SMOTE,0,0,0.0
KNN,No SMOTE,0,0,0.0
KNN,No SMOTE,0,0,0.0
KNN,No SMOTE,0,0,0.0
KNN,No SMOTE,0,0,0.0
KNN,No SMOTE,0,0,0.0
KNN,No SMOTE,0,0,0.0
KNN,No SMOTE,0,0,0.0
KNN,No SMOTE,0,0,0.0
KNN,No SMOTE,0,0,0.0
KNN,No SMOTE,0,0,0.0
KNN,No SMOTE,0,0,0.0
KNN,No SMOTE,0,0,0.0
KNN,No SMOTE,0,0,0.0
KNN,No SMOTE,0,0,0.0
KNN,No SMOTE,0,0,0.0
KNN,No SMOTE,0,0,0.0
KNN,No SMOTE,0,0,0.0
KNN,No SMOTE,0,0,0.0
KNN,No SMOTE,0,0,0.0
KNN,No SMOTE,0,0,0.0
KNN,No SMOTE,0,0,0.0
KNN,No SMOTE,0,0,0.0
KNN,No SMOTE,0,0,0.0
KNN,No SMOTE,0,0,0.0
KNN,No SMOTE,0,0,0.0
KNN,No SMOTE,0,0,0.0
KNN,No SMOTE,0,0,0.0
KNN,No SMOTE,0,0,0.0
KNN,No SMOTE,0,0,0.0
KNN,No SMOTE,0,0,0.0
KNN,No SMOTE,0,0,0.0
KNN,No SMOTE,0,0,0.0
KNN,No SMOTE,0,0,0.0
KNN,No SMOTE,0,0,0.0
KNN,No SMOTE,0,0,0.0
KNN,No SMOTE,0,0,0.0
KNN,No SMOTE,0,0,0.0
KNN,No SMOTE,0,0,0.0
KNN,No SMOTE,0,0,0.0
KNN,No SMOTE,0,0,0.0
KNN,No SMOTE,0,0,0.0
KNN,No SMOTE,0,0,0.0
KNN,No SMOTE,0,0,0.0
KNN,No SMOTE,0,0,0.0
KNN,No SMOTE,0,0,0.0
KNN,No SMOTE,0,0,0.0
KNN,No SMOTE,0,0,0.0
KNN,No SMOTE,0,0,0.0
KNN,No SMOTE,0,0,0.0
KNN,No SMOTE,0,0,0.0
KNN,No SMOTE,0,0,0.0
KNN,No SMOTE,0,0,0.0
KNN,No SMOTE,0,0,0.0
KNN,No SMOTE,0,0,0.0
KNN,No SMOTE,0,0,0.0
KNN,No SMOTE,0,0,0.0
KNN,No SMOTE,0,0,0.0
KNN,No SMOTE,0,0,0.0
KNN,No SMOTE,0,0,0.0
KNN,No SMOTE,0,0,0.0
KNN,No SMOTE,0,0,0.0
KNN,No SMOTE,0,0,0.0
KNN,No SMOTE,0,0,0.0
KNN,No SMOTE,0,0,0.0
KNN,No SMOTE,0,0,0.0
KNN,No SMOTE,0,0,0.0
KNN,No SMOTE,0,0,0.0
KNN,No SMOTE,0,0,0.0
KNN,No SMOTE,0,0,0.0
KNN,No SMOTE,0,0,0.0
KNN,No SMOTE,0,0,0.0
KNN,No SMOTE,0,0,0.0
KNN,No SMOTE,0,0,0.0
KNN,No SMOTE,0,0,0.0
KNN,No SMOTE,0,0,0.0
KNN,No SMOTE,0,0,0.0
KNN,No SMOTE,0,0,0.0
KNN,No SMOTE,0,0,0.0
KNN,No SMOTE,0,0,0.0
KNN,No SMOTE,0,0,0.0
KNN,No SMOTE,0,0,0.0
KNN,No SMOTE,0,0,0.0
KNN,No SMOTE,0,0,0.0
KNN,No SMOTE,0,0,0.0
KNN,No SMOTE,0,0,0.0
KNN,No SMOTE,0,0,0.0
KNN,No SMOTE,0,0,0.0
KNN,No SMOTE,0,0,0.0
KNN,No SMOTE,0,0,0.0
KNN,No SMOTE,0,0,0.0
KNN,No SMOTE,0,0,0.0
KNN,No SMOTE,0,0,0.0
KNN,No SMOTE,0,0,0.0
KNN,No SMOTE,0,0,0.0
KNN,No SMOTE,0,0,0.0
KNN,No SMOTE,0,0,0.0
KNN,No SMOTE,0,0,0.0
KNN,No SMOTE,0,0,0.0
KNN,No SMOTE,0,0,0.0
KNN,No SMOTE,0,0,0.0
KNN,No SMOTE,0,0,0.0
KNN,No SMOTE,0,0,0.0
KNN,No SMOTE,0,0,0.0
KNN,No SMOTE,0,0,0.0
KNN,No SMOTE,0,0,0.0
KNN,No SMOTE,0,0,0.0
KNN,No SMOTE,0,0,0.0
KNN,No SMOTE,0,0,0.0
KNN,No SMOTE,0,0,0.0
KNN,No SMOTE,0,0,0.0
KNN,No SMOTE,0,0,0.0
KNN,No SMOTE,0,0,0.0
KNN,No SMOTE,0,0,0.0
KNN,No SMOTE,0,0,0.0
KNN,No SMOTE,0,0,0.0
KNN,No SMOTE,0,0,0.0
KNN,No SMOTE,0,0,0.0
KNN,No SMOTE,0,0,0.0
KNN,No SMOTE,0,0,0.0
KNN,No SMOTE,0,0,0.0
KNN,No SMOTE,0,0,0.0
KNN,No SMOTE,0,0,0.0
KNN,No SMOTE,0,0,0.0
KNN,No SMOTE,0,0,0.0
KNN,No SMOTE,0,0,0.0
KNN,No SMOTE,0,0,0.0
KNN,No SMOTE,0,0,0.0
KNN,No SMOTE,0,0,0.0
KNN,No SMOTE,0,0,0.0
KNN,No SMOTE,0,0,0.0
KNN,No SMOTE,0,0,0.0
KNN,No SMOTE,0,0,0.0
KNN,No SMOTE,0,0,0.0
KNN,No SMOTE,0,0,0.0
KNN,No SMOTE,0,0,0.0
KNN,No SMOTE,0,0,0.0
KNN,No SMOTE,0,0,0.0
KNN,No SMOTE,0,0,0.0
KNN,No SMOTE,0,0,0.0
KNN,No SMOTE,0,0,0.0
KNN,No SMOTE,0,0,0.0
KNN,No SMOTE,0,0,0.0
KNN,No SMOTE,0,0,0.0
KNN,No SMOTE,0,0,0.0
KNN,No SMOTE,0,0,0.0
KNN,No SMOTE,0,0,0.0
KNN,No SMOTE,0,0,0.0
KNN,No SMOTE,0,0,0.0
KNN,No SMOTE,0,0,0.0
KNN,No SMOTE,0,0,0.0
KNN,No SMOTE,0,0,0.0
KNN,No SMOTE,0,0,0.0
KNN,No SMOTE,0,0,0.0
KNN,No SMOTE,0,0,0.0
KNN,No SMOTE,0,0,0.0
KNN,No SMOTE,0,0,0.0
KNN,No SMOTE,0,0,0.0
KNN,No SMOTE,0,0,0.0
KNN,No SMOTE,0,0,0.0
KNN,No SMOTE,0,0,0.0
KNN,No SMOTE,0,0,0.0
KNN,No SMOTE,0,0,0.0
KNN,No SMOTE,0,0,0.0
KNN,No SMOTE,0,0,0.0
KNN,No SMOTE,0,0,0.0
KNN,No SMOTE,0,0,0.0
KNN,No SMOTE,0,0,0.0
KNN,No SMOTE,0,0,0.0
KNN,No SMOTE,0,0,0.2
KNN,No SMOTE,0,0,0.0
KNN,No SMOTE,0,0,0.0
KNN,No SMOTE,0,0,0.0
KNN,No SMOTE,0,0,0.0
KNN,No SMOTE,0,0,0.0
KNN,No SMOTE,0,0,0.0
KNN,No SMOTE,0,0,0.0
KNN,No SMOTE,0,0,0.0
KNN,No SMOTE,0,0,0.0
KNN,No SMOTE,0,0,0.0
KNN,No SMOTE,0,0,0.0
KNN,No SMOTE,0,0,0.0
KNN,No SMOTE,0,0,0.0
KNN,No SMOTE,0,0,0.0
KNN,No SMOTE,0,0,0.0
KNN,No SMOTE,0,0,0.0
KNN,No SMOTE,0,0,0.0
KNN,No SMOTE,0,0,0.0
KNN,No SMOTE,0,0,0.0
KNN,No SMOTE,0,0,0.0
KNN,No SMOTE,0,0,0.0
KNN,No SMOTE,0,0,0.0
KNN,No SMOTE,0,0,0.0
KNN,No SMOTE,0,0,0.0
KNN,No SMOTE,0,0,0.0
KNN,No SMOTE,0,0,0.0
KNN,No SMOTE,0,0,0.0
KNN,No SMOTE,0,0,0.0
KNN,No SMOTE,0,0,0.0
KNN,No SMOTE,0,0,0.0
KNN,No SMOTE,0,0,0.0
KNN,No SMOTE,0,0,0.0
KNN,No SMOTE,0,0,0.0
KNN,No SMOTE,0,0,0.0
KNN,No SMOTE,0,0,0.0
KNN,No SMOTE,0,0,0.0
KNN,No SMOTE,0,0,0.0
KNN,No SMOTE,0,0,0.0
KNN,No SMOTE,0,0,0.0
KNN,No SMOTE,0,0,0.0
KNN,No SMOTE,0,0,0.0
KNN,No SMOTE,0,0,0.0
KNN,No SMOTE,0,0,0.0
KNN,No SMOTE,0,0,0.0
KNN,No SMOTE,0,0,0.0
KNN,No SMOTE,0,0,0.0
KNN,No SMOTE,0,0,0.0
KNN,No SMOTE,0,0,0.0
KNN,No SMOTE,0,0,0.0
KNN,No SMOTE,0,0,0.0
KNN,No SMOTE,0,0,0.0
KNN,No SMOTE,0,0,0.0
KNN,No SMOTE,0,0,0.0
KNN,No SMOTE,0,0,0.0
KNN,No SMOTE,0,0,0.0
KNN,No SMOTE,0,0,0.0
KNN,No SMOTE,0,0,0.0
KNN,No SMOTE,0,0,0.0
KNN,No SMOTE,0,0,0.0
KNN,No SMOTE,0,0,0.0
KNN,No SMOTE,0,0,0.0
KNN,No SMOTE,0,0,0.0
KNN,No SMOTE,0,0,0.0
KNN,No SMOTE,0,0,0.0
KNN,No SMOTE,0,0,0.0
KNN,No SMOTE,0,0,0.0
KNN,No SMOTE,0,0,0.0
KNN,No SMOTE,0,0,0.0
KNN,No SMOTE,0,0,0.0
KNN,No SMOTE,0,0,0.0
KNN,No SMOTE,0,0,0.0
KNN,No SMOTE,0,0,0.0
KNN,No SMOTE,0,0,0.0
KNN,No SMOTE,0,0,0.0
KNN,No SMOTE,0,0,0.0
KNN,No SMOTE,0,0,0.0
KNN,No SMOTE,0,0,0.0
KNN,No SMOTE,0,0,0.0
KNN,No SMOTE,0,0,0.0
KNN,No SMOTE,0,0,0.0
KNN,No SMOTE,0,0,0.0
KNN,No SMOTE,0,0,0.0
KNN,No SMOTE,0,0,0.0
KNN,No SMOTE,0,0,0.0
KNN,No SMOTE,0,0,0.0
KNN,No SMOTE,0,0,0.0
KNN,No SMOTE,0,0,0.0
KNN,No SMOTE,0,0,0.0
KNN,No SMOTE,0,0,0.0
KNN,No SMOTE,0,0,0.0
KNN,No SMOTE,0,0,0.0
KNN,No SMOTE,0,0,0.0
KNN,No SMOTE,0,0,0.0
KNN,No SMOTE,0,0,0.0
KNN,No SMOTE,0,0,0.0
KNN,No SMOTE,0,0,0.0
KNN,No SMOTE,0,0,0.0
KNN,No SMOTE,0,0,0.0
KNN,No SMOTE,0,0,0.0
KNN,No SMOTE,0,0,0.0
KNN,No SMOTE,0,0,0.0
KNN,No SMOTE,0,0,0.0
KNN,No SMOTE,0,0,0.0
KNN,No SMOTE,0,0,0.0
KNN,No SMOTE,0,0,0.0
KNN,No SMOTE,0,0,0.0
KNN,No SMOTE,0,0,0.0
KNN,No SMOTE,0,0,0.0
KNN,No SMOTE,0,0,0.0
KNN,No SMOTE,0,0,0.0
KNN,No SMOTE,0,0,0.0
KNN,No SMOTE,0,0,0.0
KNN,No SMOTE,0,0,0.0
KNN,No SMOTE,0,0,0.0
KNN,No SMOTE,0,0,0.0
KNN,No SMOTE,0,0,0.0
KNN,No SMOTE,0,0,0.0
KNN,No SMOTE,0,0,0.0
KNN,No SMOTE,0,0,0.0
KNN,No SMOTE,0,0,0.0
KNN,No SMOTE,0,0,0.0
KNN,No SMOTE,0,0,0.0
KNN,No SMOTE,0,0,0.0
KNN,No SMOTE,0,0,0.0
KNN,No SMOTE,0,0,0.0
KNN,No SMOTE,0,0,0.0
KNN,No SMOTE,0,0,0.0
KNN,No SMOTE,0,0,0.0
KNN,No SMOTE,0,0,0.0
KNN,No SMOTE,0,0,0.0
KNN,No SMOTE,0,0,0.0
KNN,No SMOTE,0,0,0.0
KNN,No SMOTE,0,0,0.0
KNN,No SMOTE,0,0,0.0
KNN,No SMOTE,0,0,0.0
KNN,No SMOTE,0,0,0.0
KNN,No SMOTE,0,0,0.0
KNN,No SMOTE,0,0,0.0
KNN,No SMOTE,0,0,0.0
KNN,No SMOTE,0,0,0.0
KNN,No SMOTE,0,0,0.0
KNN,No SMOTE,0,0,0.0
KNN,No SMOTE,0,0,0.0
KNN,No SMOTE,0,0,0.0
KNN,No SMOTE,0,0,0.0
KNN,No SMOTE,0,0,0.0
KNN,No SMOTE,0,0,0.0
KNN,No SMOTE,0,0,0.0
KNN,No SMOTE,0,0,0.0
KNN,No SMOTE,0,0,0.0
KNN,No SMOTE,0,0,0.0
KNN,No SMOTE,0,0,0.0
KNN,No SMOTE,0,0,0.0
KNN,No SMOTE,0,0,0.0
KNN,No SMOTE,0,0,0.0
KNN,No SMOTE,0,0,0.0
KNN,No SMOTE,0,0,0.0
KNN,No SMOTE,0,0,0.0
KNN,No SMOTE,0,0,0.0
KNN,No SMOTE,0,0,0.0
KNN,No SMOTE,0,0,0.0
KNN,No SMOTE,0,0,0.0
KNN,No SMOTE,0,0,0.0
KNN,No SMOTE,0,0,0.0
KNN,No SMOTE,0,0,0.0
KNN,No SMOTE,0,0,0.0
KNN,No SMOTE,0,0,0.0
KNN,No SMOTE,0,0,0.0
KNN,No SMOTE,0,0,0.0
KNN,No SMOTE,0,0,0.0
KNN,No SMOTE,0,0,0.0
KNN,No SMOTE,0,0,0.0
KNN,No SMOTE,0,0,0.0
KNN,No SMOTE,0,0,0.0
KNN,No SMOTE,0,0,0.0
KNN,No SMOTE,0,0,0.0
KNN,No SMOTE,0,0,0.0
KNN,No SMOTE,0,0,0.0
KNN,No SMOTE,0,0,0.0
KNN,No SMOTE,0,0,0.0
KNN,No SMOTE,0,0,0.0
KNN,No SMOTE,0,0,0.0
KNN,No SMOTE,0,0,0.0
KNN,No SMOTE,0,0,0.0
KNN,No SMOTE,0,0,0.0
KNN,No SMOTE,0,0,0.0
KNN,No SMOTE,0,0,0.0
KNN,No SMOTE,0,0,0.0
KNN,No SMOTE,0,0,0.0
KNN,No SMOTE,0,0,0.0
KNN,No SMOTE,0,0,0.0
KNN,No SMOTE,0,0,0.0
KNN,No SMOTE,0,0,0.0
KNN,No SMOTE,0,0,0.0
KNN,No SMOTE,0,0,0.0
KNN,No SMOTE,0,0,0.0
KNN,No SMOTE,0,0,0.0
KNN,No SMOTE,0,0,0.0
KNN,No SMOTE,0,0,0.0
KNN,No SMOTE,0,0,0.0
KNN,No SMOTE,0,0,0.0
KNN,No SMOTE,0,0,0.0
KNN,No SMOTE,0,0,0.0
KNN,No SMOTE,0,0,0.0
KNN,No SMOTE,0,0,0.0
KNN,No SMOTE,0,0,0.0
KNN,No SMOTE,0,0,0.0
KNN,No SMOTE,0,0,0.0
KNN,No SMOTE,0,0,0.0
KNN,No SMOTE,0,0,0.0
KNN,No SMOTE,0,0,0.0
KNN,No SMOTE,0,0,0.0
KNN,No SMOTE,0,0,0.0
KNN,No SMOTE,0,0,0.0
KNN,No SMOTE,0,0,0.0
KNN,No SMOTE,0,0,0.0
KNN,No SMOTE,0,0,0.0
KNN,No SMOTE,0,0,0.0
KNN,No SMOTE,0,0,0.0
KNN,No SMOTE,0,0,0.0
KNN,No SMOTE,0,0,0.0
KNN,No SMOTE,0,0,0.0
KNN,No SMOTE,0,0,0.0
KNN,No SMOTE,0,0,0.0
KNN,No SMOTE,0,0,0.0
KNN,No SMOTE,0,0,0.0
KNN,No SMOTE,0,0,0.0
KNN,No SMOTE,0,0,0.0
KNN,No SMOTE,0,0,0.0
KNN,No SMOTE,0,0,0.0
KNN,No SMOTE,0,0,0.0
KNN,No SMOTE,0,0,0.0
KNN,No SMOTE,0,0,0.0
KNN,No SMOTE,0,0,0.0
KNN,No SMOTE,0,0,0.0
KNN,No SMOTE,0,0,0.0
KNN,No SMOTE,0,0,0.0
KNN,No SMOTE,0,0,0.0
KNN,No SMOTE,0,0,0.0
KNN,No SMOTE,0,0,0.0
KNN,No SMOTE,0,0,0.0
KNN,No SMOTE,0,0,0.0
KNN,No SMOTE,0,0,0.0
KNN,No SMOTE,0,0,0.0
KNN,No SMOTE,0,0,0.0
KNN,No SMOTE,0,0,0.0
KNN,No SMOTE,0,0,0.0
KNN,No SMOTE,0,0,0.0
KNN,No SMOTE,0,0,0.0
KNN,No SMOTE,0,0,0.0
KNN,No SMOTE,0,0,0.0
KNN,No SMOTE,0,0,0.0
KNN,No SMOTE,0,0,0.0
KNN,No SMOTE,0,0,0.0
KNN,No SMOTE,0,0,0.0
KNN,No SMOTE,0,0,0.0
KNN,No SMOTE,0,0,0.0
KNN,No SMOTE,0,0,0.0
KNN,No SMOTE,0,0,0.0
KNN,No SMOTE,0,0,0.0
KNN,No SMOTE,0,0,0.0
KNN,No SMOTE,0,0,0.0
KNN,No SMOTE,0,0,0.0
KNN,No SMOTE,0,0,0.0
KNN,No SMOTE,0,0,0.0
KNN,No SMOTE,0,0,0.0
KNN,No SMOTE,0,0,0.0
KNN,No SMOTE,0,0,0.0
KNN,No SMOTE,0,0,0.0
KNN,No SMOTE,0,0,0.0
KNN,No SMOTE,0,0,0.0
KNN,No SMOTE,0,0,0.0
KNN,No SMOTE,0,0,0.0
KNN,No SMOTE,0,0,0.0
KNN,No SMOTE,0,0,0.0
KNN,No SMOTE,0,0,0.0
KNN,No SMOTE,0,0,0.0
KNN,No SMOTE,0,0,0.0
KNN,No SMOTE,0,0,0.0
KNN,No SMOTE,0,0,0.0
KNN,No SMOTE,0,0,0.0
KNN,No SMOTE,0,0,0.0
KNN,No SMOTE,0,0,0.0
KNN,No SMOTE,0,0,0.0
KNN,No SMOTE,0,0,0.0
KNN,No SMOTE,0,0,0.0
KNN,No SMOTE,0,0,0.0
KNN,No SMOTE,0,0,0.0
KNN,No SMOTE,0,0,0.0
KNN,No SMOTE,0,0,0.0
KNN,No SMOTE,0,0,0.0
KNN,No SMOTE,0,0,0.0
KNN,No SMOTE,0,0,0.0
KNN,No SMOTE,0,0,0.0
KNN,No SMOTE,0,0,0.0
KNN,No SMOTE,0,0,0.0
KNN,No SMOTE,0,0,0.0
KNN,No SMOTE,0,0,0.0
KNN,No SMOTE,0,0,0.0
KNN,No SMOTE,0,0,0.0
KNN,No SMOTE,0,0,0.0
KNN,No SMOTE,0,0,0.0
KNN,No SMOTE,0,0,0.0
KNN,No SMOTE,0,0,0.0
KNN,No SMOTE,0,0,0.0
KNN,No SMOTE,0,0,0.0
KNN,No SMOTE,0,0,0.0
KNN,No SMOTE,0,0,0.0
KNN,No SMOTE,0,0,0.0
KNN,No SMOTE,0,0,0.0
KNN,No SMOTE,0,0,0.0
KNN,No SMOTE,0,0,0.0
KNN,No SMOTE,0,0,0.0
KNN,No SMOTE,0,0,0.0
KNN,No SMOTE,0,0,0.0
KNN,No SMOTE,0,0,0.0
KNN,No SMOTE,0,0,0.0
KNN,No SMOTE,0,0,0.0
KNN,No SMOTE,0,0,0.0
KNN,No SMOTE,0,0,0.0
KNN,No SMOTE,0,0,0.0
KNN,No SMOTE,0,0,0.0
KNN,No SMOTE,0,0,0.0
KNN,No SMOTE,0,0,0.0
KNN,No SMOTE,0,0,0.0
KNN,No SMOTE,0,0,0.0
KNN,No SMOTE,0,0,0.0
KNN,No SMOTE,0,0,0.0
KNN,No SMOTE,0,0,0.0
KNN,No SMOTE,0,0,0.0
KNN,No SMOTE,0,0,0.0
KNN,No SMOTE,0,0,0.0
KNN,No SMOTE,0,0,0.0
KNN,No SMOTE,0,0,0.0
KNN,No SMOTE,0,0,0.0
KNN,No SMOTE,0,0,0.0
KNN,No SMOTE,0,0,0.0
KNN,No SMOTE,0,0,0.0
KNN,No SMOTE,0,0,0.0
KNN,No SMOTE,0,0,0.0
KNN,No SMOTE,0,0,0.0
KNN,No SMOTE,0,0,0.0
KNN,No SMOTE,0,0,0.0
KNN,No SMOTE,0,0,0.0
KNN,No SMOTE,0,0,0.0
KNN,No SMOTE,0,0,0.0
KNN,No SMOTE,0,0,0.0
KNN,No SMOTE,0,0,0.0
KNN,No SMOTE,0,0,0.0
KNN,No SMOTE,0,0,0.0
KNN,No SMOTE,0,0,0.0
KNN,No SMOTE,0,0,0.0
KNN,No SMOTE,0,0,0.0
KNN,No SMOTE,0,0,0.0
KNN,No SMOTE,0,0,0.0
KNN,No SMOTE,0,0,0.0
KNN,No SMOTE,0,0,0.0
KNN,No SMOTE,0,0,0.0
KNN,No SMOTE,0,0,0.0
KNN,No SMOTE,0,0,0.0
KNN,No SMOTE,0,0,0.0
KNN,No SMOTE,0,0,0.0
KNN,No SMOTE,0,0,0.0
KNN,No SMOTE,0,0,0.0
KNN,No SMOTE,0,0,0.0
KNN,No SMOTE,0,0,0.0
KNN,No SMOTE,0,0,0.0
KNN,No SMOTE,0,0,0.0
KNN,No SMOTE,0,0,0.0
KNN,No SMOTE,0,0,0.0
KNN,No SMOTE,0,0,0.0
KNN,No SMOTE,0,0,0.0
KNN,No SMOTE,0,0,0.0
KNN,No SMOTE,0,0,0.0
KNN,No SMOTE,0,0,0.0
KNN,No SMOTE,0,0,0.0
KNN,No SMOTE,0,0,0.0
KNN,No SMOTE,0,0,0.0
KNN,No SMOTE,0,0,0.0
KNN,No SMOTE,0,0,0.0
KNN,No SMOTE,0,0,0.0
KNN,No SMOTE,0,0,0.0
KNN,No SMOTE,0,0,0.0
KNN,No SMOTE,0,0,0.0
KNN,No SMOTE,0,0,0.0
KNN,No SMOTE,0,0,0.0
KNN,No SMOTE,0,0,0.0
KNN,No SMOTE,0,0,0.0
KNN,No SMOTE,0,0,0.0
KNN,No SMOTE,0,0,0.0
KNN,No SMOTE,0,0,0.0
KNN,No SMOTE,0,0,0.0
KNN,No SMOTE,0,0,0.0
KNN,No SMOTE,0,0,0.0
KNN,No SMOTE,0,0,0.0
KNN,No SMOTE,0,0,0.0
KNN,No SMOTE,0,0,0.0
KNN,No SMOTE,0,0,0.2
KNN,No SMOTE,0,0,0.0
KNN,No SMOTE,0,0,0.0
KNN,No SMOTE,0,0,0.0
KNN,No SMOTE,0,0,0.0
KNN,No SMOTE,0,0,0.0
KNN,No SMOTE,0,0,0.0
KNN,No SMOTE,0,0,0.0
KNN,No SMOTE,0,0,0.0
KNN,No SMOTE,0,0,0.0
KNN,No SMOTE,0,0,0.0
KNN,No SMOTE,0,0,0.0
KNN,No SMOTE,0,0,0.0
KNN,No SMOTE,0,0,0.0
KNN,No SMOTE,0,0,0.0
KNN,No SMOTE,0,0,0.0
KNN,No SMOTE,0,0,0.0
KNN,No SMOTE,0,0,0.0
KNN,No SMOTE,0,0,0.0
KNN,No SMOTE,0,0,0.0
KNN,No SMOTE,0,0,0.0
KNN,No SMOTE,0,0,0.0
KNN,No SMOTE,0,0,0.0
KNN,No SMOTE,0,0,0.0
KNN,No SMOTE,0,0,0.0
KNN,No SMOTE,0,0,0.0
KNN,No SMOTE,0,0,0.0
KNN,No SMOTE,0,0,0.0
KNN,No SMOTE,0,0,0.0
KNN,No SMOTE,0,0,0.0
KNN,No SMOTE,0,0,0.0
KNN,No SMOTE,0,0,0.0
KNN,No SMOTE,0,0,0.0
KNN,No SMOTE,0,0,0.0
KNN,No SMOTE,0,0,0.0
KNN,No SMOTE,0,0,0.0
KNN,No SMOTE,0,0,0.0
KNN,No SMOTE,0,0,0.0
KNN,No SMOTE,0,0,0.0
KNN,No SMOTE,0,0,0.0
KNN,No SMOTE,0,0,0.0
KNN,No SMOTE,0,0,0.0
KNN,No SMOTE,0,0,0.0
KNN,No SMOTE,0,0,0.0
KNN,No SMOTE,0,0,0.0
KNN,No SMOTE,0,0,0.0
KNN,No SMOTE,0,0,0.0
KNN,No SMOTE,0,0,0.0
KNN,No SMOTE,0,0,0.0
KNN,No SMOTE,0,0,0.0
KNN,No SMOTE,0,0,0.0
KNN,No SMOTE,0,0,0.0
KNN,No SMOTE,0,0,0.0
KNN,No SMOTE,0,0,0.0
KNN,No SMOTE,0,0,0.0
KNN,No SMOTE,0,0,0.0
KNN,No SMOTE,0,0,0.0
KNN,No SMOTE,0,0,0.0
KNN,No SMOTE,0,0,0.0
KNN,No SMOTE,0,0,0.0
KNN,No SMOTE,0,0,0.0
KNN,No SMOTE,0,0,0.0
KNN,No SMOTE,0,0,0.0
KNN,No SMOTE,0,0,0.0
KNN,No SMOTE,0,0,0.0
KNN,No SMOTE,0,0,0.0
KNN,No SMOTE,0,0,0.0
KNN,No SMOTE,0,0,0.0
KNN,No SMOTE,0,0,0.0
KNN,No SMOTE,0,0,0.0
KNN,No SMOTE,0,0,0.0
KNN,No SMOTE,0,0,0.0
KNN,No SMOTE,0,0,0.0
KNN,No SMOTE,0,0,0.0
KNN,No SMOTE,0,0,0.0
KNN,No SMOTE,0,0,0.0
KNN,No SMOTE,0,0,0.0
KNN,No SMOTE,0,0,0.0
KNN,No SMOTE,0,0,0.0
KNN,No SMOTE,0,0,0.0
KNN,No SMOTE,0,0,0.0
KNN,No SMOTE,0,0,0.0
KNN,No SMOTE,0,0,0.0
KNN,No SMOTE,0,0,0.0
KNN,No SMOTE,0,0,0.0
KNN,No SMOTE,0,0,0.0
KNN,No SMOTE,0,0,0.0
KNN,No SMOTE,0,0,0.0
KNN,No SMOTE,0,0,0.0
KNN,No SMOTE,0,0,0.0
KNN,No SMOTE,0,0,0.0
KNN,No SMOTE,0,0,0.0
KNN,No SMOTE,0,0,0.0
KNN,No SMOTE,0,0,0.0
KNN,No SMOTE,0,0,0.0
KNN,No SMOTE,0,0,0.0
KNN,No SMOTE,0,0,0.0
KNN,No SMOTE,0,0,0.0
KNN,No SMOTE,0,0,0.0
KNN,No SMOTE,0,0,0.0
KNN,No SMOTE,0,0,0.0
KNN,No SMOTE,0,0,0.0
KNN,No SMOTE,0,0,0.0
KNN,No SMOTE,0,0,0.0
KNN,No SMOTE,0,0,0.0
KNN,No SMOTE,0,0,0.0
KNN,No SMOTE,0,0,0.0
KNN,No SMOTE,0,0,0.0
KNN,No SMOTE,0,0,0.0
KNN,No SMOTE,0,0,0.0
KNN,No SMOTE,0,0,0.0
KNN,No SMOTE,0,0,0.0
KNN,No SMOTE,0,0,0.0
KNN,No SMOTE,0,0,0.0
KNN,No SMOTE,0,0,0.0
KNN,No SMOTE,0,0,0.0
KNN,No SMOTE,0,0,0.0
KNN,No SMOTE,0,0,0.0
KNN,No SMOTE,0,0,0.0
KNN,No SMOTE,0,0,0.0
KNN,No SMOTE,0,0,0.0
KNN,No SMOTE,0,0,0.0
KNN,No SMOTE,0,0,0.0
KNN,No SMOTE,0,0,0.0
KNN,No SMOTE,0,0,0.0
KNN,No SMOTE,0,0,0.0
KNN,No SMOTE,0,0,0.0
KNN,No SMOTE,0,0,0.0
KNN,No SMOTE,0,0,0.0
KNN,No SMOTE,0,0,0.0
KNN,No SMOTE,0,0,0.0
KNN,No SMOTE,0,0,0.0
KNN,No SMOTE,0,0,0.0
KNN,No SMOTE,0,0,0.0
KNN,No SMOTE,0,0,0.0
KNN,No SMOTE,0,0,0.0
KNN,No SMOTE,0,0,0.0
KNN,No SMOTE,0,0,0.0
KNN,No SMOTE,0,0,0.0
KNN,No SMOTE,0,0,0.0
KNN,No SMOTE,0,0,0.0
KNN,No SMOTE,0,0,0.0
KNN,No SMOTE,0,0,0.0
KNN,No SMOTE,0,0,0.0
KNN,No SMOTE,0,0,0.0
KNN,No SMOTE,0,0,0.0
KNN,No SMOTE,0,0,0.0
KNN,No SMOTE,0,0,0.0
KNN,No SMOTE,0,0,0.0
KNN,No SMOTE,0,0,0.0
KNN,No SMOTE,0,0,0.0
KNN,No SMOTE,0,0,0.0
KNN,No SMOTE,0,0,0.0
KNN,No SMOTE,0,0,0.0
KNN,No SMOTE,0,0,0.0
KNN,No SMOTE,0,0,0.0
KNN,No SMOTE,0,0,0.0
KNN,No SMOTE,0,0,0.0
KNN,No SMOTE,0,0,0.0
KNN,No SMOTE,0,0,0.0
KNN,No SMOTE,0,0,0.0
KNN,No SMOTE,0,0,0.0
KNN,No SMOTE,0,0,0.0
KNN,No SMOTE,0,0,0.0
KNN,No SMOTE,0,0,0.0
KNN,No SMOTE,0,0,0.0
KNN,No SMOTE,0,0,0.0
KNN,No SMOTE,0,0,0.0
KNN,No SMOTE,0,0,0.0
KNN,No SMOTE,0,0,0.0
KNN,No SMOTE,0,0,0.0
KNN,No SMOTE,0,0,0.0
KNN,No SMOTE,0,0,0.0
KNN,No SMOTE,0,0,0.0
KNN,No SMOTE,0,0,0.0
KNN,No SMOTE,0,0,0.0
KNN,No SMOTE,0,0,0.0
KNN,No SMOTE,0,0,0.0
KNN,No SMOTE,0,0,0.0
KNN,No SMOTE,0,0,0.0
KNN,No SMOTE,0,0,0.0
KNN,No SMOTE,0,0,0.0
KNN,No SMOTE,0,0,0.0
KNN,No SMOTE,0,0,0.0
KNN,No SMOTE,0,0,0.0
KNN,No SMOTE,0,0,0.0
KNN,No SMOTE,0,0,0.0
KNN,No SMOTE,1,1,1.0
KNN,No SMOTE,0,0,0.0
KNN,No SMOTE,0,0,0.0
KNN,No SMOTE,0,0,0.0
KNN,No SMOTE,0,0,0.0
KNN,No SMOTE,0,0,0.0
KNN,No SMOTE,0,0,0.0
KNN,No SMOTE,0,0,0.2
KNN,No SMOTE,0,0,0.0
KNN,No SMOTE,0,0,0.0
KNN,No SMOTE,0,0,0.0
KNN,No SMOTE,0,0,0.0
KNN,No SMOTE,0,0,0.0
KNN,No SMOTE,0,0,0.0
KNN,No SMOTE,0,0,0.0
KNN,No SMOTE,0,0,0.0
KNN,No SMOTE,0,0,0.0
KNN,No SMOTE,0,0,0.0
KNN,No SMOTE,0,0,0.0
KNN,No SMOTE,0,0,0.0
KNN,No SMOTE,0,0,0.0
KNN,No SMOTE,0,0,0.0
KNN,No SMOTE,0,0,0.0
KNN,No SMOTE,0,0,0.0
KNN,No SMOTE,0,0,0.0
KNN,No SMOTE,0,0,0.0
KNN,No SMOTE,0,0,0.0
KNN,No SMOTE,0,0,0.0
KNN,No SMOTE,0,0,0.0
KNN,No SMOTE,0,0,0.0
KNN,No SMOTE,0,0,0.0
KNN,No SMOTE,0,0,0.0
KNN,No SMOTE,0,0,0.0
KNN,No SMOTE,0,0,0.0
KNN,No SMOTE,0,0,0.0
KNN,No SMOTE,0,0,0.0
KNN,No SMOTE,0,0,0.0
KNN,No SMOTE,0,0,0.0
KNN,No SMOTE,0,0,0.0
KNN,No SMOTE,0,0,0.0
KNN,No SMOTE,0,0,0.0
KNN,No SMOTE,0,0,0.0
KNN,No SMOTE,0,0,0.0
KNN,No SMOTE,0,0,0.0
KNN,No SMOTE,0,0,0.0
KNN,No SMOTE,0,0,0.0
KNN,No SMOTE,0,0,0.0
KNN,No SMOTE,0,0,0.0
KNN,No SMOTE,0,0,0.0
KNN,No SMOTE,0,0,0.0
KNN,No SMOTE,0,0,0.0
KNN,No SMOTE,0,0,0.0
KNN,No SMOTE,0,0,0.0
KNN,No SMOTE,0,0,0.0
KNN,No SMOTE,0,0,0.0
KNN,No SMOTE,0,0,0.0
KNN,No SMOTE,0,0,0.0
KNN,No SMOTE,0,0,0.0
KNN,No SMOTE,0,0,0.0
KNN,No SMOTE,0,0,0.0
KNN,No SMOTE,0,0,0.0
KNN,No SMOTE,0,0,0.0
KNN,No SMOTE,0,0,0.0
KNN,No SMOTE,0,0,0.0
KNN,No SMOTE,0,0,0.0
KNN,No SMOTE,0,0,0.0
KNN,No SMOTE,0,0,0.0
KNN,No SMOTE,0,0,0.0
KNN,No SMOTE,0,0,0.0
KNN,No SMOTE,0,0,0.0
KNN,No SMOTE,0,0,0.0
KNN,No SMOTE,0,0,0.0
KNN,No SMOTE,0,0,0.0
KNN,No SMOTE,0,0,0.0
KNN,No SMOTE,0,0,0.0
KNN,No SMOTE,0,0,0.0
KNN,No SMOTE,0,0,0.0
KNN,No SMOTE,0,0,0.0
KNN,No SMOTE,0,0,0.0
KNN,No SMOTE,0,0,0.0
KNN,No SMOTE,0,0,0.0
KNN,No SMOTE,0,0,0.0
KNN,No SMOTE,0,0,0.0
KNN,No SMOTE,0,0,0.0
KNN,No SMOTE,0,0,0.0
KNN,No SMOTE,0,0,0.0
KNN,No SMOTE,0,0,0.0
KNN,No SMOTE,0,0,0.0
KNN,No SMOTE,0,0,0.0
KNN,No SMOTE,0,0,0.0
KNN,No SMOTE,0,0,0.0
KNN,No SMOTE,0,0,0.0
KNN,No SMOTE,0,0,0.0
KNN,No SMOTE,0,0,0.0
KNN,No SMOTE,0,0,0.0
KNN,No SMOTE,0,0,0.0
KNN,No SMOTE,0,0,0.0
KNN,No SMOTE,0,0,0.0
KNN,No SMOTE,0,0,0.0
KNN,No SMOTE,0,0,0.0
KNN,No SMOTE,0,0,0.0
KNN,No SMOTE,0,0,0.0
KNN,No SMOTE,0,0,0.0
KNN,No SMOTE,0,0,0.0
KNN,No SMOTE,0,0,0.0
KNN,No SMOTE,0,0,0.0
KNN,No SMOTE,0,0,0.0
KNN,No SMOTE,0,0,0.0
KNN,No SMOTE,0,0,0.0
KNN,No SMOTE,0,0,0.0
KNN,No SMOTE,0,0,0.0
KNN,No SMOTE,1,0,0.2
KNN,No SMOTE,0,0,0.0
KNN,No SMOTE,0,0,0.0
KNN,No SMOTE,0,0,0.0
KNN,No SMOTE,0,0,0.0
KNN,No SMOTE,0,0,0.0
KNN,No SMOTE,0,0,0.0
KNN,No SMOTE,0,0,0.0
KNN,No SMOTE,0,0,0.0
KNN,No SMOTE,0,0,0.0
KNN,No SMOTE,0,0,0.0
KNN,No SMOTE,0,0,0.0
KNN,No SMOTE,0,0,0.0
KNN,No SMOTE,0,0,0.0
KNN,No SMOTE,0,0,0.0
KNN,No SMOTE,0,0,0.0
KNN,No SMOTE,0,0,0.0
KNN,No SMOTE,0,0,0.0
KNN,No SMOTE,0,0,0.0
KNN,No SMOTE,0,0,0.0
KNN,No SMOTE,0,0,0.0
KNN,No SMOTE,0,0,0.0
KNN,No SMOTE,0,0,0.0
KNN,No SMOTE,0,0,0.0
KNN,No SMOTE,0,0,0.0
KNN,No SMOTE,0,0,0.0
KNN,No SMOTE,0,0,0.0
KNN,No SMOTE,0,0,0.0
KNN,No SMOTE,0,0,0.0
KNN,No SMOTE,0,0,0.0
KNN,No SMOTE,0,0,0.0
KNN,No SMOTE,0,0,0.0
KNN,No SMOTE,0,0,0.0
KNN,No SMOTE,0,0,0.0
KNN,No SMOTE,0,0,0.0
KNN,No SMOTE,0,0,0.0
KNN,No SMOTE,0,0,0.0
KNN,No SMOTE,0,0,0.0
KNN,No SMOTE,0,0,0.0
KNN,No SMOTE,0,0,0.0
KNN,No SMOTE,0,0,0.0
KNN,No SMOTE,0,0,0.0
KNN,No SMOTE,0,0,0.0
KNN,No SMOTE,0,0,0.0
KNN,No SMOTE,0,0,0.0
KNN,No SMOTE,0,0,0.0
KNN,No SMOTE,0,0,0.0
KNN,No SMOTE,0,0,0.0
KNN,No SMOTE,0,0,0.0
KNN,No SMOTE,0,0,0.0
KNN,No SMOTE,0,0,0.0
KNN,No SMOTE,0,0,0.0
KNN,No SMOTE,0,0,0.0
KNN,No SMOTE,0,0,0.0
KNN,No SMOTE,0,0,0.0
KNN,No SMOTE,0,0,0.0
KNN,No SMOTE,0,0,0.0
KNN,No SMOTE,0,0,0.0
KNN,No SMOTE,0,0,0.0
KNN,No SMOTE,0,0,0.0
KNN,No SMOTE,0,0,0.0
KNN,No SMOTE,0,0,0.0
KNN,No SMOTE,0,0,0.0
KNN,No SMOTE,0,0,0.0
KNN,No SMOTE,0,0,0.0
KNN,No SMOTE,0,0,0.0
KNN,No SMOTE,0,0,0.0
KNN,No SMOTE,0,0,0.0
KNN,No SMOTE,0,0,0.0
KNN,No SMOTE,0,0,0.0
KNN,No SMOTE,0,0,0.0
KNN,No SMOTE,0,0,0.0
KNN,No SMOTE,0,0,0.0
KNN,No SMOTE,0,0,0.0
KNN,No SMOTE,0,0,0.0
KNN,No SMOTE,0,0,0.0
KNN,No SMOTE,0,0,0.0
KNN,No SMOTE,0,0,0.0
KNN,No SMOTE,0,0,0.0
KNN,No SMOTE,0,0,0.0
KNN,No SMOTE,0,0,0.0
KNN,No SMOTE,0,0,0.0
KNN,No SMOTE,0,0,0.0
KNN,No SMOTE,0,0,0.0
KNN,No SMOTE,0,0,0.0
KNN,No SMOTE,0,0,0.0
KNN,No SMOTE,0,0,0.0
KNN,No SMOTE,0,0,0.0
KNN,No SMOTE,0,0,0.0
KNN,No SMOTE,0,0,0.0
KNN,No SMOTE,0,0,0.0
KNN,No SMOTE,0,0,0.0
KNN,No SMOTE,0,0,0.0
KNN,No SMOTE,0,0,0.0
KNN,No SMOTE,0,0,0.0
KNN,No SMOTE,0,0,0.0
KNN,No SMOTE,0,0,0.0
KNN,No SMOTE,0,0,0.0
KNN,No SMOTE,0,0,0.0
KNN,No SMOTE,0,0,0.0
KNN,No SMOTE,0,0,0.0
KNN,No SMOTE,0,0,0.0
KNN,No SMOTE,0,0,0.0
KNN,No SMOTE,0,0,0.0
KNN,No SMOTE,0,0,0.0
KNN,No SMOTE,0,0,0.0
KNN,No SMOTE,0,0,0.0
KNN,No SMOTE,0,0,0.0
KNN,No SMOTE,0,0,0.0
KNN,No SMOTE,0,0,0.0
KNN,No SMOTE,0,0,0.0
KNN,No SMOTE,0,0,0.0
KNN,No SMOTE,0,0,0.0
KNN,No SMOTE,0,0,0.0
KNN,No SMOTE,0,0,0.0
KNN,No SMOTE,0,0,0.0
KNN,No SMOTE,0,0,0.0
KNN,No SMOTE,0,0,0.0
KNN,No SMOTE,0,0,0.0
KNN,No SMOTE,0,0,0.0
KNN,No SMOTE,0,0,0.0
KNN,No SMOTE,0,0,0.0
KNN,No SMOTE,0,0,0.0
KNN,No SMOTE,0,0,0.0
KNN,No SMOTE,0,0,0.0
KNN,No SMOTE,0,0,0.0
KNN,No SMOTE,0,0,0.0
KNN,No SMOTE,0,0,0.0
KNN,No SMOTE,0,0,0.0
KNN,No SMOTE,0,0,0.0
KNN,No SMOTE,0,0,0.0
KNN,No SMOTE,0,0,0.0
KNN,No SMOTE,0,0,0.0
KNN,No SMOTE,0,0,0.0
KNN,No SMOTE,0,0,0.0
KNN,No SMOTE,0,0,0.0
KNN,No SMOTE,0,0,0.0
KNN,No SMOTE,0,0,0.0
KNN,No SMOTE,0,0,0.0
KNN,No SMOTE,0,0,0.0
KNN,No SMOTE,0,0,0.0
KNN,No SMOTE,0,0,0.0
KNN,No SMOTE,0,0,0.0
KNN,No SMOTE,0,0,0.0
KNN,No SMOTE,0,0,0.0
KNN,No SMOTE,0,0,0.0
KNN,No SMOTE,0,0,0.0
KNN,No SMOTE,0,0,0.0
KNN,No SMOTE,0,0,0.0
KNN,No SMOTE,0,0,0.0
KNN,No SMOTE,0,0,0.0
KNN,No SMOTE,0,0,0.0
KNN,No SMOTE,0,0,0.0
KNN,No SMOTE,0,0,0.0
KNN,No SMOTE,0,0,0.0
KNN,No SMOTE,0,0,0.0
KNN,No SMOTE,0,0,0.0
KNN,No SMOTE,0,0,0.0
KNN,No SMOTE,0,0,0.0
KNN,No SMOTE,0,0,0.0
KNN,No SMOTE,0,0,0.0
KNN,No SMOTE,0,0,0.0
KNN,No SMOTE,0,0,0.0
KNN,No SMOTE,0,0,0.0
KNN,No SMOTE,0,0,0.0
KNN,No SMOTE,0,0,0.0
KNN,No SMOTE,0,0,0.0
KNN,No SMOTE,0,0,0.0
KNN,No SMOTE,0,0,0.0
KNN,No SMOTE,0,0,0.0
KNN,No SMOTE,0,0,0.0
KNN,No SMOTE,0,0,0.0
KNN,No SMOTE,0,0,0.0
KNN,No SMOTE,0,0,0.0
KNN,No SMOTE,0,0,0.0
KNN,No SMOTE,0,0,0.0
KNN,No SMOTE,0,0,0.0
KNN,No SMOTE,0,0,0.0
KNN,No SMOTE,0,0,0.0
KNN,No SMOTE,0,0,0.0
KNN,No SMOTE,0,0,0.0
KNN,No SMOTE,0,0,0.0
KNN,No SMOTE,0,0,0.0
KNN,No SMOTE,0,0,0.0
KNN,No SMOTE,0,0,0.0
KNN,No SMOTE,0,0,0.0
KNN,No SMOTE,0,0,0.0
KNN,No SMOTE,0,0,0.0
KNN,No SMOTE,0,0,0.0
KNN,No SMOTE,0,0,0.0
KNN,No SMOTE,0,0,0.0
KNN,No SMOTE,0,0,0.0
KNN,No SMOTE,0,0,0.0
KNN,No SMOTE,0,0,0.0
KNN,No SMOTE,0,0,0.0
KNN,No SMOTE,0,0,0.0
KNN,No SMOTE,0,0,0.0
KNN,No SMOTE,0,0,0.0
KNN,No SMOTE,0,0,0.0
KNN,No SMOTE,0,0,0.0
KNN,No SMOTE,0,0,0.0
KNN,No SMOTE,0,0,0.0
KNN,No SMOTE,0,0,0.0
KNN,No SMOTE,0,0,0.0
KNN,No SMOTE,0,0,0.0
KNN,No SMOTE,0,0,0.0
KNN,No SMOTE,0,0,0.0
KNN,No SMOTE,0,0,0.0
KNN,No SMOTE,0,0,0.0
KNN,No SMOTE,0,0,0.0
KNN,No SMOTE,0,0,0.0
KNN,No SMOTE,0,0,0.0
KNN,No SMOTE,0,0,0.0
KNN,No SMOTE,0,0,0.0
KNN,No SMOTE,0,0,0.0
KNN,No SMOTE,1,1,1.0
KNN,No SMOTE,0,0,0.0
KNN,No SMOTE,0,0,0.0
KNN,No SMOTE,0,0,0.0
KNN,No SMOTE,0,0,0.0
KNN,No SMOTE,0,0,0.0
KNN,No SMOTE,0,0,0.0
KNN,No SMOTE,0,0,0.0
KNN,No SMOTE,0,0,0.0
KNN,No SMOTE,0,0,0.0
KNN,No SMOTE,0,0,0.0
KNN,No SMOTE,0,0,0.0
KNN,No SMOTE,0,0,0.0
KNN,No SMOTE,0,0,0.0
KNN,No SMOTE,0,0,0.0
KNN,No SMOTE,0,0,0.0
KNN,No SMOTE,0,0,0.0
KNN,No SMOTE,0,0,0.0
KNN,No SMOTE,0,0,0.0
KNN,No SMOTE,0,0,0.0
KNN,No SMOTE,0,0,0.0
KNN,No SMOTE,0,0,0.0
KNN,No SMOTE,0,0,0.0
KNN,No SMOTE,0,0,0.0
KNN,No SMOTE,0,0,0.0
KNN,No SMOTE,0,0,0.0
KNN,No SMOTE,0,0,0.0
KNN,No SMOTE,0,0,0.0
KNN,No SMOTE,0,0,0.0
KNN,No SMOTE,0,0,0.0
KNN,No SMOTE,0,0,0.0
KNN,No SMOTE,0,0,0.0
KNN,No SMOTE,0,0,0.0
KNN,No SMOTE,0,0,0.0
KNN,No SMOTE,0,0,0.0
KNN,No SMOTE,0,0,0.0
KNN,No SMOTE,0,0,0.0
KNN,No SMOTE,0,0,0.0
KNN,No SMOTE,0,0,0.0
KNN,No SMOTE,0,0,0.0
KNN,No SMOTE,0,0,0.0
KNN,No SMOTE,0,0,0.0
KNN,No SMOTE,0,0,0.0
KNN,No SMOTE,0,0,0.0
KNN,No SMOTE,0,0,0.0
KNN,No SMOTE,0,0,0.0
KNN,No SMOTE,0,0,0.0
KNN,No SMOTE,0,0,0.0
KNN,No SMOTE,0,0,0.0
KNN,No SMOTE,0,0,0.0
KNN,No SMOTE,0,0,0.0
KNN,No SMOTE,0,0,0.0
KNN,No SMOTE,0,0,0.0
KNN,No SMOTE,0,0,0.0
KNN,No SMOTE,0,0,0.0
KNN,No SMOTE,0,0,0.0
KNN,No SMOTE,0,0,0.0
KNN,No SMOTE,0,0,0.0
KNN,No SMOTE,0,0,0.0
KNN,No SMOTE,0,0,0.0
KNN,No SMOTE,0,0,0.0
KNN,No SMOTE,0,0,0.0
KNN,No SMOTE,0,0,0.0
KNN,No SMOTE,0,0,0.0
KNN,No SMOTE,0,0,0.0
KNN,No SMOTE,0,0,0.0
KNN,No SMOTE,0,0,0.0
KNN,No SMOTE,0,0,0.0
KNN,No SMOTE,0,0,0.0
KNN,No SMOTE,0,0,0.0
KNN,No SMOTE,0,0,0.0
KNN,No SMOTE,0,0,0.0
KNN,No SMOTE,0,0,0.0
KNN,No SMOTE,0,0,0.0
KNN,No SMOTE,0,0,0.0
KNN,No SMOTE,0,0,0.0
KNN,No SMOTE,0,0,0.0
KNN,No SMOTE,0,0,0.0
KNN,No SMOTE,0,0,0.0
KNN,No SMOTE,0,0,0.0
KNN,No SMOTE,0,0,0.0
KNN,No SMOTE,0,0,0.0
KNN,No SMOTE,0,0,0.0
KNN,No SMOTE,0,0,0.0
KNN,No SMOTE,0,0,0.0
KNN,No SMOTE,0,0,0.0
KNN,No SMOTE,0,0,0.0
KNN,No SMOTE,0,0,0.0
KNN,No SMOTE,0,0,0.0
KNN,No SMOTE,0,0,0.0
KNN,No SMOTE,0,0,0.0
KNN,No SMOTE,0,0,0.0
KNN,No SMOTE,0,0,0.0
KNN,No SMOTE,0,0,0.0
KNN,No SMOTE,0,0,0.0
KNN,No SMOTE,0,0,0.0
KNN,No SMOTE,0,0,0.0
KNN,No SMOTE,0,0,0.0
KNN,No SMOTE,0,0,0.0
KNN,No SMOTE,0,0,0.0
KNN,No SMOTE,0,0,0.0
KNN,No SMOTE,0,0,0.0
KNN,No SMOTE,0,0,0.0
KNN,No SMOTE,0,0,0.0
KNN,No SMOTE,0,0,0.0
KNN,No SMOTE,0,0,0.0
KNN,No SMOTE,0,0,0.0
KNN,No SMOTE,0,0,0.0
KNN,No SMOTE,0,0,0.0
KNN,No SMOTE,0,0,0.0
KNN,No SMOTE,0,0,0.0
KNN,No SMOTE,0,0,0.0
KNN,No SMOTE,0,0,0.0
KNN,No SMOTE,0,0,0.0
KNN,No SMOTE,0,0,0.0
KNN,No SMOTE,0,0,0.0
KNN,No SMOTE,0,0,0.0
KNN,No SMOTE,0,0,0.0
KNN,No SMOTE,0,0,0.0
KNN,No SMOTE,0,0,0.0
KNN,No SMOTE,0,0,0.0
KNN,No SMOTE,0,0,0.0
KNN,No SMOTE,0,0,0.0
KNN,No SMOTE,0,0,0.0
KNN,No SMOTE,0,0,0.0
KNN,No SMOTE,0,0,0.0
KNN,No SMOTE,0,0,0.0
KNN,No SMOTE,0,0,0.0
KNN,No SMOTE,0,0,0.0
KNN,No SMOTE,0,0,0.0
KNN,No SMOTE,0,0,0.0
KNN,No SMOTE,0,0,0.0
KNN,No SMOTE,0,0,0.0
KNN,No SMOTE,0,0,0.0
KNN,No SMOTE,0,0,0.0
KNN,No SMOTE,0,0,0.0
KNN,No SMOTE,0,0,0.0
KNN,No SMOTE,0,0,0.0
KNN,No SMOTE,0,0,0.0
KNN,No SMOTE,0,0,0.0
KNN,No SMOTE,0,0,0.0
KNN,No SMOTE,0,0,0.0
KNN,No SMOTE,0,0,0.0
KNN,No SMOTE,0,0,0.0
KNN,No SMOTE,0,0,0.0
KNN,No SMOTE,0,0,0.0
KNN,No SMOTE,0,0,0.0
KNN,No SMOTE,0,0,0.0
KNN,No SMOTE,0,0,0.0
KNN,No SMOTE,0,0,0.0
KNN,No SMOTE,0,0,0.0
KNN,No SMOTE,0,0,0.0
KNN,No SMOTE,0,0,0.0
KNN,No SMOTE,0,0,0.0
KNN,No SMOTE,0,0,0.0
KNN,No SMOTE,0,0,0.0
KNN,No SMOTE,0,0,0.0
KNN,No SMOTE,0,0,0.0
KNN,No SMOTE,0,0,0.0
KNN,No SMOTE,0,0,0.0
KNN,No SMOTE,0,0,0.0
KNN,No SMOTE,0,0,0.0
KNN,No SMOTE,0,0,0.0
KNN,No SMOTE,0,0,0.0
KNN,No SMOTE,0,0,0.0
KNN,No SMOTE,0,0,0.0
KNN,No SMOTE,0,0,0.0
KNN,No SMOTE,0,0,0.0
KNN,No SMOTE,0,0,0.0
KNN,No SMOTE,0,0,0.0
KNN,No SMOTE,0,0,0.0
KNN,No SMOTE,0,0,0.0
KNN,No SMOTE,0,0,0.0
KNN,No SMOTE,0,0,0.0
KNN,No SMOTE,0,0,0.0
KNN,No SMOTE,0,0,0.0
KNN,No SMOTE,0,0,0.0
KNN,No SMOTE,0,0,0.0
KNN,No SMOTE,0,0,0.0
KNN,No SMOTE,0,0,0.0
KNN,No SMOTE,0,0,0.0
KNN,No SMOTE,0,0,0.0
KNN,No SMOTE,0,0,0.0
KNN,No SMOTE,0,0,0.0
KNN,No SMOTE,0,0,0.0
KNN,No SMOTE,0,0,0.0
KNN,No SMOTE,0,0,0.0
KNN,No SMOTE,0,0,0.0
KNN,No SMOTE,0,0,0.0
KNN,No SMOTE,0,0,0.0
KNN,No SMOTE,0,0,0.0
KNN,No SMOTE,0,0,0.0
KNN,No SMOTE,0,0,0.0
KNN,No SMOTE,0,0,0.0
KNN,No SMOTE,0,0,0.0
KNN,No SMOTE,0,0,0.0
KNN,No SMOTE,0,0,0.0
KNN,No SMOTE,0,0,0.0
KNN,No SMOTE,0,0,0.0
KNN,No SMOTE,0,0,0.0
KNN,No SMOTE,0,0,0.0
KNN,No SMOTE,0,0,0.0
KNN,No SMOTE,0,0,0.0
KNN,No SMOTE,0,0,0.0
KNN,No SMOTE,0,0,0.0
KNN,No SMOTE,0,0,0.0
KNN,No SMOTE,0,0,0.0
KNN,No SMOTE,0,0,0.0
KNN,No SMOTE,0,0,0.0
KNN,No SMOTE,0,0,0.0
KNN,No SMOTE,0,0,0.0
KNN,No SMOTE,0,0,0.0
KNN,No SMOTE,0,0,0.0
KNN,No SMOTE,0,0,0.0
KNN,No SMOTE,0,0,0.0
KNN,No SMOTE,0,0,0.0
KNN,No SMOTE,0,0,0.0
KNN,No SMOTE,0,0,0.0
KNN,No SMOTE,0,0,0.0
KNN,No SMOTE,0,0,0.0
KNN,No SMOTE,0,0,0.0
KNN,No SMOTE,0,0,0.0
KNN,No SMOTE,0,0,0.0
KNN,No SMOTE,0,0,0.0
KNN,No SMOTE,0,0,0.0
KNN,No SMOTE,0,0,0.0
KNN,No SMOTE,0,0,0.0
KNN,No SMOTE,0,0,0.0
KNN,No SMOTE,0,0,0.0
KNN,No SMOTE,0,0,0.0
KNN,No SMOTE,0,0,0.0
KNN,No SMOTE,0,0,0.0
KNN,No SMOTE,0,0,0.0
KNN,No SMOTE,0,0,0.0
KNN,No SMOTE,0,0,0.0
KNN,No SMOTE,0,0,0.0
KNN,No SMOTE,0,0,0.0
KNN,No SMOTE,0,0,0.0
KNN,No SMOTE,0,0,0.0
KNN,No SMOTE,0,0,0.0
KNN,No SMOTE,0,0,0.0
KNN,No SMOTE,0,0,0.0
KNN,No SMOTE,0,0,0.0
KNN,No SMOTE,0,0,0.0
KNN,No SMOTE,0,0,0.0
KNN,No SMOTE,0,0,0.0
KNN,No SMOTE,0,0,0.0
KNN,No SMOTE,0,0,0.0
KNN,No SMOTE,0,0,0.0
KNN,No SMOTE,0,0,0.0
KNN,No SMOTE,0,0,0.0
KNN,No SMOTE,0,0,0.0
KNN,No SMOTE,0,0,0.0
KNN,No SMOTE,0,0,0.0
KNN,No SMOTE,0,0,0.0
KNN,No SMOTE,0,0,0.0
KNN,No SMOTE,0,0,0.0
KNN,No SMOTE,0,0,0.0
KNN,No SMOTE,0,0,0.0
KNN,No SMOTE,0,0,0.0
KNN,No SMOTE,0,0,0.0
KNN,No SMOTE,0,0,0.0
KNN,No SMOTE,0,0,0.0
KNN,No SMOTE,0,0,0.0
KNN,No SMOTE,0,0,0.0
KNN,No SMOTE,0,0,0.0
KNN,No SMOTE,0,0,0.0
KNN,No SMOTE,0,0,0.0
KNN,No SMOTE,0,0,0.0
KNN,No SMOTE,0,0,0.0
KNN,No SMOTE,0,0,0.0
KNN,No SMOTE,0,0,0.0
KNN,No SMOTE,0,0,0.0
KNN,No SMOTE,0,0,0.0
KNN,No SMOTE,0,0,0.0
KNN,No SMOTE,0,0,0.0
KNN,No SMOTE,0,0,0.0
KNN,No SMOTE,0,0,0.0
KNN,No SMOTE,0,0,0.0
KNN,No SMOTE,0,0,0.0
KNN,No SMOTE,0,0,0.0
KNN,No SMOTE,0,0,0.0
KNN,No SMOTE,0,0,0.0
KNN,No SMOTE,0,0,0.0
KNN,No SMOTE,0,0,0.0
KNN,No SMOTE,0,0,0.0
KNN,No SMOTE,0,0,0.0
KNN,No SMOTE,0,0,0.0
KNN,No SMOTE,0,0,0.0
KNN,No SMOTE,0,0,0.0
KNN,No SMOTE,0,0,0.0
KNN,No SMOTE,0,0,0.0
KNN,No SMOTE,0,0,0.0
KNN,No SMOTE,0,0,0.0
KNN,No SMOTE,0,0,0.0
KNN,No SMOTE,0,0,0.0
KNN,No SMOTE,0,0,0.0
KNN,No SMOTE,0,0,0.0
KNN,No SMOTE,0,0,0.0
KNN,No SMOTE,0,0,0.0
KNN,No SMOTE,0,0,0.0
KNN,No SMOTE,0,0,0.0
KNN,No SMOTE,0,0,0.0
KNN,No SMOTE,0,0,0.0
KNN,No SMOTE,0,0,0.0
KNN,No SMOTE,0,0,0.0
KNN,No SMOTE,0,0,0.0
KNN,No SMOTE,0,0,0.0
KNN,No SMOTE,0,0,0.0
KNN,No SMOTE,0,0,0.0
KNN,No SMOTE,0,0,0.0
KNN,No SMOTE,0,0,0.0
KNN,No SMOTE,0,0,0.0
KNN,No SMOTE,0,0,0.0
KNN,No SMOTE,0,0,0.0
KNN,No SMOTE,0,0,0.0
KNN,No SMOTE,0,0,0.0
KNN,No SMOTE,0,0,0.0
KNN,No SMOTE,0,0,0.0
KNN,No SMOTE,0,0,0.0
KNN,No SMOTE,0,0,0.0
KNN,No SMOTE,0,0,0.0
KNN,No SMOTE,0,0,0.0
KNN,No SMOTE,0,0,0.0
KNN,No SMOTE,0,0,0.0
KNN,No SMOTE,0,0,0.0
KNN,No SMOTE,0,0,0.0
KNN,No SMOTE,0,0,0.0
KNN,No SMOTE,0,0,0.0
KNN,No SMOTE,0,0,0.0
KNN,No SMOTE,0,0,0.0
KNN,No SMOTE,0,0,0.0
KNN,No SMOTE,0,0,0.0
KNN,No SMOTE,0,0,0.0
KNN,No SMOTE,0,0,0.0
KNN,No SMOTE,0,0,0.0
KNN,No SMOTE,0,0,0.0
KNN,No SMOTE,0,0,0.0
KNN,No SMOTE,0,0,0.0
KNN,No SMOTE,0,0,0.0
KNN,No SMOTE,0,0,0.0
KNN,No SMOTE,0,0,0.0
KNN,No SMOTE,0,0,0.0
KNN,No SMOTE,0,0,0.0
KNN,No SMOTE,0,0,0.0
KNN,No SMOTE,0,0,0.0
KNN,No SMOTE,0,0,0.0
KNN,No SMOTE,0,0,0.0
KNN,No SMOTE,0,0,0.0
KNN,No SMOTE,0,0,0.0
KNN,No SMOTE,0,0,0.0
KNN,No SMOTE,0,0,0.0
KNN,No SMOTE,0,0,0.0
KNN,No SMOTE,0,0,0.0
KNN,No SMOTE,0,0,0.0
KNN,No SMOTE,0,0,0.0
KNN,No SMOTE,0,0,0.0
KNN,No SMOTE,0,0,0.0
KNN,No SMOTE,0,0,0.0
KNN,No SMOTE,0,0,0.0
KNN,No SMOTE,0,0,0.0
KNN,No SMOTE,0,0,0.0
KNN,No SMOTE,0,0,0.0
KNN,No SMOTE,0,0,0.0
KNN,No SMOTE,0,0,0.0
KNN,No SMOTE,0,0,0.0
KNN,No SMOTE,0,0,0.0
KNN,No SMOTE,0,0,0.0
KNN,No SMOTE,0,0,0.0
KNN,No SMOTE,0,0,0.0
KNN,No SMOTE,0,0,0.0
KNN,No SMOTE,0,0,0.0
KNN,No SMOTE,0,0,0.0
KNN,No SMOTE,0,0,0.0
KNN,No SMOTE,0,0,0.0
KNN,No SMOTE,0,0,0.0
KNN,No SMOTE,0,0,0.0
KNN,No SMOTE,0,0,0.0
KNN,No SMOTE,0,0,0.0
KNN,No SMOTE,0,0,0.0
KNN,No SMOTE,0,0,0.0
KNN,No SMOTE,0,0,0.0
KNN,No SMOTE,0,0,0.0
KNN,No SMOTE,0,0,0.0
KNN,No SMOTE,0,0,0.0
KNN,No SMOTE,0,0,0.0
KNN,No SMOTE,0,0,0.0
KNN,No SMOTE,0,0,0.0
KNN,No SMOTE,0,0,0.0
KNN,No SMOTE,0,0,0.0
KNN,No SMOTE,0,0,0.0
KNN,No SMOTE,0,0,0.0
KNN,No SMOTE,0,0,0.0
KNN,No SMOTE,0,0,0.0
KNN,No SMOTE,0,0,0.0
KNN,No SMOTE,0,0,0.0
KNN,No SMOTE,0,0,0.0
KNN,No SMOTE,0,0,0.0
KNN,No SMOTE,0,0,0.0
KNN,No SMOTE,0,0,0.0
KNN,No SMOTE,0,0,0.0
KNN,No SMOTE,0,0,0.0
KNN,No SMOTE,0,0,0.0
KNN,No SMOTE,0,0,0.0
KNN,No SMOTE,0,0,0.0
KNN,No SMOTE,0,0,0.0
KNN,No SMOTE,0,0,0.0
KNN,No SMOTE,0,0,0.0
KNN,No SMOTE,0,0,0.0
KNN,No SMOTE,0,0,0.0
KNN,No SMOTE,0,0,0.0
KNN,No SMOTE,0,0,0.0
KNN,No SMOTE,0,0,0.0
KNN,No SMOTE,0,0,0.0
KNN,No SMOTE,0,0,0.0
KNN,No SMOTE,0,0,0.0
KNN,No SMOTE,0,0,0.0
KNN,No SMOTE,0,0,0.0
KNN,No SMOTE,0,0,0.0
KNN,No SMOTE,0,0,0.0
KNN,No SMOTE,0,0,0.0
KNN,No SMOTE,0,0,0.0
KNN,No SMOTE,0,0,0.0
KNN,No SMOTE,0,0,0.0
KNN,No SMOTE,0,0,0.0
KNN,No SMOTE,0,0,0.0
KNN,No SMOTE,0,0,0.0
KNN,No SMOTE,0,0,0.0
KNN,No SMOTE,0,0,0.0
KNN,No SMOTE,0,0,0.0
KNN,No SMOTE,0,0,0.0
KNN,No SMOTE,0,0,0.0
KNN,No SMOTE,0,0,0.0
KNN,No SMOTE,0,0,0.0
KNN,No SMOTE,0,0,0.0
KNN,No SMOTE,0,0,0.0
KNN,No SMOTE,0,0,0.0
KNN,No SMOTE,0,0,0.0
KNN,No SMOTE,0,0,0.0
KNN,No SMOTE,0,0,0.0
KNN,No SMOTE,0,0,0.0
KNN,No SMOTE,0,0,0.0
KNN,No SMOTE,0,0,0.0
KNN,No SMOTE,0,0,0.0
KNN,No SMOTE,0,0,0.0
KNN,No SMOTE,0,0,0.0
KNN,No SMOTE,0,0,0.0
KNN,No SMOTE,0,0,0.0
KNN,No SMOTE,0,0,0.0
KNN,No SMOTE,0,0,0.0
KNN,No SMOTE,0,0,0.0
KNN,No SMOTE,0,0,0.0
KNN,No SMOTE,0,0,0.0
KNN,No SMOTE,0,0,0.0
KNN,No SMOTE,0,0,0.0
KNN,No SMOTE,0,0,0.0
KNN,No SMOTE,0,0,0.0
KNN,No SMOTE,0,0,0.0
KNN,No SMOTE,0,0,0.0
KNN,No SMOTE,0,0,0.0
KNN,No SMOTE,0,0,0.0
KNN,No SMOTE,0,0,0.0
KNN,No SMOTE,0,0,0.0
KNN,No SMOTE,0,0,0.0
KNN,No SMOTE,0,0,0.0
KNN,No SMOTE,0,0,0.0
KNN,No SMOTE,0,0,0.0
KNN,No SMOTE,0,0,0.0
KNN,No SMOTE,0,0,0.0
KNN,No SMOTE,0,0,0.0
KNN,No SMOTE,0,0,0.0
KNN,No SMOTE,0,0,0.0
KNN,No SMOTE,0,0,0.0
KNN,No SMOTE,0,0,0.0
KNN,No SMOTE,0,0,0.0
KNN,No SMOTE,0,0,0.0
KNN,No SMOTE,0,0,0.0
KNN,No SMOTE,0,0,0.0
KNN,No SMOTE,0,0,0.0
KNN,No SMOTE,0,0,0.0
KNN,No SMOTE,0,0,0.0
KNN,No SMOTE,0,0,0.0
KNN,No SMOTE,0,0,0.0
KNN,No SMOTE,0,0,0.0
KNN,No SMOTE,0,0,0.0
KNN,No SMOTE,0,0,0.0
KNN,No SMOTE,0,0,0.0
KNN,No SMOTE,0,0,0.0
KNN,No SMOTE,0,0,0.0
KNN,No SMOTE,0,0,0.0
KNN,No SMOTE,0,0,0.0
KNN,No SMOTE,0,0,0.0
KNN,No SMOTE,0,0,0.0
KNN,No SMOTE,0,0,0.0
KNN,No SMOTE,0,0,0.0
KNN,No SMOTE,0,0,0.0
KNN,No SMOTE,0,0,0.0
KNN,No SMOTE,0,0,0.0
KNN,No SMOTE,0,0,0.0
KNN,No SMOTE,0,0,0.0
KNN,No SMOTE,0,0,0.0
KNN,No SMOTE,0,0,0.0
KNN,No SMOTE,0,0,0.0
KNN,No SMOTE,0,0,0.0
KNN,No SMOTE,0,0,0.0
KNN,No SMOTE,0,0,0.0
KNN,No SMOTE,0,0,0.0
KNN,No SMOTE,0,0,0.0
KNN,No SMOTE,0,0,0.0
KNN,No SMOTE,0,0,0.0
KNN,No SMOTE,0,0,0.0
KNN,No SMOTE,0,0,0.0
KNN,No SMOTE,0,0,0.0
KNN,No SMOTE,0,0,0.0
KNN,No SMOTE,0,0,0.0
KNN,No SMOTE,0,0,0.0
KNN,No SMOTE,0,0,0.0
KNN,No SMOTE,0,0,0.0
KNN,No SMOTE,0,0,0.0
KNN,No SMOTE,0,0,0.0
KNN,No SMOTE,0,0,0.0
KNN,No SMOTE,0,0,0.0
KNN,No SMOTE,0,0,0.0
KNN,No SMOTE,0,0,0.0
KNN,No SMOTE,0,0,0.0
KNN,No SMOTE,0,0,0.0
KNN,No SMOTE,0,0,0.0
KNN,No SMOTE,0,0,0.0
KNN,No SMOTE,0,0,0.0
KNN,No SMOTE,0,0,0.0
KNN,No SMOTE,0,0,0.0
KNN,No SMOTE,0,0,0.0
KNN,No SMOTE,0,0,0.0
KNN,No SMOTE,0,0,0.0
KNN,No SMOTE,0,0,0.0
KNN,No SMOTE,0,0,0.0
KNN,No SMOTE,0,0,0.0
KNN,No SMOTE,0,0,0.0
KNN,No SMOTE,0,0,0.0
KNN,No SMOTE,0,0,0.0
KNN,No SMOTE,0,0,0.0
KNN,No SMOTE,0,0,0.0
KNN,No SMOTE,0,0,0.0
KNN,No SMOTE,0,0,0.0
KNN,No SMOTE,0,0,0.0
KNN,No SMOTE,0,0,0.0
KNN,No SMOTE,0,0,0.0
KNN,No SMOTE,0,0,0.0
KNN,No SMOTE,0,0,0.0
KNN,No SMOTE,0,0,0.0
KNN,No SMOTE,0,0,0.0
KNN,No SMOTE,0,0,0.0
KNN,No SMOTE,0,0,0.0
KNN,No SMOTE,0,0,0.0
KNN,No SMOTE,0,0,0.0
KNN,No SMOTE,0,0,0.0
KNN,No SMOTE,0,0,0.0
KNN,No SMOTE,0,0,0.0
KNN,No SMOTE,0,0,0.0
KNN,No SMOTE,0,0,0.0
KNN,No SMOTE,0,0,0.0
KNN,No SMOTE,0,0,0.0
KNN,No SMOTE,0,0,0.0
KNN,No SMOTE,0,0,0.0
KNN,No SMOTE,0,0,0.0
KNN,No SMOTE,0,0,0.0
KNN,No SMOTE,0,0,0.0
KNN,No SMOTE,0,0,0.0
KNN,No SMOTE,0,0,0.0
KNN,No SMOTE,0,0,0.0
KNN,No SMOTE,0,0,0.0
KNN,No SMOTE,0,0,0.0
KNN,No SMOTE,0,0,0.0
KNN,No SMOTE,0,0,0.0
KNN,No SMOTE,0,0,0.0
KNN,No SMOTE,0,0,0.0
KNN,No SMOTE,0,0,0.0
KNN,No SMOTE,0,0,0.0
KNN,No SMOTE,0,0,0.0
KNN,No SMOTE,0,0,0.0
KNN,No SMOTE,0,0,0.0
KNN,No SMOTE,0,0,0.0
KNN,No SMOTE,0,0,0.0
KNN,No SMOTE,0,0,0.0
KNN,No SMOTE,0,0,0.0
KNN,No SMOTE,0,0,0.0
KNN,No SMOTE,0,0,0.0
KNN,No SMOTE,0,0,0.0
KNN,No SMOTE,0,0,0.0
KNN,No SMOTE,0,0,0.0
KNN,No SMOTE,0,0,0.0
KNN,No SMOTE,0,0,0.0
KNN,No SMOTE,0,0,0.0
KNN,No SMOTE,0,0,0.0
KNN,No SMOTE,0,0,0.0
KNN,No SMOTE,0,0,0.0
KNN,No SMOTE,0,0,0.0
KNN,No SMOTE,0,0,0.0
KNN,No SMOTE,0,0,0.0
KNN,No SMOTE,0,0,0.0
KNN,No SMOTE,0,0,0.0
KNN,No SMOTE,0,0,0.0
KNN,No SMOTE,0,0,0.0
KNN,No SMOTE,0,0,0.0
KNN,No SMOTE,0,0,0.0
KNN,No SMOTE,0,0,0.0
KNN,No SMOTE,0,0,0.0
KNN,No SMOTE,0,0,0.0
KNN,No SMOTE,0,0,0.0
KNN,No SMOTE,0,0,0.0
KNN,No SMOTE,0,0,0.0
KNN,No SMOTE,0,0,0.0
KNN,No SMOTE,0,0,0.0
KNN,No SMOTE,0,0,0.0
KNN,No SMOTE,0,0,0.0
KNN,No SMOTE,0,0,0.0
KNN,No SMOTE,0,0,0.0
KNN,No SMOTE,0,0,0.0
KNN,No SMOTE,0,0,0.0
KNN,No SMOTE,0,0,0.0
KNN,No SMOTE,0,0,0.0
KNN,No SMOTE,0,0,0.0
KNN,No SMOTE,0,0,0.0
KNN,No SMOTE,0,0,0.0
KNN,No SMOTE,0,0,0.0
KNN,No SMOTE,0,0,0.0
KNN,No SMOTE,0,0,0.0
KNN,No SMOTE,0,0,0.0
KNN,No SMOTE,0,0,0.0
KNN,No SMOTE,0,0,0.0
KNN,No SMOTE,0,0,0.0
KNN,No SMOTE,0,0,0.0
KNN,No SMOTE,0,0,0.0
KNN,No SMOTE,0,0,0.0
KNN,No SMOTE,0,0,0.0
KNN,No SMOTE,0,0,0.0
KNN,No SMOTE,0,0,0.0
KNN,No SMOTE,0,0,0.0
KNN,No SMOTE,0,0,0.0
KNN,No SMOTE,0,0,0.0
KNN,No SMOTE,0,0,0.0
KNN,No SMOTE,0,0,0.0
KNN,No SMOTE,0,0,0.0
KNN,No SMOTE,0,0,0.0
KNN,No SMOTE,0,0,0.0
KNN,No SMOTE,0,0,0.0
KNN,No SMOTE,0,0,0.0
KNN,No SMOTE,0,0,0.0
KNN,No SMOTE,0,0,0.0
KNN,No SMOTE,0,0,0.0
KNN,No SMOTE,0,0,0.0
KNN,No SMOTE,0,0,0.0
KNN,No SMOTE,0,0,0.0
KNN,No SMOTE,0,0,0.0
KNN,No SMOTE,0,0,0.0
KNN,No SMOTE,0,0,0.0
KNN,No SMOTE,0,0,0.0
KNN,No SMOTE,0,0,0.0
KNN,No SMOTE,0,0,0.0
KNN,No SMOTE,0,0,0.0
KNN,No SMOTE,0,0,0.0
KNN,No SMOTE,0,0,0.0
KNN,No SMOTE,0,0,0.0
KNN,No SMOTE,0,0,0.0
KNN,No SMOTE,0,0,0.0
KNN,No SMOTE,0,0,0.0
KNN,No SMOTE,0,0,0.0
KNN,No SMOTE,0,0,0.0
KNN,No SMOTE,0,0,0.0
KNN,No SMOTE,0,0,0.0
KNN,No SMOTE,0,0,0.0
KNN,No SMOTE,0,0,0.0
KNN,No SMOTE,0,0,0.0
KNN,No SMOTE,0,0,0.0
KNN,No SMOTE,0,0,0.0
KNN,No SMOTE,0,0,0.0
KNN,No SMOTE,0,0,0.0
KNN,No SMOTE,0,0,0.0
KNN,No SMOTE,0,0,0.0
KNN,No SMOTE,0,0,0.0
KNN,No SMOTE,0,0,0.0
KNN,No SMOTE,0,0,0.0
KNN,No SMOTE,0,0,0.0
KNN,No SMOTE,0,0,0.0
KNN,No SMOTE,0,0,0.0
KNN,No SMOTE,0,0,0.0
KNN,No SMOTE,0,0,0.0
KNN,No SMOTE,0,0,0.0
KNN,No SMOTE,0,0,0.0
KNN,No SMOTE,0,0,0.0
KNN,No SMOTE,0,0,0.0
KNN,No SMOTE,0,0,0.0
KNN,No SMOTE,0,0,0.0
KNN,No SMOTE,0,0,0.0
KNN,No SMOTE,0,0,0.0
KNN,No SMOTE,0,0,0.0
KNN,No SMOTE,0,0,0.0
KNN,No SMOTE,0,0,0.0
KNN,No SMOTE,0,0,0.0
KNN,No SMOTE,0,0,0.0
KNN,No SMOTE,0,0,0.0
KNN,No SMOTE,0,0,0.0
KNN,No SMOTE,0,0,0.0
KNN,No SMOTE,0,0,0.0
KNN,No SMOTE,0,0,0.0
KNN,No SMOTE,0,0,0.0
KNN,No SMOTE,0,0,0.0
KNN,No SMOTE,0,0,0.0
KNN,No SMOTE,0,0,0.0
KNN,No SMOTE,0,0,0.0
KNN,No SMOTE,0,0,0.0
KNN,No SMOTE,0,0,0.0
KNN,No SMOTE,0,0,0.0
KNN,No SMOTE,0,0,0.0
KNN,No SMOTE,0,0,0.0
KNN,No SMOTE,0,0,0.0
KNN,No SMOTE,0,0,0.0
KNN,No SMOTE,0,0,0.0
KNN,No SMOTE,0,0,0.0
KNN,No SMOTE,0,0,0.0
KNN,No SMOTE,0,0,0.0
KNN,No SMOTE,0,0,0.0
KNN,No SMOTE,0,0,0.0
KNN,No SMOTE,0,0,0.0
KNN,No SMOTE,0,0,0.0
KNN,No SMOTE,0,0,0.0
KNN,No SMOTE,0,0,0.0
KNN,No SMOTE,0,0,0.0
KNN,No SMOTE,0,0,0.0
KNN,No SMOTE,0,0,0.0
KNN,No SMOTE,0,0,0.0
KNN,No SMOTE,0,0,0.0
KNN,No SMOTE,0,0,0.0
KNN,No SMOTE,0,0,0.0
KNN,No SMOTE,0,0,0.0
KNN,No SMOTE,0,0,0.0
KNN,No SMOTE,0,0,0.0
KNN,No SMOTE,0,0,0.0
KNN,No SMOTE,0,0,0.0
KNN,No SMOTE,0,0,0.0
KNN,No SMOTE,0,0,0.0
KNN,No SMOTE,0,0,0.0
KNN,No SMOTE,0,0,0.0
KNN,No SMOTE,0,0,0.0
KNN,No SMOTE,0,0,0.0
KNN,No SMOTE,0,0,0.0
KNN,No SMOTE,0,0,0.0
KNN,No SMOTE,0,0,0.0
KNN,No SMOTE,0,0,0.0
KNN,No SMOTE,0,0,0.0
KNN,No SMOTE,0,0,0.0
KNN,No SMOTE,0,0,0.0
KNN,No SMOTE,0,0,0.0
KNN,No SMOTE,0,0,0.0
KNN,No SMOTE,0,0,0.0
KNN,No SMOTE,0,0,0.0
KNN,No SMOTE,0,0,0.0
KNN,No SMOTE,0,0,0.0
KNN,No SMOTE,0,0,0.0
KNN,No SMOTE,0,0,0.0
KNN,No SMOTE,0,0,0.0
KNN,No SMOTE,0,0,0.0
KNN,No SMOTE,0,0,0.0
KNN,No SMOTE,0,0,0.0
KNN,No SMOTE,0,0,0.0
KNN,No SMOTE,0,0,0.0
KNN,No SMOTE,0,0,0.0
KNN,No SMOTE,0,0,0.0
KNN,No SMOTE,0,0,0.0
KNN,No SMOTE,0,0,0.0
KNN,No SMOTE,0,0,0.0
KNN,No SMOTE,0,0,0.0
KNN,No SMOTE,0,0,0.0
KNN,No SMOTE,0,0,0.0
KNN,No SMOTE,0,0,0.0
KNN,No SMOTE,0,0,0.0
KNN,No SMOTE,0,0,0.0
KNN,No SMOTE,0,0,0.0
KNN,No SMOTE,0,0,0.0
KNN,No SMOTE,0,0,0.0
KNN,No SMOTE,0,0,0.0
KNN,No SMOTE,0,0,0.0
KNN,No SMOTE,0,0,0.0
KNN,No SMOTE,0,0,0.0
KNN,No SMOTE,0,0,0.0
KNN,No SMOTE,0,0,0.0
KNN,No SMOTE,0,0,0.0
KNN,No SMOTE,0,0,0.0
KNN,No SMOTE,0,0,0.0
KNN,No SMOTE,0,0,0.0
KNN,No SMOTE,0,0,0.0
KNN,No SMOTE,0,0,0.0
KNN,No SMOTE,0,0,0.0
KNN,No SMOTE,0,0,0.0
KNN,No SMOTE,0,0,0.0
KNN,No SMOTE,0,0,0.0
KNN,No SMOTE,0,0,0.0
KNN,No SMOTE,0,0,0.0
KNN,No SMOTE,0,0,0.0
KNN,No SMOTE,0,0,0.0
KNN,No SMOTE,0,0,0.0
KNN,No SMOTE,0,0,0.0
KNN,No SMOTE,0,0,0.0
KNN,No SMOTE,0,0,0.0
KNN,No SMOTE,0,0,0.0
KNN,No SMOTE,0,0,0.0
KNN,No SMOTE,0,0,0.0
KNN,No SMOTE,0,0,0.0
KNN,No SMOTE,0,0,0.0
KNN,No SMOTE,0,0,0.0
KNN,No SMOTE,0,0,0.0
KNN,No SMOTE,0,0,0.0
KNN,No SMOTE,0,0,0.0
KNN,No SMOTE,0,0,0.0
KNN,No SMOTE,0,0,0.0
KNN,No SMOTE,0,0,0.0
KNN,No SMOTE,0,0,0.0
KNN,No SMOTE,0,0,0.0
KNN,No SMOTE,0,0,0.0
KNN,No SMOTE,0,0,0.0
KNN,No SMOTE,0,0,0.0
KNN,No SMOTE,0,0,0.0
KNN,No SMOTE,0,0,0.0
KNN,No SMOTE,0,0,0.0
KNN,No SMOTE,0,0,0.0
KNN,No SMOTE,0,0,0.0
KNN,No SMOTE,0,0,0.0
KNN,No SMOTE,0,0,0.0
KNN,No SMOTE,0,0,0.0
KNN,No SMOTE,0,0,0.0
KNN,No SMOTE,0,0,0.0
KNN,No SMOTE,0,0,0.0
KNN,No SMOTE,0,0,0.0
KNN,No SMOTE,0,0,0.0
KNN,No SMOTE,0,0,0.0
KNN,No SMOTE,0,0,0.0
KNN,No SMOTE,0,0,0.0
KNN,No SMOTE,0,0,0.0
KNN,No SMOTE,0,0,0.0
KNN,No SMOTE,0,0,0.0
KNN,No SMOTE,0,0,0.0
KNN,No SMOTE,0,0,0.0
KNN,No SMOTE,0,0,0.0
KNN,No SMOTE,0,0,0.0
KNN,No SMOTE,0,0,0.0
KNN,No SMOTE,0,0,0.0
KNN,No SMOTE,0,0,0.0
KNN,No SMOTE,0,0,0.0
KNN,No SMOTE,0,0,0.0
KNN,No SMOTE,0,0,0.0
KNN,No SMOTE,0,0,0.0
KNN,No SMOTE,0,0,0.0
KNN,No SMOTE,0,0,0.0
KNN,No SMOTE,0,0,0.0
KNN,No SMOTE,0,0,0.0
KNN,No SMOTE,0,0,0.0
KNN,No SMOTE,0,0,0.0
KNN,No SMOTE,0,0,0.0
KNN,No SMOTE,0,0,0.0
KNN,No SMOTE,0,0,0.0
KNN,No SMOTE,0,0,0.0
KNN,No SMOTE,0,0,0.0
KNN,No SMOTE,0,0,0.0
KNN,No SMOTE,0,0,0.0
KNN,No SMOTE,0,0,0.0
KNN,No SMOTE,0,0,0.0
KNN,No SMOTE,0,0,0.0
KNN,No SMOTE,0,0,0.0
KNN,No SMOTE,0,0,0.0
KNN,No SMOTE,0,0,0.0
KNN,No SMOTE,0,0,0.0
KNN,No SMOTE,0,0,0.0
KNN,No SMOTE,0,0,0.0
KNN,No SMOTE,0,0,0.0
KNN,No SMOTE,0,0,0.0
KNN,No SMOTE,0,0,0.0
KNN,No SMOTE,0,0,0.0
KNN,No SMOTE,0,0,0.0
KNN,No SMOTE,0,0,0.0
KNN,No SMOTE,0,0,0.0
KNN,No SMOTE,0,0,0.0
KNN,No SMOTE,0,0,0.0
KNN,No SMOTE,0,0,0.0
KNN,No SMOTE,0,0,0.0
KNN,No SMOTE,0,0,0.0
KNN,No SMOTE,0,0,0.0
KNN,No SMOTE,0,0,0.0
KNN,No SMOTE,0,0,0.0
KNN,No SMOTE,0,0,0.0
KNN,No SMOTE,0,0,0.0
KNN,No SMOTE,0,0,0.0
KNN,No SMOTE,0,0,0.0
KNN,No SMOTE,0,0,0.0
KNN,No SMOTE,0,0,0.0
KNN,No SMOTE,0,0,0.0
KNN,No SMOTE,0,0,0.0
KNN,No SMOTE,0,0,0.0
KNN,No SMOTE,0,0,0.0
KNN,No SMOTE,0,0,0.0
KNN,No SMOTE,0,0,0.0
KNN,No SMOTE,0,0,0.0
KNN,No SMOTE,0,0,0.0
KNN,No SMOTE,0,0,0.0
KNN,No SMOTE,0,0,0.0
KNN,No SMOTE,0,0,0.0
KNN,No SMOTE,0,0,0.0
KNN,No SMOTE,0,0,0.0
KNN,No SMOTE,0,0,0.0
KNN,No SMOTE,0,0,0.0
KNN,No SMOTE,0,0,0.0
KNN,No SMOTE,0,0,0.0
KNN,No SMOTE,0,0,0.0
KNN,No SMOTE,0,0,0.0
KNN,No SMOTE,0,0,0.0
KNN,No SMOTE,0,0,0.0
KNN,No SMOTE,0,0,0.0
KNN,No SMOTE,0,0,0.0
KNN,No SMOTE,0,0,0.0
KNN,No SMOTE,0,0,0.0
KNN,No SMOTE,0,0,0.0
KNN,No SMOTE,0,0,0.0
KNN,No SMOTE,0,0,0.0
KNN,No SMOTE,0,0,0.0
KNN,No SMOTE,0,0,0.0
KNN,No SMOTE,0,0,0.0
KNN,No SMOTE,0,0,0.0
KNN,No SMOTE,0,0,0.0
KNN,No SMOTE,0,0,0.0
KNN,No SMOTE,0,0,0.0
KNN,No SMOTE,0,0,0.0
KNN,No SMOTE,0,0,0.0
KNN,No SMOTE,0,0,0.0
KNN,No SMOTE,0,0,0.0
KNN,No SMOTE,0,0,0.0
KNN,No SMOTE,0,0,0.0
KNN,No SMOTE,0,0,0.0
KNN,No SMOTE,0,0,0.0
KNN,No SMOTE,0,0,0.0
KNN,No SMOTE,0,0,0.0
KNN,No SMOTE,0,0,0.0
KNN,No SMOTE,0,0,0.0
KNN,No SMOTE,0,0,0.0
KNN,No SMOTE,0,0,0.2
KNN,No SMOTE,0,0,0.0
KNN,No SMOTE,0,0,0.0
KNN,No SMOTE,0,0,0.0
KNN,No SMOTE,0,0,0.0
KNN,No SMOTE,0,0,0.0
KNN,No SMOTE,0,0,0.0
KNN,No SMOTE,0,0,0.0
KNN,No SMOTE,0,0,0.0
KNN,No SMOTE,0,0,0.0
KNN,No SMOTE,0,0,0.0
KNN,No SMOTE,0,0,0.0
KNN,No SMOTE,0,0,0.0
KNN,No SMOTE,0,0,0.0
KNN,No SMOTE,0,0,0.0
KNN,No SMOTE,0,0,0.0
KNN,No SMOTE,0,0,0.0
KNN,No SMOTE,0,0,0.0
KNN,No SMOTE,0,0,0.0
KNN,No SMOTE,0,0,0.0
KNN,No SMOTE,0,0,0.0
KNN,No SMOTE,0,0,0.0
KNN,No SMOTE,0,0,0.0
KNN,No SMOTE,0,0,0.0
KNN,No SMOTE,0,0,0.0
KNN,No SMOTE,0,0,0.0
KNN,No SMOTE,0,0,0.0
KNN,No SMOTE,0,0,0.0
KNN,No SMOTE,0,0,0.0
KNN,No SMOTE,0,0,0.0
KNN,No SMOTE,0,0,0.0
KNN,No SMOTE,0,0,0.0
KNN,No SMOTE,0,0,0.0
KNN,No SMOTE,0,0,0.0
KNN,No SMOTE,0,0,0.0
KNN,No SMOTE,0,0,0.0
KNN,No SMOTE,0,0,0.0
KNN,No SMOTE,0,0,0.0
KNN,No SMOTE,0,0,0.0
KNN,No SMOTE,0,0,0.0
KNN,No SMOTE,0,0,0.0
KNN,No SMOTE,0,0,0.0
KNN,No SMOTE,0,0,0.0
KNN,No SMOTE,0,0,0.0
KNN,No SMOTE,0,0,0.0
KNN,No SMOTE,0,0,0.0
KNN,No SMOTE,0,0,0.0
KNN,No SMOTE,0,0,0.0
KNN,No SMOTE,0,0,0.0
KNN,No SMOTE,0,0,0.0
KNN,No SMOTE,0,0,0.0
KNN,No SMOTE,0,0,0.0
KNN,No SMOTE,0,0,0.0
KNN,No SMOTE,0,0,0.0
KNN,No SMOTE,0,0,0.0
KNN,No SMOTE,0,0,0.0
KNN,No SMOTE,0,0,0.0
KNN,No SMOTE,0,0,0.0
KNN,No SMOTE,0,0,0.0
KNN,No SMOTE,0,0,0.0
KNN,No SMOTE,0,0,0.0
KNN,No SMOTE,0,0,0.0
KNN,No SMOTE,0,0,0.0
KNN,No SMOTE,0,0,0.0
KNN,No SMOTE,0,0,0.0
KNN,No SMOTE,0,0,0.0
KNN,No SMOTE,0,0,0.0
KNN,No SMOTE,0,0,0.0
KNN,No SMOTE,0,0,0.0
KNN,No SMOTE,0,0,0.0
KNN,No SMOTE,0,0,0.0
KNN,No SMOTE,0,0,0.0
KNN,No SMOTE,0,0,0.0
KNN,No SMOTE,0,0,0.0
KNN,No SMOTE,0,0,0.0
KNN,No SMOTE,0,0,0.0
KNN,No SMOTE,0,0,0.0
KNN,No SMOTE,0,0,0.0
KNN,No SMOTE,0,0,0.0
KNN,No SMOTE,0,0,0.0
KNN,No SMOTE,0,0,0.0
KNN,No SMOTE,0,0,0.0
KNN,No SMOTE,0,0,0.0
KNN,No SMOTE,0,0,0.0
KNN,No SMOTE,0,0,0.0
KNN,No SMOTE,0,0,0.0
KNN,No SMOTE,0,0,0.0
KNN,No SMOTE,0,0,0.0
KNN,No SMOTE,0,0,0.0
KNN,No SMOTE,0,0,0.0
KNN,No SMOTE,0,0,0.0
KNN,No SMOTE,0,1,1.0
KNN,No SMOTE,0,0,0.0
KNN,No SMOTE,0,0,0.0
KNN,No SMOTE,0,0,0.0
KNN,No SMOTE,0,0,0.0
KNN,No SMOTE,0,0,0.0
KNN,No SMOTE,0,0,0.0
KNN,No SMOTE,0,0,0.0
KNN,No SMOTE,0,0,0.0
KNN,No SMOTE,0,0,0.0
KNN,No SMOTE,0,0,0.0
KNN,No SMOTE,0,0,0.0
KNN,No SMOTE,0,0,0.0
KNN,No SMOTE,0,0,0.0
KNN,No SMOTE,0,0,0.0
KNN,No SMOTE,0,0,0.0
KNN,No SMOTE,0,0,0.0
KNN,No SMOTE,0,0,0.0
KNN,No SMOTE,0,0,0.0
KNN,No SMOTE,0,0,0.0
KNN,No SMOTE,0,0,0.0
KNN,No SMOTE,0,0,0.0
KNN,No SMOTE,0,0,0.0
KNN,No SMOTE,0,0,0.0
KNN,No SMOTE,0,0,0.0
KNN,No SMOTE,0,0,0.0
KNN,No SMOTE,0,0,0.0
KNN,No SMOTE,0,0,0.0
KNN,No SMOTE,0,0,0.0
KNN,No SMOTE,0,0,0.0
KNN,No SMOTE,0,0,0.0
KNN,No SMOTE,0,0,0.0
KNN,No SMOTE,0,0,0.0
KNN,No SMOTE,0,0,0.0
KNN,No SMOTE,0,0,0.0
KNN,No SMOTE,0,0,0.0
KNN,No SMOTE,0,0,0.0
KNN,No SMOTE,0,0,0.0
KNN,No SMOTE,0,0,0.0
KNN,No SMOTE,0,0,0.0
KNN,No SMOTE,0,0,0.0
KNN,No SMOTE,0,0,0.0
KNN,No SMOTE,0,0,0.0
KNN,No SMOTE,0,0,0.0
KNN,No SMOTE,0,0,0.0
KNN,No SMOTE,0,0,0.0
KNN,No SMOTE,0,0,0.0
KNN,No SMOTE,0,0,0.0
KNN,No SMOTE,0,0,0.0
KNN,No SMOTE,0,0,0.0
KNN,No SMOTE,0,0,0.0
KNN,No SMOTE,0,0,0.0
KNN,No SMOTE,0,0,0.0
KNN,No SMOTE,0,0,0.0
KNN,No SMOTE,0,0,0.0
KNN,No SMOTE,0,0,0.0
KNN,No SMOTE,0,0,0.0
KNN,No SMOTE,0,0,0.0
KNN,No SMOTE,0,0,0.0
KNN,No SMOTE,0,0,0.0
KNN,No SMOTE,0,0,0.0
KNN,No SMOTE,0,0,0.0
KNN,No SMOTE,0,0,0.0
KNN,No SMOTE,0,0,0.0
KNN,No SMOTE,0,0,0.0
KNN,No SMOTE,0,0,0.0
KNN,No SMOTE,0,0,0.0
KNN,No SMOTE,0,0,0.0
KNN,No SMOTE,0,0,0.0
KNN,No SMOTE,0,0,0.0
KNN,No SMOTE,0,0,0.0
KNN,No SMOTE,0,0,0.0
KNN,No SMOTE,0,0,0.0
KNN,No SMOTE,0,0,0.0
KNN,No SMOTE,0,0,0.0
KNN,No SMOTE,0,0,0.0
KNN,No SMOTE,0,0,0.0
KNN,No SMOTE,0,0,0.0
KNN,No SMOTE,0,0,0.0
KNN,No SMOTE,0,0,0.0
KNN,No SMOTE,0,0,0.0
KNN,No SMOTE,0,0,0.0
KNN,No SMOTE,0,0,0.0
KNN,No SMOTE,0,0,0.0
KNN,No SMOTE,0,0,0.0
KNN,No SMOTE,0,0,0.0
KNN,No SMOTE,0,0,0.0
KNN,No SMOTE,0,0,0.0
KNN,No SMOTE,0,0,0.0
KNN,No SMOTE,0,0,0.0
KNN,No SMOTE,0,0,0.0
KNN,No SMOTE,0,0,0.0
KNN,No SMOTE,0,0,0.0
KNN,No SMOTE,0,0,0.0
KNN,No SMOTE,0,0,0.0
KNN,No SMOTE,0,0,0.0
KNN,No SMOTE,0,0,0.0
KNN,No SMOTE,0,0,0.0
KNN,No SMOTE,0,0,0.0
KNN,No SMOTE,0,0,0.0
KNN,No SMOTE,0,0,0.0
KNN,No SMOTE,0,0,0.0
KNN,No SMOTE,0,0,0.0
KNN,No SMOTE,0,0,0.0
KNN,No SMOTE,0,0,0.0
KNN,No SMOTE,0,0,0.0
KNN,No SMOTE,0,0,0.0
KNN,No SMOTE,0,0,0.0
KNN,No SMOTE,0,0,0.0
KNN,No SMOTE,0,0,0.0
KNN,No SMOTE,0,0,0.0
KNN,No SMOTE,0,0,0.0
KNN,No SMOTE,0,0,0.0
KNN,No SMOTE,0,0,0.0
KNN,No SMOTE,0,0,0.0
KNN,No SMOTE,0,0,0.0
KNN,No SMOTE,0,0,0.0
KNN,No SMOTE,0,0,0.0
KNN,No SMOTE,0,0,0.0
KNN,No SMOTE,0,0,0.0
KNN,No SMOTE,0,0,0.0
KNN,No SMOTE,0,0,0.0
KNN,No SMOTE,0,0,0.0
KNN,No SMOTE,0,0,0.0
KNN,No SMOTE,0,0,0.0
KNN,No SMOTE,0,0,0.0
KNN,No SMOTE,0,0,0.0
KNN,No SMOTE,0,0,0.0
KNN,No SMOTE,0,0,0.0
KNN,No SMOTE,0,0,0.0
KNN,No SMOTE,0,0,0.0
KNN,No SMOTE,0,0,0.0
KNN,No SMOTE,0,0,0.0
KNN,No SMOTE,0,0,0.0
KNN,No SMOTE,0,0,0.0
KNN,No SMOTE,0,0,0.0
KNN,No SMOTE,0,0,0.0
KNN,No SMOTE,0,0,0.0
KNN,No SMOTE,0,0,0.0
KNN,No SMOTE,0,0,0.0
KNN,No SMOTE,0,0,0.0
KNN,No SMOTE,0,0,0.0
KNN,No SMOTE,0,0,0.0
KNN,No SMOTE,0,0,0.0
KNN,No SMOTE,0,0,0.0
KNN,No SMOTE,0,0,0.0
KNN,No SMOTE,0,0,0.0
KNN,No SMOTE,0,0,0.0
KNN,No SMOTE,0,0,0.0
KNN,No SMOTE,0,0,0.0
KNN,No SMOTE,0,0,0.0
KNN,No SMOTE,0,0,0.0
KNN,No SMOTE,0,0,0.0
KNN,No SMOTE,0,0,0.0
KNN,No SMOTE,0,0,0.0
KNN,No SMOTE,0,0,0.0
KNN,No SMOTE,0,0,0.0
KNN,No SMOTE,0,0,0.0
KNN,No SMOTE,0,0,0.0
KNN,No SMOTE,0,0,0.0
KNN,No SMOTE,0,0,0.0
KNN,No SMOTE,0,0,0.0
KNN,No SMOTE,0,0,0.0
KNN,No SMOTE,0,0,0.0
KNN,No SMOTE,0,0,0.0
KNN,No SMOTE,0,0,0.0
KNN,No SMOTE,0,0,0.0
KNN,No SMOTE,0,0,0.0
KNN,No SMOTE,0,0,0.0
KNN,No SMOTE,0,0,0.0
KNN,No SMOTE,0,0,0.0
KNN,No SMOTE,0,0,0.0
KNN,No SMOTE,0,0,0.0
KNN,No SMOTE,0,0,0.0
KNN,No SMOTE,0,0,0.0
KNN,No SMOTE,0,0,0.0
KNN,No SMOTE,0,0,0.0
KNN,No SMOTE,0,0,0.0
KNN,No SMOTE,0,0,0.0
KNN,No SMOTE,0,0,0.0
KNN,No SMOTE,0,0,0.0
KNN,No SMOTE,0,0,0.0
KNN,No SMOTE,0,0,0.0
KNN,No SMOTE,0,0,0.0
KNN,No SMOTE,0,0,0.0
KNN,No SMOTE,0,0,0.0
KNN,No SMOTE,0,0,0.0
KNN,No SMOTE,0,0,0.0
KNN,No SMOTE,0,0,0.0
KNN,No SMOTE,0,0,0.0
KNN,No SMOTE,0,0,0.0
KNN,No SMOTE,0,0,0.0
KNN,No SMOTE,0,0,0.0
KNN,No SMOTE,0,0,0.0
KNN,No SMOTE,0,0,0.0
KNN,No SMOTE,0,0,0.0
KNN,No SMOTE,0,0,0.0
KNN,No SMOTE,0,0,0.0
KNN,No SMOTE,0,0,0.0
KNN,No SMOTE,0,0,0.0
KNN,No SMOTE,0,0,0.0
KNN,No SMOTE,0,0,0.0
KNN,No SMOTE,0,0,0.0
KNN,No SMOTE,0,0,0.0
KNN,No SMOTE,0,0,0.0
KNN,No SMOTE,0,0,0.0
KNN,No SMOTE,0,0,0.0
KNN,No SMOTE,0,0,0.0
KNN,No SMOTE,0,0,0.0
KNN,No SMOTE,0,0,0.0
KNN,No SMOTE,0,0,0.0
KNN,No SMOTE,0,0,0.0
KNN,No SMOTE,0,0,0.0
KNN,No SMOTE,0,0,0.0
KNN,No SMOTE,0,0,0.0
KNN,No SMOTE,0,0,0.0
KNN,No SMOTE,0,0,0.0
KNN,No SMOTE,0,0,0.0
KNN,No SMOTE,0,0,0.0
KNN,No SMOTE,0,0,0.0
KNN,No SMOTE,0,0,0.0
KNN,No SMOTE,0,0,0.0
KNN,No SMOTE,0,0,0.0
KNN,No SMOTE,0,0,0.0
KNN,No SMOTE,0,0,0.0
KNN,No SMOTE,0,0,0.0
KNN,No SMOTE,0,0,0.0
KNN,No SMOTE,0,0,0.0
KNN,No SMOTE,0,0,0.0
KNN,No SMOTE,0,0,0.0
KNN,No SMOTE,0,0,0.0
KNN,No SMOTE,0,0,0.0
KNN,No SMOTE,0,0,0.0
KNN,No SMOTE,0,0,0.0
KNN,No SMOTE,0,0,0.0
KNN,No SMOTE,0,0,0.0
KNN,No SMOTE,0,0,0.0
KNN,No SMOTE,0,0,0.0
KNN,No SMOTE,0,0,0.0
KNN,No SMOTE,0,0,0.0
KNN,No SMOTE,0,0,0.0
KNN,No SMOTE,0,0,0.0
KNN,No SMOTE,0,0,0.0
KNN,No SMOTE,0,0,0.0
KNN,No SMOTE,0,0,0.0
KNN,No SMOTE,0,0,0.0
KNN,No SMOTE,0,0,0.0
KNN,No SMOTE,0,0,0.0
KNN,No SMOTE,0,0,0.0
KNN,No SMOTE,0,0,0.0
KNN,No SMOTE,0,0,0.0
KNN,No SMOTE,0,0,0.0
KNN,No SMOTE,0,0,0.0
KNN,No SMOTE,0,0,0.0
KNN,No SMOTE,0,0,0.0
KNN,No SMOTE,0,0,0.0
KNN,No SMOTE,0,0,0.0
KNN,No SMOTE,0,0,0.0
KNN,No SMOTE,0,0,0.0
KNN,No SMOTE,0,0,0.0
KNN,No SMOTE,0,0,0.0
KNN,No SMOTE,0,0,0.0
KNN,No SMOTE,0,0,0.0
KNN,No SMOTE,0,0,0.0
KNN,No SMOTE,0,0,0.0
KNN,No SMOTE,0,0,0.0
KNN,No SMOTE,0,0,0.0
KNN,No SMOTE,0,0,0.0
KNN,No SMOTE,0,0,0.0
KNN,No SMOTE,0,0,0.0
KNN,No SMOTE,0,0,0.0
KNN,No SMOTE,0,0,0.0
KNN,No SMOTE,0,0,0.0
KNN,No SMOTE,0,0,0.0
KNN,No SMOTE,0,0,0.0
KNN,No SMOTE,0,0,0.0
KNN,No SMOTE,0,0,0.0
KNN,No SMOTE,0,0,0.0
KNN,No SMOTE,0,0,0.0
KNN,No SMOTE,0,0,0.0
KNN,No SMOTE,0,0,0.0
KNN,No SMOTE,0,0,0.0
KNN,No SMOTE,0,0,0.0
KNN,No SMOTE,0,0,0.0
KNN,No SMOTE,0,0,0.0
KNN,No SMOTE,0,0,0.0
KNN,No SMOTE,0,0,0.0
KNN,No SMOTE,0,0,0.0
KNN,No SMOTE,0,0,0.0
KNN,No SMOTE,0,0,0.0
KNN,No SMOTE,0,0,0.0
KNN,No SMOTE,0,0,0.0
KNN,No SMOTE,0,0,0.0
KNN,No SMOTE,0,0,0.0
KNN,No SMOTE,0,0,0.0
KNN,No SMOTE,0,0,0.0
KNN,No SMOTE,0,0,0.0
KNN,No SMOTE,0,0,0.0
KNN,No SMOTE,0,0,0.0
KNN,No SMOTE,0,0,0.0
KNN,No SMOTE,0,0,0.0
KNN,No SMOTE,0,0,0.0
KNN,No SMOTE,0,0,0.0
KNN,No SMOTE,0,0,0.0
KNN,No SMOTE,0,0,0.0
KNN,No SMOTE,0,0,0.0
KNN,No SMOTE,0,0,0.0
KNN,No SMOTE,0,0,0.0
KNN,No SMOTE,0,0,0.0
KNN,No SMOTE,0,0,0.0
KNN,No SMOTE,0,0,0.0
KNN,No SMOTE,0,0,0.0
KNN,No SMOTE,0,0,0.0
KNN,No SMOTE,0,0,0.0
KNN,No SMOTE,0,0,0.0
KNN,No SMOTE,0,0,0.0
KNN,No SMOTE,0,0,0.0
KNN,No SMOTE,0,0,0.0
KNN,No SMOTE,0,0,0.0
KNN,No SMOTE,0,0,0.0
KNN,No SMOTE,0,0,0.0
KNN,No SMOTE,0,0,0.0
KNN,No SMOTE,0,0,0.0
KNN,No SMOTE,0,0,0.0
KNN,No SMOTE,0,0,0.0
KNN,No SMOTE,0,0,0.0
KNN,No SMOTE,0,0,0.0
KNN,No SMOTE,0,0,0.0
KNN,No SMOTE,0,0,0.0
KNN,No SMOTE,0,0,0.0
KNN,No SMOTE,0,0,0.0
KNN,No SMOTE,0,0,0.0
KNN,No SMOTE,0,0,0.0
KNN,No SMOTE,0,0,0.0
KNN,No SMOTE,0,0,0.0
KNN,No SMOTE,0,0,0.0
KNN,No SMOTE,0,0,0.0
KNN,No SMOTE,0,0,0.0
KNN,No SMOTE,0,0,0.0
KNN,No SMOTE,0,0,0.0
KNN,No SMOTE,0,0,0.0
KNN,No SMOTE,0,0,0.0
KNN,No SMOTE,0,0,0.0
KNN,No SMOTE,0,0,0.0
KNN,No SMOTE,0,0,0.0
KNN,No SMOTE,0,0,0.0
KNN,No SMOTE,0,0,0.0
KNN,No SMOTE,0,0,0.0
KNN,No SMOTE,0,0,0.0
KNN,No SMOTE,0,0,0.0
KNN,No SMOTE,0,0,0.0
KNN,No SMOTE,0,0,0.0
KNN,No SMOTE,0,0,0.0
KNN,No SMOTE,0,0,0.0
KNN,No SMOTE,0,0,0.0
KNN,No SMOTE,0,0,0.0
KNN,No SMOTE,0,0,0.0
KNN,No SMOTE,0,0,0.0
KNN,No SMOTE,0,0,0.0
KNN,No SMOTE,0,0,0.0
KNN,No SMOTE,0,0,0.0
KNN,No SMOTE,0,0,0.0
KNN,No SMOTE,0,0,0.0
KNN,No SMOTE,0,0,0.0
KNN,No SMOTE,0,0,0.0
KNN,No SMOTE,0,0,0.0
KNN,No SMOTE,0,0,0.0
KNN,No SMOTE,0,0,0.0
KNN,No SMOTE,0,0,0.0
KNN,No SMOTE,0,0,0.0
KNN,No SMOTE,0,0,0.0
KNN,No SMOTE,0,0,0.0
KNN,No SMOTE,0,0,0.0
KNN,No SMOTE,0,0,0.0
KNN,No SMOTE,0,0,0.0
KNN,No SMOTE,0,0,0.0
KNN,No SMOTE,0,0,0.0
KNN,No SMOTE,0,0,0.0
KNN,No SMOTE,0,0,0.0
KNN,No SMOTE,0,0,0.0
KNN,No SMOTE,0,0,0.0
KNN,No SMOTE,0,0,0.0
KNN,No SMOTE,0,0,0.0
KNN,No SMOTE,0,0,0.0
KNN,No SMOTE,0,0,0.0
KNN,No SMOTE,0,0,0.0
KNN,No SMOTE,0,0,0.0
KNN,No SMOTE,0,0,0.0
KNN,No SMOTE,0,0,0.0
KNN,No SMOTE,0,0,0.0
KNN,No SMOTE,0,0,0.0
KNN,No SMOTE,0,0,0.0
KNN,No SMOTE,0,0,0.0
KNN,No SMOTE,0,0,0.0
KNN,No SMOTE,0,0,0.0
KNN,No SMOTE,0,0,0.0
KNN,No SMOTE,0,0,0.0
KNN,No SMOTE,0,0,0.0
KNN,No SMOTE,0,0,0.0
KNN,No SMOTE,0,0,0.0
KNN,No SMOTE,0,0,0.0
KNN,No SMOTE,0,0,0.0
KNN,No SMOTE,0,0,0.0
KNN,No SMOTE,0,0,0.0
KNN,No SMOTE,0,0,0.0
KNN,No SMOTE,0,0,0.0
KNN,No SMOTE,0,0,0.0
KNN,No SMOTE,0,0,0.0
KNN,No SMOTE,0,0,0.0
KNN,No SMOTE,0,0,0.0
KNN,No SMOTE,0,0,0.0
KNN,No SMOTE,0,0,0.0
KNN,No SMOTE,0,0,0.0
KNN,No SMOTE,0,0,0.0
KNN,No SMOTE,0,0,0.0
KNN,No SMOTE,0,0,0.0
KNN,No SMOTE,0,0,0.0
KNN,No SMOTE,0,0,0.0
KNN,No SMOTE,0,0,0.0
KNN,No SMOTE,0,0,0.0
KNN,No SMOTE,0,0,0.0
KNN,No SMOTE,0,0,0.0
KNN,No SMOTE,0,0,0.0
KNN,No SMOTE,0,0,0.0
KNN,No SMOTE,0,0,0.0
KNN,No SMOTE,0,0,0.0
KNN,No SMOTE,0,0,0.0
KNN,No SMOTE,0,0,0.0
KNN,No SMOTE,0,0,0.0
KNN,No SMOTE,0,0,0.0
KNN,No SMOTE,0,0,0.0
KNN,No SMOTE,0,0,0.0
KNN,No SMOTE,0,0,0.0
KNN,No SMOTE,0,0,0.0
KNN,No SMOTE,0,0,0.0
KNN,No SMOTE,0,0,0.0
KNN,No SMOTE,0,0,0.0
KNN,No SMOTE,0,0,0.0
KNN,No SMOTE,0,0,0.0
KNN,No SMOTE,0,0,0.0
KNN,No SMOTE,0,0,0.0
KNN,No SMOTE,0,0,0.0
KNN,No SMOTE,0,0,0.0
KNN,No SMOTE,0,0,0.0
KNN,No SMOTE,0,0,0.0
KNN,No SMOTE,0,0,0.0
KNN,No SMOTE,0,0,0.0
KNN,No SMOTE,0,0,0.0
KNN,No SMOTE,0,0,0.0
KNN,No SMOTE,0,0,0.0
KNN,No SMOTE,0,0,0.0
KNN,No SMOTE,0,0,0.0
KNN,No SMOTE,0,0,0.0
KNN,No SMOTE,0,0,0.0
KNN,No SMOTE,0,0,0.0
KNN,No SMOTE,0,0,0.0
KNN,No SMOTE,0,0,0.0
KNN,No SMOTE,0,0,0.0
KNN,No SMOTE,0,0,0.0
KNN,No SMOTE,0,0,0.0
KNN,No SMOTE,0,0,0.0
KNN,No SMOTE,0,0,0.0
KNN,No SMOTE,0,0,0.0
KNN,No SMOTE,0,0,0.0
KNN,No SMOTE,0,0,0.0
KNN,No SMOTE,0,0,0.0
KNN,No SMOTE,0,0,0.0
KNN,No SMOTE,0,0,0.0
KNN,No SMOTE,0,0,0.0
KNN,No SMOTE,0,0,0.0
KNN,No SMOTE,0,0,0.0
KNN,No SMOTE,0,0,0.0
KNN,No SMOTE,0,0,0.0
KNN,No SMOTE,0,0,0.0
KNN,No SMOTE,0,0,0.0
KNN,No SMOTE,0,0,0.0
KNN,No SMOTE,0,0,0.0
KNN,No SMOTE,0,0,0.0
KNN,No SMOTE,0,0,0.0
KNN,No SMOTE,0,0,0.0
KNN,No SMOTE,0,0,0.0
KNN,No SMOTE,0,0,0.0
KNN,No SMOTE,0,0,0.0
KNN,No SMOTE,0,0,0.0
KNN,No SMOTE,0,0,0.0
KNN,No SMOTE,0,0,0.0
KNN,No SMOTE,0,0,0.0
KNN,No SMOTE,0,0,0.0
KNN,No SMOTE,0,0,0.0
KNN,No SMOTE,0,0,0.0
KNN,No SMOTE,0,0,0.0
KNN,No SMOTE,0,0,0.0
KNN,No SMOTE,0,0,0.0
KNN,No SMOTE,0,0,0.0
KNN,No SMOTE,0,0,0.0
KNN,No SMOTE,0,0,0.0
KNN,No SMOTE,0,0,0.0
KNN,No SMOTE,0,0,0.0
KNN,No SMOTE,0,0,0.0
KNN,No SMOTE,0,0,0.0
KNN,No SMOTE,0,0,0.0
KNN,No SMOTE,0,0,0.0
KNN,No SMOTE,0,0,0.0
KNN,No SMOTE,0,0,0.0
KNN,No SMOTE,0,0,0.0
KNN,No SMOTE,0,0,0.0
KNN,No SMOTE,0,0,0.0
KNN,No SMOTE,0,0,0.0
KNN,No SMOTE,0,0,0.0
KNN,No SMOTE,0,0,0.0
KNN,No SMOTE,0,0,0.0
KNN,No SMOTE,0,0,0.0
KNN,No SMOTE,0,0,0.0
KNN,No SMOTE,0,0,0.0
KNN,No SMOTE,0,0,0.0
KNN,No SMOTE,0,0,0.0
KNN,No SMOTE,0,0,0.0
KNN,No SMOTE,0,0,0.0
KNN,No SMOTE,0,0,0.0
KNN,No SMOTE,0,0,0.0
KNN,No SMOTE,0,0,0.0
KNN,No SMOTE,0,0,0.0
KNN,No SMOTE,0,0,0.0
KNN,No SMOTE,0,0,0.0
KNN,No SMOTE,0,0,0.0
KNN,No SMOTE,0,0,0.0
KNN,No SMOTE,0,0,0.0
KNN,No SMOTE,0,0,0.0
KNN,No SMOTE,0,0,0.0
KNN,No SMOTE,0,0,0.0
KNN,No SMOTE,0,0,0.0
KNN,No SMOTE,0,0,0.0
KNN,No SMOTE,0,0,0.0
KNN,No SMOTE,0,0,0.0
KNN,No SMOTE,0,0,0.0
KNN,No SMOTE,0,0,0.0
KNN,No SMOTE,0,0,0.0
KNN,No SMOTE,0,0,0.0
KNN,No SMOTE,0,0,0.0
KNN,No SMOTE,0,0,0.0
KNN,No SMOTE,0,0,0.0
KNN,No SMOTE,0,0,0.0
KNN,No SMOTE,0,0,0.0
KNN,No SMOTE,0,0,0.0
KNN,No SMOTE,0,0,0.0
KNN,No SMOTE,0,0,0.0
KNN,No SMOTE,0,0,0.0
KNN,No SMOTE,0,0,0.0
KNN,No SMOTE,0,0,0.0
KNN,No SMOTE,0,0,0.0
KNN,No SMOTE,0,0,0.0
KNN,No SMOTE,0,0,0.0
KNN,No SMOTE,0,0,0.0
KNN,No SMOTE,0,0,0.0
KNN,No SMOTE,0,0,0.0
KNN,No SMOTE,0,0,0.0
KNN,No SMOTE,0,0,0.0
KNN,No SMOTE,0,0,0.0
KNN,No SMOTE,0,0,0.0
KNN,No SMOTE,0,0,0.0
KNN,No SMOTE,0,0,0.0
KNN,No SMOTE,0,0,0.0
KNN,No SMOTE,0,0,0.0
KNN,No SMOTE,0,0,0.0
KNN,No SMOTE,0,0,0.0
KNN,No SMOTE,0,0,0.0
KNN,No SMOTE,0,0,0.0
KNN,No SMOTE,0,0,0.0
KNN,No SMOTE,0,0,0.0
KNN,No SMOTE,0,0,0.0
KNN,No SMOTE,0,0,0.0
KNN,No SMOTE,0,0,0.0
KNN,No SMOTE,0,0,0.0
KNN,No SMOTE,0,0,0.0
KNN,No SMOTE,0,0,0.0
KNN,No SMOTE,0,0,0.0
KNN,No SMOTE,0,0,0.0
KNN,No SMOTE,0,0,0.0
KNN,No SMOTE,0,0,0.0
KNN,No SMOTE,0,0,0.0
KNN,No SMOTE,0,0,0.0
KNN,No SMOTE,0,0,0.0
KNN,No SMOTE,0,0,0.0
KNN,No SMOTE,0,0,0.0
KNN,No SMOTE,0,0,0.0
KNN,No SMOTE,0,0,0.0
KNN,No SMOTE,0,0,0.0
KNN,No SMOTE,0,0,0.0
KNN,No SMOTE,0,0,0.0
KNN,No SMOTE,0,0,0.0
KNN,No SMOTE,0,0,0.0
KNN,No SMOTE,0,0,0.0
KNN,No SMOTE,0,0,0.0
KNN,No SMOTE,0,0,0.0
KNN,No SMOTE,0,0,0.0
KNN,No SMOTE,0,0,0.0
KNN,No SMOTE,0,0,0.0
KNN,No SMOTE,0,0,0.0
KNN,No SMOTE,0,0,0.0
KNN,No SMOTE,0,0,0.0
KNN,No SMOTE,0,0,0.0
KNN,No SMOTE,0,0,0.0
KNN,No SMOTE,0,0,0.0
KNN,No SMOTE,0,0,0.0
KNN,No SMOTE,0,0,0.0
KNN,No SMOTE,0,0,0.0
KNN,No SMOTE,0,0,0.0
KNN,No SMOTE,0,0,0.0
KNN,No SMOTE,0,0,0.0
KNN,No SMOTE,0,0,0.0
KNN,No SMOTE,0,0,0.0
KNN,No SMOTE,0,0,0.0
KNN,No SMOTE,0,0,0.0
KNN,No SMOTE,0,0,0.0
KNN,No SMOTE,0,0,0.0
KNN,No SMOTE,0,0,0.0
KNN,No SMOTE,0,0,0.0
KNN,No SMOTE,0,0,0.0
KNN,No SMOTE,0,0,0.0
KNN,No SMOTE,0,0,0.0
KNN,No SMOTE,0,0,0.0
KNN,No SMOTE,0,0,0.0
KNN,No SMOTE,0,0,0.0
KNN,No SMOTE,0,0,0.0
KNN,No SMOTE,0,0,0.0
KNN,No SMOTE,0,0,0.0
KNN,No SMOTE,0,0,0.0
KNN,No SMOTE,0,0,0.0
KNN,No SMOTE,0,0,0.0
KNN,No SMOTE,0,0,0.0
KNN,No SMOTE,0,0,0.0
KNN,No SMOTE,0,0,0.0
KNN,No SMOTE,0,0,0.0
KNN,No SMOTE,0,0,0.0
KNN,No SMOTE,0,0,0.0
KNN,No SMOTE,0,0,0.0
KNN,No SMOTE,0,0,0.0
KNN,No SMOTE,0,0,0.0
KNN,No SMOTE,0,0,0.0
KNN,No SMOTE,0,0,0.0
KNN,No SMOTE,0,0,0.0
KNN,No SMOTE,0,0,0.0
KNN,No SMOTE,0,0,0.0
KNN,No SMOTE,0,0,0.0
KNN,No SMOTE,0,0,0.0
KNN,No SMOTE,0,0,0.0
KNN,No SMOTE,0,0,0.0
KNN,No SMOTE,0,0,0.0
KNN,No SMOTE,0,0,0.0
KNN,No SMOTE,0,0,0.0
KNN,No SMOTE,0,0,0.0
KNN,No SMOTE,0,0,0.0
KNN,No SMOTE,0,0,0.0
KNN,No SMOTE,0,0,0.0
KNN,No SMOTE,0,0,0.0
KNN,No SMOTE,0,0,0.0
KNN,No SMOTE,0,0,0.0
KNN,No SMOTE,0,0,0.0
KNN,No SMOTE,0,0,0.0
KNN,No SMOTE,0,0,0.0
KNN,No SMOTE,0,0,0.0
KNN,No SMOTE,0,0,0.0
KNN,No SMOTE,0,0,0.0
KNN,No SMOTE,0,0,0.0
KNN,No SMOTE,0,0,0.0
KNN,No SMOTE,0,0,0.0
KNN,No SMOTE,0,0,0.0
KNN,No SMOTE,0,0,0.0
KNN,No SMOTE,0,0,0.0
KNN,No SMOTE,0,0,0.0
KNN,No SMOTE,0,0,0.0
KNN,No SMOTE,0,0,0.0
KNN,No SMOTE,0,0,0.0
KNN,No SMOTE,0,0,0.0
KNN,No SMOTE,0,0,0.0
KNN,No SMOTE,0,0,0.0
KNN,No SMOTE,0,0,0.0
KNN,No SMOTE,0,0,0.0
KNN,No SMOTE,0,0,0.0
KNN,No SMOTE,0,0,0.0
KNN,No SMOTE,0,0,0.0
KNN,No SMOTE,0,0,0.0
KNN,No SMOTE,0,0,0.0
KNN,No SMOTE,0,0,0.0
KNN,No SMOTE,0,0,0.0
KNN,No SMOTE,0,0,0.0
KNN,No SMOTE,0,0,0.0
KNN,No SMOTE,0,0,0.0
KNN,No SMOTE,0,0,0.0
KNN,No SMOTE,0,0,0.0
KNN,No SMOTE,0,0,0.0
KNN,No SMOTE,0,0,0.0
KNN,No SMOTE,0,0,0.0
KNN,No SMOTE,0,0,0.0
KNN,No SMOTE,0,0,0.0
KNN,No SMOTE,0,0,0.0
KNN,No SMOTE,0,0,0.0
KNN,No SMOTE,0,0,0.0
KNN,No SMOTE,0,0,0.0
KNN,No SMOTE,0,0,0.0
KNN,No SMOTE,0,0,0.0
KNN,No SMOTE,0,0,0.0
KNN,No SMOTE,0,0,0.0
KNN,No SMOTE,0,0,0.0
KNN,No SMOTE,0,0,0.0
KNN,No SMOTE,0,0,0.0
KNN,No SMOTE,0,0,0.0
KNN,No SMOTE,0,0,0.0
KNN,No SMOTE,0,0,0.0
KNN,No SMOTE,0,0,0.0
KNN,No SMOTE,0,0,0.0
KNN,No SMOTE,0,0,0.0
KNN,No SMOTE,0,0,0.0
KNN,No SMOTE,0,0,0.0
KNN,No SMOTE,0,0,0.0
KNN,No SMOTE,0,0,0.0
KNN,No SMOTE,0,0,0.0
KNN,No SMOTE,0,0,0.0
KNN,No SMOTE,0,0,0.0
KNN,No SMOTE,0,0,0.0
KNN,No SMOTE,0,0,0.0
KNN,No SMOTE,0,0,0.0
KNN,No SMOTE,0,0,0.0
KNN,No SMOTE,0,0,0.0
KNN,No SMOTE,0,0,0.0
KNN,No SMOTE,0,0,0.0
KNN,No SMOTE,0,0,0.0
KNN,No SMOTE,0,0,0.0
KNN,No SMOTE,0,0,0.0
KNN,No SMOTE,0,0,0.0
KNN,No SMOTE,0,0,0.0
KNN,No SMOTE,0,0,0.0
KNN,No SMOTE,0,0,0.0
KNN,No SMOTE,0,0,0.0
KNN,No SMOTE,0,0,0.0
KNN,No SMOTE,0,0,0.0
KNN,No SMOTE,0,0,0.0
KNN,No SMOTE,0,0,0.0
KNN,No SMOTE,0,0,0.0
KNN,No SMOTE,0,0,0.0
KNN,No SMOTE,0,0,0.0
KNN,No SMOTE,0,0,0.0
KNN,No SMOTE,0,0,0.0
KNN,No SMOTE,0,0,0.0
KNN,No SMOTE,0,0,0.0
KNN,No SMOTE,0,0,0.0
KNN,No SMOTE,0,0,0.0
KNN,No SMOTE,0,0,0.0
KNN,No SMOTE,0,0,0.0
KNN,No SMOTE,0,0,0.0
KNN,No SMOTE,0,0,0.0
KNN,No SMOTE,0,0,0.0
KNN,No SMOTE,0,0,0.0
KNN,No SMOTE,0,0,0.0
KNN,No SMOTE,0,0,0.0
KNN,No SMOTE,0,0,0.0
KNN,No SMOTE,0,0,0.0
KNN,No SMOTE,0,0,0.0
KNN,No SMOTE,0,0,0.0
KNN,No SMOTE,0,0,0.0
KNN,No SMOTE,0,0,0.0
KNN,No SMOTE,0,0,0.0
KNN,No SMOTE,0,0,0.0
KNN,No SMOTE,0,0,0.0
KNN,No SMOTE,0,0,0.0
KNN,No SMOTE,0,0,0.0
KNN,No SMOTE,0,0,0.0
KNN,No SMOTE,0,0,0.0
KNN,No SMOTE,0,0,0.0
KNN,No SMOTE,0,0,0.0
KNN,No SMOTE,0,0,0.0
KNN,No SMOTE,0,0,0.0
KNN,No SMOTE,0,0,0.0
KNN,No SMOTE,0,0,0.0
KNN,No SMOTE,0,0,0.0
KNN,No SMOTE,0,0,0.0
KNN,No SMOTE,0,0,0.0
KNN,No SMOTE,0,0,0.0
KNN,No SMOTE,0,0,0.0
KNN,No SMOTE,0,0,0.0
KNN,No SMOTE,0,0,0.0
KNN,No SMOTE,0,0,0.0
KNN,No SMOTE,0,0,0.0
KNN,No SMOTE,0,0,0.0
KNN,No SMOTE,0,0,0.0
KNN,No SMOTE,0,0,0.0
KNN,No SMOTE,0,0,0.0
KNN,No SMOTE,0,0,0.0
KNN,No SMOTE,0,0,0.0
KNN,No SMOTE,0,0,0.0
KNN,No SMOTE,0,0,0.0
KNN,No SMOTE,0,0,0.0
KNN,No SMOTE,0,0,0.0
KNN,No SMOTE,0,0,0.0
KNN,No SMOTE,0,0,0.0
KNN,No SMOTE,0,0,0.0
KNN,No SMOTE,0,0,0.0
KNN,No SMOTE,0,0,0.0
KNN,No SMOTE,0,0,0.0
KNN,No SMOTE,0,0,0.0
KNN,No SMOTE,0,0,0.0
KNN,No SMOTE,0,0,0.0
KNN,No SMOTE,0,0,0.0
KNN,No SMOTE,0,0,0.0
KNN,No SMOTE,0,0,0.0
KNN,No SMOTE,0,0,0.0
KNN,No SMOTE,0,0,0.0
KNN,No SMOTE,0,0,0.0
KNN,No SMOTE,0,0,0.0
KNN,No SMOTE,0,0,0.0
KNN,No SMOTE,0,0,0.0
KNN,No SMOTE,0,0,0.0
KNN,No SMOTE,0,0,0.0
KNN,No SMOTE,0,0,0.0
KNN,No SMOTE,0,0,0.0
KNN,No SMOTE,0,0,0.0
KNN,No SMOTE,0,0,0.0
KNN,No SMOTE,0,0,0.0
KNN,No SMOTE,0,0,0.0
KNN,No SMOTE,0,0,0.0
KNN,No SMOTE,0,0,0.0
KNN,No SMOTE,0,0,0.0
KNN,No SMOTE,0,0,0.0
KNN,No SMOTE,0,0,0.0
KNN,No SMOTE,0,0,0.0
KNN,No SMOTE,0,0,0.0
KNN,No SMOTE,0,0,0.0
KNN,No SMOTE,0,0,0.0
KNN,No SMOTE,0,0,0.0
KNN,No SMOTE,0,0,0.0
KNN,No SMOTE,0,0,0.0
KNN,No SMOTE,0,0,0.0
KNN,No SMOTE,0,0,0.0
KNN,No SMOTE,0,0,0.0
KNN,No SMOTE,0,0,0.0
KNN,No SMOTE,0,0,0.0
KNN,No SMOTE,0,0,0.0
KNN,No SMOTE,0,0,0.0
KNN,No SMOTE,0,0,0.0
KNN,No SMOTE,0,0,0.0
KNN,No SMOTE,0,0,0.0
KNN,No SMOTE,0,0,0.0
KNN,No SMOTE,0,0,0.0
KNN,No SMOTE,0,0,0.0
KNN,No SMOTE,0,0,0.0
KNN,No SMOTE,0,0,0.0
KNN,No SMOTE,0,0,0.0
KNN,No SMOTE,0,0,0.0
KNN,No SMOTE,0,0,0.0
KNN,No SMOTE,0,0,0.0
KNN,No SMOTE,0,0,0.0
KNN,No SMOTE,0,0,0.0
KNN,No SMOTE,0,0,0.0
KNN,No SMOTE,0,0,0.0
KNN,No SMOTE,0,0,0.0
KNN,No SMOTE,0,0,0.0
KNN,No SMOTE,0,0,0.0
KNN,No SMOTE,0,0,0.0
KNN,No SMOTE,0,0,0.0
KNN,No SMOTE,0,0,0.0
KNN,No SMOTE,0,0,0.0
KNN,No SMOTE,0,0,0.0
KNN,No SMOTE,0,0,0.0
KNN,No SMOTE,0,0,0.0
KNN,No SMOTE,0,0,0.0
KNN,No SMOTE,0,0,0.0
KNN,No SMOTE,0,0,0.0
KNN,No SMOTE,0,0,0.0
KNN,No SMOTE,0,0,0.0
KNN,No SMOTE,0,0,0.0
KNN,No SMOTE,0,0,0.0
KNN,No SMOTE,0,0,0.0
KNN,No SMOTE,0,0,0.0
KNN,No SMOTE,0,0,0.0
KNN,No SMOTE,0,0,0.0
KNN,No SMOTE,0,0,0.0
KNN,No SMOTE,0,0,0.0
KNN,No SMOTE,0,0,0.0
KNN,No SMOTE,0,0,0.0
KNN,No SMOTE,0,0,0.0
KNN,No SMOTE,0,0,0.0
KNN,No SMOTE,0,0,0.0
KNN,No SMOTE,0,0,0.0
KNN,No SMOTE,0,0,0.0
KNN,No SMOTE,0,0,0.0
KNN,No SMOTE,0,0,0.0
KNN,No SMOTE,0,0,0.0
KNN,No SMOTE,0,0,0.0
KNN,No SMOTE,0,0,0.0
KNN,No SMOTE,0,0,0.0
KNN,No SMOTE,0,0,0.0
KNN,No SMOTE,0,0,0.0
KNN,No SMOTE,0,0,0.0
KNN,No SMOTE,0,0,0.0
KNN,No SMOTE,0,0,0.0
KNN,No SMOTE,0,0,0.0
KNN,No SMOTE,0,0,0.0
KNN,No SMOTE,0,0,0.0
KNN,No SMOTE,0,0,0.0
KNN,No SMOTE,0,0,0.0
KNN,No SMOTE,0,0,0.0
KNN,No SMOTE,0,0,0.0
KNN,No SMOTE,0,0,0.0
KNN,No SMOTE,0,0,0.0
KNN,No SMOTE,0,0,0.0
KNN,No SMOTE,0,0,0.0
KNN,No SMOTE,0,0,0.0
KNN,No SMOTE,0,0,0.0
KNN,No SMOTE,0,0,0.0
KNN,No SMOTE,0,0,0.0
KNN,No SMOTE,0,0,0.0
KNN,No SMOTE,0,0,0.0
KNN,No SMOTE,0,0,0.0
KNN,No SMOTE,0,0,0.0
KNN,No SMOTE,0,0,0.0
KNN,No SMOTE,0,0,0.0
KNN,No SMOTE,0,0,0.0
KNN,No SMOTE,0,0,0.0
KNN,No SMOTE,0,0,0.0
KNN,No SMOTE,0,0,0.0
KNN,No SMOTE,0,0,0.0
KNN,No SMOTE,0,0,0.0
KNN,No SMOTE,0,0,0.0
KNN,No SMOTE,0,0,0.0
KNN,No SMOTE,0,0,0.0
KNN,No SMOTE,0,0,0.0
KNN,No SMOTE,0,0,0.0
KNN,No SMOTE,0,0,0.0
KNN,No SMOTE,0,0,0.0
KNN,No SMOTE,0,0,0.0
KNN,No SMOTE,0,0,0.0
KNN,No SMOTE,0,0,0.0
KNN,No SMOTE,0,0,0.0
KNN,No SMOTE,0,0,0.0
KNN,No SMOTE,0,0,0.0
KNN,No SMOTE,0,0,0.0
KNN,No SMOTE,0,0,0.0
KNN,No SMOTE,0,0,0.0
KNN,No SMOTE,0,0,0.0
KNN,No SMOTE,0,0,0.0
KNN,No SMOTE,0,0,0.0
KNN,No SMOTE,0,0,0.0
KNN,No SMOTE,0,0,0.0
KNN,No SMOTE,0,0,0.0
KNN,No SMOTE,0,0,0.0
KNN,No SMOTE,0,0,0.0
KNN,No SMOTE,0,0,0.0
KNN,No SMOTE,0,0,0.0
KNN,No SMOTE,0,0,0.0
KNN,No SMOTE,0,0,0.0
KNN,No SMOTE,0,0,0.0
KNN,No SMOTE,0,0,0.0
KNN,No SMOTE,0,0,0.0
KNN,No SMOTE,0,0,0.0
KNN,No SMOTE,0,0,0.0
KNN,No SMOTE,0,0,0.0
KNN,No SMOTE,0,0,0.0
KNN,No SMOTE,0,0,0.0
KNN,No SMOTE,0,0,0.0
KNN,No SMOTE,0,0,0.0
KNN,No SMOTE,0,0,0.0
KNN,No SMOTE,0,0,0.0
KNN,No SMOTE,0,0,0.0
KNN,No SMOTE,0,0,0.0
KNN,No SMOTE,0,0,0.0
KNN,No SMOTE,0,0,0.0
KNN,No SMOTE,0,0,0.0
KNN,No SMOTE,0,0,0.0
KNN,No SMOTE,0,0,0.0
KNN,No SMOTE,0,0,0.0
KNN,No SMOTE,0,0,0.0
KNN,No SMOTE,0,0,0.0
KNN,No SMOTE,0,0,0.0
KNN,No SMOTE,0,0,0.0
KNN,No SMOTE,0,0,0.0
KNN,No SMOTE,0,0,0.0
KNN,No SMOTE,0,0,0.0
KNN,No SMOTE,0,0,0.0
KNN,No SMOTE,0,0,0.0
KNN,No SMOTE,0,0,0.0
KNN,No SMOTE,0,0,0.0
KNN,No SMOTE,0,0,0.0
KNN,No SMOTE,0,0,0.0
KNN,No SMOTE,0,0,0.0
KNN,No SMOTE,0,0,0.0
KNN,No SMOTE,0,0,0.0
KNN,No SMOTE,0,0,0.0
KNN,No SMOTE,0,0,0.0
KNN,No SMOTE,0,0,0.0
KNN,No SMOTE,0,0,0.0
KNN,No SMOTE,0,0,0.0
KNN,No SMOTE,0,0,0.0
KNN,No SMOTE,0,0,0.0
KNN,No SMOTE,0,0,0.0
KNN,No SMOTE,0,0,0.0
KNN,No SMOTE,0,0,0.0
KNN,No SMOTE,0,0,0.0
KNN,No SMOTE,0,0,0.0
KNN,No SMOTE,0,0,0.0
KNN,No SMOTE,0,0,0.0
KNN,No SMOTE,0,0,0.0
KNN,No SMOTE,0,0,0.0
KNN,No SMOTE,0,0,0.0
KNN,No SMOTE,0,0,0.0
KNN,No SMOTE,0,0,0.0
KNN,No SMOTE,0,0,0.0
KNN,No SMOTE,0,0,0.0
KNN,No SMOTE,0,0,0.0
KNN,No SMOTE,0,0,0.0
KNN,No SMOTE,0,0,0.0
KNN,No SMOTE,0,0,0.0
KNN,No SMOTE,0,0,0.0
KNN,No SMOTE,0,0,0.0
KNN,No SMOTE,0,0,0.0
KNN,No SMOTE,0,0,0.0
KNN,No SMOTE,0,0,0.0
KNN,No SMOTE,0,0,0.0
KNN,No SMOTE,0,0,0.0
KNN,No SMOTE,0,0,0.0
KNN,No SMOTE,0,0,0.0
KNN,No SMOTE,0,0,0.0
KNN,No SMOTE,0,0,0.0
KNN,No SMOTE,0,0,0.0
KNN,No SMOTE,0,0,0.0
KNN,No SMOTE,0,0,0.0
KNN,No SMOTE,0,0,0.0
KNN,No SMOTE,0,0,0.0
KNN,No SMOTE,0,0,0.0
KNN,No SMOTE,0,0,0.0
KNN,No SMOTE,0,0,0.0
KNN,No SMOTE,0,0,0.0
KNN,No SMOTE,0,0,0.0
KNN,No SMOTE,0,0,0.0
KNN,No SMOTE,0,0,0.0
KNN,No SMOTE,0,0,0.0
KNN,No SMOTE,0,0,0.0
KNN,No SMOTE,0,0,0.0
KNN,No SMOTE,0,0,0.0
KNN,No SMOTE,0,0,0.0
KNN,No SMOTE,1,1,1.0
KNN,No SMOTE,0,0,0.0
KNN,No SMOTE,0,0,0.0
KNN,No SMOTE,0,0,0.0
KNN,No SMOTE,0,0,0.0
KNN,No SMOTE,0,0,0.0
KNN,No SMOTE,0,0,0.0
KNN,No SMOTE,0,0,0.0
KNN,No SMOTE,0,0,0.0
KNN,No SMOTE,0,0,0.0
KNN,No SMOTE,0,0,0.0
KNN,No SMOTE,0,0,0.0
KNN,No SMOTE,0,0,0.0
KNN,No SMOTE,0,0,0.0
KNN,No SMOTE,0,0,0.0
KNN,No SMOTE,0,0,0.0
KNN,No SMOTE,0,0,0.0
KNN,No SMOTE,0,0,0.0
KNN,No SMOTE,0,0,0.0
KNN,No SMOTE,0,0,0.0
KNN,No SMOTE,0,0,0.0
KNN,No SMOTE,0,0,0.0
KNN,No SMOTE,0,0,0.0
KNN,No SMOTE,0,0,0.0
KNN,No SMOTE,0,0,0.0
KNN,No SMOTE,0,0,0.0
KNN,No SMOTE,0,0,0.0
KNN,No SMOTE,0,0,0.0
KNN,No SMOTE,0,0,0.0
KNN,No SMOTE,0,0,0.0
KNN,No SMOTE,0,0,0.0
KNN,No SMOTE,0,0,0.0
KNN,No SMOTE,0,0,0.0
KNN,No SMOTE,0,0,0.0
KNN,No SMOTE,0,0,0.0
KNN,No SMOTE,0,0,0.0
KNN,No SMOTE,0,0,0.0
KNN,No SMOTE,0,0,0.0
KNN,No SMOTE,0,0,0.0
KNN,No SMOTE,0,0,0.0
KNN,No SMOTE,0,0,0.0
KNN,No SMOTE,0,0,0.0
KNN,No SMOTE,0,0,0.0
KNN,No SMOTE,0,0,0.0
KNN,No SMOTE,0,0,0.0
KNN,No SMOTE,0,0,0.0
KNN,No SMOTE,0,0,0.0
KNN,No SMOTE,0,0,0.0
KNN,No SMOTE,0,0,0.0
KNN,No SMOTE,0,0,0.0
KNN,No SMOTE,0,0,0.0
KNN,No SMOTE,0,0,0.0
KNN,No SMOTE,0,0,0.0
KNN,No SMOTE,0,0,0.0
KNN,No SMOTE,0,0,0.0
KNN,No SMOTE,0,0,0.0
KNN,No SMOTE,0,0,0.0
KNN,No SMOTE,0,0,0.0
KNN,No SMOTE,0,0,0.0
KNN,No SMOTE,0,0,0.0
KNN,No SMOTE,0,0,0.0
KNN,No SMOTE,0,0,0.0
KNN,No SMOTE,0,0,0.0
KNN,No SMOTE,0,0,0.0
KNN,No SMOTE,0,0,0.0
KNN,No SMOTE,0,0,0.0
KNN,No SMOTE,0,0,0.0
KNN,No SMOTE,0,0,0.0
KNN,No SMOTE,0,0,0.0
KNN,No SMOTE,0,0,0.0
KNN,No SMOTE,0,0,0.0
KNN,No SMOTE,0,0,0.0
KNN,No SMOTE,0,0,0.0
KNN,No SMOTE,0,0,0.0
KNN,No SMOTE,0,0,0.0
KNN,No SMOTE,0,0,0.0
KNN,No SMOTE,0,0,0.0
KNN,No SMOTE,0,0,0.0
KNN,No SMOTE,0,0,0.0
KNN,No SMOTE,0,0,0.0
KNN,No SMOTE,0,0,0.0
KNN,No SMOTE,0,0,0.0
KNN,No SMOTE,0,0,0.0
KNN,No SMOTE,0,0,0.0
KNN,No SMOTE,0,0,0.0
KNN,No SMOTE,0,0,0.0
KNN,No SMOTE,0,0,0.0
KNN,No SMOTE,0,0,0.0
KNN,No SMOTE,0,0,0.0
KNN,No SMOTE,0,0,0.0
KNN,No SMOTE,0,0,0.0
KNN,No SMOTE,0,0,0.0
KNN,No SMOTE,0,0,0.0
KNN,No SMOTE,0,0,0.0
KNN,No SMOTE,0,0,0.0
KNN,No SMOTE,0,0,0.0
KNN,No SMOTE,0,0,0.0
KNN,No SMOTE,0,0,0.0
KNN,No SMOTE,0,0,0.0
KNN,No SMOTE,0,0,0.0
KNN,No SMOTE,0,0,0.0
KNN,No SMOTE,0,0,0.0
KNN,No SMOTE,0,0,0.0
KNN,No SMOTE,0,0,0.0
KNN,No SMOTE,0,0,0.0
KNN,No SMOTE,0,0,0.0
KNN,No SMOTE,0,0,0.0
KNN,No SMOTE,0,0,0.0
KNN,No SMOTE,0,0,0.0
KNN,No SMOTE,0,0,0.0
KNN,No SMOTE,0,0,0.0
KNN,No SMOTE,0,0,0.0
KNN,No SMOTE,0,0,0.0
KNN,No SMOTE,0,0,0.0
KNN,No SMOTE,0,0,0.0
KNN,No SMOTE,0,0,0.0
KNN,No SMOTE,0,0,0.0
KNN,No SMOTE,0,0,0.0
KNN,No SMOTE,0,0,0.0
KNN,No SMOTE,0,0,0.0
KNN,No SMOTE,0,0,0.0
KNN,No SMOTE,0,0,0.0
KNN,No SMOTE,0,0,0.0
KNN,No SMOTE,0,0,0.0
KNN,No SMOTE,0,0,0.0
KNN,No SMOTE,0,0,0.0
KNN,No SMOTE,0,0,0.0
KNN,No SMOTE,0,0,0.0
KNN,No SMOTE,0,0,0.0
KNN,No SMOTE,0,0,0.0
KNN,No SMOTE,0,0,0.0
KNN,No SMOTE,0,0,0.0
KNN,No SMOTE,0,0,0.0
KNN,No SMOTE,0,0,0.0
KNN,No SMOTE,0,0,0.0
KNN,No SMOTE,0,0,0.0
KNN,No SMOTE,0,0,0.0
KNN,No SMOTE,0,0,0.0
KNN,No SMOTE,0,0,0.0
KNN,No SMOTE,0,0,0.0
KNN,No SMOTE,0,0,0.0
KNN,No SMOTE,0,0,0.0
KNN,No SMOTE,0,0,0.0
KNN,No SMOTE,0,0,0.0
KNN,No SMOTE,0,0,0.0
KNN,No SMOTE,0,0,0.0
KNN,No SMOTE,0,0,0.0
KNN,No SMOTE,0,0,0.0
KNN,No SMOTE,0,0,0.0
KNN,No SMOTE,0,0,0.0
KNN,No SMOTE,0,0,0.0
KNN,No SMOTE,0,0,0.0
KNN,No SMOTE,0,0,0.0
KNN,No SMOTE,0,0,0.0
KNN,No SMOTE,0,0,0.0
KNN,No SMOTE,0,0,0.0
KNN,No SMOTE,0,0,0.0
KNN,No SMOTE,0,0,0.0
KNN,No SMOTE,0,0,0.0
KNN,No SMOTE,0,0,0.0
KNN,No SMOTE,0,0,0.0
KNN,No SMOTE,0,0,0.0
KNN,No SMOTE,0,0,0.0
KNN,No SMOTE,0,0,0.0
KNN,No SMOTE,0,0,0.0
KNN,No SMOTE,0,0,0.0
KNN,No SMOTE,0,0,0.0
KNN,No SMOTE,0,0,0.0
KNN,No SMOTE,0,0,0.0
KNN,No SMOTE,0,0,0.0
KNN,No SMOTE,0,0,0.0
KNN,No SMOTE,0,0,0.0
KNN,No SMOTE,0,0,0.0
KNN,No SMOTE,0,0,0.0
KNN,No SMOTE,0,0,0.0
KNN,No SMOTE,0,0,0.0
KNN,No SMOTE,0,0,0.0
KNN,No SMOTE,0,0,0.0
KNN,No SMOTE,0,0,0.0
KNN,No SMOTE,0,0,0.0
KNN,No SMOTE,0,0,0.0
KNN,No SMOTE,0,0,0.0
KNN,No SMOTE,0,0,0.0
KNN,No SMOTE,0,0,0.0
KNN,No SMOTE,0,0,0.0
KNN,No SMOTE,0,0,0.0
KNN,No SMOTE,0,0,0.0
KNN,No SMOTE,0,0,0.0
KNN,No SMOTE,0,0,0.0
KNN,No SMOTE,0,0,0.0
KNN,No SMOTE,0,0,0.0
KNN,No SMOTE,0,0,0.0
KNN,No SMOTE,0,0,0.0
KNN,No SMOTE,0,0,0.0
KNN,No SMOTE,0,0,0.0
KNN,No SMOTE,0,0,0.0
KNN,No SMOTE,0,0,0.0
KNN,No SMOTE,0,0,0.0
KNN,No SMOTE,0,0,0.0
KNN,No SMOTE,0,0,0.0
KNN,No SMOTE,0,0,0.0
KNN,No SMOTE,0,0,0.0
KNN,No SMOTE,0,0,0.0
KNN,No SMOTE,0,0,0.0
KNN,No SMOTE,0,0,0.0
KNN,No SMOTE,0,0,0.0
KNN,No SMOTE,0,0,0.0
KNN,No SMOTE,0,0,0.0
KNN,No SMOTE,0,0,0.0
KNN,No SMOTE,0,0,0.0
KNN,No SMOTE,0,0,0.0
KNN,No SMOTE,0,0,0.0
KNN,No SMOTE,0,0,0.0
KNN,No SMOTE,0,0,0.0
KNN,No SMOTE,0,0,0.0
KNN,No SMOTE,0,0,0.0
KNN,No SMOTE,0,0,0.0
KNN,No SMOTE,0,0,0.0
KNN,No SMOTE,0,0,0.0
KNN,No SMOTE,0,0,0.0
KNN,No SMOTE,0,0,0.0
KNN,No SMOTE,0,0,0.0
KNN,No SMOTE,0,0,0.0
KNN,No SMOTE,0,0,0.0
KNN,No SMOTE,0,0,0.0
KNN,No SMOTE,0,0,0.0
KNN,No SMOTE,0,0,0.0
KNN,No SMOTE,0,0,0.0
KNN,No SMOTE,0,0,0.0
KNN,No SMOTE,0,0,0.0
KNN,No SMOTE,0,0,0.0
KNN,No SMOTE,0,0,0.0
KNN,No SMOTE,0,0,0.0
KNN,No SMOTE,0,0,0.0
KNN,No SMOTE,0,0,0.0
KNN,No SMOTE,0,0,0.0
KNN,No SMOTE,0,0,0.0
KNN,No SMOTE,0,0,0.0
KNN,No SMOTE,0,0,0.0
KNN,No SMOTE,0,0,0.0
KNN,No SMOTE,0,0,0.0
KNN,No SMOTE,0,0,0.0
KNN,No SMOTE,0,0,0.0
KNN,No SMOTE,0,0,0.0
KNN,No SMOTE,0,0,0.0
KNN,No SMOTE,0,0,0.0
KNN,No SMOTE,0,0,0.0
KNN,No SMOTE,0,0,0.0
KNN,No SMOTE,0,0,0.0
KNN,No SMOTE,0,0,0.0
KNN,No SMOTE,0,0,0.0
KNN,No SMOTE,0,0,0.0
KNN,No SMOTE,0,0,0.0
KNN,No SMOTE,0,0,0.0
KNN,No SMOTE,0,0,0.0
KNN,No SMOTE,0,0,0.0
KNN,No SMOTE,0,0,0.0
KNN,No SMOTE,0,0,0.0
KNN,No SMOTE,0,0,0.0
KNN,No SMOTE,0,0,0.0
KNN,No SMOTE,0,0,0.0
KNN,No SMOTE,0,0,0.0
KNN,No SMOTE,0,0,0.0
KNN,No SMOTE,0,0,0.0
KNN,No SMOTE,0,0,0.0
KNN,No SMOTE,0,0,0.0
KNN,No SMOTE,0,0,0.0
KNN,No SMOTE,0,0,0.0
KNN,No SMOTE,0,0,0.0
KNN,No SMOTE,0,0,0.0
KNN,No SMOTE,0,0,0.0
KNN,No SMOTE,0,0,0.0
KNN,No SMOTE,0,0,0.0
KNN,No SMOTE,0,0,0.0
KNN,No SMOTE,0,0,0.0
KNN,No SMOTE,0,0,0.0
KNN,No SMOTE,0,0,0.0
KNN,No SMOTE,0,0,0.0
KNN,No SMOTE,0,0,0.0
KNN,No SMOTE,0,0,0.0
KNN,No SMOTE,0,0,0.0
KNN,No SMOTE,0,0,0.0
KNN,No SMOTE,0,0,0.0
KNN,No SMOTE,0,0,0.0
KNN,No SMOTE,0,0,0.0
KNN,No SMOTE,0,0,0.0
KNN,No SMOTE,0,0,0.0
KNN,No SMOTE,0,0,0.0
KNN,No SMOTE,0,0,0.0
KNN,No SMOTE,0,0,0.0
KNN,No SMOTE,0,0,0.0
KNN,No SMOTE,0,0,0.0
KNN,No SMOTE,0,0,0.0
KNN,No SMOTE,0,0,0.0
KNN,No SMOTE,0,0,0.0
KNN,No SMOTE,0,0,0.0
KNN,No SMOTE,0,0,0.0
KNN,No SMOTE,0,0,0.0
KNN,No SMOTE,0,0,0.0
KNN,No SMOTE,0,0,0.0
KNN,No SMOTE,0,0,0.0
KNN,No SMOTE,0,0,0.0
KNN,No SMOTE,0,0,0.0
KNN,No SMOTE,0,0,0.0
KNN,No SMOTE,0,0,0.0
KNN,No SMOTE,0,0,0.0
KNN,No SMOTE,0,0,0.0
KNN,No SMOTE,0,0,0.0
KNN,No SMOTE,0,0,0.0
KNN,No SMOTE,0,0,0.0
KNN,No SMOTE,0,0,0.0
KNN,No SMOTE,0,0,0.0
KNN,No SMOTE,0,0,0.0
KNN,No SMOTE,0,0,0.0
KNN,No SMOTE,0,0,0.0
KNN,No SMOTE,0,0,0.0
KNN,No SMOTE,0,0,0.0
KNN,No SMOTE,0,0,0.0
KNN,No SMOTE,0,0,0.0
KNN,No SMOTE,0,0,0.0
KNN,No SMOTE,0,0,0.0
KNN,No SMOTE,0,0,0.0
KNN,No SMOTE,0,0,0.0
KNN,No SMOTE,0,0,0.0
KNN,No SMOTE,0,0,0.0
KNN,No SMOTE,0,0,0.0
KNN,No SMOTE,0,0,0.0
KNN,No SMOTE,0,0,0.0
KNN,No SMOTE,0,0,0.0
KNN,No SMOTE,0,0,0.0
KNN,No SMOTE,0,0,0.0
KNN,No SMOTE,0,0,0.0
KNN,No SMOTE,0,0,0.0
KNN,No SMOTE,0,0,0.0
KNN,No SMOTE,0,0,0.0
KNN,No SMOTE,0,0,0.0
KNN,No SMOTE,0,0,0.0
KNN,No SMOTE,0,0,0.0
KNN,No SMOTE,0,0,0.0
KNN,No SMOTE,0,0,0.0
KNN,No SMOTE,0,0,0.0
KNN,No SMOTE,0,0,0.0
KNN,No SMOTE,0,0,0.0
KNN,No SMOTE,0,0,0.0
KNN,No SMOTE,0,0,0.0
KNN,No SMOTE,0,0,0.0
KNN,No SMOTE,0,0,0.0
KNN,No SMOTE,0,0,0.0
KNN,No SMOTE,0,0,0.0
KNN,No SMOTE,0,0,0.0
KNN,No SMOTE,0,0,0.0
KNN,No SMOTE,0,0,0.0
KNN,No SMOTE,0,0,0.0
KNN,No SMOTE,0,0,0.0
KNN,No SMOTE,0,0,0.0
KNN,No SMOTE,0,0,0.0
KNN,No SMOTE,0,0,0.0
KNN,No SMOTE,0,0,0.0
KNN,No SMOTE,0,0,0.0
KNN,No SMOTE,0,0,0.0
KNN,No SMOTE,0,0,0.0
KNN,No SMOTE,0,0,0.0
KNN,No SMOTE,0,0,0.0
KNN,No SMOTE,0,0,0.0
KNN,No SMOTE,0,0,0.0
KNN,No SMOTE,0,0,0.0
KNN,No SMOTE,0,0,0.0
KNN,No SMOTE,0,0,0.0
KNN,No SMOTE,0,0,0.0
KNN,No SMOTE,0,0,0.0
KNN,No SMOTE,0,0,0.0
KNN,No SMOTE,0,0,0.0
KNN,No SMOTE,0,0,0.0
KNN,No SMOTE,0,0,0.0
KNN,No SMOTE,0,0,0.0
KNN,No SMOTE,0,0,0.0
KNN,No SMOTE,0,0,0.0
KNN,No SMOTE,0,0,0.0
KNN,No SMOTE,0,0,0.0
KNN,No SMOTE,0,0,0.0
KNN,No SMOTE,0,0,0.0
KNN,No SMOTE,0,0,0.0
KNN,No SMOTE,0,0,0.0
KNN,No SMOTE,0,0,0.0
KNN,No SMOTE,0,0,0.0
KNN,No SMOTE,0,0,0.0
KNN,No SMOTE,0,0,0.0
KNN,No SMOTE,0,0,0.0
KNN,No SMOTE,0,0,0.0
KNN,No SMOTE,0,0,0.0
KNN,No SMOTE,0,0,0.0
KNN,No SMOTE,0,0,0.0
KNN,No SMOTE,0,0,0.0
KNN,No SMOTE,0,0,0.0
KNN,No SMOTE,0,0,0.0
KNN,No SMOTE,0,0,0.0
KNN,No SMOTE,0,0,0.0
KNN,No SMOTE,0,0,0.0
KNN,No SMOTE,0,0,0.0
KNN,No SMOTE,0,0,0.0
KNN,No SMOTE,0,0,0.0
KNN,No SMOTE,0,0,0.0
KNN,No SMOTE,0,0,0.0
KNN,No SMOTE,0,0,0.0
KNN,No SMOTE,0,0,0.0
KNN,No SMOTE,0,0,0.0
KNN,No SMOTE,0,0,0.0
KNN,No SMOTE,0,0,0.0
KNN,No SMOTE,0,0,0.0
KNN,No SMOTE,0,0,0.0
KNN,No SMOTE,0,0,0.0
KNN,No SMOTE,0,0,0.0
KNN,No SMOTE,0,0,0.0
KNN,No SMOTE,0,0,0.0
KNN,No SMOTE,0,0,0.0
KNN,No SMOTE,0,0,0.0
KNN,No SMOTE,0,0,0.0
KNN,No SMOTE,0,0,0.0
KNN,No SMOTE,0,0,0.0
KNN,No SMOTE,0,0,0.0
KNN,No SMOTE,0,0,0.0
KNN,No SMOTE,0,0,0.0
KNN,No SMOTE,0,0,0.0
KNN,No SMOTE,0,0,0.0
KNN,No SMOTE,0,0,0.0
KNN,No SMOTE,0,0,0.0
KNN,No SMOTE,0,0,0.0
KNN,No SMOTE,0,0,0.0
KNN,No SMOTE,0,0,0.0
KNN,No SMOTE,0,0,0.0
KNN,No SMOTE,0,0,0.0
KNN,No SMOTE,0,0,0.0
KNN,No SMOTE,0,0,0.2
KNN,No SMOTE,0,0,0.0
KNN,No SMOTE,0,0,0.0
KNN,No SMOTE,0,0,0.0
KNN,No SMOTE,0,0,0.0
KNN,No SMOTE,0,0,0.0
KNN,No SMOTE,0,0,0.0
KNN,No SMOTE,0,0,0.0
KNN,No SMOTE,0,0,0.0
KNN,No SMOTE,0,0,0.0
KNN,No SMOTE,0,0,0.0
KNN,No SMOTE,0,0,0.0
KNN,No SMOTE,0,0,0.0
KNN,No SMOTE,0,0,0.0
KNN,No SMOTE,0,0,0.0
KNN,No SMOTE,0,0,0.0
KNN,No SMOTE,0,0,0.0
KNN,No SMOTE,0,0,0.0
KNN,No SMOTE,0,0,0.0
KNN,No SMOTE,0,0,0.0
KNN,No SMOTE,0,0,0.0
KNN,No SMOTE,0,0,0.0
KNN,No SMOTE,0,0,0.0
KNN,No SMOTE,0,0,0.0
KNN,No SMOTE,0,0,0.0
KNN,No SMOTE,0,0,0.0
KNN,No SMOTE,0,0,0.0
KNN,No SMOTE,0,0,0.0
KNN,No SMOTE,0,0,0.0
KNN,No SMOTE,0,0,0.0
KNN,No SMOTE,0,0,0.0
KNN,No SMOTE,0,0,0.0
KNN,No SMOTE,0,0,0.0
KNN,No SMOTE,0,0,0.0
KNN,No SMOTE,0,0,0.0
KNN,No SMOTE,0,0,0.0
KNN,No SMOTE,0,0,0.0
KNN,No SMOTE,0,0,0.0
KNN,No SMOTE,0,0,0.0
KNN,No SMOTE,0,0,0.0
KNN,No SMOTE,0,0,0.0
KNN,No SMOTE,0,0,0.0
KNN,No SMOTE,0,0,0.0
KNN,No SMOTE,0,0,0.0
KNN,No SMOTE,0,0,0.0
KNN,No SMOTE,0,0,0.0
KNN,No SMOTE,0,0,0.0
KNN,No SMOTE,0,0,0.0
KNN,No SMOTE,0,0,0.0
KNN,No SMOTE,0,0,0.0
KNN,No SMOTE,0,0,0.0
KNN,No SMOTE,0,0,0.0
KNN,No SMOTE,0,0,0.0
KNN,No SMOTE,0,0,0.0
KNN,No SMOTE,0,0,0.0
KNN,No SMOTE,0,0,0.0
KNN,No SMOTE,0,0,0.0
KNN,No SMOTE,0,0,0.0
KNN,No SMOTE,0,0,0.0
KNN,No SMOTE,0,0,0.0
KNN,No SMOTE,0,0,0.0
KNN,No SMOTE,0,0,0.0
KNN,No SMOTE,0,0,0.0
KNN,No SMOTE,0,0,0.0
KNN,No SMOTE,0,0,0.0
KNN,No SMOTE,0,0,0.0
KNN,No SMOTE,0,0,0.0
KNN,No SMOTE,0,0,0.0
KNN,No SMOTE,0,0,0.0
KNN,No SMOTE,0,0,0.0
KNN,No SMOTE,0,0,0.0
KNN,No SMOTE,0,0,0.0
KNN,No SMOTE,0,0,0.0
KNN,No SMOTE,0,0,0.0
KNN,No SMOTE,0,0,0.0
KNN,No SMOTE,0,0,0.0
KNN,No SMOTE,0,0,0.0
KNN,No SMOTE,0,0,0.0
KNN,No SMOTE,0,0,0.0
KNN,No SMOTE,0,0,0.0
KNN,No SMOTE,0,0,0.0
KNN,No SMOTE,0,0,0.0
KNN,No SMOTE,0,0,0.0
KNN,No SMOTE,0,0,0.0
KNN,No SMOTE,0,0,0.0
KNN,No SMOTE,0,0,0.0
KNN,No SMOTE,0,0,0.0
KNN,No SMOTE,0,0,0.0
KNN,No SMOTE,0,0,0.0
KNN,No SMOTE,0,0,0.0
KNN,No SMOTE,0,0,0.0
KNN,No SMOTE,0,0,0.0
KNN,No SMOTE,0,0,0.0
KNN,No SMOTE,0,0,0.0
KNN,No SMOTE,0,0,0.0
KNN,No SMOTE,0,0,0.0
KNN,No SMOTE,0,0,0.0
KNN,No SMOTE,0,0,0.0
KNN,No SMOTE,0,0,0.0
KNN,No SMOTE,0,0,0.0
KNN,No SMOTE,0,0,0.0
KNN,No SMOTE,0,0,0.0
KNN,No SMOTE,0,0,0.0
KNN,No SMOTE,0,0,0.0
KNN,No SMOTE,0,0,0.0
KNN,No SMOTE,0,0,0.0
KNN,No SMOTE,0,0,0.0
KNN,No SMOTE,0,0,0.0
KNN,No SMOTE,0,0,0.0
KNN,No SMOTE,0,0,0.0
KNN,No SMOTE,0,0,0.0
KNN,No SMOTE,0,0,0.0
KNN,No SMOTE,0,0,0.0
KNN,No SMOTE,0,0,0.0
KNN,No SMOTE,0,0,0.0
KNN,No SMOTE,0,0,0.0
KNN,No SMOTE,0,0,0.0
KNN,No SMOTE,0,0,0.0
KNN,No SMOTE,0,0,0.0
KNN,No SMOTE,0,0,0.0
KNN,No SMOTE,0,0,0.0
KNN,No SMOTE,0,0,0.0
KNN,No SMOTE,0,0,0.0
KNN,No SMOTE,0,0,0.0
KNN,No SMOTE,0,0,0.0
KNN,No SMOTE,0,0,0.0
KNN,No SMOTE,0,0,0.0
KNN,No SMOTE,0,0,0.0
KNN,No SMOTE,0,0,0.0
KNN,No SMOTE,0,0,0.0
KNN,No SMOTE,0,0,0.0
KNN,No SMOTE,0,0,0.0
KNN,No SMOTE,0,0,0.0
KNN,No SMOTE,0,0,0.0
KNN,No SMOTE,0,0,0.0
KNN,No SMOTE,0,0,0.0
KNN,No SMOTE,0,0,0.0
KNN,No SMOTE,0,0,0.0
KNN,No SMOTE,0,0,0.0
KNN,No SMOTE,0,0,0.0
KNN,No SMOTE,0,0,0.0
KNN,No SMOTE,0,0,0.0
KNN,No SMOTE,0,0,0.0
KNN,No SMOTE,0,0,0.0
KNN,No SMOTE,0,0,0.0
KNN,No SMOTE,0,0,0.0
KNN,No SMOTE,0,0,0.0
KNN,No SMOTE,0,0,0.0
KNN,No SMOTE,0,0,0.0
KNN,No SMOTE,0,0,0.0
KNN,No SMOTE,0,0,0.0
KNN,No SMOTE,0,0,0.0
KNN,No SMOTE,0,0,0.0
KNN,No SMOTE,0,0,0.0
KNN,No SMOTE,0,0,0.0
KNN,No SMOTE,0,0,0.0
KNN,No SMOTE,0,0,0.0
KNN,No SMOTE,0,0,0.0
KNN,No SMOTE,0,0,0.0
KNN,No SMOTE,0,0,0.0
KNN,No SMOTE,0,0,0.0
KNN,No SMOTE,0,0,0.0
KNN,No SMOTE,0,0,0.0
KNN,No SMOTE,0,0,0.0
KNN,No SMOTE,0,0,0.0
KNN,No SMOTE,0,0,0.0
KNN,No SMOTE,0,0,0.0
KNN,No SMOTE,0,0,0.0
KNN,No SMOTE,0,0,0.0
KNN,No SMOTE,0,0,0.0
KNN,No SMOTE,0,0,0.0
KNN,No SMOTE,0,0,0.0
KNN,No SMOTE,0,0,0.0
KNN,No SMOTE,0,0,0.0
KNN,No SMOTE,0,0,0.0
KNN,No SMOTE,0,0,0.0
KNN,No SMOTE,0,0,0.0
KNN,No SMOTE,0,0,0.0
KNN,No SMOTE,0,0,0.0
KNN,No SMOTE,0,0,0.0
KNN,No SMOTE,0,0,0.0
KNN,No SMOTE,0,0,0.0
KNN,No SMOTE,0,0,0.0
KNN,No SMOTE,0,0,0.0
KNN,No SMOTE,0,0,0.0
KNN,No SMOTE,0,0,0.0
KNN,No SMOTE,0,0,0.0
KNN,No SMOTE,0,0,0.0
KNN,No SMOTE,0,0,0.0
KNN,No SMOTE,0,0,0.0
KNN,No SMOTE,0,0,0.0
KNN,No SMOTE,0,0,0.0
KNN,No SMOTE,0,0,0.0
KNN,No SMOTE,0,0,0.0
KNN,No SMOTE,0,0,0.0
KNN,No SMOTE,0,0,0.0
KNN,No SMOTE,0,0,0.0
KNN,No SMOTE,0,0,0.0
KNN,No SMOTE,0,0,0.0
KNN,No SMOTE,0,0,0.0
KNN,No SMOTE,0,0,0.0
KNN,No SMOTE,0,0,0.0
KNN,No SMOTE,0,0,0.0
KNN,No SMOTE,0,0,0.0
KNN,No SMOTE,0,0,0.0
KNN,No SMOTE,0,0,0.0
KNN,No SMOTE,0,0,0.0
KNN,No SMOTE,0,0,0.0
KNN,No SMOTE,0,0,0.0
KNN,No SMOTE,0,0,0.0
KNN,No SMOTE,0,0,0.0
KNN,No SMOTE,0,0,0.0
KNN,No SMOTE,0,0,0.0
KNN,No SMOTE,0,0,0.0
KNN,No SMOTE,0,0,0.0
KNN,No SMOTE,0,0,0.0
KNN,No SMOTE,0,0,0.0
KNN,No SMOTE,0,0,0.0
KNN,No SMOTE,0,0,0.0
KNN,No SMOTE,0,0,0.0
KNN,No SMOTE,0,0,0.0
KNN,No SMOTE,0,0,0.0
KNN,No SMOTE,0,0,0.0
KNN,No SMOTE,0,0,0.0
KNN,No SMOTE,0,0,0.0
KNN,No SMOTE,0,0,0.0
KNN,No SMOTE,0,0,0.0
KNN,No SMOTE,0,0,0.0
KNN,No SMOTE,0,0,0.0
KNN,No SMOTE,0,0,0.0
KNN,No SMOTE,0,0,0.0
KNN,No SMOTE,0,0,0.0
KNN,No SMOTE,0,0,0.0
KNN,No SMOTE,0,0,0.0
KNN,No SMOTE,0,0,0.0
KNN,No SMOTE,0,0,0.0
KNN,No SMOTE,0,0,0.0
KNN,No SMOTE,0,0,0.0
KNN,No SMOTE,0,0,0.0
KNN,No SMOTE,0,0,0.0
KNN,No SMOTE,0,0,0.0
KNN,No SMOTE,0,0,0.0
KNN,No SMOTE,0,0,0.0
KNN,No SMOTE,0,0,0.0
KNN,No SMOTE,0,0,0.0
KNN,No SMOTE,0,0,0.0
KNN,No SMOTE,0,0,0.0
KNN,No SMOTE,0,0,0.0
KNN,No SMOTE,0,0,0.0
KNN,No SMOTE,0,0,0.0
KNN,No SMOTE,0,0,0.0
KNN,No SMOTE,0,0,0.0
KNN,No SMOTE,0,0,0.0
KNN,No SMOTE,0,0,0.0
KNN,No SMOTE,0,0,0.0
KNN,No SMOTE,0,0,0.0
KNN,No SMOTE,0,0,0.0
KNN,No SMOTE,0,0,0.0
KNN,No SMOTE,0,0,0.0
KNN,No SMOTE,0,0,0.0
KNN,No SMOTE,0,0,0.0
KNN,No SMOTE,0,0,0.0
KNN,No SMOTE,0,0,0.0
KNN,No SMOTE,0,0,0.0
KNN,No SMOTE,0,0,0.0
KNN,No SMOTE,0,0,0.0
KNN,No SMOTE,0,0,0.0
KNN,No SMOTE,0,0,0.0
KNN,No SMOTE,0,0,0.0
KNN,No SMOTE,0,0,0.0
KNN,No SMOTE,0,0,0.0
KNN,No SMOTE,0,0,0.0
KNN,No SMOTE,0,0,0.0
KNN,No SMOTE,0,0,0.0
KNN,No SMOTE,0,0,0.0
KNN,No SMOTE,0,0,0.0
KNN,No SMOTE,0,0,0.0
KNN,No SMOTE,0,0,0.0
KNN,No SMOTE,0,0,0.0
KNN,No SMOTE,0,0,0.0
KNN,No SMOTE,0,0,0.0
KNN,No SMOTE,0,0,0.0
KNN,No SMOTE,0,0,0.0
KNN,No SMOTE,0,0,0.0
KNN,No SMOTE,0,0,0.0
KNN,No SMOTE,0,0,0.0
KNN,No SMOTE,0,0,0.0
KNN,No SMOTE,0,0,0.0
KNN,No SMOTE,0,0,0.0
KNN,No SMOTE,0,0,0.0
KNN,No SMOTE,0,0,0.0
KNN,No SMOTE,0,0,0.0
KNN,No SMOTE,0,0,0.0
KNN,No SMOTE,0,0,0.0
KNN,No SMOTE,0,0,0.0
KNN,No SMOTE,0,0,0.0
KNN,No SMOTE,0,0,0.0
KNN,No SMOTE,0,0,0.0
KNN,No SMOTE,0,0,0.0
KNN,No SMOTE,0,0,0.0
KNN,No SMOTE,0,0,0.0
KNN,No SMOTE,0,0,0.0
KNN,No SMOTE,0,0,0.0
KNN,No SMOTE,0,0,0.0
KNN,No SMOTE,0,0,0.0
KNN,No SMOTE,0,0,0.0
KNN,No SMOTE,0,0,0.0
KNN,No SMOTE,0,0,0.0
KNN,No SMOTE,0,0,0.0
KNN,No SMOTE,0,0,0.0
KNN,No SMOTE,0,0,0.0
KNN,No SMOTE,0,0,0.0
KNN,No SMOTE,0,0,0.0
KNN,No SMOTE,0,0,0.0
KNN,No SMOTE,0,0,0.0
KNN,No SMOTE,0,0,0.0
KNN,No SMOTE,0,0,0.0
KNN,No SMOTE,0,0,0.0
KNN,No SMOTE,0,0,0.0
KNN,No SMOTE,0,0,0.0
KNN,No SMOTE,0,0,0.0
KNN,No SMOTE,0,0,0.0
KNN,No SMOTE,0,0,0.0
KNN,No SMOTE,0,0,0.0
KNN,No SMOTE,0,0,0.0
KNN,No SMOTE,0,0,0.0
KNN,No SMOTE,0,0,0.0
KNN,No SMOTE,0,0,0.0
KNN,No SMOTE,0,0,0.0
KNN,No SMOTE,0,0,0.0
KNN,No SMOTE,0,0,0.0
KNN,No SMOTE,0,0,0.0
KNN,No SMOTE,0,0,0.0
KNN,No SMOTE,0,0,0.0
KNN,No SMOTE,0,0,0.0
KNN,No SMOTE,0,0,0.0
KNN,No SMOTE,0,0,0.0
KNN,No SMOTE,0,0,0.0
KNN,No SMOTE,0,0,0.0
KNN,No SMOTE,0,0,0.0
KNN,No SMOTE,0,0,0.0
KNN,No SMOTE,0,0,0.0
KNN,No SMOTE,0,0,0.0
KNN,No SMOTE,0,0,0.0
KNN,No SMOTE,0,0,0.0
KNN,No SMOTE,0,0,0.0
KNN,No SMOTE,0,0,0.0
KNN,No SMOTE,0,0,0.0
KNN,No SMOTE,0,0,0.0
KNN,No SMOTE,0,0,0.0
KNN,No SMOTE,0,0,0.0
KNN,No SMOTE,0,0,0.0
KNN,No SMOTE,0,0,0.0
KNN,No SMOTE,0,0,0.0
KNN,No SMOTE,0,0,0.0
KNN,No SMOTE,0,0,0.0
KNN,No SMOTE,0,0,0.0
KNN,No SMOTE,0,0,0.0
KNN,No SMOTE,0,0,0.0
KNN,No SMOTE,0,0,0.0
KNN,No SMOTE,0,0,0.0
KNN,No SMOTE,0,0,0.0
KNN,No SMOTE,0,0,0.0
KNN,No SMOTE,0,0,0.0
KNN,No SMOTE,0,0,0.0
KNN,No SMOTE,0,0,0.0
KNN,No SMOTE,0,0,0.0
KNN,No SMOTE,0,0,0.0
KNN,No SMOTE,0,0,0.0
KNN,No SMOTE,0,0,0.0
KNN,No SMOTE,0,0,0.0
KNN,No SMOTE,0,0,0.0
KNN,No SMOTE,0,0,0.0
KNN,No SMOTE,0,0,0.0
KNN,No SMOTE,0,0,0.0
KNN,No SMOTE,0,0,0.0
KNN,No SMOTE,0,0,0.0
KNN,No SMOTE,0,0,0.0
KNN,No SMOTE,0,0,0.0
KNN,No SMOTE,0,0,0.0
KNN,No SMOTE,0,0,0.0
KNN,No SMOTE,0,0,0.0
KNN,No SMOTE,0,0,0.0
KNN,No SMOTE,0,0,0.0
KNN,No SMOTE,0,0,0.0
KNN,No SMOTE,0,0,0.0
KNN,No SMOTE,0,0,0.0
KNN,No SMOTE,0,0,0.0
KNN,No SMOTE,0,0,0.0
KNN,No SMOTE,0,0,0.0
KNN,No SMOTE,0,0,0.0
KNN,No SMOTE,0,0,0.0
KNN,No SMOTE,0,0,0.0
KNN,No SMOTE,0,0,0.0
KNN,No SMOTE,0,0,0.0
KNN,No SMOTE,0,0,0.0
KNN,No SMOTE,0,0,0.0
KNN,No SMOTE,0,0,0.0
KNN,No SMOTE,0,0,0.0
KNN,No SMOTE,0,0,0.0
KNN,No SMOTE,0,0,0.0
KNN,No SMOTE,0,0,0.0
KNN,No SMOTE,0,0,0.0
KNN,No SMOTE,0,0,0.0
KNN,No SMOTE,0,0,0.0
KNN,No SMOTE,0,0,0.0
KNN,No SMOTE,0,0,0.0
KNN,No SMOTE,0,0,0.0
KNN,No SMOTE,0,0,0.0
KNN,No SMOTE,0,0,0.0
KNN,No SMOTE,0,0,0.0
KNN,No SMOTE,0,0,0.0
KNN,No SMOTE,0,0,0.0
KNN,No SMOTE,0,0,0.0
KNN,No SMOTE,0,0,0.0
KNN,No SMOTE,0,0,0.0
KNN,No SMOTE,0,0,0.0
KNN,No SMOTE,0,0,0.0
KNN,No SMOTE,0,0,0.0
KNN,No SMOTE,0,0,0.0
KNN,No SMOTE,0,0,0.0
KNN,No SMOTE,0,0,0.0
KNN,No SMOTE,0,0,0.0
KNN,No SMOTE,0,0,0.0
KNN,No SMOTE,0,0,0.0
KNN,No SMOTE,0,0,0.0
KNN,No SMOTE,0,0,0.0
KNN,No SMOTE,0,0,0.0
KNN,No SMOTE,0,0,0.0
KNN,No SMOTE,0,0,0.0
KNN,No SMOTE,0,0,0.0
KNN,No SMOTE,0,0,0.0
KNN,No SMOTE,0,0,0.0
KNN,No SMOTE,0,0,0.0
KNN,No SMOTE,0,0,0.0
KNN,No SMOTE,0,0,0.0
KNN,No SMOTE,0,0,0.0
KNN,No SMOTE,0,0,0.0
KNN,No SMOTE,0,0,0.0
KNN,No SMOTE,0,0,0.0
KNN,No SMOTE,0,0,0.0
KNN,No SMOTE,0,0,0.0
KNN,No SMOTE,0,0,0.0
KNN,No SMOTE,0,0,0.0
KNN,No SMOTE,0,0,0.0
KNN,No SMOTE,0,0,0.0
KNN,No SMOTE,0,0,0.0
KNN,No SMOTE,0,0,0.0
KNN,No SMOTE,0,0,0.0
KNN,No SMOTE,0,0,0.0
KNN,No SMOTE,0,0,0.0
KNN,No SMOTE,0,0,0.0
KNN,No SMOTE,0,0,0.0
KNN,No SMOTE,0,0,0.0
KNN,No SMOTE,0,0,0.0
KNN,No SMOTE,0,0,0.0
KNN,No SMOTE,0,0,0.0
KNN,No SMOTE,0,0,0.0
KNN,No SMOTE,0,0,0.0
KNN,No SMOTE,0,0,0.0
KNN,No SMOTE,0,0,0.0
KNN,No SMOTE,0,0,0.0
KNN,No SMOTE,0,0,0.0
KNN,No SMOTE,0,0,0.0
KNN,No SMOTE,0,0,0.0
KNN,No SMOTE,0,0,0.0
KNN,No SMOTE,0,0,0.0
KNN,No SMOTE,0,0,0.0
KNN,No SMOTE,0,0,0.0
KNN,No SMOTE,0,0,0.0
KNN,No SMOTE,0,0,0.0
KNN,No SMOTE,0,0,0.0
KNN,No SMOTE,0,0,0.0
KNN,No SMOTE,0,0,0.0
KNN,No SMOTE,0,0,0.0
KNN,No SMOTE,0,0,0.0
KNN,No SMOTE,0,0,0.0
KNN,No SMOTE,0,0,0.0
KNN,No SMOTE,0,0,0.0
KNN,No SMOTE,0,0,0.0
KNN,No SMOTE,0,0,0.0
KNN,No SMOTE,0,0,0.0
KNN,No SMOTE,0,0,0.0
KNN,No SMOTE,0,0,0.0
KNN,No SMOTE,0,0,0.0
KNN,No SMOTE,0,0,0.0
KNN,No SMOTE,0,0,0.0
KNN,No SMOTE,0,0,0.0
KNN,No SMOTE,0,0,0.0
KNN,No SMOTE,0,0,0.0
KNN,No SMOTE,0,0,0.0
KNN,No SMOTE,0,0,0.0
KNN,No SMOTE,0,0,0.0
KNN,No SMOTE,0,0,0.0
KNN,No SMOTE,0,0,0.0
KNN,No SMOTE,0,0,0.0
KNN,No SMOTE,0,0,0.0
KNN,No SMOTE,0,0,0.0
KNN,No SMOTE,0,0,0.0
KNN,No SMOTE,0,0,0.0
KNN,No SMOTE,0,0,0.0
KNN,No SMOTE,0,0,0.0
KNN,No SMOTE,0,0,0.0
KNN,No SMOTE,0,0,0.0
KNN,No SMOTE,0,0,0.0
KNN,No SMOTE,0,0,0.0
KNN,No SMOTE,0,0,0.0
KNN,No SMOTE,0,0,0.0
KNN,No SMOTE,0,0,0.0
KNN,No SMOTE,0,0,0.0
KNN,No SMOTE,0,0,0.0
KNN,No SMOTE,0,0,0.0
KNN,No SMOTE,0,0,0.0
KNN,No SMOTE,0,0,0.0
KNN,No SMOTE,0,0,0.0
KNN,No SMOTE,0,0,0.0
KNN,No SMOTE,0,0,0.0
KNN,No SMOTE,0,0,0.0
KNN,No SMOTE,0,0,0.0
KNN,No SMOTE,0,0,0.0
KNN,No SMOTE,0,0,0.0
KNN,No SMOTE,0,0,0.0
KNN,No SMOTE,0,0,0.0
KNN,No SMOTE,0,0,0.0
KNN,No SMOTE,0,0,0.0
KNN,No SMOTE,0,0,0.0
KNN,No SMOTE,0,0,0.0
KNN,No SMOTE,0,0,0.0
KNN,No SMOTE,0,0,0.0
KNN,No SMOTE,0,0,0.0
KNN,No SMOTE,0,0,0.0
KNN,No SMOTE,0,0,0.0
KNN,No SMOTE,0,0,0.0
KNN,No SMOTE,0,0,0.0
KNN,No SMOTE,0,0,0.0
KNN,No SMOTE,0,0,0.0
KNN,No SMOTE,0,0,0.0
KNN,No SMOTE,0,0,0.0
KNN,No SMOTE,0,0,0.0
KNN,No SMOTE,0,0,0.0
KNN,No SMOTE,0,0,0.0
KNN,No SMOTE,0,0,0.0
KNN,No SMOTE,0,0,0.0
KNN,No SMOTE,0,0,0.0
KNN,No SMOTE,0,0,0.0
KNN,No SMOTE,0,0,0.0
KNN,No SMOTE,0,0,0.0
KNN,No SMOTE,0,0,0.0
KNN,No SMOTE,0,0,0.0
KNN,No SMOTE,0,0,0.0
KNN,No SMOTE,0,0,0.0
KNN,No SMOTE,0,0,0.0
KNN,No SMOTE,0,0,0.0
KNN,No SMOTE,0,0,0.0
KNN,No SMOTE,0,0,0.0
KNN,No SMOTE,0,0,0.0
KNN,No SMOTE,0,0,0.0
KNN,No SMOTE,0,0,0.0
KNN,No SMOTE,0,0,0.0
KNN,No SMOTE,0,0,0.0
KNN,No SMOTE,0,0,0.0
KNN,No SMOTE,0,0,0.0
KNN,No SMOTE,0,0,0.0
KNN,No SMOTE,0,0,0.0
KNN,No SMOTE,0,0,0.0
KNN,No SMOTE,0,0,0.0
KNN,No SMOTE,0,0,0.0
KNN,No SMOTE,0,0,0.0
KNN,No SMOTE,0,0,0.0
KNN,No SMOTE,0,0,0.0
KNN,No SMOTE,0,0,0.0
KNN,No SMOTE,0,0,0.0
KNN,No SMOTE,0,0,0.0
KNN,No SMOTE,0,0,0.0
KNN,No SMOTE,0,0,0.0
KNN,No SMOTE,0,0,0.0
KNN,No SMOTE,0,0,0.0
KNN,No SMOTE,0,0,0.0
KNN,No SMOTE,0,0,0.0
KNN,No SMOTE,0,0,0.0
KNN,No SMOTE,0,0,0.0
KNN,No SMOTE,0,0,0.0
KNN,No SMOTE,0,0,0.0
KNN,No SMOTE,0,0,0.0
KNN,No SMOTE,0,0,0.0
KNN,No SMOTE,0,0,0.0
KNN,No SMOTE,0,0,0.0
KNN,No SMOTE,0,0,0.0
KNN,No SMOTE,0,0,0.0
KNN,No SMOTE,0,0,0.0
KNN,No SMOTE,0,0,0.0
KNN,No SMOTE,0,0,0.0
KNN,No SMOTE,0,0,0.0
KNN,No SMOTE,0,0,0.0
KNN,No SMOTE,0,0,0.0
KNN,No SMOTE,0,0,0.0
KNN,No SMOTE,0,0,0.0
KNN,No SMOTE,0,0,0.0
KNN,No SMOTE,0,0,0.0
KNN,No SMOTE,0,0,0.0
KNN,No SMOTE,0,0,0.0
KNN,No SMOTE,0,0,0.0
KNN,No SMOTE,0,0,0.0
KNN,No SMOTE,0,0,0.0
KNN,No SMOTE,0,0,0.0
KNN,No SMOTE,0,0,0.0
KNN,No SMOTE,0,0,0.0
KNN,No SMOTE,0,0,0.0
KNN,No SMOTE,0,0,0.0
KNN,No SMOTE,0,0,0.0
KNN,No SMOTE,0,0,0.0
KNN,No SMOTE,0,0,0.0
KNN,No SMOTE,0,0,0.0
KNN,No SMOTE,0,0,0.0
KNN,No SMOTE,0,0,0.0
KNN,No SMOTE,0,0,0.0
KNN,No SMOTE,0,0,0.0
KNN,No SMOTE,0,0,0.0
KNN,No SMOTE,0,0,0.0
KNN,No SMOTE,0,0,0.0
KNN,No SMOTE,0,0,0.0
KNN,No SMOTE,0,0,0.0
KNN,No SMOTE,0,0,0.0
KNN,No SMOTE,0,0,0.0
KNN,No SMOTE,0,0,0.0
KNN,No SMOTE,0,0,0.0
KNN,No SMOTE,0,0,0.0
KNN,No SMOTE,0,0,0.0
KNN,No SMOTE,0,0,0.0
KNN,No SMOTE,0,0,0.0
KNN,No SMOTE,0,0,0.0
KNN,No SMOTE,0,0,0.0
KNN,No SMOTE,0,0,0.0
KNN,No SMOTE,0,0,0.0
KNN,No SMOTE,0,0,0.0
KNN,No SMOTE,0,0,0.0
KNN,No SMOTE,0,0,0.0
KNN,No SMOTE,0,0,0.0
KNN,No SMOTE,0,0,0.0
KNN,No SMOTE,0,0,0.0
KNN,No SMOTE,0,0,0.0
KNN,No SMOTE,0,0,0.0
KNN,No SMOTE,0,0,0.0
KNN,No SMOTE,0,0,0.0
KNN,No SMOTE,0,0,0.0
KNN,No SMOTE,0,0,0.0
KNN,No SMOTE,0,0,0.0
KNN,No SMOTE,0,0,0.0
KNN,No SMOTE,0,0,0.0
KNN,No SMOTE,0,0,0.0
KNN,No SMOTE,0,0,0.0
KNN,No SMOTE,0,0,0.0
KNN,No SMOTE,0,0,0.0
KNN,No SMOTE,0,0,0.0
KNN,No SMOTE,0,0,0.0
KNN,No SMOTE,0,0,0.0
KNN,No SMOTE,0,0,0.0
KNN,No SMOTE,0,0,0.0
KNN,No SMOTE,0,0,0.0
KNN,No SMOTE,0,0,0.0
KNN,No SMOTE,0,0,0.0
KNN,No SMOTE,0,0,0.0
KNN,No SMOTE,0,0,0.0
KNN,No SMOTE,0,0,0.0
KNN,No SMOTE,0,0,0.0
KNN,No SMOTE,0,0,0.0
KNN,No SMOTE,0,0,0.0
KNN,No SMOTE,0,0,0.0
KNN,No SMOTE,0,0,0.0
KNN,No SMOTE,0,0,0.0
KNN,No SMOTE,0,0,0.0
KNN,No SMOTE,0,0,0.0
KNN,No SMOTE,0,0,0.0
KNN,No SMOTE,0,0,0.0
KNN,No SMOTE,0,0,0.0
KNN,No SMOTE,0,0,0.0
KNN,No SMOTE,0,0,0.0
KNN,No SMOTE,0,0,0.0
KNN,No SMOTE,0,0,0.0
KNN,No SMOTE,0,0,0.0
KNN,No SMOTE,0,0,0.0
KNN,No SMOTE,0,0,0.0
KNN,No SMOTE,0,0,0.0
KNN,No SMOTE,0,0,0.0
KNN,No SMOTE,0,0,0.0
KNN,No SMOTE,0,0,0.0
KNN,No SMOTE,0,0,0.0
KNN,No SMOTE,0,0,0.0
KNN,No SMOTE,0,0,0.0
KNN,No SMOTE,0,0,0.0
KNN,No SMOTE,0,0,0.0
KNN,No SMOTE,0,0,0.0
KNN,No SMOTE,0,0,0.0
KNN,No SMOTE,0,0,0.0
KNN,No SMOTE,0,0,0.0
KNN,No SMOTE,0,0,0.0
KNN,No SMOTE,0,0,0.0
KNN,No SMOTE,0,0,0.0
KNN,No SMOTE,0,0,0.0
KNN,No SMOTE,0,0,0.0
KNN,No SMOTE,0,0,0.0
KNN,No SMOTE,0,0,0.0
KNN,No SMOTE,0,0,0.0
KNN,No SMOTE,0,0,0.0
KNN,No SMOTE,0,0,0.0
KNN,No SMOTE,0,0,0.0
KNN,No SMOTE,0,0,0.0
KNN,No SMOTE,0,0,0.0
KNN,No SMOTE,0,0,0.0
KNN,No SMOTE,0,0,0.0
KNN,No SMOTE,0,0,0.0
KNN,No SMOTE,0,0,0.0
KNN,No SMOTE,0,0,0.0
KNN,No SMOTE,0,0,0.0
KNN,No SMOTE,0,0,0.0
KNN,No SMOTE,0,0,0.0
KNN,No SMOTE,0,0,0.0
KNN,No SMOTE,0,0,0.0
KNN,No SMOTE,0,0,0.0
KNN,No SMOTE,0,0,0.0
KNN,No SMOTE,0,0,0.0
KNN,No SMOTE,0,0,0.0
KNN,No SMOTE,0,0,0.0
KNN,No SMOTE,0,0,0.0
KNN,No SMOTE,0,0,0.0
KNN,No SMOTE,0,0,0.0
KNN,No SMOTE,0,0,0.0
KNN,No SMOTE,0,0,0.0
KNN,No SMOTE,0,0,0.0
KNN,No SMOTE,0,0,0.0
KNN,No SMOTE,0,0,0.0
KNN,No SMOTE,0,0,0.0
KNN,No SMOTE,0,0,0.0
KNN,No SMOTE,0,0,0.0
KNN,No SMOTE,0,0,0.0
KNN,No SMOTE,0,0,0.0
KNN,No SMOTE,0,0,0.0
KNN,No SMOTE,0,0,0.0
KNN,No SMOTE,0,0,0.0
KNN,No SMOTE,0,0,0.0
KNN,No SMOTE,0,0,0.0
KNN,No SMOTE,0,0,0.0
KNN,No SMOTE,0,0,0.0
KNN,No SMOTE,0,0,0.0
KNN,No SMOTE,0,0,0.0
KNN,No SMOTE,0,0,0.0
KNN,No SMOTE,0,0,0.0
KNN,No SMOTE,0,0,0.0
KNN,No SMOTE,0,0,0.0
KNN,No SMOTE,0,0,0.0
KNN,No SMOTE,0,0,0.0
KNN,No SMOTE,0,0,0.0
KNN,No SMOTE,0,0,0.0
KNN,No SMOTE,0,0,0.0
KNN,No SMOTE,0,0,0.0
KNN,No SMOTE,0,0,0.0
KNN,No SMOTE,0,0,0.0
KNN,No SMOTE,0,0,0.0
KNN,No SMOTE,0,0,0.0
KNN,No SMOTE,0,0,0.0
KNN,No SMOTE,0,0,0.0
KNN,No SMOTE,0,0,0.0
KNN,No SMOTE,0,0,0.0
KNN,No SMOTE,0,0,0.0
KNN,No SMOTE,0,0,0.0
KNN,No SMOTE,0,0,0.0
KNN,No SMOTE,0,0,0.0
KNN,No SMOTE,0,0,0.0
KNN,No SMOTE,0,0,0.0
KNN,No SMOTE,0,0,0.0
KNN,No SMOTE,0,0,0.0
KNN,No SMOTE,0,0,0.0
KNN,No SMOTE,0,0,0.0
KNN,No SMOTE,0,0,0.0
KNN,No SMOTE,0,0,0.0
KNN,No SMOTE,0,0,0.0
KNN,No SMOTE,0,0,0.0
KNN,No SMOTE,0,0,0.0
KNN,No SMOTE,0,0,0.0
KNN,No SMOTE,0,0,0.0
KNN,No SMOTE,0,0,0.0
KNN,No SMOTE,0,0,0.0
KNN,No SMOTE,0,0,0.0
KNN,No SMOTE,0,0,0.0
KNN,No SMOTE,0,0,0.0
KNN,No SMOTE,0,0,0.0
KNN,No SMOTE,0,0,0.0
KNN,No SMOTE,0,0,0.0
KNN,No SMOTE,0,0,0.0
KNN,No SMOTE,0,0,0.0
KNN,No SMOTE,0,0,0.0
KNN,No SMOTE,0,0,0.0
KNN,No SMOTE,0,0,0.0
KNN,No SMOTE,0,0,0.0
KNN,No SMOTE,0,0,0.0
KNN,No SMOTE,0,0,0.0
KNN,No SMOTE,0,0,0.0
KNN,No SMOTE,0,0,0.0
KNN,No SMOTE,0,0,0.0
KNN,No SMOTE,0,0,0.0
KNN,No SMOTE,0,0,0.0
KNN,No SMOTE,0,0,0.0
KNN,No SMOTE,0,0,0.0
KNN,No SMOTE,0,0,0.0
KNN,No SMOTE,0,0,0.0
KNN,No SMOTE,0,0,0.0
KNN,No SMOTE,0,0,0.0
KNN,No SMOTE,0,0,0.0
KNN,No SMOTE,0,0,0.0
KNN,No SMOTE,0,0,0.0
KNN,No SMOTE,0,0,0.0
KNN,No SMOTE,0,0,0.0
KNN,No SMOTE,0,0,0.0
KNN,No SMOTE,0,0,0.0
KNN,No SMOTE,0,0,0.0
KNN,No SMOTE,0,0,0.0
KNN,No SMOTE,0,0,0.0
KNN,No SMOTE,0,0,0.0
KNN,No SMOTE,0,0,0.0
KNN,No SMOTE,0,0,0.0
KNN,No SMOTE,0,0,0.0
KNN,No SMOTE,0,0,0.0
KNN,No SMOTE,0,0,0.0
KNN,No SMOTE,0,0,0.0
KNN,No SMOTE,0,0,0.0
KNN,No SMOTE,0,0,0.0
KNN,No SMOTE,0,0,0.0
KNN,No SMOTE,0,0,0.0
KNN,No SMOTE,0,0,0.0
KNN,No SMOTE,0,0,0.0
KNN,No SMOTE,0,0,0.0
KNN,No SMOTE,0,0,0.0
KNN,No SMOTE,0,0,0.0
KNN,No SMOTE,0,0,0.0
KNN,No SMOTE,0,0,0.0
KNN,No SMOTE,0,0,0.0
KNN,No SMOTE,0,0,0.0
KNN,No SMOTE,0,0,0.0
KNN,No SMOTE,0,0,0.0
KNN,No SMOTE,0,0,0.0
KNN,No SMOTE,0,0,0.0
KNN,No SMOTE,0,0,0.0
KNN,No SMOTE,0,0,0.0
KNN,No SMOTE,0,0,0.0
KNN,No SMOTE,0,0,0.0
KNN,No SMOTE,0,0,0.0
KNN,No SMOTE,0,0,0.0
KNN,No SMOTE,0,0,0.0
KNN,No SMOTE,0,0,0.0
KNN,No SMOTE,0,0,0.0
KNN,No SMOTE,0,0,0.0
KNN,No SMOTE,0,0,0.0
KNN,No SMOTE,0,0,0.0
KNN,No SMOTE,0,0,0.0
KNN,No SMOTE,0,0,0.0
KNN,No SMOTE,0,0,0.0
KNN,No SMOTE,0,0,0.0
KNN,No SMOTE,0,0,0.0
KNN,No SMOTE,0,0,0.0
KNN,No SMOTE,0,0,0.0
KNN,No SMOTE,0,0,0.0
KNN,No SMOTE,0,0,0.0
KNN,No SMOTE,0,0,0.0
KNN,No SMOTE,0,0,0.0
KNN,No SMOTE,0,0,0.0
KNN,No SMOTE,0,0,0.0
KNN,No SMOTE,0,0,0.0
KNN,No SMOTE,0,0,0.0
KNN,No SMOTE,0,0,0.0
KNN,No SMOTE,0,0,0.0
KNN,No SMOTE,0,0,0.0
KNN,No SMOTE,0,0,0.0
KNN,No SMOTE,0,0,0.0
KNN,No SMOTE,0,0,0.0
KNN,No SMOTE,0,0,0.0
KNN,No SMOTE,0,0,0.0
KNN,No SMOTE,0,0,0.0
KNN,No SMOTE,0,0,0.0
KNN,No SMOTE,0,0,0.0
KNN,No SMOTE,0,0,0.0
KNN,No SMOTE,0,0,0.0
KNN,No SMOTE,0,0,0.0
KNN,No SMOTE,0,0,0.0
KNN,No SMOTE,0,0,0.0
KNN,No SMOTE,0,0,0.0
KNN,No SMOTE,0,0,0.0
KNN,No SMOTE,0,0,0.0
KNN,No SMOTE,0,0,0.0
KNN,No SMOTE,0,0,0.0
KNN,No SMOTE,0,0,0.0
KNN,No SMOTE,0,0,0.0
KNN,No SMOTE,0,0,0.0
KNN,No SMOTE,0,0,0.0
KNN,No SMOTE,0,0,0.0
KNN,No SMOTE,0,0,0.0
KNN,No SMOTE,0,0,0.0
KNN,No SMOTE,0,0,0.0
KNN,No SMOTE,0,0,0.0
KNN,No SMOTE,0,0,0.0
KNN,No SMOTE,0,0,0.0
KNN,No SMOTE,0,0,0.0
KNN,No SMOTE,0,0,0.0
KNN,No SMOTE,0,0,0.0
KNN,No SMOTE,0,0,0.0
KNN,No SMOTE,0,0,0.0
KNN,No SMOTE,0,0,0.0
KNN,No SMOTE,0,0,0.0
KNN,No SMOTE,0,0,0.0
KNN,No SMOTE,0,0,0.0
KNN,No SMOTE,0,0,0.0
KNN,No SMOTE,0,0,0.0
KNN,No SMOTE,0,0,0.0
KNN,No SMOTE,0,0,0.0
KNN,No SMOTE,0,0,0.0
KNN,No SMOTE,0,0,0.0
KNN,No SMOTE,0,0,0.0
KNN,No SMOTE,0,0,0.0
KNN,No SMOTE,0,0,0.0
KNN,No SMOTE,0,0,0.0
KNN,No SMOTE,0,0,0.0
KNN,No SMOTE,0,0,0.0
KNN,No SMOTE,0,0,0.0
KNN,No SMOTE,0,0,0.0
KNN,No SMOTE,0,0,0.0
KNN,No SMOTE,0,0,0.0
KNN,No SMOTE,0,0,0.0
KNN,No SMOTE,0,0,0.0
KNN,No SMOTE,0,0,0.0
KNN,No SMOTE,0,0,0.0
KNN,No SMOTE,0,0,0.0
KNN,No SMOTE,0,0,0.0
KNN,No SMOTE,0,0,0.0
KNN,No SMOTE,0,0,0.0
KNN,No SMOTE,0,0,0.0
KNN,No SMOTE,0,0,0.0
KNN,No SMOTE,0,0,0.0
KNN,No SMOTE,0,0,0.0
KNN,No SMOTE,0,0,0.0
KNN,No SMOTE,0,0,0.0
KNN,No SMOTE,0,0,0.0
KNN,No SMOTE,0,0,0.0
KNN,No SMOTE,0,0,0.0
KNN,No SMOTE,0,0,0.0
KNN,No SMOTE,0,0,0.0
KNN,No SMOTE,0,0,0.0
KNN,No SMOTE,0,0,0.0
KNN,No SMOTE,0,0,0.0
KNN,No SMOTE,0,0,0.0
KNN,No SMOTE,0,0,0.0
KNN,No SMOTE,0,0,0.0
KNN,No SMOTE,0,0,0.0
KNN,No SMOTE,0,0,0.0
KNN,No SMOTE,0,0,0.0
KNN,No SMOTE,0,0,0.0
KNN,No SMOTE,0,0,0.0
KNN,No SMOTE,0,0,0.0
KNN,No SMOTE,0,0,0.0
KNN,No SMOTE,0,0,0.0
KNN,No SMOTE,0,0,0.0
KNN,No SMOTE,0,0,0.0
KNN,No SMOTE,0,0,0.2
KNN,No SMOTE,0,0,0.0
KNN,No SMOTE,0,0,0.0
KNN,No SMOTE,0,0,0.0
KNN,No SMOTE,0,0,0.0
KNN,No SMOTE,0,0,0.0
KNN,No SMOTE,0,0,0.0
KNN,No SMOTE,0,0,0.0
KNN,No SMOTE,0,0,0.0
KNN,No SMOTE,0,0,0.0
KNN,No SMOTE,0,0,0.0
KNN,No SMOTE,0,0,0.0
KNN,No SMOTE,0,0,0.0
KNN,No SMOTE,0,0,0.0
KNN,No SMOTE,0,0,0.0
KNN,No SMOTE,0,0,0.0
KNN,No SMOTE,0,0,0.0
KNN,No SMOTE,0,0,0.0
KNN,No SMOTE,0,0,0.0
KNN,No SMOTE,0,0,0.0
KNN,No SMOTE,0,0,0.0
KNN,No SMOTE,0,0,0.0
KNN,No SMOTE,0,0,0.0
KNN,No SMOTE,0,0,0.0
KNN,No SMOTE,0,0,0.0
KNN,No SMOTE,0,0,0.0
KNN,No SMOTE,0,0,0.0
KNN,No SMOTE,0,0,0.0
KNN,No SMOTE,0,0,0.0
KNN,No SMOTE,0,0,0.0
KNN,No SMOTE,0,0,0.0
KNN,No SMOTE,0,0,0.0
KNN,No SMOTE,0,0,0.0
KNN,No SMOTE,0,0,0.0
KNN,No SMOTE,0,0,0.0
KNN,No SMOTE,0,0,0.0
KNN,No SMOTE,0,0,0.0
KNN,No SMOTE,0,0,0.0
KNN,No SMOTE,0,0,0.0
KNN,No SMOTE,0,0,0.0
KNN,No SMOTE,0,0,0.0
KNN,No SMOTE,0,0,0.0
KNN,No SMOTE,0,0,0.0
KNN,No SMOTE,0,0,0.0
KNN,No SMOTE,0,0,0.0
KNN,No SMOTE,0,0,0.0
KNN,No SMOTE,0,0,0.0
KNN,No SMOTE,0,0,0.0
KNN,No SMOTE,0,0,0.0
KNN,No SMOTE,0,0,0.0
KNN,No SMOTE,0,0,0.0
KNN,No SMOTE,0,0,0.0
KNN,No SMOTE,0,0,0.0
KNN,No SMOTE,0,0,0.0
KNN,No SMOTE,0,0,0.0
KNN,No SMOTE,0,0,0.0
KNN,No SMOTE,0,0,0.0
KNN,No SMOTE,0,0,0.0
KNN,No SMOTE,0,0,0.0
KNN,No SMOTE,0,0,0.0
KNN,No SMOTE,0,0,0.0
KNN,No SMOTE,0,0,0.0
KNN,No SMOTE,0,0,0.0
KNN,No SMOTE,0,0,0.0
KNN,No SMOTE,0,0,0.0
KNN,No SMOTE,0,0,0.0
KNN,No SMOTE,0,0,0.0
KNN,No SMOTE,0,0,0.0
KNN,No SMOTE,0,0,0.0
KNN,No SMOTE,0,0,0.0
KNN,No SMOTE,0,0,0.0
KNN,No SMOTE,0,0,0.0
KNN,No SMOTE,0,0,0.0
KNN,No SMOTE,0,0,0.0
KNN,No SMOTE,0,0,0.0
KNN,No SMOTE,0,0,0.0
KNN,No SMOTE,0,0,0.0
KNN,No SMOTE,0,0,0.0
KNN,No SMOTE,0,0,0.0
KNN,No SMOTE,0,0,0.0
KNN,No SMOTE,0,0,0.0
KNN,No SMOTE,0,0,0.0
KNN,No SMOTE,0,0,0.0
KNN,No SMOTE,0,0,0.0
KNN,No SMOTE,0,0,0.0
KNN,No SMOTE,0,0,0.0
KNN,No SMOTE,0,0,0.0
KNN,No SMOTE,0,0,0.0
KNN,No SMOTE,0,0,0.0
KNN,No SMOTE,0,0,0.0
KNN,No SMOTE,0,0,0.0
KNN,No SMOTE,0,0,0.0
KNN,No SMOTE,0,0,0.0
KNN,No SMOTE,0,0,0.0
KNN,No SMOTE,0,0,0.0
KNN,No SMOTE,0,0,0.0
KNN,No SMOTE,0,0,0.0
KNN,No SMOTE,0,0,0.0
KNN,No SMOTE,0,0,0.0
KNN,No SMOTE,0,0,0.0
KNN,No SMOTE,0,0,0.0
KNN,No SMOTE,0,0,0.0
KNN,No SMOTE,0,0,0.0
KNN,No SMOTE,0,0,0.0
KNN,No SMOTE,0,0,0.0
KNN,No SMOTE,0,0,0.0
KNN,No SMOTE,0,0,0.0
KNN,No SMOTE,0,0,0.0
KNN,No SMOTE,0,0,0.0
KNN,No SMOTE,0,0,0.0
KNN,No SMOTE,0,0,0.0
KNN,No SMOTE,0,0,0.0
KNN,No SMOTE,0,0,0.0
KNN,No SMOTE,0,0,0.0
KNN,No SMOTE,0,0,0.0
KNN,No SMOTE,0,0,0.0
KNN,No SMOTE,0,0,0.0
KNN,No SMOTE,0,0,0.0
KNN,No SMOTE,0,0,0.0
KNN,No SMOTE,0,0,0.0
KNN,No SMOTE,0,0,0.0
KNN,No SMOTE,0,0,0.0
KNN,No SMOTE,0,0,0.0
KNN,No SMOTE,0,0,0.0
KNN,No SMOTE,0,0,0.0
KNN,No SMOTE,0,0,0.0
KNN,No SMOTE,0,0,0.0
KNN,No SMOTE,0,0,0.0
KNN,No SMOTE,0,0,0.0
KNN,No SMOTE,0,0,0.0
KNN,No SMOTE,0,0,0.0
KNN,No SMOTE,0,0,0.0
KNN,No SMOTE,0,0,0.0
KNN,No SMOTE,0,0,0.0
KNN,No SMOTE,0,0,0.0
KNN,No SMOTE,0,0,0.0
KNN,No SMOTE,0,0,0.0
KNN,No SMOTE,0,0,0.0
KNN,No SMOTE,0,0,0.0
KNN,No SMOTE,0,0,0.0
KNN,No SMOTE,0,0,0.0
KNN,No SMOTE,0,0,0.0
KNN,No SMOTE,0,0,0.0
KNN,No SMOTE,0,0,0.0
KNN,No SMOTE,0,0,0.0
KNN,No SMOTE,0,0,0.0
KNN,No SMOTE,0,0,0.0
KNN,No SMOTE,0,0,0.0
KNN,No SMOTE,0,0,0.0
KNN,No SMOTE,0,0,0.0
KNN,No SMOTE,0,0,0.0
KNN,No SMOTE,0,0,0.0
KNN,No SMOTE,0,0,0.0
KNN,No SMOTE,0,0,0.0
KNN,No SMOTE,0,0,0.0
KNN,No SMOTE,0,0,0.0
KNN,No SMOTE,0,0,0.0
KNN,No SMOTE,0,0,0.0
KNN,No SMOTE,0,0,0.0
KNN,No SMOTE,0,0,0.0
KNN,No SMOTE,0,0,0.0
KNN,No SMOTE,0,0,0.0
KNN,No SMOTE,0,0,0.0
KNN,No SMOTE,0,0,0.0
KNN,No SMOTE,0,0,0.0
KNN,No SMOTE,0,0,0.0
KNN,No SMOTE,0,0,0.0
KNN,No SMOTE,0,0,0.0
KNN,No SMOTE,1,1,1.0
KNN,No SMOTE,0,0,0.0
KNN,No SMOTE,0,0,0.0
KNN,No SMOTE,0,0,0.0
KNN,No SMOTE,0,0,0.0
KNN,No SMOTE,0,0,0.0
KNN,No SMOTE,0,0,0.0
KNN,No SMOTE,0,0,0.0
KNN,No SMOTE,0,0,0.0
KNN,No SMOTE,0,0,0.0
KNN,No SMOTE,0,0,0.0
KNN,No SMOTE,0,0,0.0
KNN,No SMOTE,0,0,0.0
KNN,No SMOTE,0,0,0.0
KNN,No SMOTE,0,0,0.0
KNN,No SMOTE,0,0,0.0
KNN,No SMOTE,0,0,0.0
KNN,No SMOTE,0,0,0.0
KNN,No SMOTE,0,0,0.0
KNN,No SMOTE,0,0,0.0
KNN,No SMOTE,0,0,0.0
KNN,No SMOTE,0,0,0.0
KNN,No SMOTE,0,0,0.0
KNN,No SMOTE,0,0,0.0
KNN,No SMOTE,0,0,0.0
KNN,No SMOTE,0,0,0.0
KNN,No SMOTE,0,0,0.0
KNN,No SMOTE,0,0,0.0
KNN,No SMOTE,0,0,0.0
KNN,No SMOTE,0,0,0.0
KNN,No SMOTE,0,0,0.0
KNN,No SMOTE,0,0,0.0
KNN,No SMOTE,0,0,0.0
KNN,No SMOTE,0,0,0.0
KNN,No SMOTE,0,0,0.0
KNN,No SMOTE,0,0,0.0
KNN,No SMOTE,0,0,0.0
KNN,No SMOTE,0,0,0.0
KNN,No SMOTE,0,0,0.0
KNN,No SMOTE,0,0,0.0
KNN,No SMOTE,0,0,0.0
KNN,No SMOTE,0,0,0.0
KNN,No SMOTE,0,0,0.0
KNN,No SMOTE,0,0,0.0
KNN,No SMOTE,0,0,0.0
KNN,No SMOTE,0,0,0.0
KNN,No SMOTE,0,0,0.0
KNN,No SMOTE,0,0,0.0
KNN,No SMOTE,0,0,0.0
KNN,No SMOTE,0,0,0.0
KNN,No SMOTE,0,0,0.0
KNN,No SMOTE,0,0,0.0
KNN,No SMOTE,0,0,0.0
KNN,No SMOTE,0,0,0.0
KNN,No SMOTE,0,0,0.0
KNN,No SMOTE,0,0,0.0
KNN,No SMOTE,0,0,0.0
KNN,No SMOTE,0,0,0.0
KNN,No SMOTE,0,0,0.0
KNN,No SMOTE,0,0,0.0
KNN,No SMOTE,0,0,0.0
KNN,No SMOTE,0,0,0.0
KNN,No SMOTE,0,0,0.0
KNN,No SMOTE,0,0,0.0
KNN,No SMOTE,0,0,0.0
KNN,No SMOTE,0,0,0.0
KNN,No SMOTE,0,0,0.0
KNN,No SMOTE,0,0,0.0
KNN,No SMOTE,0,0,0.0
KNN,No SMOTE,0,0,0.0
KNN,No SMOTE,0,0,0.0
KNN,No SMOTE,0,0,0.0
KNN,No SMOTE,0,0,0.0
KNN,No SMOTE,0,0,0.0
KNN,No SMOTE,0,0,0.0
KNN,No SMOTE,0,0,0.0
KNN,No SMOTE,0,0,0.0
KNN,No SMOTE,0,0,0.0
KNN,No SMOTE,0,0,0.0
KNN,No SMOTE,0,0,0.0
KNN,No SMOTE,0,0,0.0
KNN,No SMOTE,0,0,0.0
KNN,No SMOTE,0,0,0.0
KNN,No SMOTE,0,0,0.0
KNN,No SMOTE,0,0,0.0
KNN,No SMOTE,0,0,0.0
KNN,No SMOTE,0,0,0.0
KNN,No SMOTE,0,0,0.0
KNN,No SMOTE,0,0,0.0
KNN,No SMOTE,0,0,0.0
KNN,No SMOTE,0,0,0.0
KNN,No SMOTE,0,0,0.0
KNN,No SMOTE,0,0,0.0
KNN,No SMOTE,0,0,0.0
KNN,No SMOTE,0,0,0.0
KNN,No SMOTE,0,0,0.0
KNN,No SMOTE,0,0,0.0
KNN,No SMOTE,0,0,0.0
KNN,No SMOTE,0,0,0.0
KNN,No SMOTE,0,0,0.0
KNN,No SMOTE,0,0,0.0
KNN,No SMOTE,0,0,0.0
KNN,No SMOTE,0,0,0.0
KNN,No SMOTE,0,0,0.0
KNN,No SMOTE,0,0,0.0
KNN,No SMOTE,0,0,0.0
KNN,No SMOTE,0,0,0.0
KNN,No SMOTE,0,0,0.0
KNN,No SMOTE,0,0,0.0
KNN,No SMOTE,0,0,0.0
KNN,No SMOTE,0,0,0.0
KNN,No SMOTE,0,0,0.0
KNN,No SMOTE,0,0,0.0
KNN,No SMOTE,0,0,0.0
KNN,No SMOTE,0,0,0.0
KNN,No SMOTE,0,0,0.0
KNN,No SMOTE,0,0,0.0
KNN,No SMOTE,0,0,0.0
KNN,No SMOTE,0,0,0.0
KNN,No SMOTE,0,0,0.0
KNN,No SMOTE,0,0,0.0
KNN,No SMOTE,0,0,0.0
KNN,No SMOTE,0,0,0.0
KNN,No SMOTE,0,0,0.0
KNN,No SMOTE,0,0,0.0
KNN,No SMOTE,0,0,0.0
KNN,No SMOTE,0,0,0.0
KNN,No SMOTE,0,0,0.0
KNN,No SMOTE,0,0,0.0
KNN,No SMOTE,0,0,0.0
KNN,No SMOTE,0,0,0.0
KNN,No SMOTE,0,0,0.0
KNN,No SMOTE,0,0,0.0
KNN,No SMOTE,0,0,0.0
KNN,No SMOTE,0,0,0.0
KNN,No SMOTE,0,0,0.0
KNN,No SMOTE,0,0,0.0
KNN,No SMOTE,0,0,0.0
KNN,No SMOTE,0,0,0.0
KNN,No SMOTE,0,0,0.0
KNN,No SMOTE,0,0,0.0
KNN,No SMOTE,0,0,0.0
KNN,No SMOTE,0,0,0.0
KNN,No SMOTE,0,0,0.0
KNN,No SMOTE,0,0,0.0
KNN,No SMOTE,0,0,0.0
KNN,No SMOTE,0,0,0.0
KNN,No SMOTE,0,0,0.0
KNN,No SMOTE,0,0,0.0
KNN,No SMOTE,0,0,0.0
KNN,No SMOTE,0,0,0.0
KNN,No SMOTE,0,0,0.0
KNN,No SMOTE,0,0,0.0
KNN,No SMOTE,0,0,0.0
KNN,No SMOTE,0,0,0.0
KNN,No SMOTE,0,0,0.0
KNN,No SMOTE,0,0,0.2
KNN,No SMOTE,0,0,0.0
KNN,No SMOTE,0,0,0.0
KNN,No SMOTE,0,0,0.0
KNN,No SMOTE,0,0,0.0
KNN,No SMOTE,0,0,0.0
KNN,No SMOTE,0,0,0.0
KNN,No SMOTE,0,0,0.0
KNN,No SMOTE,0,0,0.0
KNN,No SMOTE,0,0,0.0
KNN,No SMOTE,0,0,0.0
KNN,No SMOTE,0,0,0.0
KNN,No SMOTE,0,0,0.0
KNN,No SMOTE,0,0,0.0
KNN,No SMOTE,0,0,0.0
KNN,No SMOTE,0,0,0.0
KNN,No SMOTE,0,0,0.0
KNN,No SMOTE,0,0,0.0
KNN,No SMOTE,0,0,0.0
KNN,No SMOTE,0,0,0.0
KNN,No SMOTE,0,0,0.0
KNN,No SMOTE,0,0,0.0
KNN,No SMOTE,0,0,0.0
KNN,No SMOTE,0,0,0.0
KNN,No SMOTE,0,0,0.0
KNN,No SMOTE,0,0,0.0
KNN,No SMOTE,0,0,0.0
KNN,No SMOTE,0,0,0.0
KNN,No SMOTE,0,0,0.0
KNN,No SMOTE,0,0,0.0
KNN,No SMOTE,0,0,0.0
KNN,No SMOTE,0,0,0.0
KNN,No SMOTE,0,0,0.0
KNN,No SMOTE,0,0,0.0
KNN,No SMOTE,0,0,0.0
KNN,No SMOTE,0,0,0.0
KNN,No SMOTE,0,0,0.0
KNN,No SMOTE,0,0,0.0
KNN,No SMOTE,0,0,0.0
KNN,No SMOTE,0,0,0.0
KNN,No SMOTE,0,0,0.0
KNN,No SMOTE,0,0,0.0
KNN,No SMOTE,0,0,0.0
KNN,No SMOTE,0,0,0.0
KNN,No SMOTE,0,0,0.0
KNN,No SMOTE,0,0,0.0
KNN,No SMOTE,0,0,0.0
KNN,No SMOTE,0,0,0.0
KNN,No SMOTE,0,0,0.0
KNN,No SMOTE,0,0,0.0
KNN,No SMOTE,0,0,0.0
KNN,No SMOTE,0,0,0.0
KNN,No SMOTE,0,0,0.0
KNN,No SMOTE,0,0,0.0
KNN,No SMOTE,0,0,0.0
KNN,No SMOTE,0,0,0.0
KNN,No SMOTE,0,0,0.0
KNN,No SMOTE,0,0,0.0
KNN,No SMOTE,0,0,0.0
KNN,No SMOTE,0,0,0.0
KNN,No SMOTE,0,0,0.0
KNN,No SMOTE,0,0,0.0
KNN,No SMOTE,0,0,0.0
KNN,No SMOTE,0,0,0.0
KNN,No SMOTE,0,0,0.0
KNN,No SMOTE,0,0,0.0
KNN,No SMOTE,0,0,0.0
KNN,No SMOTE,0,0,0.0
KNN,No SMOTE,0,0,0.0
KNN,No SMOTE,0,0,0.0
KNN,No SMOTE,0,0,0.0
KNN,No SMOTE,0,0,0.0
KNN,No SMOTE,0,0,0.0
KNN,No SMOTE,0,0,0.0
KNN,No SMOTE,0,0,0.0
KNN,No SMOTE,0,0,0.0
KNN,No SMOTE,0,0,0.0
KNN,No SMOTE,0,0,0.0
KNN,No SMOTE,0,0,0.0
KNN,No SMOTE,0,0,0.0
KNN,No SMOTE,0,0,0.0
KNN,No SMOTE,0,0,0.0
KNN,No SMOTE,0,0,0.0
KNN,No SMOTE,0,0,0.0
KNN,No SMOTE,0,0,0.0
KNN,No SMOTE,0,0,0.0
KNN,No SMOTE,0,0,0.0
KNN,No SMOTE,0,0,0.0
KNN,No SMOTE,0,0,0.0
KNN,No SMOTE,0,0,0.0
KNN,No SMOTE,0,0,0.0
KNN,No SMOTE,0,0,0.0
KNN,No SMOTE,0,0,0.0
KNN,No SMOTE,0,0,0.0
KNN,No SMOTE,0,0,0.0
KNN,No SMOTE,0,0,0.0
KNN,No SMOTE,0,0,0.0
KNN,No SMOTE,0,0,0.0
KNN,No SMOTE,0,0,0.0
KNN,No SMOTE,0,0,0.0
KNN,No SMOTE,0,0,0.0
KNN,No SMOTE,0,0,0.0
KNN,No SMOTE,0,0,0.0
KNN,No SMOTE,0,0,0.0
KNN,No SMOTE,0,0,0.0
KNN,No SMOTE,0,0,0.0
KNN,No SMOTE,0,0,0.0
KNN,No SMOTE,0,0,0.0
KNN,No SMOTE,0,0,0.0
KNN,No SMOTE,0,0,0.0
KNN,No SMOTE,0,0,0.0
KNN,No SMOTE,0,0,0.0
KNN,No SMOTE,0,0,0.0
KNN,No SMOTE,0,0,0.0
KNN,No SMOTE,0,0,0.0
KNN,No SMOTE,0,0,0.0
KNN,No SMOTE,0,0,0.0
KNN,No SMOTE,0,0,0.0
KNN,No SMOTE,0,0,0.0
KNN,No SMOTE,0,0,0.0
KNN,No SMOTE,0,0,0.0
KNN,No SMOTE,0,0,0.0
KNN,No SMOTE,0,0,0.0
KNN,No SMOTE,0,0,0.0
KNN,No SMOTE,0,0,0.0
KNN,No SMOTE,0,0,0.0
KNN,No SMOTE,0,0,0.0
KNN,No SMOTE,0,0,0.0
KNN,No SMOTE,0,0,0.0
KNN,No SMOTE,0,0,0.0
KNN,No SMOTE,0,0,0.0
KNN,No SMOTE,0,0,0.0
KNN,No SMOTE,0,0,0.0
KNN,No SMOTE,0,0,0.0
KNN,No SMOTE,0,0,0.0
KNN,No SMOTE,0,0,0.0
KNN,No SMOTE,0,0,0.0
KNN,No SMOTE,0,0,0.0
KNN,No SMOTE,0,0,0.0
KNN,No SMOTE,0,0,0.0
KNN,No SMOTE,0,0,0.0
KNN,No SMOTE,0,0,0.0
KNN,No SMOTE,0,0,0.0
KNN,No SMOTE,0,0,0.0
KNN,No SMOTE,0,0,0.0
KNN,No SMOTE,0,0,0.0
KNN,No SMOTE,0,0,0.0
KNN,No SMOTE,0,0,0.0
KNN,No SMOTE,0,0,0.0
KNN,No SMOTE,0,0,0.0
KNN,No SMOTE,0,0,0.0
KNN,No SMOTE,0,0,0.0
KNN,No SMOTE,0,0,0.0
KNN,No SMOTE,0,0,0.0
KNN,No SMOTE,0,0,0.0
KNN,No SMOTE,0,0,0.0
KNN,No SMOTE,0,0,0.0
KNN,No SMOTE,0,0,0.0
KNN,No SMOTE,0,0,0.0
KNN,No SMOTE,0,0,0.0
KNN,No SMOTE,0,0,0.0
KNN,No SMOTE,0,0,0.0
KNN,No SMOTE,0,0,0.0
KNN,No SMOTE,0,0,0.0
KNN,No SMOTE,0,0,0.0
KNN,No SMOTE,0,0,0.0
KNN,No SMOTE,0,0,0.0
KNN,No SMOTE,0,0,0.0
KNN,No SMOTE,0,0,0.0
KNN,No SMOTE,0,0,0.0
KNN,No SMOTE,0,0,0.0
KNN,No SMOTE,0,0,0.0
KNN,No SMOTE,0,0,0.0
KNN,No SMOTE,0,0,0.0
KNN,No SMOTE,0,0,0.0
KNN,No SMOTE,0,0,0.0
KNN,No SMOTE,0,0,0.0
KNN,No SMOTE,0,0,0.0
KNN,No SMOTE,0,0,0.0
KNN,No SMOTE,0,0,0.0
KNN,No SMOTE,0,0,0.0
KNN,No SMOTE,0,0,0.0
KNN,No SMOTE,0,0,0.0
KNN,No SMOTE,0,0,0.0
KNN,No SMOTE,0,0,0.0
KNN,No SMOTE,0,0,0.0
KNN,No SMOTE,0,0,0.0
KNN,No SMOTE,0,0,0.0
KNN,No SMOTE,0,0,0.0
KNN,No SMOTE,0,0,0.0
KNN,No SMOTE,0,0,0.0
KNN,No SMOTE,0,0,0.0
KNN,No SMOTE,0,0,0.0
KNN,No SMOTE,0,0,0.0
KNN,No SMOTE,0,0,0.0
KNN,No SMOTE,0,0,0.0
KNN,No SMOTE,0,0,0.0
KNN,No SMOTE,0,0,0.0
KNN,No SMOTE,0,0,0.0
KNN,No SMOTE,0,0,0.0
KNN,No SMOTE,0,0,0.0
KNN,No SMOTE,0,0,0.0
KNN,No SMOTE,0,0,0.0
KNN,No SMOTE,0,0,0.0
KNN,No SMOTE,0,0,0.0
KNN,No SMOTE,0,0,0.0
KNN,No SMOTE,0,0,0.0
KNN,No SMOTE,0,0,0.0
KNN,No SMOTE,0,0,0.0
KNN,No SMOTE,0,0,0.0
KNN,No SMOTE,0,0,0.0
KNN,No SMOTE,0,0,0.0
KNN,No SMOTE,0,0,0.0
KNN,No SMOTE,0,0,0.0
KNN,No SMOTE,0,0,0.0
KNN,No SMOTE,0,0,0.0
KNN,No SMOTE,0,0,0.0
KNN,No SMOTE,0,0,0.0
KNN,No SMOTE,0,0,0.0
KNN,No SMOTE,0,0,0.0
KNN,No SMOTE,0,0,0.0
KNN,No SMOTE,0,0,0.0
KNN,No SMOTE,0,0,0.0
KNN,No SMOTE,0,0,0.0
KNN,No SMOTE,0,0,0.0
KNN,No SMOTE,0,0,0.0
KNN,No SMOTE,0,0,0.0
KNN,No SMOTE,0,0,0.0
KNN,No SMOTE,0,0,0.0
KNN,No SMOTE,0,0,0.0
KNN,No SMOTE,0,0,0.0
KNN,No SMOTE,0,0,0.0
KNN,No SMOTE,0,0,0.0
KNN,No SMOTE,0,0,0.0
KNN,No SMOTE,0,0,0.0
KNN,No SMOTE,0,0,0.0
KNN,No SMOTE,0,0,0.0
KNN,No SMOTE,0,0,0.0
KNN,No SMOTE,0,0,0.0
KNN,No SMOTE,0,0,0.0
KNN,No SMOTE,0,0,0.0
KNN,No SMOTE,0,0,0.0
KNN,No SMOTE,0,0,0.0
KNN,No SMOTE,0,0,0.0
KNN,No SMOTE,0,0,0.0
KNN,No SMOTE,0,0,0.0
KNN,No SMOTE,0,0,0.0
KNN,No SMOTE,0,0,0.0
KNN,No SMOTE,0,0,0.0
KNN,No SMOTE,0,0,0.0
KNN,No SMOTE,0,0,0.0
KNN,No SMOTE,0,0,0.0
KNN,No SMOTE,0,0,0.0
KNN,No SMOTE,0,0,0.0
KNN,No SMOTE,0,0,0.0
KNN,No SMOTE,0,0,0.0
KNN,No SMOTE,0,0,0.0
KNN,No SMOTE,0,0,0.0
KNN,No SMOTE,0,0,0.0
KNN,No SMOTE,0,0,0.0
KNN,No SMOTE,0,0,0.0
KNN,No SMOTE,0,0,0.0
KNN,No SMOTE,0,0,0.0
KNN,No SMOTE,0,0,0.0
KNN,No SMOTE,0,0,0.0
KNN,No SMOTE,0,0,0.0
KNN,No SMOTE,0,0,0.0
KNN,No SMOTE,0,0,0.0
KNN,No SMOTE,0,0,0.0
KNN,No SMOTE,0,0,0.0
KNN,No SMOTE,0,0,0.0
KNN,No SMOTE,0,0,0.0
KNN,No SMOTE,0,0,0.0
KNN,No SMOTE,0,0,0.0
KNN,No SMOTE,0,0,0.0
KNN,No SMOTE,0,0,0.0
KNN,No SMOTE,0,0,0.0
KNN,No SMOTE,0,0,0.0
KNN,No SMOTE,0,0,0.0
KNN,No SMOTE,0,0,0.0
KNN,No SMOTE,0,0,0.0
KNN,No SMOTE,0,0,0.0
KNN,No SMOTE,0,0,0.0
KNN,No SMOTE,0,0,0.0
KNN,No SMOTE,0,0,0.0
KNN,No SMOTE,0,0,0.0
KNN,No SMOTE,0,0,0.0
KNN,No SMOTE,0,0,0.0
KNN,No SMOTE,0,0,0.0
KNN,No SMOTE,0,0,0.0
KNN,No SMOTE,0,0,0.0
KNN,No SMOTE,0,0,0.0
KNN,No SMOTE,0,0,0.0
KNN,No SMOTE,0,0,0.0
KNN,No SMOTE,0,0,0.0
KNN,No SMOTE,0,0,0.0
KNN,No SMOTE,0,0,0.0
KNN,No SMOTE,0,0,0.0
KNN,No SMOTE,0,0,0.0
KNN,No SMOTE,0,0,0.0
KNN,No SMOTE,0,0,0.0
KNN,No SMOTE,0,0,0.0
KNN,No SMOTE,0,0,0.0
KNN,No SMOTE,0,0,0.0
KNN,No SMOTE,0,0,0.0
KNN,No SMOTE,0,0,0.0
KNN,No SMOTE,0,0,0.0
KNN,No SMOTE,0,0,0.0
KNN,No SMOTE,0,0,0.0
KNN,No SMOTE,0,0,0.0
KNN,No SMOTE,0,0,0.0
KNN,No SMOTE,0,0,0.0
KNN,No SMOTE,0,0,0.0
KNN,No SMOTE,0,0,0.0
KNN,No SMOTE,0,0,0.0
KNN,No SMOTE,0,0,0.0
KNN,No SMOTE,0,0,0.0
KNN,No SMOTE,0,0,0.0
KNN,No SMOTE,0,0,0.0
KNN,No SMOTE,0,0,0.0
KNN,No SMOTE,0,0,0.0
KNN,No SMOTE,0,0,0.0
KNN,No SMOTE,0,0,0.0
KNN,No SMOTE,0,0,0.0
KNN,No SMOTE,0,0,0.0
KNN,No SMOTE,0,0,0.0
KNN,No SMOTE,0,0,0.0
KNN,No SMOTE,0,0,0.0
KNN,No SMOTE,0,0,0.0
KNN,No SMOTE,0,0,0.0
KNN,No SMOTE,0,0,0.0
KNN,No SMOTE,0,0,0.0
KNN,No SMOTE,0,0,0.0
KNN,No SMOTE,0,0,0.0
KNN,No SMOTE,0,0,0.0
KNN,No SMOTE,0,0,0.0
KNN,No SMOTE,0,0,0.0
KNN,No SMOTE,0,0,0.0
KNN,No SMOTE,0,0,0.0
KNN,No SMOTE,0,0,0.0
KNN,No SMOTE,0,0,0.0
KNN,No SMOTE,0,0,0.0
KNN,No SMOTE,0,0,0.0
KNN,No SMOTE,0,0,0.0
KNN,No SMOTE,0,0,0.0
KNN,No SMOTE,0,0,0.0
KNN,No SMOTE,0,0,0.0
KNN,No SMOTE,0,0,0.0
KNN,No SMOTE,0,0,0.0
KNN,No SMOTE,0,0,0.0
KNN,No SMOTE,0,0,0.0
KNN,No SMOTE,0,0,0.0
KNN,No SMOTE,0,0,0.0
KNN,No SMOTE,0,0,0.0
KNN,No SMOTE,0,0,0.0
KNN,No SMOTE,0,0,0.0
KNN,No SMOTE,0,0,0.0
KNN,No SMOTE,0,0,0.0
KNN,No SMOTE,0,0,0.0
KNN,No SMOTE,0,0,0.0
KNN,No SMOTE,0,0,0.0
KNN,No SMOTE,0,0,0.0
KNN,No SMOTE,0,0,0.0
KNN,No SMOTE,0,0,0.0
KNN,No SMOTE,0,0,0.0
KNN,No SMOTE,0,0,0.0
KNN,No SMOTE,0,0,0.0
KNN,No SMOTE,0,0,0.0
KNN,No SMOTE,0,0,0.0
KNN,No SMOTE,0,0,0.0
KNN,No SMOTE,0,0,0.0
KNN,No SMOTE,0,0,0.0
KNN,No SMOTE,0,0,0.0
KNN,No SMOTE,0,0,0.0
KNN,No SMOTE,0,0,0.0
KNN,No SMOTE,0,0,0.0
KNN,No SMOTE,0,0,0.0
KNN,No SMOTE,0,0,0.0
KNN,No SMOTE,0,0,0.0
KNN,No SMOTE,0,0,0.0
KNN,No SMOTE,0,0,0.0
KNN,No SMOTE,0,0,0.0
KNN,No SMOTE,0,0,0.0
KNN,No SMOTE,0,0,0.0
KNN,No SMOTE,1,1,1.0
KNN,No SMOTE,0,0,0.0
KNN,No SMOTE,0,0,0.0
KNN,No SMOTE,0,0,0.0
KNN,No SMOTE,0,0,0.0
KNN,No SMOTE,0,0,0.0
KNN,No SMOTE,0,0,0.0
KNN,No SMOTE,0,0,0.0
KNN,No SMOTE,0,0,0.0
KNN,No SMOTE,0,0,0.0
KNN,No SMOTE,0,0,0.0
KNN,No SMOTE,0,0,0.0
KNN,No SMOTE,0,0,0.0
KNN,No SMOTE,0,0,0.0
KNN,No SMOTE,0,0,0.0
KNN,No SMOTE,0,0,0.0
KNN,No SMOTE,0,0,0.0
KNN,No SMOTE,0,0,0.0
KNN,No SMOTE,0,0,0.0
KNN,No SMOTE,0,0,0.0
KNN,No SMOTE,0,0,0.0
KNN,No SMOTE,0,0,0.0
KNN,No SMOTE,0,0,0.0
KNN,No SMOTE,0,0,0.0
KNN,No SMOTE,0,0,0.0
KNN,No SMOTE,0,0,0.0
KNN,No SMOTE,0,0,0.0
KNN,No SMOTE,0,0,0.0
KNN,No SMOTE,0,0,0.0
KNN,No SMOTE,0,0,0.0
KNN,No SMOTE,0,0,0.0
KNN,No SMOTE,0,0,0.0
KNN,No SMOTE,0,0,0.0
KNN,No SMOTE,0,0,0.0
KNN,No SMOTE,0,0,0.0
KNN,No SMOTE,0,0,0.0
KNN,No SMOTE,0,0,0.0
KNN,No SMOTE,0,0,0.0
KNN,No SMOTE,0,0,0.0
KNN,No SMOTE,0,0,0.0
KNN,No SMOTE,0,0,0.0
KNN,No SMOTE,0,0,0.0
KNN,No SMOTE,0,0,0.0
KNN,No SMOTE,0,0,0.0
KNN,No SMOTE,0,0,0.0
KNN,No SMOTE,0,0,0.0
KNN,No SMOTE,0,0,0.0
KNN,No SMOTE,0,0,0.0
KNN,No SMOTE,0,0,0.0
KNN,No SMOTE,0,0,0.0
KNN,No SMOTE,0,0,0.0
KNN,No SMOTE,0,0,0.0
KNN,No SMOTE,0,0,0.0
KNN,No SMOTE,0,0,0.0
KNN,No SMOTE,0,0,0.0
KNN,No SMOTE,0,0,0.0
KNN,No SMOTE,0,0,0.0
KNN,No SMOTE,0,0,0.0
KNN,No SMOTE,0,0,0.0
KNN,No SMOTE,0,0,0.0
KNN,No SMOTE,0,0,0.0
KNN,No SMOTE,0,0,0.0
KNN,No SMOTE,0,0,0.0
KNN,No SMOTE,0,0,0.0
KNN,No SMOTE,0,0,0.0
KNN,No SMOTE,0,0,0.0
KNN,No SMOTE,0,0,0.0
KNN,No SMOTE,0,0,0.0
KNN,No SMOTE,0,0,0.0
KNN,No SMOTE,0,0,0.0
KNN,No SMOTE,0,0,0.0
KNN,No SMOTE,0,0,0.0
KNN,No SMOTE,0,0,0.0
KNN,No SMOTE,0,0,0.0
KNN,No SMOTE,0,0,0.0
KNN,No SMOTE,0,0,0.0
KNN,No SMOTE,0,0,0.0
KNN,No SMOTE,0,0,0.0
KNN,No SMOTE,0,0,0.0
KNN,No SMOTE,0,0,0.0
KNN,No SMOTE,0,0,0.0
KNN,No SMOTE,0,0,0.0
KNN,No SMOTE,0,0,0.0
KNN,No SMOTE,0,0,0.0
KNN,No SMOTE,0,0,0.0
KNN,No SMOTE,0,0,0.0
KNN,No SMOTE,0,0,0.0
KNN,No SMOTE,0,0,0.0
KNN,No SMOTE,0,0,0.0
KNN,No SMOTE,0,0,0.0
KNN,No SMOTE,0,0,0.0
KNN,No SMOTE,0,0,0.0
KNN,No SMOTE,0,0,0.0
KNN,No SMOTE,0,0,0.0
KNN,No SMOTE,0,0,0.0
KNN,No SMOTE,0,0,0.0
KNN,No SMOTE,0,0,0.0
KNN,No SMOTE,0,0,0.0
KNN,No SMOTE,0,0,0.0
KNN,No SMOTE,0,0,0.0
KNN,No SMOTE,0,0,0.0
KNN,No SMOTE,0,0,0.0
KNN,No SMOTE,0,0,0.0
KNN,No SMOTE,0,0,0.0
KNN,No SMOTE,0,0,0.2
KNN,No SMOTE,0,0,0.0
KNN,No SMOTE,0,0,0.0
KNN,No SMOTE,0,0,0.0
KNN,No SMOTE,0,0,0.0
KNN,No SMOTE,0,0,0.0
KNN,No SMOTE,0,0,0.0
KNN,No SMOTE,0,0,0.0
KNN,No SMOTE,0,0,0.0
KNN,No SMOTE,0,0,0.0
KNN,No SMOTE,0,0,0.0
KNN,No SMOTE,0,0,0.0
KNN,No SMOTE,0,0,0.0
KNN,No SMOTE,0,0,0.0
KNN,No SMOTE,0,0,0.0
KNN,No SMOTE,0,0,0.0
KNN,No SMOTE,0,0,0.0
KNN,No SMOTE,0,0,0.0
KNN,No SMOTE,0,0,0.0
KNN,No SMOTE,0,0,0.0
KNN,No SMOTE,0,0,0.0
KNN,No SMOTE,0,0,0.0
KNN,No SMOTE,0,0,0.0
KNN,No SMOTE,0,0,0.0
KNN,No SMOTE,0,0,0.0
KNN,No SMOTE,0,0,0.0
KNN,No SMOTE,0,0,0.0
KNN,No SMOTE,0,0,0.0
KNN,No SMOTE,0,0,0.0
KNN,No SMOTE,0,0,0.0
KNN,No SMOTE,0,0,0.0
KNN,No SMOTE,0,0,0.0
KNN,No SMOTE,0,0,0.0
KNN,No SMOTE,0,0,0.0
KNN,No SMOTE,0,0,0.0
KNN,No SMOTE,0,0,0.0
KNN,No SMOTE,0,0,0.0
KNN,No SMOTE,0,0,0.0
KNN,No SMOTE,0,0,0.0
KNN,No SMOTE,0,0,0.0
KNN,No SMOTE,0,0,0.0
KNN,No SMOTE,0,0,0.0
KNN,No SMOTE,0,0,0.0
KNN,No SMOTE,0,0,0.0
KNN,No SMOTE,0,0,0.0
KNN,No SMOTE,0,0,0.0
KNN,No SMOTE,0,0,0.0
KNN,No SMOTE,0,0,0.0
KNN,No SMOTE,0,0,0.0
KNN,No SMOTE,0,0,0.0
KNN,No SMOTE,0,0,0.0
KNN,No SMOTE,0,0,0.0
KNN,No SMOTE,0,0,0.0
KNN,No SMOTE,0,0,0.0
KNN,No SMOTE,0,0,0.0
KNN,No SMOTE,0,0,0.0
KNN,No SMOTE,0,0,0.0
KNN,No SMOTE,0,0,0.0
KNN,No SMOTE,0,0,0.0
KNN,No SMOTE,0,0,0.0
KNN,No SMOTE,0,0,0.0
KNN,No SMOTE,0,0,0.0
KNN,No SMOTE,0,0,0.0
KNN,No SMOTE,0,0,0.0
KNN,No SMOTE,0,0,0.0
KNN,No SMOTE,0,0,0.0
KNN,No SMOTE,0,0,0.0
KNN,No SMOTE,0,0,0.0
KNN,No SMOTE,0,0,0.0
KNN,No SMOTE,0,0,0.0
KNN,No SMOTE,0,0,0.0
KNN,No SMOTE,0,0,0.0
KNN,No SMOTE,0,0,0.0
KNN,No SMOTE,0,0,0.0
KNN,No SMOTE,0,0,0.0
KNN,No SMOTE,0,0,0.0
KNN,No SMOTE,0,0,0.0
KNN,No SMOTE,0,0,0.0
KNN,No SMOTE,0,0,0.0
KNN,No SMOTE,0,0,0.0
KNN,No SMOTE,0,0,0.0
KNN,No SMOTE,0,0,0.0
KNN,No SMOTE,0,0,0.0
KNN,No SMOTE,0,0,0.0
KNN,No SMOTE,0,0,0.0
KNN,No SMOTE,0,0,0.0
KNN,No SMOTE,0,0,0.0
KNN,No SMOTE,0,0,0.0
KNN,No SMOTE,0,0,0.0
KNN,No SMOTE,0,0,0.0
KNN,No SMOTE,0,0,0.0
KNN,No SMOTE,0,0,0.0
KNN,No SMOTE,0,0,0.0
KNN,No SMOTE,0,0,0.0
KNN,No SMOTE,0,0,0.0
KNN,No SMOTE,0,0,0.0
KNN,No SMOTE,0,0,0.0
KNN,No SMOTE,0,0,0.0
KNN,No SMOTE,0,0,0.0
KNN,No SMOTE,0,0,0.0
KNN,No SMOTE,0,0,0.0
KNN,No SMOTE,0,0,0.0
KNN,No SMOTE,0,0,0.0
KNN,No SMOTE,0,0,0.0
KNN,No SMOTE,0,0,0.0
KNN,No SMOTE,0,0,0.0
KNN,No SMOTE,0,0,0.0
KNN,No SMOTE,0,0,0.0
KNN,No SMOTE,0,0,0.0
KNN,No SMOTE,0,0,0.0
KNN,No SMOTE,0,0,0.0
KNN,No SMOTE,0,0,0.0
KNN,No SMOTE,0,0,0.0
KNN,No SMOTE,0,0,0.0
KNN,No SMOTE,0,0,0.0
KNN,No SMOTE,0,0,0.0
KNN,No SMOTE,0,0,0.0
KNN,No SMOTE,0,0,0.0
KNN,No SMOTE,0,0,0.0
KNN,No SMOTE,0,0,0.0
KNN,No SMOTE,0,0,0.0
KNN,No SMOTE,0,0,0.0
KNN,No SMOTE,0,0,0.0
KNN,No SMOTE,0,0,0.0
KNN,No SMOTE,0,0,0.0
KNN,No SMOTE,0,0,0.0
KNN,No SMOTE,0,0,0.0
KNN,No SMOTE,0,0,0.0
KNN,No SMOTE,0,0,0.0
KNN,No SMOTE,0,0,0.0
KNN,No SMOTE,0,0,0.0
KNN,No SMOTE,0,0,0.0
KNN,No SMOTE,0,0,0.0
KNN,No SMOTE,0,0,0.0
KNN,No SMOTE,0,0,0.0
KNN,No SMOTE,0,0,0.0
KNN,No SMOTE,0,0,0.0
KNN,No SMOTE,0,0,0.0
KNN,No SMOTE,0,0,0.0
KNN,No SMOTE,0,0,0.0
KNN,No SMOTE,0,0,0.0
KNN,No SMOTE,0,0,0.0
KNN,No SMOTE,0,0,0.0
KNN,No SMOTE,0,0,0.0
KNN,No SMOTE,0,0,0.0
KNN,No SMOTE,0,0,0.0
KNN,No SMOTE,0,0,0.0
KNN,No SMOTE,0,0,0.0
KNN,No SMOTE,0,0,0.0
KNN,No SMOTE,0,0,0.0
KNN,No SMOTE,0,0,0.0
KNN,No SMOTE,0,0,0.0
KNN,No SMOTE,0,0,0.0
KNN,No SMOTE,0,0,0.0
KNN,No SMOTE,0,0,0.0
KNN,No SMOTE,0,0,0.0
KNN,No SMOTE,0,0,0.0
KNN,No SMOTE,0,0,0.0
KNN,No SMOTE,0,0,0.0
KNN,No SMOTE,0,0,0.0
KNN,No SMOTE,0,0,0.0
KNN,No SMOTE,0,0,0.0
KNN,No SMOTE,0,0,0.0
KNN,No SMOTE,0,0,0.0
KNN,No SMOTE,0,0,0.0
KNN,No SMOTE,0,0,0.0
KNN,No SMOTE,0,0,0.0
KNN,No SMOTE,0,0,0.0
KNN,No SMOTE,0,0,0.0
KNN,No SMOTE,0,0,0.0
KNN,No SMOTE,0,0,0.0
KNN,No SMOTE,0,0,0.0
KNN,No SMOTE,0,0,0.0
KNN,No SMOTE,0,0,0.0
KNN,No SMOTE,0,0,0.0
KNN,No SMOTE,0,0,0.0
KNN,No SMOTE,0,0,0.0
KNN,No SMOTE,0,0,0.0
KNN,No SMOTE,0,0,0.0
KNN,No SMOTE,0,0,0.0
KNN,No SMOTE,0,0,0.0
KNN,No SMOTE,0,0,0.0
KNN,No SMOTE,0,0,0.0
KNN,No SMOTE,0,0,0.0
KNN,No SMOTE,0,0,0.0
KNN,No SMOTE,0,0,0.0
KNN,No SMOTE,0,0,0.0
KNN,No SMOTE,0,0,0.0
KNN,No SMOTE,0,0,0.0
KNN,No SMOTE,0,0,0.0
KNN,No SMOTE,0,0,0.0
KNN,No SMOTE,0,0,0.0
KNN,No SMOTE,0,0,0.0
KNN,No SMOTE,0,0,0.0
KNN,No SMOTE,0,0,0.0
KNN,No SMOTE,0,0,0.0
KNN,No SMOTE,0,0,0.0
KNN,No SMOTE,0,0,0.0
KNN,No SMOTE,0,0,0.0
KNN,No SMOTE,0,0,0.0
KNN,No SMOTE,0,0,0.0
KNN,No SMOTE,0,0,0.0
KNN,No SMOTE,0,0,0.0
KNN,No SMOTE,0,0,0.0
KNN,No SMOTE,0,0,0.0
KNN,No SMOTE,0,0,0.0
KNN,No SMOTE,0,0,0.0
KNN,No SMOTE,0,0,0.0
KNN,No SMOTE,0,0,0.0
KNN,No SMOTE,0,0,0.0
KNN,No SMOTE,0,0,0.0
KNN,No SMOTE,0,0,0.4
KNN,No SMOTE,0,0,0.0
KNN,No SMOTE,0,0,0.0
KNN,No SMOTE,0,0,0.0
KNN,No SMOTE,0,0,0.0
KNN,No SMOTE,0,0,0.0
KNN,No SMOTE,0,0,0.0
KNN,No SMOTE,0,0,0.0
KNN,No SMOTE,0,0,0.0
KNN,No SMOTE,0,0,0.0
KNN,No SMOTE,0,0,0.0
KNN,No SMOTE,0,0,0.0
KNN,No SMOTE,0,0,0.0
KNN,No SMOTE,0,0,0.0
KNN,No SMOTE,0,0,0.0
KNN,No SMOTE,0,0,0.0
KNN,No SMOTE,0,0,0.0
KNN,No SMOTE,0,0,0.0
KNN,No SMOTE,0,0,0.0
KNN,No SMOTE,0,0,0.0
KNN,No SMOTE,0,0,0.0
KNN,No SMOTE,0,0,0.0
KNN,No SMOTE,0,0,0.0
KNN,No SMOTE,0,0,0.0
KNN,No SMOTE,0,0,0.0
KNN,No SMOTE,0,0,0.0
KNN,No SMOTE,0,0,0.0
KNN,No SMOTE,0,0,0.0
KNN,No SMOTE,0,0,0.0
KNN,No SMOTE,0,0,0.0
KNN,No SMOTE,0,0,0.0
KNN,No SMOTE,0,0,0.0
KNN,No SMOTE,0,0,0.0
KNN,No SMOTE,0,0,0.0
KNN,No SMOTE,0,0,0.0
KNN,No SMOTE,0,0,0.0
KNN,No SMOTE,0,0,0.0
KNN,No SMOTE,0,0,0.0
KNN,No SMOTE,0,0,0.0
KNN,No SMOTE,0,0,0.0
KNN,No SMOTE,0,0,0.0
KNN,No SMOTE,0,0,0.0
KNN,No SMOTE,0,0,0.0
KNN,No SMOTE,0,0,0.0
KNN,No SMOTE,0,0,0.0
KNN,No SMOTE,0,0,0.0
KNN,No SMOTE,0,0,0.0
KNN,No SMOTE,0,0,0.0
KNN,No SMOTE,0,0,0.0
KNN,No SMOTE,0,0,0.0
KNN,No SMOTE,0,0,0.0
KNN,No SMOTE,0,0,0.0
KNN,No SMOTE,0,0,0.0
KNN,No SMOTE,0,0,0.0
KNN,No SMOTE,0,0,0.0
KNN,No SMOTE,0,0,0.0
KNN,No SMOTE,0,0,0.0
KNN,No SMOTE,0,0,0.0
KNN,No SMOTE,0,0,0.0
KNN,No SMOTE,0,0,0.0
KNN,No SMOTE,0,0,0.0
KNN,No SMOTE,0,0,0.0
KNN,No SMOTE,0,0,0.0
KNN,No SMOTE,0,0,0.0
KNN,No SMOTE,0,0,0.0
KNN,No SMOTE,0,0,0.0
KNN,No SMOTE,0,0,0.0
KNN,No SMOTE,0,0,0.0
KNN,No SMOTE,0,0,0.0
KNN,No SMOTE,0,0,0.0
KNN,No SMOTE,0,0,0.0
KNN,No SMOTE,0,0,0.0
KNN,No SMOTE,0,0,0.0
KNN,No SMOTE,0,0,0.0
KNN,No SMOTE,0,0,0.0
KNN,No SMOTE,0,0,0.0
KNN,No SMOTE,0,0,0.0
KNN,No SMOTE,0,0,0.0
KNN,No SMOTE,0,0,0.0
KNN,No SMOTE,0,0,0.0
KNN,No SMOTE,0,0,0.0
KNN,No SMOTE,0,0,0.0
KNN,No SMOTE,0,0,0.0
KNN,No SMOTE,0,0,0.0
KNN,No SMOTE,0,0,0.0
KNN,No SMOTE,0,0,0.0
KNN,No SMOTE,0,0,0.0
KNN,No SMOTE,0,0,0.0
KNN,No SMOTE,0,0,0.0
KNN,No SMOTE,0,0,0.0
KNN,No SMOTE,0,0,0.0
KNN,No SMOTE,0,0,0.0
KNN,No SMOTE,0,0,0.0
KNN,No SMOTE,0,0,0.0
KNN,No SMOTE,0,0,0.0
KNN,No SMOTE,0,0,0.0
KNN,No SMOTE,0,0,0.0
KNN,No SMOTE,0,0,0.0
KNN,No SMOTE,0,0,0.0
KNN,No SMOTE,0,0,0.0
KNN,No SMOTE,0,0,0.0
KNN,No SMOTE,0,0,0.0
KNN,No SMOTE,0,0,0.0
KNN,No SMOTE,0,0,0.0
KNN,No SMOTE,0,0,0.0
KNN,No SMOTE,0,0,0.0
KNN,No SMOTE,0,0,0.0
KNN,No SMOTE,0,0,0.0
KNN,No SMOTE,0,0,0.0
KNN,No SMOTE,0,0,0.0
KNN,No SMOTE,0,0,0.0
KNN,No SMOTE,0,0,0.0
KNN,No SMOTE,0,0,0.0
KNN,No SMOTE,0,0,0.0
KNN,No SMOTE,0,0,0.0
KNN,No SMOTE,0,0,0.0
KNN,No SMOTE,0,0,0.0
KNN,No SMOTE,0,0,0.0
KNN,No SMOTE,0,0,0.0
KNN,No SMOTE,0,0,0.0
KNN,No SMOTE,0,0,0.0
KNN,No SMOTE,0,0,0.0
KNN,No SMOTE,0,0,0.0
KNN,No SMOTE,0,0,0.0
KNN,No SMOTE,0,0,0.0
KNN,No SMOTE,0,0,0.0
KNN,No SMOTE,0,0,0.0
KNN,No SMOTE,0,0,0.0
KNN,No SMOTE,0,0,0.0
KNN,No SMOTE,0,0,0.0
KNN,No SMOTE,0,0,0.0
KNN,No SMOTE,0,0,0.0
KNN,No SMOTE,0,0,0.0
KNN,No SMOTE,0,0,0.0
KNN,No SMOTE,0,0,0.0
KNN,No SMOTE,0,0,0.0
KNN,No SMOTE,0,0,0.0
KNN,No SMOTE,0,0,0.0
KNN,No SMOTE,0,0,0.0
KNN,No SMOTE,0,0,0.0
KNN,No SMOTE,0,0,0.0
KNN,No SMOTE,0,0,0.0
KNN,No SMOTE,0,0,0.0
KNN,No SMOTE,0,0,0.0
KNN,No SMOTE,0,0,0.0
KNN,No SMOTE,0,0,0.0
KNN,No SMOTE,0,0,0.0
KNN,No SMOTE,0,0,0.0
KNN,No SMOTE,0,0,0.0
KNN,No SMOTE,0,0,0.0
KNN,No SMOTE,0,0,0.0
KNN,No SMOTE,0,0,0.0
KNN,No SMOTE,0,0,0.0
KNN,No SMOTE,0,0,0.0
KNN,No SMOTE,0,0,0.0
KNN,No SMOTE,0,0,0.0
KNN,No SMOTE,0,0,0.0
KNN,No SMOTE,0,0,0.0
KNN,No SMOTE,0,0,0.0
KNN,No SMOTE,0,0,0.0
KNN,No SMOTE,0,0,0.0
KNN,No SMOTE,0,0,0.0
KNN,No SMOTE,0,0,0.0
KNN,No SMOTE,0,0,0.0
KNN,No SMOTE,0,0,0.0
KNN,No SMOTE,0,0,0.0
KNN,No SMOTE,0,0,0.0
KNN,No SMOTE,0,0,0.0
KNN,No SMOTE,0,0,0.0
KNN,No SMOTE,0,0,0.0
KNN,No SMOTE,0,0,0.0
KNN,No SMOTE,0,0,0.0
KNN,No SMOTE,0,0,0.0
KNN,No SMOTE,0,0,0.0
KNN,No SMOTE,0,0,0.0
KNN,No SMOTE,0,0,0.0
KNN,No SMOTE,0,0,0.0
KNN,No SMOTE,0,0,0.0
KNN,No SMOTE,0,0,0.0
KNN,No SMOTE,0,0,0.0
KNN,No SMOTE,0,0,0.0
KNN,No SMOTE,0,0,0.0
KNN,No SMOTE,0,0,0.0
KNN,No SMOTE,0,0,0.0
KNN,No SMOTE,0,0,0.0
KNN,No SMOTE,0,0,0.0
KNN,No SMOTE,0,0,0.0
KNN,No SMOTE,0,0,0.0
KNN,No SMOTE,0,0,0.0
KNN,No SMOTE,0,0,0.0
KNN,No SMOTE,0,0,0.0
KNN,No SMOTE,0,0,0.0
KNN,No SMOTE,0,0,0.0
KNN,No SMOTE,0,0,0.0
KNN,No SMOTE,0,0,0.0
KNN,No SMOTE,0,0,0.0
KNN,No SMOTE,0,0,0.0
KNN,No SMOTE,0,0,0.0
KNN,No SMOTE,0,0,0.0
KNN,No SMOTE,0,0,0.0
KNN,No SMOTE,0,0,0.0
KNN,No SMOTE,0,0,0.0
KNN,No SMOTE,0,0,0.0
KNN,No SMOTE,0,0,0.0
KNN,No SMOTE,0,0,0.0
KNN,No SMOTE,0,0,0.0
KNN,No SMOTE,0,0,0.0
KNN,No SMOTE,0,0,0.0
KNN,No SMOTE,0,0,0.0
KNN,No SMOTE,0,0,0.0
KNN,No SMOTE,0,0,0.0
KNN,No SMOTE,0,0,0.0
KNN,No SMOTE,0,0,0.0
KNN,No SMOTE,0,0,0.0
KNN,No SMOTE,0,0,0.0
KNN,No SMOTE,0,0,0.0
KNN,No SMOTE,0,0,0.0
KNN,No SMOTE,0,0,0.0
KNN,No SMOTE,0,0,0.0
KNN,No SMOTE,0,0,0.0
KNN,No SMOTE,0,0,0.0
KNN,No SMOTE,0,0,0.0
KNN,No SMOTE,0,0,0.0
KNN,No SMOTE,0,0,0.0
KNN,No SMOTE,0,0,0.0
KNN,No SMOTE,0,0,0.0
KNN,No SMOTE,0,0,0.0
KNN,No SMOTE,0,0,0.0
KNN,No SMOTE,0,0,0.0
KNN,No SMOTE,0,0,0.0
KNN,No SMOTE,0,0,0.0
KNN,No SMOTE,0,0,0.0
KNN,No SMOTE,0,0,0.0
KNN,No SMOTE,0,0,0.0
KNN,No SMOTE,0,0,0.0
KNN,No SMOTE,0,0,0.0
KNN,No SMOTE,0,0,0.0
KNN,No SMOTE,0,0,0.0
KNN,No SMOTE,0,0,0.0
KNN,No SMOTE,0,0,0.0
KNN,No SMOTE,0,0,0.0
KNN,No SMOTE,0,0,0.0
KNN,No SMOTE,0,0,0.0
KNN,No SMOTE,0,0,0.0
KNN,No SMOTE,0,0,0.0
KNN,No SMOTE,0,0,0.0
KNN,No SMOTE,0,0,0.0
KNN,No SMOTE,0,0,0.0
KNN,No SMOTE,0,0,0.0
KNN,No SMOTE,0,0,0.0
KNN,No SMOTE,0,0,0.0
KNN,No SMOTE,1,0,0.2
KNN,No SMOTE,0,0,0.0
KNN,No SMOTE,0,0,0.0
KNN,No SMOTE,0,0,0.0
KNN,No SMOTE,0,0,0.0
KNN,No SMOTE,0,0,0.0
KNN,No SMOTE,0,0,0.0
KNN,No SMOTE,0,0,0.0
KNN,No SMOTE,0,0,0.0
KNN,No SMOTE,0,0,0.0
KNN,No SMOTE,0,0,0.0
KNN,No SMOTE,0,0,0.0
KNN,No SMOTE,0,0,0.0
KNN,No SMOTE,0,0,0.0
KNN,No SMOTE,0,0,0.0
KNN,No SMOTE,0,0,0.0
KNN,No SMOTE,0,0,0.0
KNN,No SMOTE,0,0,0.0
KNN,No SMOTE,0,0,0.0
KNN,No SMOTE,0,0,0.0
KNN,No SMOTE,0,0,0.0
KNN,No SMOTE,0,0,0.0
KNN,No SMOTE,0,0,0.0
KNN,No SMOTE,0,0,0.0
KNN,No SMOTE,0,0,0.0
KNN,No SMOTE,0,0,0.0
KNN,No SMOTE,0,0,0.0
KNN,No SMOTE,0,0,0.0
KNN,No SMOTE,0,0,0.0
KNN,No SMOTE,0,0,0.0
KNN,No SMOTE,0,0,0.0
KNN,No SMOTE,0,0,0.0
KNN,No SMOTE,0,0,0.0
KNN,No SMOTE,0,0,0.0
KNN,No SMOTE,0,0,0.0
KNN,No SMOTE,0,0,0.0
KNN,No SMOTE,0,0,0.0
KNN,No SMOTE,0,0,0.0
KNN,No SMOTE,0,0,0.0
KNN,No SMOTE,0,0,0.0
KNN,No SMOTE,0,0,0.0
KNN,No SMOTE,0,0,0.0
KNN,No SMOTE,0,0,0.0
KNN,No SMOTE,0,0,0.0
KNN,No SMOTE,0,0,0.0
KNN,No SMOTE,0,0,0.0
KNN,No SMOTE,0,0,0.0
KNN,No SMOTE,0,0,0.0
KNN,No SMOTE,0,0,0.0
KNN,No SMOTE,0,0,0.0
KNN,No SMOTE,0,0,0.0
KNN,No SMOTE,0,0,0.0
KNN,No SMOTE,0,0,0.0
KNN,No SMOTE,0,0,0.0
KNN,No SMOTE,0,0,0.0
KNN,No SMOTE,0,0,0.0
KNN,No SMOTE,0,0,0.0
KNN,No SMOTE,0,0,0.0
KNN,No SMOTE,0,0,0.0
KNN,No SMOTE,0,0,0.0
KNN,No SMOTE,0,0,0.0
KNN,No SMOTE,0,0,0.0
KNN,No SMOTE,0,0,0.0
KNN,No SMOTE,0,0,0.0
KNN,No SMOTE,0,0,0.0
KNN,No SMOTE,0,0,0.0
KNN,No SMOTE,0,0,0.0
KNN,No SMOTE,0,0,0.0
KNN,No SMOTE,0,0,0.0
KNN,No SMOTE,0,0,0.0
KNN,No SMOTE,0,0,0.0
KNN,No SMOTE,0,0,0.0
KNN,No SMOTE,0,0,0.0
KNN,No SMOTE,0,0,0.0
KNN,No SMOTE,0,0,0.0
KNN,No SMOTE,0,0,0.0
KNN,No SMOTE,0,0,0.0
KNN,No SMOTE,0,0,0.0
KNN,No SMOTE,0,0,0.0
KNN,No SMOTE,0,0,0.0
KNN,No SMOTE,0,0,0.0
KNN,No SMOTE,0,0,0.0
KNN,No SMOTE,0,0,0.0
KNN,No SMOTE,0,0,0.0
KNN,No SMOTE,0,0,0.0
KNN,No SMOTE,0,0,0.0
KNN,No SMOTE,0,0,0.0
KNN,No SMOTE,0,0,0.0
KNN,No SMOTE,0,0,0.0
KNN,No SMOTE,0,0,0.0
KNN,No SMOTE,0,0,0.0
KNN,No SMOTE,0,0,0.0
KNN,No SMOTE,0,0,0.0
KNN,No SMOTE,0,0,0.0
KNN,No SMOTE,0,0,0.0
KNN,No SMOTE,0,0,0.0
KNN,No SMOTE,0,0,0.0
KNN,No SMOTE,0,0,0.0
KNN,No SMOTE,0,0,0.0
KNN,No SMOTE,0,0,0.0
KNN,No SMOTE,0,0,0.0
KNN,No SMOTE,0,0,0.0
KNN,No SMOTE,0,0,0.0
KNN,No SMOTE,0,0,0.0
KNN,No SMOTE,0,0,0.0
KNN,No SMOTE,0,0,0.0
KNN,No SMOTE,0,0,0.0
KNN,No SMOTE,0,0,0.0
KNN,No SMOTE,0,0,0.0
KNN,No SMOTE,0,0,0.0
KNN,No SMOTE,0,0,0.0
KNN,No SMOTE,0,0,0.0
KNN,No SMOTE,0,0,0.0
KNN,No SMOTE,0,0,0.0
KNN,No SMOTE,0,0,0.0
KNN,No SMOTE,0,0,0.0
KNN,No SMOTE,0,0,0.0
KNN,No SMOTE,0,0,0.0
KNN,No SMOTE,0,0,0.0
KNN,No SMOTE,0,0,0.0
KNN,No SMOTE,0,0,0.0
KNN,No SMOTE,0,0,0.0
KNN,No SMOTE,0,0,0.0
KNN,No SMOTE,0,0,0.0
KNN,No SMOTE,0,0,0.0
KNN,No SMOTE,0,0,0.0
KNN,No SMOTE,0,0,0.0
KNN,No SMOTE,0,0,0.0
KNN,No SMOTE,0,0,0.0
KNN,No SMOTE,0,0,0.0
KNN,No SMOTE,0,0,0.0
KNN,No SMOTE,0,0,0.0
KNN,No SMOTE,0,0,0.0
KNN,No SMOTE,0,0,0.0
KNN,No SMOTE,0,0,0.0
KNN,No SMOTE,0,0,0.0
KNN,No SMOTE,0,0,0.0
KNN,No SMOTE,0,0,0.0
KNN,No SMOTE,0,0,0.0
KNN,No SMOTE,0,0,0.0
KNN,No SMOTE,0,0,0.0
KNN,No SMOTE,0,0,0.0
KNN,No SMOTE,0,0,0.0
KNN,No SMOTE,0,0,0.0
KNN,No SMOTE,0,0,0.0
KNN,No SMOTE,0,0,0.0
KNN,No SMOTE,0,0,0.0
KNN,No SMOTE,0,0,0.0
KNN,No SMOTE,0,0,0.0
KNN,No SMOTE,0,0,0.0
KNN,No SMOTE,0,0,0.0
KNN,No SMOTE,0,0,0.0
KNN,No SMOTE,0,0,0.0
KNN,No SMOTE,0,0,0.0
KNN,No SMOTE,0,0,0.0
KNN,No SMOTE,0,0,0.0
KNN,No SMOTE,0,0,0.0
KNN,No SMOTE,0,0,0.0
KNN,No SMOTE,0,0,0.0
KNN,No SMOTE,0,0,0.0
KNN,No SMOTE,0,0,0.0
KNN,No SMOTE,0,0,0.0
KNN,No SMOTE,0,0,0.0
KNN,No SMOTE,0,0,0.0
KNN,No SMOTE,0,0,0.0
KNN,No SMOTE,0,0,0.0
KNN,No SMOTE,0,0,0.0
KNN,No SMOTE,0,0,0.0
KNN,No SMOTE,0,0,0.0
KNN,No SMOTE,0,0,0.0
KNN,No SMOTE,0,0,0.0
KNN,No SMOTE,0,0,0.0
KNN,No SMOTE,0,0,0.0
KNN,No SMOTE,0,0,0.0
KNN,No SMOTE,0,0,0.0
KNN,No SMOTE,0,0,0.0
KNN,No SMOTE,0,0,0.0
KNN,No SMOTE,0,0,0.0
KNN,No SMOTE,0,0,0.0
KNN,No SMOTE,0,0,0.2
KNN,No SMOTE,0,0,0.0
KNN,No SMOTE,0,0,0.0
KNN,No SMOTE,0,0,0.0
KNN,No SMOTE,0,0,0.0
KNN,No SMOTE,0,0,0.0
KNN,No SMOTE,0,0,0.0
KNN,No SMOTE,0,0,0.0
KNN,No SMOTE,0,0,0.0
KNN,No SMOTE,0,0,0.0
KNN,No SMOTE,0,0,0.0
KNN,No SMOTE,0,0,0.0
KNN,No SMOTE,0,0,0.0
KNN,No SMOTE,0,0,0.0
KNN,No SMOTE,0,0,0.0
KNN,No SMOTE,0,0,0.0
KNN,No SMOTE,0,0,0.0
KNN,No SMOTE,0,0,0.0
KNN,No SMOTE,0,0,0.0
KNN,No SMOTE,0,0,0.0
KNN,No SMOTE,0,0,0.0
KNN,No SMOTE,0,0,0.0
KNN,No SMOTE,0,0,0.0
KNN,No SMOTE,0,0,0.0
KNN,No SMOTE,0,0,0.0
KNN,No SMOTE,0,0,0.0
KNN,No SMOTE,0,0,0.0
KNN,No SMOTE,0,0,0.0
KNN,No SMOTE,0,0,0.0
KNN,No SMOTE,0,0,0.0
KNN,No SMOTE,0,0,0.0
KNN,No SMOTE,0,0,0.0
KNN,No SMOTE,0,0,0.0
KNN,No SMOTE,0,0,0.0
KNN,No SMOTE,0,0,0.0
KNN,No SMOTE,0,0,0.0
KNN,No SMOTE,0,0,0.0
KNN,No SMOTE,0,0,0.0
KNN,No SMOTE,0,0,0.0
KNN,No SMOTE,0,0,0.0
KNN,No SMOTE,0,0,0.0
KNN,No SMOTE,0,0,0.0
KNN,No SMOTE,0,0,0.0
KNN,No SMOTE,0,0,0.0
KNN,No SMOTE,0,0,0.0
KNN,No SMOTE,0,0,0.0
KNN,No SMOTE,0,0,0.0
KNN,No SMOTE,0,0,0.0
KNN,No SMOTE,0,0,0.0
KNN,No SMOTE,0,0,0.0
KNN,No SMOTE,0,0,0.0
KNN,No SMOTE,0,0,0.0
KNN,No SMOTE,0,0,0.0
KNN,No SMOTE,0,0,0.0
KNN,No SMOTE,0,0,0.0
KNN,No SMOTE,0,0,0.0
KNN,No SMOTE,0,0,0.0
KNN,No SMOTE,0,0,0.0
KNN,No SMOTE,0,0,0.0
KNN,No SMOTE,0,0,0.0
KNN,No SMOTE,0,0,0.0
KNN,No SMOTE,0,0,0.0
KNN,No SMOTE,0,0,0.0
KNN,No SMOTE,0,0,0.0
KNN,No SMOTE,0,0,0.0
KNN,No SMOTE,0,0,0.0
KNN,No SMOTE,0,0,0.0
KNN,No SMOTE,0,0,0.0
KNN,No SMOTE,0,0,0.0
KNN,No SMOTE,0,0,0.0
KNN,No SMOTE,0,0,0.0
KNN,No SMOTE,0,0,0.0
KNN,No SMOTE,0,0,0.0
KNN,No SMOTE,0,0,0.0
KNN,No SMOTE,0,0,0.0
KNN,No SMOTE,0,0,0.0
KNN,No SMOTE,0,0,0.0
KNN,No SMOTE,0,0,0.0
KNN,No SMOTE,0,0,0.0
KNN,No SMOTE,0,0,0.0
KNN,No SMOTE,0,0,0.0
KNN,No SMOTE,0,0,0.2
KNN,No SMOTE,0,0,0.0
KNN,No SMOTE,0,0,0.0
KNN,No SMOTE,0,0,0.0
KNN,No SMOTE,0,0,0.0
KNN,No SMOTE,0,0,0.0
KNN,No SMOTE,0,0,0.0
KNN,No SMOTE,0,0,0.0
KNN,No SMOTE,0,0,0.0
KNN,No SMOTE,0,0,0.0
KNN,No SMOTE,0,0,0.0
KNN,No SMOTE,0,0,0.0
KNN,No SMOTE,0,0,0.0
KNN,No SMOTE,0,0,0.0
KNN,No SMOTE,0,0,0.0
KNN,No SMOTE,0,0,0.0
KNN,No SMOTE,0,0,0.0
KNN,No SMOTE,0,0,0.0
KNN,No SMOTE,0,0,0.0
KNN,No SMOTE,0,0,0.0
KNN,No SMOTE,0,0,0.0
KNN,No SMOTE,0,0,0.0
KNN,No SMOTE,0,0,0.0
KNN,No SMOTE,0,0,0.0
KNN,No SMOTE,0,0,0.0
KNN,No SMOTE,0,0,0.0
KNN,No SMOTE,0,0,0.0
KNN,No SMOTE,0,0,0.0
KNN,No SMOTE,0,0,0.0
KNN,No SMOTE,0,0,0.0
KNN,No SMOTE,0,0,0.0
KNN,No SMOTE,0,0,0.0
KNN,No SMOTE,0,0,0.0
KNN,No SMOTE,0,0,0.0
KNN,No SMOTE,0,0,0.0
KNN,No SMOTE,0,0,0.0
KNN,No SMOTE,0,0,0.0
KNN,No SMOTE,0,0,0.0
KNN,No SMOTE,0,0,0.0
KNN,No SMOTE,0,0,0.0
KNN,No SMOTE,0,0,0.0
KNN,No SMOTE,0,0,0.0
KNN,No SMOTE,0,0,0.0
KNN,No SMOTE,0,0,0.0
KNN,No SMOTE,0,0,0.0
KNN,No SMOTE,0,0,0.0
KNN,No SMOTE,0,0,0.0
KNN,No SMOTE,0,0,0.0
KNN,No SMOTE,0,0,0.0
KNN,No SMOTE,0,0,0.0
KNN,No SMOTE,0,0,0.0
KNN,No SMOTE,0,0,0.0
KNN,No SMOTE,0,0,0.0
KNN,No SMOTE,0,0,0.0
KNN,No SMOTE,0,0,0.0
KNN,No SMOTE,0,0,0.0
KNN,No SMOTE,0,0,0.0
KNN,No SMOTE,0,0,0.0
KNN,No SMOTE,0,0,0.0
KNN,No SMOTE,0,0,0.0
KNN,No SMOTE,0,0,0.0
KNN,No SMOTE,0,0,0.0
KNN,No SMOTE,0,0,0.0
KNN,No SMOTE,0,0,0.0
KNN,No SMOTE,0,0,0.0
KNN,No SMOTE,0,0,0.0
KNN,No SMOTE,0,0,0.0
KNN,No SMOTE,0,0,0.0
KNN,No SMOTE,0,0,0.0
KNN,No SMOTE,0,0,0.0
KNN,No SMOTE,0,0,0.0
KNN,No SMOTE,0,0,0.0
KNN,No SMOTE,0,0,0.0
KNN,No SMOTE,0,0,0.0
KNN,No SMOTE,0,0,0.0
KNN,No SMOTE,0,0,0.0
KNN,No SMOTE,0,0,0.0
KNN,No SMOTE,0,0,0.0
KNN,No SMOTE,0,0,0.0
KNN,No SMOTE,0,0,0.0
KNN,No SMOTE,0,0,0.0
KNN,No SMOTE,0,0,0.0
KNN,No SMOTE,0,0,0.0
KNN,No SMOTE,0,0,0.0
KNN,No SMOTE,0,0,0.0
KNN,No SMOTE,0,0,0.0
KNN,No SMOTE,0,0,0.0
KNN,No SMOTE,0,0,0.0
KNN,No SMOTE,0,0,0.0
KNN,No SMOTE,0,0,0.0
KNN,No SMOTE,0,0,0.0
KNN,No SMOTE,0,0,0.0
KNN,No SMOTE,0,0,0.0
KNN,No SMOTE,0,0,0.0
KNN,No SMOTE,0,0,0.0
KNN,No SMOTE,0,0,0.0
KNN,No SMOTE,0,0,0.0
KNN,No SMOTE,0,0,0.0
KNN,No SMOTE,0,0,0.0
KNN,No SMOTE,0,0,0.0
KNN,No SMOTE,0,0,0.0
KNN,No SMOTE,0,0,0.0
KNN,No SMOTE,0,0,0.0
KNN,No SMOTE,0,0,0.0
KNN,No SMOTE,0,0,0.0
KNN,No SMOTE,0,0,0.0
KNN,No SMOTE,0,0,0.0
KNN,No SMOTE,0,0,0.0
KNN,No SMOTE,0,0,0.0
KNN,No SMOTE,0,0,0.0
KNN,No SMOTE,0,0,0.0
KNN,No SMOTE,0,0,0.0
KNN,No SMOTE,0,0,0.0
KNN,No SMOTE,0,0,0.0
KNN,No SMOTE,0,0,0.0
KNN,No SMOTE,0,0,0.0
KNN,No SMOTE,0,0,0.0
KNN,No SMOTE,0,0,0.0
KNN,No SMOTE,0,0,0.0
KNN,No SMOTE,0,0,0.0
KNN,No SMOTE,0,0,0.0
KNN,No SMOTE,0,0,0.0
KNN,No SMOTE,0,0,0.0
KNN,No SMOTE,0,0,0.0
KNN,No SMOTE,0,0,0.0
KNN,No SMOTE,0,0,0.0
KNN,No SMOTE,0,0,0.0
KNN,No SMOTE,0,0,0.0
KNN,No SMOTE,0,0,0.0
KNN,No SMOTE,0,0,0.0
KNN,No SMOTE,0,0,0.0
KNN,No SMOTE,0,0,0.0
KNN,No SMOTE,0,0,0.0
KNN,No SMOTE,0,0,0.0
KNN,No SMOTE,0,0,0.0
KNN,No SMOTE,0,0,0.0
KNN,No SMOTE,0,0,0.0
KNN,No SMOTE,0,0,0.0
KNN,No SMOTE,0,0,0.0
KNN,No SMOTE,0,0,0.0
KNN,No SMOTE,0,0,0.0
KNN,No SMOTE,0,0,0.0
KNN,No SMOTE,0,0,0.0
KNN,No SMOTE,0,0,0.0
KNN,No SMOTE,0,0,0.0
KNN,No SMOTE,0,0,0.0
KNN,No SMOTE,0,0,0.0
KNN,No SMOTE,0,0,0.0
KNN,No SMOTE,0,0,0.0
KNN,No SMOTE,0,0,0.0
KNN,No SMOTE,0,0,0.0
KNN,No SMOTE,0,0,0.0
KNN,No SMOTE,0,0,0.0
KNN,No SMOTE,0,0,0.0
KNN,No SMOTE,0,0,0.0
KNN,No SMOTE,0,0,0.0
KNN,No SMOTE,0,0,0.0
KNN,No SMOTE,0,0,0.0
KNN,No SMOTE,0,0,0.0
KNN,No SMOTE,0,0,0.0
KNN,No SMOTE,0,0,0.0
KNN,No SMOTE,0,0,0.0
KNN,No SMOTE,0,0,0.0
KNN,No SMOTE,0,0,0.0
KNN,No SMOTE,0,0,0.0
KNN,No SMOTE,0,0,0.0
KNN,No SMOTE,0,0,0.0
KNN,No SMOTE,0,0,0.0
KNN,No SMOTE,0,0,0.0
KNN,No SMOTE,0,0,0.0
KNN,No SMOTE,0,0,0.0
KNN,No SMOTE,0,0,0.0
KNN,No SMOTE,0,0,0.0
KNN,No SMOTE,0,0,0.0
KNN,No SMOTE,0,0,0.0
KNN,No SMOTE,0,0,0.0
KNN,No SMOTE,0,0,0.0
KNN,No SMOTE,0,0,0.0
KNN,No SMOTE,0,0,0.0
KNN,No SMOTE,0,0,0.0
KNN,No SMOTE,0,0,0.0
KNN,No SMOTE,0,0,0.0
KNN,No SMOTE,0,0,0.0
KNN,No SMOTE,0,0,0.0
KNN,No SMOTE,0,0,0.0
KNN,No SMOTE,0,0,0.0
KNN,No SMOTE,0,0,0.0
KNN,No SMOTE,0,0,0.0
KNN,No SMOTE,0,0,0.0
KNN,No SMOTE,0,0,0.0
KNN,No SMOTE,0,0,0.0
KNN,No SMOTE,0,0,0.0
KNN,No SMOTE,0,0,0.0
KNN,No SMOTE,0,0,0.0
KNN,No SMOTE,0,0,0.0
KNN,No SMOTE,0,0,0.0
KNN,No SMOTE,0,0,0.0
KNN,No SMOTE,0,0,0.0
KNN,No SMOTE,0,0,0.0
KNN,No SMOTE,0,0,0.0
KNN,No SMOTE,0,0,0.0
KNN,No SMOTE,0,0,0.0
KNN,No SMOTE,0,0,0.0
KNN,No SMOTE,0,0,0.0
KNN,No SMOTE,0,0,0.0
KNN,No SMOTE,0,0,0.0
KNN,No SMOTE,0,0,0.0
KNN,No SMOTE,0,0,0.0
KNN,No SMOTE,0,0,0.0
KNN,No SMOTE,0,0,0.0
KNN,No SMOTE,0,0,0.0
KNN,No SMOTE,0,0,0.0
KNN,No SMOTE,0,0,0.0
KNN,No SMOTE,0,0,0.0
KNN,No SMOTE,0,0,0.0
KNN,No SMOTE,0,0,0.0
KNN,No SMOTE,0,0,0.0
KNN,No SMOTE,0,0,0.0
KNN,No SMOTE,0,0,0.0
KNN,No SMOTE,0,0,0.0
KNN,No SMOTE,0,0,0.0
KNN,No SMOTE,0,0,0.0
KNN,No SMOTE,0,0,0.0
KNN,No SMOTE,0,0,0.0
KNN,No SMOTE,0,0,0.0
KNN,No SMOTE,0,0,0.0
KNN,No SMOTE,0,0,0.0
KNN,No SMOTE,0,0,0.0
KNN,No SMOTE,0,0,0.0
KNN,No SMOTE,0,0,0.0
KNN,No SMOTE,0,0,0.0
KNN,No SMOTE,0,0,0.0
KNN,No SMOTE,0,0,0.0
KNN,No SMOTE,0,0,0.0
KNN,No SMOTE,0,0,0.0
KNN,No SMOTE,0,0,0.0
KNN,No SMOTE,0,0,0.0
KNN,No SMOTE,0,0,0.0
KNN,No SMOTE,0,0,0.0
KNN,No SMOTE,0,0,0.0
KNN,No SMOTE,0,0,0.0
KNN,No SMOTE,0,0,0.0
KNN,No SMOTE,0,0,0.0
KNN,No SMOTE,0,0,0.0
KNN,No SMOTE,0,0,0.0
KNN,No SMOTE,0,0,0.0
KNN,No SMOTE,0,0,0.0
KNN,No SMOTE,0,0,0.0
KNN,No SMOTE,0,0,0.0
KNN,No SMOTE,0,0,0.0
KNN,No SMOTE,0,0,0.0
KNN,No SMOTE,0,0,0.0
KNN,No SMOTE,0,0,0.0
KNN,No SMOTE,0,0,0.0
KNN,No SMOTE,0,0,0.0
KNN,No SMOTE,0,0,0.0
KNN,No SMOTE,0,0,0.0
KNN,No SMOTE,0,0,0.0
KNN,No SMOTE,0,0,0.0
KNN,No SMOTE,0,0,0.0
KNN,No SMOTE,0,0,0.0
KNN,No SMOTE,0,0,0.0
KNN,No SMOTE,0,0,0.0
KNN,No SMOTE,0,0,0.0
KNN,No SMOTE,0,0,0.0
KNN,No SMOTE,0,0,0.0
KNN,No SMOTE,0,0,0.0
KNN,No SMOTE,0,0,0.0
KNN,No SMOTE,0,0,0.0
KNN,No SMOTE,0,0,0.0
KNN,No SMOTE,0,0,0.0
KNN,No SMOTE,0,0,0.0
KNN,No SMOTE,0,0,0.0
KNN,No SMOTE,0,0,0.0
KNN,No SMOTE,0,0,0.0
KNN,No SMOTE,0,0,0.0
KNN,No SMOTE,0,0,0.0
KNN,No SMOTE,0,0,0.0
KNN,No SMOTE,0,0,0.0
KNN,No SMOTE,0,0,0.0
KNN,No SMOTE,0,0,0.0
KNN,No SMOTE,0,0,0.0
KNN,No SMOTE,0,0,0.0
KNN,No SMOTE,0,0,0.0
KNN,No SMOTE,0,0,0.0
KNN,No SMOTE,0,0,0.0
KNN,No SMOTE,0,0,0.0
KNN,No SMOTE,0,0,0.0
KNN,No SMOTE,0,0,0.0
KNN,No SMOTE,0,0,0.0
KNN,No SMOTE,0,0,0.0
KNN,No SMOTE,0,0,0.0
KNN,No SMOTE,0,0,0.0
KNN,No SMOTE,0,0,0.0
KNN,No SMOTE,0,0,0.0
KNN,No SMOTE,0,0,0.0
KNN,No SMOTE,0,0,0.0
KNN,No SMOTE,0,0,0.0
KNN,No SMOTE,0,0,0.0
KNN,No SMOTE,0,0,0.0
KNN,No SMOTE,0,0,0.0
KNN,No SMOTE,0,0,0.0
KNN,No SMOTE,0,0,0.0
KNN,No SMOTE,0,0,0.0
KNN,No SMOTE,0,0,0.0
KNN,No SMOTE,0,0,0.0
KNN,No SMOTE,0,0,0.0
KNN,No SMOTE,0,0,0.0
KNN,No SMOTE,0,0,0.0
KNN,No SMOTE,0,0,0.0
KNN,No SMOTE,0,0,0.0
KNN,No SMOTE,0,0,0.0
KNN,No SMOTE,0,0,0.0
KNN,No SMOTE,0,0,0.0
KNN,No SMOTE,0,0,0.0
KNN,No SMOTE,0,0,0.0
KNN,No SMOTE,0,0,0.0
KNN,No SMOTE,0,0,0.0
KNN,No SMOTE,0,0,0.0
KNN,No SMOTE,0,0,0.0
KNN,No SMOTE,0,0,0.0
KNN,No SMOTE,0,0,0.0
KNN,No SMOTE,0,0,0.0
KNN,No SMOTE,0,0,0.0
KNN,No SMOTE,0,0,0.0
KNN,No SMOTE,0,0,0.0
KNN,No SMOTE,0,0,0.0
KNN,No SMOTE,0,0,0.0
KNN,No SMOTE,0,0,0.0
KNN,No SMOTE,0,0,0.0
KNN,No SMOTE,0,0,0.0
KNN,No SMOTE,0,0,0.0
KNN,No SMOTE,0,0,0.0
KNN,No SMOTE,0,0,0.0
KNN,No SMOTE,0,0,0.0
KNN,No SMOTE,0,0,0.0
KNN,No SMOTE,0,0,0.0
KNN,No SMOTE,0,0,0.0
KNN,No SMOTE,0,0,0.0
KNN,No SMOTE,0,0,0.0
KNN,No SMOTE,0,0,0.0
KNN,No SMOTE,0,0,0.0
KNN,No SMOTE,0,0,0.0
KNN,No SMOTE,0,0,0.0
KNN,No SMOTE,0,0,0.0
KNN,No SMOTE,0,0,0.0
KNN,No SMOTE,0,0,0.0
KNN,No SMOTE,0,0,0.0
KNN,No SMOTE,0,0,0.0
KNN,No SMOTE,0,0,0.0
KNN,No SMOTE,0,0,0.0
KNN,No SMOTE,0,0,0.0
KNN,No SMOTE,0,0,0.0
KNN,No SMOTE,0,0,0.0
KNN,No SMOTE,0,0,0.0
KNN,No SMOTE,0,0,0.0
KNN,No SMOTE,0,0,0.0
KNN,No SMOTE,0,0,0.0
KNN,No SMOTE,0,0,0.0
KNN,No SMOTE,0,0,0.0
KNN,No SMOTE,0,0,0.0
KNN,No SMOTE,0,0,0.0
KNN,No SMOTE,0,0,0.0
KNN,No SMOTE,0,0,0.0
KNN,No SMOTE,0,0,0.0
KNN,No SMOTE,0,0,0.0
KNN,No SMOTE,0,0,0.0
KNN,No SMOTE,0,0,0.0
KNN,No SMOTE,0,0,0.0
KNN,No SMOTE,0,0,0.0
KNN,No SMOTE,0,0,0.0
KNN,No SMOTE,0,0,0.0
KNN,No SMOTE,0,0,0.0
KNN,No SMOTE,0,0,0.0
KNN,No SMOTE,0,0,0.0
KNN,No SMOTE,0,0,0.0
KNN,No SMOTE,0,0,0.0
KNN,No SMOTE,0,0,0.0
KNN,No SMOTE,0,0,0.0
KNN,No SMOTE,0,0,0.0
KNN,No SMOTE,0,0,0.0
KNN,No SMOTE,0,0,0.0
KNN,No SMOTE,0,0,0.0
KNN,No SMOTE,0,0,0.0
KNN,No SMOTE,0,0,0.0
KNN,No SMOTE,0,0,0.0
KNN,No SMOTE,0,0,0.0
KNN,No SMOTE,0,0,0.0
KNN,No SMOTE,0,0,0.0
KNN,No SMOTE,0,0,0.0
KNN,No SMOTE,0,0,0.0
KNN,No SMOTE,0,0,0.0
KNN,No SMOTE,0,0,0.0
KNN,No SMOTE,0,0,0.0
KNN,No SMOTE,0,0,0.0
KNN,No SMOTE,0,0,0.0
KNN,No SMOTE,0,0,0.0
KNN,No SMOTE,0,0,0.0
KNN,No SMOTE,0,0,0.0
KNN,No SMOTE,0,0,0.0
KNN,No SMOTE,0,0,0.0
KNN,No SMOTE,0,0,0.0
KNN,No SMOTE,0,0,0.0
KNN,No SMOTE,0,0,0.0
KNN,No SMOTE,0,0,0.0
KNN,No SMOTE,0,0,0.0
KNN,No SMOTE,0,0,0.0
KNN,No SMOTE,0,0,0.0
KNN,No SMOTE,0,0,0.0
KNN,No SMOTE,0,0,0.0
KNN,No SMOTE,0,0,0.0
KNN,No SMOTE,0,0,0.0
KNN,No SMOTE,0,0,0.0
KNN,No SMOTE,0,0,0.0
KNN,No SMOTE,0,0,0.0
KNN,No SMOTE,0,0,0.0
KNN,No SMOTE,0,0,0.0
KNN,No SMOTE,0,0,0.0
KNN,No SMOTE,0,0,0.0
KNN,No SMOTE,0,0,0.0
KNN,No SMOTE,0,0,0.0
KNN,No SMOTE,0,0,0.0
KNN,No SMOTE,0,0,0.0
KNN,No SMOTE,0,0,0.0
KNN,No SMOTE,0,0,0.0
KNN,No SMOTE,0,0,0.0
KNN,No SMOTE,0,0,0.0
KNN,No SMOTE,0,0,0.0
KNN,No SMOTE,0,0,0.0
KNN,No SMOTE,0,0,0.0
KNN,No SMOTE,0,0,0.0
KNN,No SMOTE,0,0,0.0
KNN,No SMOTE,0,0,0.0
KNN,No SMOTE,0,0,0.0
KNN,No SMOTE,0,0,0.0
KNN,No SMOTE,0,0,0.0
KNN,No SMOTE,0,0,0.0
KNN,No SMOTE,0,0,0.0
KNN,No SMOTE,0,0,0.0
KNN,No SMOTE,0,0,0.0
KNN,No SMOTE,0,0,0.0
KNN,No SMOTE,0,0,0.0
KNN,No SMOTE,0,0,0.0
KNN,No SMOTE,0,0,0.0
KNN,No SMOTE,0,0,0.0
KNN,No SMOTE,0,0,0.0
KNN,No SMOTE,0,0,0.0
KNN,No SMOTE,0,0,0.0
KNN,No SMOTE,0,0,0.0
KNN,No SMOTE,0,0,0.0
KNN,No SMOTE,0,0,0.0
KNN,No SMOTE,0,0,0.0
KNN,No SMOTE,0,0,0.0
KNN,No SMOTE,0,0,0.0
KNN,No SMOTE,0,0,0.0
KNN,No SMOTE,0,0,0.0
KNN,No SMOTE,0,0,0.0
KNN,No SMOTE,0,0,0.0
KNN,No SMOTE,0,0,0.0
KNN,No SMOTE,0,0,0.0
KNN,No SMOTE,0,0,0.0
KNN,No SMOTE,0,0,0.0
KNN,No SMOTE,0,0,0.0
KNN,No SMOTE,0,0,0.0
KNN,No SMOTE,0,0,0.0
KNN,No SMOTE,0,0,0.0
KNN,No SMOTE,0,0,0.0
KNN,No SMOTE,0,0,0.0
KNN,No SMOTE,0,0,0.0
KNN,No SMOTE,0,0,0.0
KNN,No SMOTE,0,0,0.0
KNN,No SMOTE,0,0,0.0
KNN,No SMOTE,0,0,0.0
KNN,No SMOTE,0,0,0.0
KNN,No SMOTE,0,0,0.0
KNN,No SMOTE,0,0,0.0
KNN,No SMOTE,0,0,0.0
KNN,No SMOTE,0,0,0.0
KNN,No SMOTE,0,0,0.0
KNN,No SMOTE,0,0,0.0
KNN,No SMOTE,0,0,0.0
KNN,No SMOTE,0,0,0.0
KNN,No SMOTE,0,0,0.0
KNN,No SMOTE,0,0,0.0
KNN,No SMOTE,0,0,0.0
KNN,No SMOTE,0,0,0.0
KNN,No SMOTE,0,0,0.2
KNN,No SMOTE,0,0,0.0
KNN,No SMOTE,0,0,0.0
KNN,No SMOTE,0,0,0.0
KNN,No SMOTE,0,0,0.0
KNN,No SMOTE,0,0,0.0
KNN,No SMOTE,0,0,0.0
KNN,No SMOTE,0,0,0.0
KNN,No SMOTE,0,0,0.0
KNN,No SMOTE,0,0,0.0
KNN,No SMOTE,0,0,0.0
KNN,No SMOTE,0,0,0.0
KNN,No SMOTE,0,0,0.0
KNN,No SMOTE,0,0,0.0
KNN,No SMOTE,0,0,0.0
KNN,No SMOTE,0,0,0.0
KNN,No SMOTE,0,0,0.0
KNN,No SMOTE,0,0,0.0
KNN,No SMOTE,0,0,0.0
KNN,No SMOTE,0,0,0.0
KNN,No SMOTE,0,0,0.0
KNN,No SMOTE,0,0,0.0
KNN,No SMOTE,0,0,0.0
KNN,No SMOTE,0,0,0.0
KNN,No SMOTE,0,0,0.0
KNN,No SMOTE,0,0,0.0
KNN,No SMOTE,0,0,0.0
KNN,No SMOTE,0,0,0.0
KNN,No SMOTE,0,0,0.0
KNN,No SMOTE,0,0,0.0
KNN,No SMOTE,0,0,0.0
KNN,No SMOTE,0,0,0.0
KNN,No SMOTE,0,0,0.0
KNN,No SMOTE,0,0,0.0
KNN,No SMOTE,0,0,0.0
KNN,No SMOTE,0,0,0.0
KNN,No SMOTE,0,0,0.0
KNN,No SMOTE,0,0,0.0
KNN,No SMOTE,0,0,0.0
KNN,No SMOTE,0,0,0.0
KNN,No SMOTE,0,0,0.0
KNN,No SMOTE,0,0,0.0
KNN,No SMOTE,0,0,0.0
KNN,No SMOTE,1,1,1.0
KNN,No SMOTE,0,0,0.0
KNN,No SMOTE,0,0,0.0
KNN,No SMOTE,0,0,0.0
KNN,No SMOTE,0,0,0.0
KNN,No SMOTE,0,0,0.0
KNN,No SMOTE,0,0,0.0
KNN,No SMOTE,0,0,0.0
KNN,No SMOTE,0,0,0.0
KNN,No SMOTE,0,0,0.0
KNN,No SMOTE,0,0,0.0
KNN,No SMOTE,0,0,0.0
KNN,No SMOTE,0,0,0.0
KNN,No SMOTE,0,0,0.0
KNN,No SMOTE,0,0,0.0
KNN,No SMOTE,0,0,0.0
KNN,No SMOTE,0,0,0.0
KNN,No SMOTE,0,0,0.0
KNN,No SMOTE,0,0,0.0
KNN,No SMOTE,0,0,0.0
KNN,No SMOTE,0,0,0.0
KNN,No SMOTE,0,0,0.0
KNN,No SMOTE,0,0,0.0
KNN,No SMOTE,0,0,0.0
KNN,No SMOTE,0,0,0.0
KNN,No SMOTE,0,0,0.0
KNN,No SMOTE,0,0,0.0
KNN,No SMOTE,0,0,0.0
KNN,No SMOTE,0,0,0.0
KNN,No SMOTE,0,0,0.0
KNN,No SMOTE,0,0,0.0
KNN,No SMOTE,0,0,0.0
KNN,No SMOTE,0,0,0.0
KNN,No SMOTE,0,0,0.0
KNN,No SMOTE,0,0,0.0
KNN,No SMOTE,0,0,0.0
KNN,No SMOTE,0,0,0.0
KNN,No SMOTE,0,0,0.0
KNN,No SMOTE,0,0,0.0
KNN,No SMOTE,0,0,0.0
KNN,No SMOTE,0,0,0.0
KNN,No SMOTE,0,0,0.0
KNN,No SMOTE,0,0,0.0
KNN,No SMOTE,0,0,0.0
KNN,No SMOTE,0,0,0.0
KNN,No SMOTE,0,0,0.0
KNN,No SMOTE,0,0,0.0
KNN,No SMOTE,0,0,0.0
KNN,No SMOTE,0,0,0.0
KNN,No SMOTE,0,0,0.0
KNN,No SMOTE,0,0,0.0
KNN,No SMOTE,0,0,0.0
KNN,No SMOTE,0,0,0.0
KNN,No SMOTE,0,0,0.0
KNN,No SMOTE,0,0,0.0
KNN,No SMOTE,0,0,0.0
KNN,No SMOTE,0,0,0.0
KNN,No SMOTE,0,0,0.2
KNN,No SMOTE,0,0,0.0
KNN,No SMOTE,0,0,0.0
KNN,No SMOTE,0,0,0.0
KNN,No SMOTE,0,0,0.0
KNN,No SMOTE,0,0,0.0
KNN,No SMOTE,0,0,0.0
KNN,No SMOTE,0,0,0.0
KNN,No SMOTE,0,0,0.0
KNN,No SMOTE,0,0,0.0
KNN,No SMOTE,0,0,0.0
KNN,No SMOTE,0,0,0.0
KNN,No SMOTE,0,0,0.0
KNN,No SMOTE,0,0,0.0
KNN,No SMOTE,0,0,0.0
KNN,No SMOTE,0,0,0.0
KNN,No SMOTE,0,0,0.0
KNN,No SMOTE,0,0,0.0
KNN,No SMOTE,0,0,0.0
KNN,No SMOTE,0,0,0.0
KNN,No SMOTE,0,0,0.0
KNN,No SMOTE,0,0,0.0
KNN,No SMOTE,0,0,0.0
KNN,No SMOTE,0,0,0.0
KNN,No SMOTE,0,0,0.0
KNN,No SMOTE,0,0,0.0
KNN,No SMOTE,0,0,0.0
KNN,No SMOTE,0,0,0.0
KNN,No SMOTE,0,0,0.0
KNN,No SMOTE,0,0,0.0
KNN,No SMOTE,0,0,0.0
KNN,No SMOTE,0,0,0.0
KNN,No SMOTE,0,0,0.0
KNN,No SMOTE,0,0,0.0
KNN,No SMOTE,0,0,0.0
KNN,No SMOTE,0,0,0.0
KNN,No SMOTE,0,0,0.0
KNN,No SMOTE,0,0,0.0
KNN,No SMOTE,0,0,0.0
KNN,No SMOTE,0,0,0.0
KNN,No SMOTE,0,0,0.0
KNN,No SMOTE,0,0,0.0
KNN,No SMOTE,0,0,0.0
KNN,No SMOTE,0,0,0.0
KNN,No SMOTE,0,0,0.0
KNN,No SMOTE,0,0,0.0
KNN,No SMOTE,0,0,0.0
KNN,No SMOTE,0,0,0.0
KNN,No SMOTE,0,0,0.0
KNN,No SMOTE,0,0,0.0
KNN,No SMOTE,0,0,0.0
KNN,No SMOTE,0,0,0.0
KNN,No SMOTE,0,0,0.0
KNN,No SMOTE,0,0,0.0
KNN,No SMOTE,0,0,0.0
KNN,No SMOTE,0,0,0.0
KNN,No SMOTE,0,0,0.0
KNN,No SMOTE,0,0,0.0
KNN,No SMOTE,0,0,0.0
KNN,No SMOTE,0,0,0.0
KNN,No SMOTE,0,0,0.0
KNN,No SMOTE,0,0,0.0
KNN,No SMOTE,0,0,0.0
KNN,No SMOTE,0,0,0.0
KNN,No SMOTE,0,0,0.0
KNN,No SMOTE,0,0,0.0
KNN,No SMOTE,0,0,0.0
KNN,No SMOTE,0,0,0.0
KNN,No SMOTE,0,0,0.0
KNN,No SMOTE,0,0,0.0
KNN,No SMOTE,0,0,0.0
KNN,No SMOTE,0,0,0.0
KNN,No SMOTE,0,0,0.0
KNN,No SMOTE,0,0,0.0
KNN,No SMOTE,0,0,0.0
KNN,No SMOTE,0,0,0.0
KNN,No SMOTE,0,0,0.0
KNN,No SMOTE,0,0,0.0
KNN,No SMOTE,0,0,0.0
KNN,No SMOTE,0,0,0.0
KNN,No SMOTE,0,0,0.0
KNN,No SMOTE,0,0,0.0
KNN,No SMOTE,0,0,0.0
KNN,No SMOTE,0,0,0.0
KNN,No SMOTE,0,0,0.0
KNN,No SMOTE,0,0,0.0
KNN,No SMOTE,0,0,0.0
KNN,No SMOTE,0,0,0.0
KNN,No SMOTE,0,0,0.0
KNN,No SMOTE,0,0,0.0
KNN,No SMOTE,0,0,0.0
KNN,No SMOTE,0,0,0.0
KNN,No SMOTE,0,0,0.0
KNN,No SMOTE,0,0,0.0
KNN,No SMOTE,0,0,0.0
KNN,No SMOTE,0,0,0.0
KNN,No SMOTE,0,0,0.0
KNN,No SMOTE,0,0,0.0
KNN,No SMOTE,0,0,0.0
KNN,No SMOTE,0,0,0.0
KNN,No SMOTE,0,0,0.0
KNN,No SMOTE,0,0,0.0
KNN,No SMOTE,0,0,0.0
KNN,No SMOTE,0,0,0.0
KNN,No SMOTE,0,0,0.0
KNN,No SMOTE,0,0,0.0
KNN,No SMOTE,0,0,0.0
KNN,No SMOTE,0,0,0.0
KNN,No SMOTE,0,0,0.0
KNN,No SMOTE,0,0,0.0
KNN,No SMOTE,0,0,0.0
KNN,No SMOTE,0,0,0.0
KNN,No SMOTE,0,0,0.0
KNN,No SMOTE,0,0,0.0
KNN,No SMOTE,0,0,0.0
KNN,No SMOTE,0,0,0.0
KNN,No SMOTE,0,0,0.0
KNN,No SMOTE,0,0,0.0
KNN,No SMOTE,0,0,0.0
KNN,No SMOTE,0,0,0.0
KNN,No SMOTE,0,0,0.0
KNN,No SMOTE,0,0,0.0
KNN,No SMOTE,0,0,0.0
KNN,No SMOTE,0,0,0.0
KNN,No SMOTE,0,0,0.0
KNN,No SMOTE,0,0,0.0
KNN,No SMOTE,0,0,0.0
KNN,No SMOTE,0,0,0.0
KNN,No SMOTE,0,0,0.0
KNN,No SMOTE,0,0,0.0
KNN,No SMOTE,0,0,0.0
KNN,No SMOTE,0,0,0.0
KNN,No SMOTE,0,0,0.0
KNN,No SMOTE,0,0,0.0
KNN,No SMOTE,0,0,0.0
KNN,No SMOTE,0,0,0.0
KNN,No SMOTE,0,0,0.0
KNN,No SMOTE,0,0,0.0
KNN,No SMOTE,0,0,0.0
KNN,No SMOTE,0,0,0.0
KNN,No SMOTE,0,0,0.0
KNN,No SMOTE,0,0,0.0
KNN,No SMOTE,0,0,0.0
KNN,No SMOTE,0,0,0.0
KNN,No SMOTE,0,0,0.0
KNN,No SMOTE,0,0,0.0
KNN,No SMOTE,0,0,0.0
KNN,No SMOTE,0,0,0.0
KNN,No SMOTE,0,0,0.0
KNN,No SMOTE,0,0,0.0
KNN,No SMOTE,0,0,0.0
KNN,No SMOTE,0,0,0.0
KNN,No SMOTE,0,0,0.0
KNN,No SMOTE,0,0,0.0
KNN,No SMOTE,0,0,0.0
KNN,No SMOTE,0,0,0.0
KNN,No SMOTE,0,0,0.0
KNN,No SMOTE,0,0,0.0
KNN,No SMOTE,0,0,0.0
KNN,No SMOTE,0,0,0.0
KNN,No SMOTE,0,0,0.0
KNN,No SMOTE,0,0,0.0
KNN,No SMOTE,0,0,0.0
KNN,No SMOTE,0,0,0.0
KNN,No SMOTE,0,0,0.0
KNN,No SMOTE,0,0,0.0
KNN,No SMOTE,0,0,0.0
KNN,No SMOTE,0,0,0.0
KNN,No SMOTE,0,0,0.0
KNN,No SMOTE,0,0,0.0
KNN,No SMOTE,0,0,0.0
KNN,No SMOTE,0,0,0.0
KNN,No SMOTE,0,0,0.0
KNN,No SMOTE,0,0,0.0
KNN,No SMOTE,0,0,0.0
KNN,No SMOTE,0,0,0.0
KNN,No SMOTE,0,0,0.0
KNN,No SMOTE,0,0,0.0
KNN,No SMOTE,0,0,0.0
KNN,No SMOTE,0,0,0.0
KNN,No SMOTE,0,0,0.0
KNN,No SMOTE,0,0,0.0
KNN,No SMOTE,0,0,0.0
KNN,No SMOTE,0,0,0.0
KNN,No SMOTE,0,0,0.0
KNN,No SMOTE,0,0,0.0
KNN,No SMOTE,0,0,0.0
KNN,No SMOTE,0,0,0.0
KNN,No SMOTE,0,0,0.0
KNN,No SMOTE,0,0,0.0
KNN,No SMOTE,0,0,0.0
KNN,No SMOTE,0,0,0.0
KNN,No SMOTE,0,0,0.0
KNN,No SMOTE,0,0,0.0
KNN,No SMOTE,0,0,0.0
KNN,No SMOTE,0,0,0.0
KNN,No SMOTE,0,0,0.0
KNN,No SMOTE,0,0,0.0
KNN,No SMOTE,0,0,0.0
KNN,No SMOTE,0,0,0.0
KNN,No SMOTE,0,0,0.0
KNN,No SMOTE,0,0,0.0
KNN,No SMOTE,0,0,0.0
KNN,No SMOTE,0,0,0.0
KNN,No SMOTE,0,0,0.0
KNN,No SMOTE,0,0,0.0
KNN,No SMOTE,0,0,0.0
KNN,No SMOTE,0,0,0.0
KNN,No SMOTE,0,0,0.0
KNN,No SMOTE,0,0,0.0
KNN,No SMOTE,0,0,0.0
KNN,No SMOTE,0,0,0.0
KNN,No SMOTE,0,0,0.0
KNN,No SMOTE,0,0,0.0
KNN,No SMOTE,0,0,0.0
KNN,No SMOTE,0,0,0.0
KNN,No SMOTE,0,0,0.0
KNN,No SMOTE,0,0,0.0
KNN,No SMOTE,0,0,0.0
KNN,No SMOTE,0,0,0.0
KNN,No SMOTE,0,0,0.0
KNN,No SMOTE,0,0,0.0
KNN,No SMOTE,0,0,0.0
KNN,No SMOTE,0,0,0.0
KNN,No SMOTE,0,0,0.0
KNN,No SMOTE,0,0,0.0
KNN,No SMOTE,0,0,0.0
KNN,No SMOTE,0,0,0.0
KNN,No SMOTE,0,0,0.0
KNN,No SMOTE,0,0,0.0
KNN,No SMOTE,0,0,0.0
KNN,No SMOTE,0,0,0.0
KNN,No SMOTE,0,0,0.0
KNN,No SMOTE,0,0,0.0
KNN,No SMOTE,0,0,0.0
KNN,No SMOTE,0,0,0.0
KNN,No SMOTE,0,0,0.0
KNN,No SMOTE,0,0,0.0
KNN,No SMOTE,0,0,0.0
KNN,No SMOTE,1,0,0.0
KNN,No SMOTE,0,0,0.0
KNN,No SMOTE,0,0,0.0
KNN,No SMOTE,0,0,0.0
KNN,No SMOTE,0,0,0.0
KNN,No SMOTE,0,0,0.0
KNN,No SMOTE,0,0,0.0
KNN,No SMOTE,0,0,0.0
KNN,No SMOTE,0,0,0.0
KNN,No SMOTE,1,1,1.0
KNN,No SMOTE,0,0,0.0
KNN,No SMOTE,0,0,0.0
KNN,No SMOTE,0,0,0.0
KNN,No SMOTE,0,0,0.0
KNN,No SMOTE,0,0,0.0
KNN,No SMOTE,0,0,0.0
KNN,No SMOTE,0,0,0.0
KNN,No SMOTE,0,0,0.0
KNN,No SMOTE,0,0,0.0
KNN,No SMOTE,0,0,0.0
KNN,No SMOTE,0,0,0.0
KNN,No SMOTE,0,0,0.0
KNN,No SMOTE,0,0,0.0
KNN,No SMOTE,0,0,0.0
KNN,No SMOTE,0,0,0.0
KNN,No SMOTE,0,0,0.0
KNN,No SMOTE,0,0,0.0
KNN,No SMOTE,0,0,0.0
KNN,No SMOTE,0,0,0.0
KNN,No SMOTE,0,0,0.0
KNN,No SMOTE,1,1,1.0
KNN,No SMOTE,0,0,0.0
KNN,No SMOTE,0,0,0.0
KNN,No SMOTE,0,0,0.0
KNN,No SMOTE,0,0,0.0
KNN,No SMOTE,0,0,0.0
KNN,No SMOTE,0,0,0.0
KNN,No SMOTE,0,0,0.0
KNN,No SMOTE,0,0,0.0
KNN,No SMOTE,0,0,0.0
KNN,No SMOTE,0,0,0.0
KNN,No SMOTE,0,0,0.0
KNN,No SMOTE,0,0,0.0
KNN,No SMOTE,0,0,0.0
KNN,No SMOTE,0,0,0.0
KNN,No SMOTE,0,0,0.0
KNN,No SMOTE,0,0,0.0
KNN,No SMOTE,0,0,0.0
KNN,No SMOTE,0,0,0.0
KNN,No SMOTE,0,0,0.0
KNN,No SMOTE,0,0,0.0
KNN,No SMOTE,0,0,0.0
KNN,No SMOTE,0,0,0.0
KNN,No SMOTE,0,0,0.0
KNN,No SMOTE,0,0,0.0
KNN,No SMOTE,0,0,0.0
KNN,No SMOTE,0,0,0.0
KNN,No SMOTE,0,0,0.0
KNN,No SMOTE,0,0,0.0
KNN,No SMOTE,0,0,0.0
KNN,No SMOTE,0,0,0.0
KNN,No SMOTE,0,0,0.0
KNN,No SMOTE,0,0,0.0
KNN,No SMOTE,0,0,0.0
KNN,No SMOTE,0,0,0.0
KNN,No SMOTE,0,0,0.0
KNN,No SMOTE,0,0,0.0
KNN,No SMOTE,0,0,0.0
KNN,No SMOTE,0,0,0.0
KNN,No SMOTE,0,0,0.0
KNN,No SMOTE,0,0,0.0
KNN,No SMOTE,0,0,0.0
KNN,No SMOTE,0,0,0.0
KNN,No SMOTE,0,0,0.0
KNN,No SMOTE,0,0,0.0
KNN,No SMOTE,0,0,0.0
KNN,No SMOTE,0,0,0.0
KNN,No SMOTE,0,0,0.0
KNN,No SMOTE,0,0,0.0
KNN,No SMOTE,0,0,0.0
KNN,No SMOTE,0,0,0.0
KNN,No SMOTE,0,0,0.0
KNN,No SMOTE,0,0,0.0
KNN,No SMOTE,0,0,0.0
KNN,No SMOTE,0,0,0.0
KNN,No SMOTE,0,0,0.0
KNN,No SMOTE,0,0,0.0
KNN,No SMOTE,0,0,0.0
KNN,No SMOTE,0,0,0.0
KNN,No SMOTE,0,0,0.0
KNN,No SMOTE,0,0,0.0
KNN,No SMOTE,0,0,0.0
KNN,No SMOTE,0,0,0.0
KNN,No SMOTE,0,0,0.0
KNN,No SMOTE,0,0,0.0
KNN,No SMOTE,0,0,0.0
KNN,No SMOTE,0,0,0.0
KNN,No SMOTE,0,0,0.0
KNN,No SMOTE,0,0,0.0
KNN,No SMOTE,0,0,0.0
KNN,No SMOTE,0,0,0.0
KNN,No SMOTE,0,0,0.0
KNN,No SMOTE,0,0,0.0
KNN,No SMOTE,0,0,0.0
KNN,No SMOTE,0,0,0.0
KNN,No SMOTE,0,0,0.0
KNN,No SMOTE,0,0,0.0
KNN,No SMOTE,0,0,0.0
KNN,No SMOTE,0,0,0.0
KNN,No SMOTE,0,0,0.0
KNN,No SMOTE,0,0,0.0
KNN,No SMOTE,0,0,0.0
KNN,No SMOTE,0,0,0.0
KNN,No SMOTE,0,0,0.0
KNN,No SMOTE,0,0,0.0
KNN,No SMOTE,0,0,0.0
KNN,No SMOTE,0,0,0.0
KNN,No SMOTE,0,0,0.0
KNN,No SMOTE,0,0,0.0
KNN,No SMOTE,0,0,0.0
KNN,No SMOTE,0,0,0.0
KNN,No SMOTE,0,0,0.0
KNN,No SMOTE,0,0,0.0
KNN,No SMOTE,0,0,0.0
KNN,No SMOTE,0,0,0.0
KNN,No SMOTE,0,0,0.0
KNN,No SMOTE,0,0,0.0
KNN,No SMOTE,0,0,0.0
KNN,No SMOTE,0,0,0.0
KNN,No SMOTE,0,0,0.0
KNN,No SMOTE,0,0,0.0
KNN,No SMOTE,0,0,0.0
KNN,No SMOTE,0,0,0.0
KNN,No SMOTE,0,0,0.0
KNN,No SMOTE,0,0,0.0
KNN,No SMOTE,0,0,0.0
KNN,No SMOTE,0,0,0.0
KNN,No SMOTE,0,0,0.0
KNN,No SMOTE,0,0,0.0
KNN,No SMOTE,0,0,0.0
KNN,No SMOTE,0,0,0.0
KNN,No SMOTE,0,0,0.0
KNN,No SMOTE,0,0,0.0
KNN,No SMOTE,0,0,0.0
KNN,No SMOTE,0,0,0.0
KNN,No SMOTE,0,0,0.0
KNN,No SMOTE,0,0,0.0
KNN,No SMOTE,0,0,0.0
KNN,No SMOTE,0,0,0.0
KNN,No SMOTE,0,0,0.0
KNN,No SMOTE,0,0,0.0
KNN,No SMOTE,0,0,0.0
KNN,No SMOTE,0,0,0.0
KNN,No SMOTE,0,0,0.0
KNN,No SMOTE,0,0,0.0
KNN,No SMOTE,0,0,0.0
KNN,No SMOTE,0,0,0.0
KNN,No SMOTE,0,0,0.0
KNN,No SMOTE,0,0,0.0
KNN,No SMOTE,0,0,0.0
KNN,No SMOTE,0,0,0.0
KNN,No SMOTE,0,0,0.0
KNN,No SMOTE,0,0,0.0
KNN,No SMOTE,0,0,0.0
KNN,No SMOTE,0,0,0.0
KNN,No SMOTE,0,0,0.0
KNN,No SMOTE,0,0,0.0
KNN,No SMOTE,0,0,0.0
KNN,No SMOTE,0,0,0.0
KNN,No SMOTE,0,0,0.0
KNN,No SMOTE,0,0,0.0
KNN,No SMOTE,0,0,0.0
KNN,No SMOTE,0,0,0.0
KNN,No SMOTE,0,0,0.0
KNN,No SMOTE,0,0,0.0
KNN,No SMOTE,0,0,0.0
KNN,No SMOTE,0,0,0.0
KNN,No SMOTE,0,0,0.0
KNN,No SMOTE,0,0,0.0
KNN,No SMOTE,0,0,0.0
KNN,No SMOTE,0,0,0.0
KNN,No SMOTE,1,1,1.0
KNN,No SMOTE,0,0,0.0
KNN,No SMOTE,0,0,0.0
KNN,No SMOTE,0,0,0.0
KNN,No SMOTE,0,0,0.0
KNN,No SMOTE,0,0,0.0
KNN,No SMOTE,0,0,0.0
KNN,No SMOTE,0,0,0.0
KNN,No SMOTE,0,0,0.0
KNN,No SMOTE,0,0,0.0
KNN,No SMOTE,0,0,0.0
KNN,No SMOTE,0,0,0.0
KNN,No SMOTE,0,0,0.0
KNN,No SMOTE,0,0,0.0
KNN,No SMOTE,0,0,0.0
KNN,No SMOTE,0,0,0.0
KNN,No SMOTE,0,0,0.0
KNN,No SMOTE,0,0,0.0
KNN,No SMOTE,0,0,0.0
KNN,No SMOTE,0,0,0.0
KNN,No SMOTE,0,0,0.0
KNN,No SMOTE,0,0,0.0
KNN,No SMOTE,0,0,0.0
KNN,No SMOTE,0,0,0.0
KNN,No SMOTE,0,0,0.0
KNN,No SMOTE,0,0,0.0
KNN,No SMOTE,0,0,0.0
KNN,No SMOTE,0,0,0.0
KNN,No SMOTE,0,0,0.0
KNN,No SMOTE,0,0,0.0
KNN,No SMOTE,1,1,1.0
KNN,No SMOTE,0,0,0.0
KNN,No SMOTE,0,0,0.0
KNN,No SMOTE,0,0,0.0
KNN,No SMOTE,0,0,0.0
KNN,No SMOTE,0,0,0.0
KNN,No SMOTE,0,0,0.0
KNN,No SMOTE,0,0,0.0
KNN,No SMOTE,0,0,0.0
KNN,No SMOTE,0,0,0.0
KNN,No SMOTE,0,0,0.0
KNN,No SMOTE,0,0,0.0
KNN,No SMOTE,0,0,0.0
KNN,No SMOTE,0,0,0.0
KNN,No SMOTE,0,0,0.0
KNN,No SMOTE,0,0,0.0
KNN,No SMOTE,0,0,0.0
KNN,No SMOTE,0,0,0.0
KNN,No SMOTE,0,0,0.0
KNN,No SMOTE,0,0,0.0
KNN,No SMOTE,0,0,0.0
KNN,No SMOTE,0,0,0.0
KNN,No SMOTE,0,0,0.0
KNN,No SMOTE,0,0,0.0
KNN,No SMOTE,0,0,0.0
KNN,No SMOTE,0,0,0.0
KNN,No SMOTE,0,0,0.0
KNN,No SMOTE,0,0,0.0
KNN,No SMOTE,0,0,0.0
KNN,No SMOTE,0,0,0.0
KNN,No SMOTE,0,0,0.0
KNN,No SMOTE,0,0,0.0
KNN,No SMOTE,0,0,0.0
KNN,No SMOTE,0,0,0.0
KNN,No SMOTE,0,0,0.0
KNN,No SMOTE,0,0,0.0
KNN,No SMOTE,0,0,0.0
KNN,No SMOTE,0,0,0.0
KNN,No SMOTE,0,0,0.0
KNN,No SMOTE,0,0,0.0
KNN,No SMOTE,0,0,0.0
KNN,No SMOTE,0,0,0.0
KNN,No SMOTE,0,0,0.0
KNN,No SMOTE,0,0,0.0
KNN,No SMOTE,0,0,0.0
KNN,No SMOTE,0,0,0.0
KNN,No SMOTE,0,0,0.0
KNN,No SMOTE,0,0,0.0
KNN,No SMOTE,0,0,0.0
KNN,No SMOTE,0,0,0.0
KNN,No SMOTE,0,0,0.0
KNN,No SMOTE,0,0,0.0
KNN,No SMOTE,0,0,0.0
KNN,No SMOTE,0,0,0.0
KNN,No SMOTE,0,0,0.0
KNN,No SMOTE,0,0,0.0
KNN,No SMOTE,0,0,0.0
KNN,No SMOTE,0,0,0.0
KNN,No SMOTE,0,0,0.0
KNN,No SMOTE,0,0,0.0
KNN,No SMOTE,0,0,0.0
KNN,No SMOTE,0,0,0.0
KNN,No SMOTE,0,0,0.0
KNN,No SMOTE,0,0,0.0
KNN,No SMOTE,0,0,0.0
KNN,No SMOTE,0,0,0.0
KNN,No SMOTE,0,0,0.0
KNN,No SMOTE,0,0,0.0
KNN,No SMOTE,0,0,0.0
KNN,No SMOTE,0,0,0.0
KNN,No SMOTE,0,0,0.0
KNN,No SMOTE,0,0,0.0
KNN,No SMOTE,0,0,0.0
KNN,No SMOTE,0,0,0.0
KNN,No SMOTE,0,0,0.0
KNN,No SMOTE,0,0,0.0
KNN,No SMOTE,0,0,0.0
KNN,No SMOTE,0,0,0.0
KNN,No SMOTE,0,0,0.0
KNN,No SMOTE,0,0,0.0
KNN,No SMOTE,0,0,0.0
KNN,No SMOTE,0,0,0.0
KNN,No SMOTE,0,0,0.0
KNN,No SMOTE,0,0,0.0
KNN,No SMOTE,0,0,0.0
KNN,No SMOTE,0,0,0.0
KNN,No SMOTE,0,0,0.0
KNN,No SMOTE,0,0,0.0
KNN,No SMOTE,0,0,0.0
KNN,No SMOTE,0,0,0.0
KNN,No SMOTE,0,0,0.0
KNN,No SMOTE,0,0,0.0
KNN,No SMOTE,0,0,0.0
KNN,No SMOTE,0,0,0.0
KNN,No SMOTE,0,0,0.0
KNN,No SMOTE,0,0,0.0
KNN,No SMOTE,0,0,0.0
KNN,No SMOTE,0,0,0.0
KNN,No SMOTE,0,0,0.0
KNN,No SMOTE,0,0,0.0
KNN,No SMOTE,0,0,0.0
KNN,No SMOTE,0,0,0.0
KNN,No SMOTE,0,0,0.0
KNN,No SMOTE,0,0,0.0
KNN,No SMOTE,0,0,0.0
KNN,No SMOTE,0,0,0.0
KNN,No SMOTE,0,0,0.0
KNN,No SMOTE,0,0,0.0
KNN,No SMOTE,0,0,0.0
KNN,No SMOTE,0,0,0.0
KNN,No SMOTE,0,0,0.0
KNN,No SMOTE,0,0,0.0
KNN,No SMOTE,0,0,0.0
KNN,No SMOTE,0,0,0.0
KNN,No SMOTE,0,0,0.0
KNN,No SMOTE,0,0,0.0
KNN,No SMOTE,0,0,0.0
KNN,No SMOTE,0,0,0.0
KNN,No SMOTE,0,0,0.0
KNN,No SMOTE,0,0,0.0
KNN,No SMOTE,0,0,0.0
KNN,No SMOTE,0,0,0.0
KNN,No SMOTE,0,0,0.0
KNN,No SMOTE,0,0,0.0
KNN,No SMOTE,0,0,0.0
KNN,No SMOTE,0,0,0.0
KNN,No SMOTE,0,0,0.0
KNN,No SMOTE,0,0,0.0
KNN,No SMOTE,0,0,0.0
KNN,No SMOTE,0,0,0.0
KNN,No SMOTE,0,0,0.0
KNN,No SMOTE,0,0,0.0
KNN,No SMOTE,0,0,0.0
KNN,No SMOTE,0,0,0.0
KNN,No SMOTE,0,0,0.0
KNN,No SMOTE,0,0,0.0
KNN,No SMOTE,0,0,0.0
KNN,No SMOTE,0,0,0.0
KNN,No SMOTE,0,0,0.0
KNN,No SMOTE,0,0,0.0
KNN,No SMOTE,0,0,0.0
KNN,No SMOTE,0,0,0.0
KNN,No SMOTE,0,0,0.0
KNN,No SMOTE,0,0,0.0
KNN,No SMOTE,0,0,0.0
KNN,No SMOTE,0,0,0.0
KNN,No SMOTE,0,0,0.0
KNN,No SMOTE,0,0,0.0
KNN,No SMOTE,0,0,0.0
KNN,No SMOTE,0,0,0.0
KNN,No SMOTE,0,0,0.0
KNN,No SMOTE,0,0,0.0
KNN,No SMOTE,0,0,0.0
KNN,No SMOTE,0,0,0.0
KNN,No SMOTE,0,0,0.0
KNN,No SMOTE,0,0,0.0
KNN,No SMOTE,0,0,0.0
KNN,No SMOTE,0,0,0.0
KNN,No SMOTE,0,0,0.0
KNN,No SMOTE,0,0,0.0
KNN,No SMOTE,0,0,0.0
KNN,No SMOTE,0,0,0.0
KNN,No SMOTE,0,0,0.0
KNN,No SMOTE,0,0,0.0
KNN,No SMOTE,0,0,0.0
KNN,No SMOTE,0,0,0.0
KNN,No SMOTE,0,0,0.0
KNN,No SMOTE,0,0,0.0
KNN,No SMOTE,0,0,0.0
KNN,No SMOTE,0,0,0.0
KNN,No SMOTE,0,0,0.0
KNN,No SMOTE,0,0,0.0
KNN,No SMOTE,0,0,0.0
KNN,No SMOTE,0,0,0.0
KNN,No SMOTE,0,0,0.0
KNN,No SMOTE,0,0,0.0
KNN,No SMOTE,0,0,0.0
KNN,No SMOTE,0,0,0.0
KNN,No SMOTE,0,0,0.0
KNN,No SMOTE,0,0,0.0
KNN,No SMOTE,0,0,0.0
KNN,No SMOTE,0,0,0.0
KNN,No SMOTE,0,0,0.0
KNN,No SMOTE,0,0,0.0
KNN,No SMOTE,0,0,0.0
KNN,No SMOTE,0,0,0.0
KNN,No SMOTE,0,0,0.0
KNN,No SMOTE,0,0,0.0
KNN,No SMOTE,0,0,0.0
KNN,No SMOTE,0,0,0.0
KNN,No SMOTE,0,0,0.0
KNN,No SMOTE,0,0,0.0
KNN,No SMOTE,0,0,0.0
KNN,No SMOTE,0,0,0.0
KNN,No SMOTE,0,0,0.0
KNN,No SMOTE,0,0,0.0
KNN,No SMOTE,0,0,0.0
KNN,No SMOTE,0,0,0.0
KNN,No SMOTE,0,0,0.0
KNN,No SMOTE,0,0,0.0
KNN,No SMOTE,0,0,0.0
KNN,No SMOTE,0,0,0.0
KNN,No SMOTE,0,0,0.0
KNN,No SMOTE,0,0,0.0
KNN,No SMOTE,0,0,0.0
KNN,No SMOTE,0,0,0.0
KNN,No SMOTE,0,0,0.0
KNN,No SMOTE,0,0,0.0
KNN,No SMOTE,0,0,0.0
KNN,No SMOTE,0,0,0.0
KNN,No SMOTE,0,0,0.0
KNN,No SMOTE,0,0,0.0
KNN,No SMOTE,0,0,0.0
KNN,No SMOTE,0,0,0.0
KNN,No SMOTE,0,0,0.0
KNN,No SMOTE,0,0,0.0
KNN,No SMOTE,0,0,0.0
KNN,No SMOTE,0,0,0.0
KNN,No SMOTE,0,0,0.0
KNN,No SMOTE,0,0,0.0
KNN,No SMOTE,0,0,0.0
KNN,No SMOTE,0,0,0.0
KNN,No SMOTE,0,0,0.0
KNN,No SMOTE,0,0,0.0
KNN,No SMOTE,0,0,0.0
KNN,No SMOTE,0,0,0.0
KNN,No SMOTE,0,0,0.0
KNN,No SMOTE,0,0,0.0
KNN,No SMOTE,0,0,0.0
KNN,No SMOTE,0,0,0.0
KNN,No SMOTE,0,0,0.0
KNN,No SMOTE,0,0,0.0
KNN,No SMOTE,0,0,0.0
KNN,No SMOTE,0,0,0.0
KNN,No SMOTE,0,0,0.0
KNN,No SMOTE,0,0,0.0
KNN,No SMOTE,0,0,0.0
KNN,No SMOTE,0,0,0.0
KNN,No SMOTE,0,0,0.0
KNN,No SMOTE,0,0,0.0
KNN,No SMOTE,0,0,0.0
KNN,No SMOTE,0,0,0.0
KNN,No SMOTE,0,0,0.0
KNN,No SMOTE,0,0,0.0
KNN,No SMOTE,0,0,0.0
KNN,No SMOTE,0,0,0.0
KNN,No SMOTE,0,0,0.0
KNN,No SMOTE,0,0,0.0
KNN,No SMOTE,0,0,0.0
KNN,No SMOTE,0,0,0.0
KNN,No SMOTE,0,0,0.0
KNN,No SMOTE,0,0,0.0
KNN,No SMOTE,0,0,0.0
KNN,No SMOTE,0,0,0.0
KNN,No SMOTE,0,0,0.0
KNN,No SMOTE,0,0,0.0
KNN,No SMOTE,0,0,0.0
KNN,No SMOTE,0,0,0.0
KNN,No SMOTE,0,0,0.0
KNN,No SMOTE,0,0,0.0
KNN,No SMOTE,0,0,0.0
KNN,No SMOTE,0,0,0.0
KNN,No SMOTE,0,0,0.0
KNN,No SMOTE,0,0,0.0
KNN,No SMOTE,0,0,0.0
KNN,No SMOTE,0,0,0.0
KNN,No SMOTE,0,0,0.0
KNN,No SMOTE,0,0,0.0
KNN,No SMOTE,0,0,0.0
KNN,No SMOTE,0,0,0.0
KNN,No SMOTE,0,0,0.0
KNN,No SMOTE,0,0,0.0
KNN,No SMOTE,0,0,0.0
KNN,No SMOTE,0,0,0.0
KNN,No SMOTE,0,0,0.0
KNN,No SMOTE,0,0,0.0
KNN,No SMOTE,0,0,0.0
KNN,No SMOTE,0,0,0.0
KNN,No SMOTE,0,0,0.0
KNN,No SMOTE,0,0,0.0
KNN,No SMOTE,0,0,0.0
KNN,No SMOTE,0,0,0.0
KNN,No SMOTE,0,0,0.0
KNN,No SMOTE,0,0,0.0
KNN,No SMOTE,0,0,0.0
KNN,No SMOTE,0,0,0.0
KNN,No SMOTE,0,0,0.0
KNN,No SMOTE,0,0,0.0
KNN,No SMOTE,0,0,0.0
KNN,No SMOTE,0,0,0.0
KNN,No SMOTE,0,0,0.0
KNN,No SMOTE,0,0,0.0
KNN,No SMOTE,0,0,0.0
KNN,No SMOTE,0,0,0.0
KNN,No SMOTE,0,0,0.0
KNN,No SMOTE,0,0,0.0
KNN,No SMOTE,0,0,0.0
KNN,No SMOTE,0,0,0.0
KNN,No SMOTE,0,0,0.0
KNN,No SMOTE,0,0,0.0
KNN,No SMOTE,0,0,0.0
KNN,No SMOTE,0,0,0.0
KNN,No SMOTE,0,0,0.0
KNN,No SMOTE,0,0,0.0
KNN,No SMOTE,0,0,0.0
KNN,No SMOTE,0,0,0.0
KNN,No SMOTE,0,0,0.0
KNN,No SMOTE,0,0,0.0
KNN,No SMOTE,0,0,0.0
KNN,No SMOTE,0,0,0.0
KNN,No SMOTE,0,0,0.0
KNN,No SMOTE,0,0,0.0
KNN,No SMOTE,0,0,0.0
KNN,No SMOTE,0,0,0.0
KNN,No SMOTE,0,0,0.0
KNN,No SMOTE,0,0,0.0
KNN,No SMOTE,0,0,0.0
KNN,No SMOTE,0,0,0.0
KNN,No SMOTE,0,0,0.0
KNN,No SMOTE,0,0,0.0
KNN,No SMOTE,0,0,0.0
KNN,No SMOTE,0,0,0.0
KNN,No SMOTE,0,0,0.0
KNN,No SMOTE,0,0,0.0
KNN,No SMOTE,0,0,0.0
KNN,No SMOTE,0,0,0.0
KNN,No SMOTE,0,0,0.0
KNN,No SMOTE,0,0,0.0
KNN,No SMOTE,0,0,0.0
KNN,No SMOTE,0,0,0.0
KNN,No SMOTE,0,0,0.0
KNN,No SMOTE,0,0,0.0
KNN,No SMOTE,0,0,0.0
KNN,No SMOTE,0,0,0.0
KNN,No SMOTE,0,0,0.0
KNN,No SMOTE,0,0,0.0
KNN,No SMOTE,0,0,0.0
KNN,No SMOTE,0,0,0.0
KNN,No SMOTE,0,0,0.0
KNN,No SMOTE,0,0,0.0
KNN,No SMOTE,0,0,0.0
KNN,No SMOTE,0,0,0.0
KNN,No SMOTE,0,0,0.0
KNN,No SMOTE,0,0,0.0
KNN,No SMOTE,0,0,0.0
KNN,No SMOTE,0,0,0.0
KNN,No SMOTE,0,0,0.0
KNN,No SMOTE,0,0,0.0
KNN,No SMOTE,0,0,0.0
KNN,No SMOTE,0,0,0.0
KNN,No SMOTE,0,0,0.0
KNN,No SMOTE,0,0,0.0
KNN,No SMOTE,0,0,0.0
KNN,No SMOTE,0,0,0.0
KNN,No SMOTE,0,0,0.0
KNN,No SMOTE,0,0,0.0
KNN,No SMOTE,0,0,0.0
KNN,No SMOTE,0,0,0.0
KNN,No SMOTE,0,0,0.0
KNN,No SMOTE,0,0,0.0
KNN,No SMOTE,0,0,0.0
KNN,No SMOTE,0,0,0.0
KNN,No SMOTE,0,0,0.0
KNN,No SMOTE,0,0,0.0
KNN,No SMOTE,0,0,0.0
KNN,No SMOTE,0,0,0.0
KNN,No SMOTE,0,0,0.0
KNN,No SMOTE,0,0,0.0
KNN,No SMOTE,0,0,0.0
KNN,No SMOTE,0,0,0.0
KNN,No SMOTE,0,0,0.0
KNN,No SMOTE,0,0,0.0
KNN,No SMOTE,0,0,0.0
KNN,No SMOTE,0,0,0.0
KNN,No SMOTE,0,0,0.0
KNN,No SMOTE,0,0,0.0
KNN,No SMOTE,0,0,0.0
KNN,No SMOTE,0,0,0.0
KNN,No SMOTE,0,0,0.0
KNN,No SMOTE,0,0,0.0
KNN,No SMOTE,0,0,0.0
KNN,No SMOTE,0,0,0.0
KNN,No SMOTE,0,0,0.0
KNN,No SMOTE,0,0,0.0
KNN,No SMOTE,0,0,0.0
KNN,No SMOTE,0,0,0.0
KNN,No SMOTE,0,0,0.0
KNN,No SMOTE,0,0,0.0
KNN,No SMOTE,0,0,0.0
KNN,No SMOTE,0,0,0.0
KNN,No SMOTE,0,0,0.0
KNN,No SMOTE,0,0,0.0
KNN,No SMOTE,0,0,0.0
KNN,No SMOTE,0,0,0.0
KNN,No SMOTE,0,0,0.0
KNN,No SMOTE,0,0,0.0
KNN,No SMOTE,0,0,0.0
KNN,No SMOTE,0,0,0.0
KNN,No SMOTE,0,0,0.0
KNN,No SMOTE,0,0,0.0
KNN,No SMOTE,0,0,0.0
KNN,No SMOTE,0,0,0.0
KNN,No SMOTE,0,0,0.0
KNN,No SMOTE,0,0,0.0
KNN,No SMOTE,0,0,0.0
KNN,No SMOTE,0,0,0.0
KNN,No SMOTE,0,0,0.0
KNN,No SMOTE,0,0,0.0
KNN,No SMOTE,0,0,0.0
KNN,No SMOTE,0,0,0.0
KNN,No SMOTE,0,0,0.0
KNN,No SMOTE,0,0,0.0
KNN,No SMOTE,0,0,0.0
KNN,No SMOTE,0,0,0.0
KNN,No SMOTE,0,0,0.0
KNN,No SMOTE,0,0,0.0
KNN,No SMOTE,0,0,0.0
KNN,No SMOTE,0,0,0.0
KNN,No SMOTE,0,0,0.0
KNN,No SMOTE,0,0,0.0
KNN,No SMOTE,0,0,0.0
KNN,No SMOTE,0,0,0.0
KNN,No SMOTE,0,0,0.0
KNN,No SMOTE,0,0,0.0
KNN,No SMOTE,0,0,0.0
KNN,No SMOTE,0,0,0.0
KNN,No SMOTE,0,0,0.0
KNN,No SMOTE,0,0,0.0
KNN,No SMOTE,0,0,0.0
KNN,No SMOTE,0,0,0.0
KNN,No SMOTE,0,0,0.0
KNN,No SMOTE,0,0,0.0
KNN,No SMOTE,0,0,0.0
KNN,No SMOTE,0,0,0.0
KNN,No SMOTE,0,0,0.0
KNN,No SMOTE,0,0,0.0
KNN,No SMOTE,0,0,0.0
KNN,No SMOTE,0,0,0.0
KNN,No SMOTE,0,0,0.0
KNN,No SMOTE,0,0,0.0
KNN,No SMOTE,0,0,0.0
KNN,No SMOTE,0,0,0.0
KNN,No SMOTE,0,0,0.0
KNN,No SMOTE,0,0,0.0
KNN,No SMOTE,0,0,0.0
KNN,No SMOTE,0,0,0.0
KNN,No SMOTE,0,0,0.0
KNN,No SMOTE,0,0,0.0
KNN,No SMOTE,0,0,0.0
KNN,No SMOTE,0,0,0.0
KNN,No SMOTE,0,0,0.0
KNN,No SMOTE,0,0,0.0
KNN,No SMOTE,0,0,0.0
KNN,No SMOTE,0,0,0.0
KNN,No SMOTE,0,0,0.0
KNN,No SMOTE,0,0,0.0
KNN,No SMOTE,0,0,0.0
KNN,No SMOTE,0,0,0.0
KNN,No SMOTE,0,0,0.0
KNN,No SMOTE,0,0,0.0
KNN,No SMOTE,0,0,0.0
KNN,No SMOTE,0,0,0.0
KNN,No SMOTE,0,0,0.0
KNN,No SMOTE,0,0,0.0
KNN,No SMOTE,0,0,0.0
KNN,No SMOTE,0,0,0.0
KNN,No SMOTE,0,0,0.0
KNN,No SMOTE,0,0,0.0
KNN,No SMOTE,0,0,0.0
KNN,No SMOTE,0,0,0.0
KNN,No SMOTE,0,0,0.0
KNN,No SMOTE,0,0,0.0
KNN,No SMOTE,0,0,0.0
KNN,No SMOTE,0,0,0.0
KNN,No SMOTE,0,0,0.0
KNN,No SMOTE,0,0,0.0
KNN,No SMOTE,0,0,0.0
KNN,No SMOTE,0,0,0.0
KNN,No SMOTE,0,0,0.0
KNN,No SMOTE,0,0,0.0
KNN,No SMOTE,0,0,0.0
KNN,No SMOTE,0,0,0.0
KNN,No SMOTE,0,0,0.0
KNN,No SMOTE,0,0,0.0
KNN,No SMOTE,0,0,0.0
KNN,No SMOTE,0,0,0.0
KNN,No SMOTE,0,0,0.0
KNN,No SMOTE,0,0,0.0
KNN,No SMOTE,0,0,0.0
KNN,No SMOTE,0,0,0.0
KNN,No SMOTE,0,0,0.0
KNN,No SMOTE,0,0,0.0
KNN,No SMOTE,0,0,0.0
KNN,No SMOTE,0,0,0.0
KNN,No SMOTE,0,0,0.0
KNN,No SMOTE,0,0,0.0
KNN,No SMOTE,0,0,0.0
KNN,No SMOTE,0,0,0.0
KNN,No SMOTE,0,0,0.0
KNN,No SMOTE,0,0,0.0
KNN,No SMOTE,0,0,0.0
KNN,No SMOTE,0,0,0.0
KNN,No SMOTE,0,0,0.0
KNN,No SMOTE,0,0,0.0
KNN,No SMOTE,0,0,0.0
KNN,No SMOTE,0,0,0.0
KNN,No SMOTE,0,0,0.0
KNN,No SMOTE,0,0,0.0
KNN,No SMOTE,0,0,0.0
KNN,No SMOTE,0,0,0.0
KNN,No SMOTE,0,0,0.0
KNN,No SMOTE,0,0,0.0
KNN,No SMOTE,0,0,0.0
KNN,No SMOTE,0,0,0.0
KNN,No SMOTE,0,0,0.0
KNN,No SMOTE,0,0,0.0
KNN,No SMOTE,0,0,0.0
KNN,No SMOTE,0,0,0.0
KNN,No SMOTE,0,0,0.0
KNN,No SMOTE,0,0,0.0
KNN,No SMOTE,0,0,0.0
KNN,No SMOTE,0,0,0.0
KNN,No SMOTE,0,0,0.0
KNN,No SMOTE,0,0,0.0
KNN,No SMOTE,0,0,0.0
KNN,No SMOTE,0,0,0.0
KNN,No SMOTE,0,0,0.0
KNN,No SMOTE,0,0,0.0
KNN,No SMOTE,0,0,0.0
KNN,No SMOTE,0,0,0.0
KNN,No SMOTE,0,0,0.0
KNN,No SMOTE,0,0,0.0
KNN,No SMOTE,0,0,0.0
KNN,No SMOTE,0,0,0.0
KNN,No SMOTE,0,0,0.0
KNN,No SMOTE,0,0,0.0
KNN,No SMOTE,0,0,0.0
KNN,No SMOTE,0,0,0.0
KNN,No SMOTE,0,0,0.0
KNN,No SMOTE,0,0,0.0
KNN,No SMOTE,0,0,0.0
KNN,No SMOTE,0,0,0.0
KNN,No SMOTE,0,0,0.0
KNN,No SMOTE,0,0,0.0
KNN,No SMOTE,0,0,0.0
KNN,No SMOTE,0,0,0.0
KNN,No SMOTE,0,0,0.0
KNN,No SMOTE,0,0,0.0
KNN,No SMOTE,0,0,0.0
KNN,No SMOTE,0,0,0.0
KNN,No SMOTE,0,0,0.0
KNN,No SMOTE,0,0,0.0
KNN,No SMOTE,0,0,0.0
KNN,No SMOTE,0,0,0.0
KNN,No SMOTE,0,0,0.0
KNN,No SMOTE,0,0,0.0
KNN,No SMOTE,0,0,0.0
KNN,No SMOTE,0,0,0.0
KNN,No SMOTE,0,0,0.0
KNN,No SMOTE,0,0,0.0
KNN,No SMOTE,0,0,0.0
KNN,No SMOTE,0,0,0.0
KNN,No SMOTE,0,0,0.0
KNN,No SMOTE,0,0,0.0
KNN,No SMOTE,0,0,0.0
KNN,No SMOTE,0,0,0.0
KNN,No SMOTE,0,0,0.0
KNN,No SMOTE,0,0,0.0
KNN,No SMOTE,0,0,0.0
KNN,No SMOTE,0,0,0.0
KNN,No SMOTE,0,0,0.0
KNN,No SMOTE,0,0,0.0
KNN,No SMOTE,0,0,0.0
KNN,No SMOTE,0,0,0.0
KNN,No SMOTE,0,0,0.0
KNN,No SMOTE,0,0,0.0
KNN,No SMOTE,0,0,0.0
KNN,No SMOTE,0,0,0.0
KNN,No SMOTE,0,0,0.0
KNN,No SMOTE,0,0,0.0
KNN,No SMOTE,0,0,0.0
KNN,No SMOTE,0,0,0.0
KNN,No SMOTE,0,0,0.0
KNN,No SMOTE,0,0,0.0
KNN,No SMOTE,0,0,0.0
KNN,No SMOTE,0,0,0.0
KNN,No SMOTE,0,0,0.0
KNN,No SMOTE,0,0,0.0
KNN,No SMOTE,0,0,0.0
KNN,No SMOTE,0,0,0.0
KNN,No SMOTE,0,0,0.0
KNN,No SMOTE,0,0,0.0
KNN,No SMOTE,0,0,0.0
KNN,No SMOTE,0,0,0.0
KNN,No SMOTE,0,0,0.0
KNN,No SMOTE,0,0,0.0
KNN,No SMOTE,0,0,0.0
KNN,No SMOTE,0,0,0.0
KNN,No SMOTE,0,0,0.0
KNN,No SMOTE,0,0,0.0
KNN,No SMOTE,0,0,0.0
KNN,No SMOTE,0,0,0.0
KNN,No SMOTE,0,0,0.0
KNN,No SMOTE,0,0,0.0
KNN,No SMOTE,0,0,0.0
KNN,No SMOTE,0,0,0.0
KNN,No SMOTE,0,0,0.0
KNN,No SMOTE,0,0,0.0
KNN,No SMOTE,0,0,0.0
KNN,No SMOTE,0,0,0.0
KNN,No SMOTE,0,0,0.0
KNN,No SMOTE,0,0,0.0
KNN,No SMOTE,0,0,0.0
KNN,No SMOTE,0,0,0.0
KNN,No SMOTE,0,0,0.0
KNN,No SMOTE,0,0,0.0
KNN,No SMOTE,0,0,0.0
KNN,No SMOTE,0,0,0.0
KNN,No SMOTE,0,0,0.0
KNN,No SMOTE,0,0,0.0
KNN,No SMOTE,0,0,0.0
KNN,No SMOTE,0,0,0.0
KNN,No SMOTE,0,0,0.0
KNN,No SMOTE,0,0,0.0
KNN,No SMOTE,0,0,0.0
KNN,No SMOTE,0,0,0.0
KNN,No SMOTE,0,0,0.0
KNN,No SMOTE,0,0,0.0
KNN,No SMOTE,0,0,0.0
KNN,No SMOTE,0,0,0.0
KNN,No SMOTE,0,0,0.0
KNN,No SMOTE,0,0,0.0
KNN,No SMOTE,0,0,0.0
KNN,No SMOTE,0,0,0.0
KNN,No SMOTE,0,0,0.0
KNN,No SMOTE,0,0,0.0
KNN,No SMOTE,0,0,0.0
KNN,No SMOTE,0,0,0.0
KNN,No SMOTE,0,0,0.0
KNN,No SMOTE,0,0,0.0
KNN,No SMOTE,0,0,0.0
KNN,No SMOTE,0,0,0.0
KNN,No SMOTE,0,0,0.0
KNN,No SMOTE,0,0,0.0
KNN,No SMOTE,0,0,0.0
KNN,No SMOTE,0,0,0.2
KNN,No SMOTE,0,0,0.0
KNN,No SMOTE,0,0,0.0
KNN,No SMOTE,0,0,0.0
KNN,No SMOTE,0,0,0.0
KNN,No SMOTE,0,0,0.0
KNN,No SMOTE,0,0,0.0
KNN,No SMOTE,0,0,0.0
KNN,No SMOTE,0,0,0.0
KNN,No SMOTE,0,0,0.0
KNN,No SMOTE,0,0,0.0
KNN,No SMOTE,0,0,0.0
KNN,No SMOTE,0,0,0.0
KNN,No SMOTE,0,0,0.0
KNN,No SMOTE,0,0,0.0
KNN,No SMOTE,0,0,0.0
KNN,No SMOTE,0,0,0.0
KNN,No SMOTE,0,0,0.0
KNN,No SMOTE,0,0,0.0
KNN,No SMOTE,0,0,0.0
KNN,No SMOTE,0,0,0.0
KNN,No SMOTE,0,0,0.0
KNN,No SMOTE,0,0,0.0
KNN,No SMOTE,0,0,0.0
KNN,No SMOTE,0,0,0.0
KNN,No SMOTE,0,0,0.0
KNN,No SMOTE,0,0,0.0
KNN,No SMOTE,0,0,0.0
KNN,No SMOTE,0,0,0.0
KNN,No SMOTE,0,0,0.0
KNN,No SMOTE,0,0,0.0
KNN,No SMOTE,0,0,0.0
KNN,No SMOTE,0,0,0.0
KNN,No SMOTE,0,0,0.0
KNN,No SMOTE,0,0,0.0
KNN,No SMOTE,0,0,0.0
KNN,No SMOTE,0,0,0.0
KNN,No SMOTE,0,0,0.0
KNN,No SMOTE,0,0,0.0
KNN,No SMOTE,0,0,0.0
KNN,No SMOTE,0,0,0.0
KNN,No SMOTE,0,0,0.0
KNN,No SMOTE,0,0,0.0
KNN,No SMOTE,0,0,0.0
KNN,No SMOTE,0,0,0.0
KNN,No SMOTE,0,0,0.0
KNN,No SMOTE,0,0,0.0
KNN,No SMOTE,0,0,0.0
KNN,No SMOTE,0,0,0.0
KNN,No SMOTE,0,0,0.0
KNN,No SMOTE,0,0,0.0
KNN,No SMOTE,0,0,0.0
KNN,No SMOTE,0,0,0.0
KNN,No SMOTE,0,0,0.0
KNN,No SMOTE,0,0,0.0
KNN,No SMOTE,0,0,0.0
KNN,No SMOTE,0,0,0.0
KNN,No SMOTE,0,0,0.0
KNN,No SMOTE,0,0,0.0
KNN,No SMOTE,0,0,0.0
KNN,No SMOTE,0,0,0.0
KNN,No SMOTE,0,0,0.0
KNN,No SMOTE,0,0,0.0
KNN,No SMOTE,0,0,0.0
KNN,No SMOTE,0,0,0.0
KNN,No SMOTE,0,0,0.0
KNN,No SMOTE,0,0,0.0
KNN,No SMOTE,0,0,0.0
KNN,No SMOTE,0,0,0.0
KNN,No SMOTE,0,0,0.0
KNN,No SMOTE,0,0,0.0
KNN,No SMOTE,0,0,0.0
KNN,No SMOTE,0,0,0.0
KNN,No SMOTE,0,0,0.0
KNN,No SMOTE,0,0,0.0
KNN,No SMOTE,0,0,0.0
KNN,No SMOTE,1,0,0.2
KNN,No SMOTE,0,0,0.0
KNN,No SMOTE,0,0,0.0
KNN,No SMOTE,0,0,0.0
KNN,No SMOTE,0,0,0.0
KNN,No SMOTE,0,0,0.0
KNN,No SMOTE,0,0,0.0
KNN,No SMOTE,0,0,0.0
KNN,No SMOTE,0,0,0.0
KNN,No SMOTE,0,0,0.0
KNN,No SMOTE,0,0,0.0
KNN,No SMOTE,0,0,0.0
KNN,No SMOTE,0,0,0.0
KNN,No SMOTE,0,0,0.0
KNN,No SMOTE,0,0,0.0
KNN,No SMOTE,0,0,0.0
KNN,No SMOTE,0,0,0.0
KNN,No SMOTE,0,0,0.0
KNN,No SMOTE,0,0,0.0
KNN,No SMOTE,0,0,0.0
KNN,No SMOTE,0,0,0.0
KNN,No SMOTE,0,0,0.0
KNN,No SMOTE,0,0,0.0
KNN,No SMOTE,0,0,0.0
KNN,No SMOTE,0,0,0.0
KNN,No SMOTE,0,0,0.0
KNN,No SMOTE,0,0,0.0
KNN,No SMOTE,0,0,0.0
KNN,No SMOTE,0,0,0.0
KNN,No SMOTE,0,0,0.0
KNN,No SMOTE,0,0,0.0
KNN,No SMOTE,0,0,0.0
KNN,No SMOTE,0,0,0.0
KNN,No SMOTE,0,0,0.0
KNN,No SMOTE,0,0,0.0
KNN,No SMOTE,0,0,0.0
KNN,No SMOTE,0,0,0.0
KNN,No SMOTE,0,0,0.0
KNN,No SMOTE,0,0,0.0
KNN,No SMOTE,0,0,0.0
KNN,No SMOTE,0,0,0.0
KNN,No SMOTE,0,0,0.0
KNN,No SMOTE,0,0,0.0
KNN,No SMOTE,0,0,0.0
KNN,No SMOTE,0,0,0.0
KNN,No SMOTE,0,0,0.0
KNN,No SMOTE,0,0,0.0
KNN,No SMOTE,0,0,0.0
KNN,No SMOTE,0,0,0.0
KNN,No SMOTE,0,0,0.0
KNN,No SMOTE,0,0,0.0
KNN,No SMOTE,0,0,0.0
KNN,No SMOTE,0,0,0.0
KNN,No SMOTE,0,0,0.0
KNN,No SMOTE,0,0,0.0
KNN,No SMOTE,0,0,0.0
KNN,No SMOTE,0,0,0.0
KNN,No SMOTE,0,0,0.0
KNN,No SMOTE,0,0,0.0
KNN,No SMOTE,0,0,0.0
KNN,No SMOTE,0,0,0.0
KNN,No SMOTE,0,0,0.0
KNN,No SMOTE,0,0,0.0
KNN,No SMOTE,0,0,0.0
KNN,No SMOTE,0,0,0.0
KNN,No SMOTE,0,0,0.0
KNN,No SMOTE,0,0,0.0
KNN,No SMOTE,0,0,0.0
KNN,No SMOTE,0,0,0.0
KNN,No SMOTE,0,0,0.0
KNN,No SMOTE,0,0,0.0
KNN,No SMOTE,0,0,0.0
KNN,No SMOTE,0,0,0.0
KNN,No SMOTE,0,0,0.0
KNN,No SMOTE,0,0,0.0
KNN,No SMOTE,0,0,0.0
KNN,No SMOTE,0,0,0.0
KNN,No SMOTE,0,0,0.0
KNN,No SMOTE,0,0,0.0
KNN,No SMOTE,0,0,0.0
KNN,No SMOTE,0,0,0.0
KNN,No SMOTE,0,0,0.0
KNN,No SMOTE,0,0,0.0
KNN,No SMOTE,0,0,0.0
KNN,No SMOTE,0,0,0.0
KNN,No SMOTE,0,0,0.0
KNN,No SMOTE,0,0,0.0
KNN,No SMOTE,0,0,0.0
KNN,No SMOTE,0,0,0.0
KNN,No SMOTE,0,0,0.0
KNN,No SMOTE,0,0,0.0
KNN,No SMOTE,0,0,0.0
KNN,No SMOTE,0,0,0.0
KNN,No SMOTE,0,0,0.0
KNN,No SMOTE,0,0,0.0
KNN,No SMOTE,0,0,0.0
KNN,No SMOTE,0,0,0.0
KNN,No SMOTE,0,0,0.0
KNN,No SMOTE,0,0,0.0
KNN,No SMOTE,0,0,0.0
KNN,No SMOTE,0,0,0.0
KNN,No SMOTE,0,0,0.0
KNN,No SMOTE,0,0,0.0
KNN,No SMOTE,0,0,0.0
KNN,No SMOTE,0,0,0.0
KNN,No SMOTE,0,0,0.0
KNN,No SMOTE,0,0,0.0
KNN,No SMOTE,0,0,0.0
KNN,No SMOTE,0,0,0.0
KNN,No SMOTE,0,0,0.0
KNN,No SMOTE,0,0,0.0
KNN,No SMOTE,0,0,0.0
KNN,No SMOTE,0,0,0.0
KNN,No SMOTE,0,0,0.0
KNN,No SMOTE,0,0,0.0
KNN,No SMOTE,0,0,0.0
KNN,No SMOTE,0,0,0.0
KNN,No SMOTE,0,0,0.0
KNN,No SMOTE,0,0,0.0
KNN,No SMOTE,0,0,0.0
KNN,No SMOTE,0,0,0.0
KNN,No SMOTE,0,0,0.0
KNN,No SMOTE,0,0,0.0
KNN,No SMOTE,0,0,0.0
KNN,No SMOTE,0,0,0.0
KNN,No SMOTE,0,0,0.0
KNN,No SMOTE,0,0,0.0
KNN,No SMOTE,0,0,0.0
KNN,No SMOTE,0,0,0.0
KNN,No SMOTE,0,0,0.0
KNN,No SMOTE,0,0,0.0
KNN,No SMOTE,0,0,0.0
KNN,No SMOTE,0,0,0.0
KNN,No SMOTE,0,0,0.0
KNN,No SMOTE,0,0,0.0
KNN,No SMOTE,0,0,0.0
KNN,No SMOTE,0,0,0.0
KNN,No SMOTE,0,0,0.0
KNN,No SMOTE,0,0,0.0
KNN,No SMOTE,0,0,0.0
KNN,No SMOTE,0,0,0.0
KNN,No SMOTE,0,0,0.0
KNN,No SMOTE,0,0,0.0
KNN,No SMOTE,0,0,0.0
KNN,No SMOTE,0,0,0.0
KNN,No SMOTE,0,0,0.0
KNN,No SMOTE,0,0,0.0
KNN,No SMOTE,0,0,0.0
KNN,No SMOTE,0,0,0.0
KNN,No SMOTE,0,0,0.0
KNN,No SMOTE,0,0,0.0
KNN,No SMOTE,0,0,0.0
KNN,No SMOTE,0,0,0.0
KNN,No SMOTE,0,0,0.0
KNN,No SMOTE,0,0,0.0
KNN,No SMOTE,0,0,0.0
KNN,No SMOTE,0,0,0.0
KNN,No SMOTE,0,0,0.0
KNN,No SMOTE,0,0,0.0
KNN,No SMOTE,0,0,0.0
KNN,No SMOTE,0,0,0.0
KNN,No SMOTE,0,0,0.0
KNN,No SMOTE,0,0,0.0
KNN,No SMOTE,0,0,0.0
KNN,No SMOTE,0,0,0.0
KNN,No SMOTE,0,0,0.0
KNN,No SMOTE,0,0,0.0
KNN,No SMOTE,0,0,0.0
KNN,No SMOTE,0,0,0.0
KNN,No SMOTE,0,0,0.0
KNN,No SMOTE,0,0,0.0
KNN,No SMOTE,0,0,0.0
KNN,No SMOTE,0,0,0.0
KNN,No SMOTE,0,0,0.0
KNN,No SMOTE,0,0,0.0
KNN,No SMOTE,0,0,0.0
KNN,No SMOTE,0,0,0.0
KNN,No SMOTE,0,0,0.0
KNN,No SMOTE,0,0,0.0
KNN,No SMOTE,0,0,0.0
KNN,No SMOTE,0,0,0.0
KNN,No SMOTE,0,0,0.0
KNN,No SMOTE,0,0,0.0
KNN,No SMOTE,0,0,0.0
KNN,No SMOTE,0,0,0.0
KNN,No SMOTE,0,0,0.0
KNN,No SMOTE,0,0,0.0
KNN,No SMOTE,0,0,0.0
KNN,No SMOTE,0,0,0.0
KNN,No SMOTE,0,0,0.0
KNN,No SMOTE,0,0,0.0
KNN,No SMOTE,0,0,0.0
KNN,No SMOTE,0,0,0.0
KNN,No SMOTE,0,0,0.0
KNN,No SMOTE,0,0,0.0
KNN,No SMOTE,0,0,0.0
KNN,No SMOTE,0,0,0.0
KNN,No SMOTE,0,0,0.0
KNN,No SMOTE,0,0,0.0
KNN,No SMOTE,0,0,0.0
KNN,No SMOTE,0,0,0.0
KNN,No SMOTE,0,0,0.0
KNN,No SMOTE,0,0,0.0
KNN,No SMOTE,0,0,0.0
KNN,No SMOTE,0,0,0.0
KNN,No SMOTE,0,0,0.0
KNN,No SMOTE,0,0,0.0
KNN,No SMOTE,0,0,0.0
KNN,No SMOTE,0,0,0.0
KNN,No SMOTE,0,0,0.0
KNN,No SMOTE,0,0,0.0
KNN,No SMOTE,0,0,0.0
KNN,No SMOTE,0,0,0.0
KNN,No SMOTE,0,0,0.0
KNN,No SMOTE,0,0,0.0
KNN,No SMOTE,0,0,0.0
KNN,No SMOTE,0,0,0.0
KNN,No SMOTE,0,0,0.0
KNN,No SMOTE,0,0,0.0
KNN,No SMOTE,0,0,0.0
KNN,No SMOTE,0,0,0.0
KNN,No SMOTE,0,0,0.0
KNN,No SMOTE,0,0,0.0
KNN,No SMOTE,0,0,0.0
KNN,No SMOTE,0,0,0.0
KNN,No SMOTE,0,0,0.0
KNN,No SMOTE,0,0,0.0
KNN,No SMOTE,0,0,0.0
KNN,No SMOTE,0,0,0.0
KNN,No SMOTE,0,0,0.0
KNN,No SMOTE,0,0,0.0
KNN,No SMOTE,0,0,0.0
KNN,No SMOTE,0,0,0.0
KNN,No SMOTE,0,0,0.0
KNN,No SMOTE,0,0,0.0
KNN,No SMOTE,0,0,0.0
KNN,No SMOTE,0,0,0.0
KNN,No SMOTE,0,0,0.0
KNN,No SMOTE,0,0,0.0
KNN,No SMOTE,0,0,0.0
KNN,No SMOTE,0,0,0.0
KNN,No SMOTE,0,0,0.0
KNN,No SMOTE,0,0,0.0
KNN,No SMOTE,0,0,0.0
KNN,No SMOTE,0,0,0.0
KNN,No SMOTE,0,0,0.0
KNN,No SMOTE,0,0,0.0
KNN,No SMOTE,0,0,0.0
KNN,No SMOTE,0,0,0.0
KNN,No SMOTE,0,0,0.0
KNN,No SMOTE,0,0,0.0
KNN,No SMOTE,0,0,0.0
KNN,No SMOTE,0,0,0.0
KNN,No SMOTE,0,0,0.0
KNN,No SMOTE,0,0,0.0
KNN,No SMOTE,0,0,0.0
KNN,No SMOTE,0,0,0.0
KNN,No SMOTE,0,0,0.0
KNN,No SMOTE,0,0,0.0
KNN,No SMOTE,0,0,0.0
KNN,No SMOTE,0,0,0.0
KNN,No SMOTE,0,0,0.0
KNN,No SMOTE,0,0,0.0
KNN,No SMOTE,0,0,0.0
KNN,No SMOTE,0,0,0.0
KNN,No SMOTE,0,0,0.0
KNN,No SMOTE,0,0,0.0
KNN,No SMOTE,0,0,0.0
KNN,No SMOTE,0,0,0.0
KNN,No SMOTE,0,0,0.0
KNN,No SMOTE,0,0,0.0
KNN,No SMOTE,0,0,0.0
KNN,No SMOTE,0,0,0.0
KNN,No SMOTE,0,0,0.0
KNN,No SMOTE,0,0,0.0
KNN,No SMOTE,0,0,0.0
KNN,No SMOTE,0,0,0.0
KNN,No SMOTE,0,0,0.0
KNN,No SMOTE,0,0,0.0
KNN,No SMOTE,0,0,0.0
KNN,No SMOTE,0,0,0.0
KNN,No SMOTE,0,0,0.0
KNN,No SMOTE,0,0,0.0
KNN,No SMOTE,0,0,0.0
KNN,No SMOTE,0,0,0.0
KNN,No SMOTE,0,0,0.0
KNN,No SMOTE,0,0,0.0
KNN,No SMOTE,0,0,0.0
KNN,No SMOTE,0,0,0.0
KNN,No SMOTE,0,0,0.0
KNN,No SMOTE,0,0,0.0
KNN,No SMOTE,0,0,0.0
KNN,No SMOTE,0,0,0.0
KNN,No SMOTE,0,0,0.0
KNN,No SMOTE,0,0,0.0
KNN,No SMOTE,0,0,0.0
KNN,No SMOTE,0,0,0.0
KNN,No SMOTE,0,0,0.0
KNN,No SMOTE,0,0,0.0
KNN,No SMOTE,0,0,0.0
KNN,No SMOTE,0,0,0.0
KNN,No SMOTE,0,0,0.0
KNN,No SMOTE,0,0,0.0
KNN,No SMOTE,0,0,0.0
KNN,No SMOTE,0,0,0.0
KNN,No SMOTE,0,0,0.0
KNN,No SMOTE,0,0,0.0
KNN,No SMOTE,0,0,0.0
KNN,No SMOTE,0,0,0.0
KNN,No SMOTE,0,0,0.0
KNN,No SMOTE,0,0,0.0
KNN,No SMOTE,0,0,0.0
KNN,No SMOTE,0,0,0.0
KNN,No SMOTE,0,0,0.0
KNN,No SMOTE,0,0,0.0
KNN,No SMOTE,0,0,0.0
KNN,No SMOTE,0,0,0.0
KNN,No SMOTE,0,0,0.0
KNN,No SMOTE,0,0,0.0
KNN,No SMOTE,0,0,0.0
KNN,No SMOTE,0,0,0.0
KNN,No SMOTE,0,0,0.0
KNN,No SMOTE,0,0,0.0
KNN,No SMOTE,0,0,0.0
KNN,No SMOTE,0,0,0.0
KNN,No SMOTE,0,0,0.0
KNN,No SMOTE,0,0,0.0
KNN,No SMOTE,0,0,0.0
KNN,No SMOTE,0,0,0.0
KNN,No SMOTE,0,0,0.0
KNN,No SMOTE,0,0,0.0
KNN,No SMOTE,0,0,0.0
KNN,No SMOTE,0,0,0.0
KNN,No SMOTE,0,0,0.0
KNN,No SMOTE,0,0,0.0
KNN,No SMOTE,0,0,0.0
KNN,No SMOTE,0,0,0.0
KNN,No SMOTE,0,0,0.0
KNN,No SMOTE,0,0,0.0
KNN,No SMOTE,0,0,0.0
KNN,No SMOTE,0,0,0.0
KNN,No SMOTE,0,0,0.0
KNN,No SMOTE,0,0,0.0
KNN,No SMOTE,0,0,0.0
KNN,No SMOTE,0,0,0.0
KNN,No SMOTE,0,0,0.0
KNN,No SMOTE,0,0,0.0
KNN,No SMOTE,0,0,0.0
KNN,No SMOTE,0,0,0.0
KNN,No SMOTE,0,0,0.0
KNN,No SMOTE,0,0,0.0
KNN,No SMOTE,0,0,0.0
KNN,No SMOTE,0,0,0.0
KNN,No SMOTE,0,0,0.0
KNN,No SMOTE,0,0,0.0
KNN,No SMOTE,0,0,0.0
KNN,No SMOTE,0,0,0.0
KNN,No SMOTE,0,0,0.0
KNN,No SMOTE,0,0,0.0
KNN,No SMOTE,0,0,0.0
KNN,No SMOTE,0,0,0.0
KNN,No SMOTE,0,0,0.0
KNN,No SMOTE,0,0,0.0
KNN,No SMOTE,0,0,0.0
KNN,No SMOTE,0,0,0.0
KNN,No SMOTE,0,0,0.0
KNN,No SMOTE,0,0,0.0
KNN,No SMOTE,0,0,0.0
KNN,No SMOTE,0,0,0.0
KNN,No SMOTE,0,0,0.0
KNN,No SMOTE,0,0,0.0
KNN,No SMOTE,0,0,0.0
KNN,No SMOTE,0,0,0.0
KNN,No SMOTE,0,0,0.0
KNN,No SMOTE,0,0,0.0
KNN,No SMOTE,0,0,0.0
KNN,No SMOTE,0,0,0.0
KNN,No SMOTE,0,0,0.0
KNN,No SMOTE,0,0,0.0
KNN,No SMOTE,0,0,0.0
KNN,No SMOTE,0,0,0.0
KNN,No SMOTE,0,0,0.0
KNN,No SMOTE,0,0,0.0
KNN,No SMOTE,0,0,0.0
KNN,No SMOTE,0,0,0.0
KNN,No SMOTE,0,0,0.0
KNN,No SMOTE,0,0,0.0
KNN,No SMOTE,0,0,0.0
KNN,No SMOTE,0,0,0.0
KNN,No SMOTE,0,0,0.0
KNN,No SMOTE,0,0,0.0
KNN,No SMOTE,0,0,0.0
KNN,No SMOTE,0,0,0.0
KNN,No SMOTE,0,0,0.0
KNN,No SMOTE,0,0,0.0
KNN,No SMOTE,0,0,0.0
KNN,No SMOTE,0,0,0.0
KNN,No SMOTE,0,0,0.0
KNN,No SMOTE,0,0,0.0
KNN,No SMOTE,0,0,0.0
KNN,No SMOTE,0,0,0.0
KNN,No SMOTE,0,0,0.0
KNN,No SMOTE,0,0,0.0
KNN,No SMOTE,0,0,0.0
KNN,No SMOTE,0,0,0.0
KNN,No SMOTE,0,0,0.0
KNN,No SMOTE,0,0,0.0
KNN,No SMOTE,0,0,0.0
KNN,No SMOTE,0,0,0.0
KNN,No SMOTE,0,0,0.0
KNN,No SMOTE,0,0,0.0
KNN,No SMOTE,0,0,0.0
KNN,No SMOTE,0,0,0.0
KNN,No SMOTE,0,0,0.0
KNN,No SMOTE,0,0,0.0
KNN,No SMOTE,0,0,0.0
KNN,No SMOTE,0,0,0.0
KNN,No SMOTE,0,0,0.0
KNN,No SMOTE,0,0,0.0
KNN,No SMOTE,0,0,0.0
KNN,No SMOTE,0,0,0.0
KNN,No SMOTE,0,0,0.0
KNN,No SMOTE,0,0,0.0
KNN,No SMOTE,0,0,0.0
KNN,No SMOTE,0,0,0.0
KNN,No SMOTE,0,0,0.0
KNN,No SMOTE,0,0,0.0
KNN,No SMOTE,0,0,0.0
KNN,No SMOTE,0,0,0.0
KNN,No SMOTE,0,0,0.0
KNN,No SMOTE,0,0,0.0
KNN,No SMOTE,0,0,0.0
KNN,No SMOTE,0,0,0.0
KNN,No SMOTE,0,0,0.0
KNN,No SMOTE,0,0,0.0
KNN,No SMOTE,0,0,0.0
KNN,No SMOTE,0,0,0.0
KNN,No SMOTE,0,0,0.0
KNN,No SMOTE,0,0,0.0
KNN,No SMOTE,0,0,0.0
KNN,No SMOTE,0,0,0.0
KNN,No SMOTE,0,0,0.0
KNN,No SMOTE,0,0,0.0
KNN,No SMOTE,0,0,0.0
KNN,No SMOTE,0,0,0.0
KNN,No SMOTE,0,0,0.0
KNN,No SMOTE,0,0,0.0
KNN,No SMOTE,0,0,0.0
KNN,No SMOTE,0,0,0.0
KNN,No SMOTE,0,0,0.0
KNN,No SMOTE,0,0,0.0
KNN,No SMOTE,0,0,0.0
KNN,No SMOTE,0,0,0.2
KNN,No SMOTE,0,0,0.0
KNN,No SMOTE,0,0,0.0
KNN,No SMOTE,0,0,0.0
KNN,No SMOTE,0,0,0.0
KNN,No SMOTE,0,0,0.0
KNN,No SMOTE,0,0,0.0
KNN,No SMOTE,0,0,0.0
KNN,No SMOTE,0,0,0.0
KNN,No SMOTE,0,0,0.0
KNN,No SMOTE,0,0,0.0
KNN,No SMOTE,0,0,0.0
KNN,No SMOTE,0,0,0.0
KNN,No SMOTE,0,0,0.0
KNN,No SMOTE,0,0,0.0
KNN,No SMOTE,0,0,0.0
KNN,No SMOTE,0,0,0.0
KNN,No SMOTE,0,0,0.0
KNN,No SMOTE,0,0,0.0
KNN,No SMOTE,0,0,0.0
KNN,No SMOTE,0,0,0.0
KNN,No SMOTE,0,0,0.0
KNN,No SMOTE,0,0,0.0
KNN,No SMOTE,0,0,0.0
KNN,No SMOTE,0,0,0.0
KNN,No SMOTE,0,0,0.0
KNN,No SMOTE,0,0,0.0
KNN,No SMOTE,0,0,0.0
KNN,No SMOTE,0,0,0.0
KNN,No SMOTE,0,0,0.0
KNN,No SMOTE,0,0,0.0
KNN,No SMOTE,0,0,0.0
KNN,No SMOTE,0,0,0.0
KNN,No SMOTE,0,0,0.0
KNN,No SMOTE,0,0,0.0
KNN,No SMOTE,0,0,0.0
KNN,No SMOTE,0,0,0.0
KNN,No SMOTE,0,0,0.0
KNN,No SMOTE,0,0,0.0
KNN,No SMOTE,0,0,0.0
KNN,No SMOTE,0,0,0.0
KNN,No SMOTE,0,0,0.0
KNN,No SMOTE,0,0,0.0
KNN,No SMOTE,0,0,0.0
KNN,No SMOTE,0,0,0.0
KNN,No SMOTE,0,0,0.0
KNN,No SMOTE,0,0,0.0
KNN,No SMOTE,0,0,0.0
KNN,No SMOTE,0,0,0.0
KNN,No SMOTE,0,0,0.0
KNN,No SMOTE,0,0,0.0
KNN,No SMOTE,0,0,0.0
KNN,No SMOTE,0,0,0.0
KNN,No SMOTE,0,0,0.0
KNN,No SMOTE,0,0,0.0
KNN,No SMOTE,0,0,0.0
KNN,No SMOTE,0,0,0.0
KNN,No SMOTE,0,0,0.0
KNN,No SMOTE,0,0,0.0
KNN,No SMOTE,0,0,0.0
KNN,No SMOTE,0,0,0.0
KNN,No SMOTE,0,0,0.0
KNN,No SMOTE,0,0,0.0
KNN,No SMOTE,0,0,0.0
KNN,No SMOTE,0,0,0.0
KNN,No SMOTE,0,0,0.0
KNN,No SMOTE,0,0,0.0
KNN,No SMOTE,0,0,0.0
KNN,No SMOTE,0,0,0.0
KNN,No SMOTE,0,0,0.0
KNN,No SMOTE,0,0,0.0
KNN,No SMOTE,0,0,0.0
KNN,No SMOTE,0,0,0.0
KNN,No SMOTE,0,0,0.0
KNN,No SMOTE,0,0,0.0
KNN,No SMOTE,0,0,0.0
KNN,No SMOTE,0,0,0.0
KNN,No SMOTE,0,0,0.0
KNN,No SMOTE,0,0,0.0
KNN,No SMOTE,0,0,0.0
KNN,No SMOTE,0,0,0.0
KNN,No SMOTE,0,0,0.0
KNN,No SMOTE,0,0,0.0
KNN,No SMOTE,0,0,0.0
KNN,No SMOTE,0,0,0.0
KNN,No SMOTE,0,0,0.0
KNN,No SMOTE,0,0,0.0
KNN,No SMOTE,0,0,0.0
KNN,No SMOTE,0,0,0.0
KNN,No SMOTE,0,0,0.0
KNN,No SMOTE,0,0,0.0
KNN,No SMOTE,0,0,0.0
KNN,No SMOTE,0,0,0.0
KNN,No SMOTE,0,0,0.0
KNN,No SMOTE,0,0,0.0
KNN,No SMOTE,0,0,0.0
KNN,No SMOTE,0,0,0.0
KNN,No SMOTE,0,0,0.0
KNN,No SMOTE,0,0,0.0
KNN,No SMOTE,0,0,0.0
KNN,No SMOTE,0,0,0.0
KNN,No SMOTE,0,0,0.0
KNN,No SMOTE,0,0,0.0
KNN,No SMOTE,0,0,0.0
KNN,No SMOTE,0,0,0.0
KNN,No SMOTE,0,0,0.0
KNN,No SMOTE,0,0,0.0
KNN,No SMOTE,0,0,0.0
KNN,No SMOTE,0,0,0.0
KNN,No SMOTE,0,0,0.0
KNN,No SMOTE,0,0,0.0
KNN,No SMOTE,0,0,0.0
KNN,No SMOTE,0,0,0.0
KNN,No SMOTE,0,0,0.0
KNN,No SMOTE,0,0,0.0
KNN,No SMOTE,0,0,0.0
KNN,No SMOTE,0,0,0.0
KNN,No SMOTE,0,0,0.0
KNN,No SMOTE,0,0,0.0
KNN,No SMOTE,0,0,0.0
KNN,No SMOTE,0,0,0.0
KNN,No SMOTE,0,0,0.0
KNN,No SMOTE,0,0,0.0
KNN,No SMOTE,0,0,0.0
KNN,No SMOTE,0,0,0.0
KNN,No SMOTE,0,0,0.0
KNN,No SMOTE,0,0,0.0
KNN,No SMOTE,0,0,0.0
KNN,No SMOTE,0,0,0.0
KNN,No SMOTE,0,0,0.0
KNN,No SMOTE,0,0,0.0
KNN,No SMOTE,0,0,0.0
KNN,No SMOTE,0,0,0.0
KNN,No SMOTE,0,0,0.0
KNN,No SMOTE,0,0,0.0
KNN,No SMOTE,0,0,0.0
KNN,No SMOTE,0,0,0.0
KNN,No SMOTE,0,0,0.0
KNN,No SMOTE,0,0,0.0
KNN,No SMOTE,0,0,0.0
KNN,No SMOTE,0,0,0.0
KNN,No SMOTE,0,0,0.0
KNN,No SMOTE,0,0,0.0
KNN,No SMOTE,0,0,0.0
KNN,No SMOTE,0,0,0.0
KNN,No SMOTE,0,0,0.0
KNN,No SMOTE,0,0,0.0
KNN,No SMOTE,0,0,0.0
KNN,No SMOTE,0,0,0.0
KNN,No SMOTE,0,0,0.0
KNN,No SMOTE,0,0,0.0
KNN,No SMOTE,0,0,0.0
KNN,No SMOTE,0,0,0.0
KNN,No SMOTE,0,0,0.0
KNN,No SMOTE,0,0,0.0
KNN,No SMOTE,0,0,0.0
KNN,No SMOTE,0,0,0.0
KNN,No SMOTE,0,0,0.0
KNN,No SMOTE,0,0,0.0
KNN,No SMOTE,0,0,0.0
KNN,No SMOTE,0,0,0.0
KNN,No SMOTE,0,0,0.0
KNN,No SMOTE,0,0,0.0
KNN,No SMOTE,0,0,0.0
KNN,No SMOTE,0,0,0.0
KNN,No SMOTE,0,0,0.0
KNN,No SMOTE,0,0,0.0
KNN,No SMOTE,0,0,0.0
KNN,No SMOTE,0,0,0.0
KNN,No SMOTE,0,0,0.0
KNN,No SMOTE,0,0,0.0
KNN,No SMOTE,0,0,0.0
KNN,No SMOTE,0,0,0.0
KNN,No SMOTE,0,0,0.0
KNN,No SMOTE,0,0,0.0
KNN,No SMOTE,0,0,0.0
KNN,No SMOTE,0,0,0.0
KNN,No SMOTE,0,0,0.0
KNN,No SMOTE,0,0,0.0
KNN,No SMOTE,0,0,0.0
KNN,No SMOTE,0,0,0.0
KNN,No SMOTE,0,0,0.0
KNN,No SMOTE,0,0,0.0
KNN,No SMOTE,0,0,0.0
KNN,No SMOTE,0,0,0.0
KNN,No SMOTE,0,0,0.0
KNN,No SMOTE,0,0,0.0
KNN,No SMOTE,0,0,0.0
KNN,No SMOTE,0,0,0.0
KNN,No SMOTE,0,0,0.0
KNN,No SMOTE,0,0,0.0
KNN,No SMOTE,0,0,0.0
KNN,No SMOTE,0,0,0.0
KNN,No SMOTE,0,0,0.0
KNN,No SMOTE,0,0,0.0
KNN,No SMOTE,0,0,0.0
KNN,No SMOTE,0,0,0.0
KNN,No SMOTE,0,0,0.0
KNN,No SMOTE,0,0,0.0
KNN,No SMOTE,0,0,0.0
KNN,No SMOTE,0,0,0.0
KNN,No SMOTE,0,0,0.0
KNN,No SMOTE,0,0,0.0
KNN,No SMOTE,0,0,0.0
KNN,No SMOTE,0,0,0.0
KNN,No SMOTE,0,0,0.0
KNN,No SMOTE,0,0,0.0
KNN,No SMOTE,0,0,0.0
KNN,No SMOTE,0,0,0.0
KNN,No SMOTE,0,0,0.0
KNN,No SMOTE,0,0,0.0
KNN,No SMOTE,0,0,0.0
KNN,No SMOTE,0,0,0.0
KNN,No SMOTE,0,0,0.0
KNN,No SMOTE,0,0,0.0
KNN,No SMOTE,0,0,0.0
KNN,No SMOTE,0,0,0.0
KNN,No SMOTE,0,0,0.0
KNN,No SMOTE,0,0,0.0
KNN,No SMOTE,0,0,0.0
KNN,No SMOTE,0,0,0.0
KNN,No SMOTE,0,0,0.0
KNN,No SMOTE,0,0,0.0
KNN,No SMOTE,0,0,0.0
KNN,No SMOTE,0,0,0.0
KNN,No SMOTE,0,0,0.0
KNN,No SMOTE,0,0,0.0
KNN,No SMOTE,0,0,0.0
KNN,No SMOTE,0,0,0.0
KNN,No SMOTE,0,0,0.0
KNN,No SMOTE,0,0,0.0
KNN,No SMOTE,0,0,0.0
KNN,No SMOTE,0,0,0.0
KNN,No SMOTE,0,0,0.0
KNN,No SMOTE,0,0,0.0
KNN,No SMOTE,0,0,0.0
KNN,No SMOTE,0,0,0.0
KNN,No SMOTE,0,0,0.0
KNN,No SMOTE,0,0,0.0
KNN,No SMOTE,0,0,0.0
KNN,No SMOTE,0,0,0.0
KNN,No SMOTE,0,0,0.0
KNN,No SMOTE,0,0,0.0
KNN,No SMOTE,0,0,0.0
KNN,No SMOTE,0,0,0.0
KNN,No SMOTE,0,0,0.0
KNN,No SMOTE,0,0,0.0
KNN,No SMOTE,0,0,0.0
KNN,No SMOTE,0,0,0.0
KNN,No SMOTE,0,0,0.0
KNN,No SMOTE,0,0,0.0
KNN,No SMOTE,0,0,0.0
KNN,No SMOTE,0,0,0.0
KNN,No SMOTE,0,0,0.0
KNN,No SMOTE,0,0,0.0
KNN,No SMOTE,0,0,0.0
KNN,No SMOTE,0,0,0.0
KNN,No SMOTE,0,0,0.0
KNN,No SMOTE,0,0,0.0
KNN,No SMOTE,0,0,0.0
KNN,No SMOTE,0,0,0.0
KNN,No SMOTE,0,0,0.0
KNN,No SMOTE,0,0,0.0
KNN,No SMOTE,0,0,0.0
KNN,No SMOTE,0,0,0.0
KNN,No SMOTE,0,0,0.0
KNN,No SMOTE,0,0,0.0
KNN,No SMOTE,0,0,0.0
KNN,No SMOTE,0,0,0.0
KNN,No SMOTE,0,0,0.0
KNN,No SMOTE,0,0,0.0
KNN,No SMOTE,0,0,0.0
KNN,No SMOTE,0,0,0.0
KNN,No SMOTE,0,0,0.0
KNN,No SMOTE,0,0,0.0
KNN,No SMOTE,0,0,0.0
KNN,No SMOTE,0,0,0.0
KNN,No SMOTE,0,0,0.0
KNN,No SMOTE,0,0,0.0
KNN,No SMOTE,0,0,0.0
KNN,No SMOTE,0,0,0.0
KNN,No SMOTE,0,0,0.0
KNN,No SMOTE,0,0,0.0
KNN,No SMOTE,0,0,0.0
KNN,No SMOTE,0,0,0.0
KNN,No SMOTE,0,0,0.0
KNN,No SMOTE,0,0,0.0
KNN,No SMOTE,0,0,0.0
KNN,No SMOTE,0,0,0.0
KNN,No SMOTE,0,0,0.0
KNN,No SMOTE,0,0,0.0
KNN,No SMOTE,0,0,0.0
KNN,No SMOTE,0,0,0.0
KNN,No SMOTE,0,0,0.0
KNN,No SMOTE,0,0,0.0
KNN,No SMOTE,0,0,0.0
KNN,No SMOTE,0,0,0.0
KNN,No SMOTE,0,0,0.0
KNN,No SMOTE,0,0,0.0
KNN,No SMOTE,0,0,0.0
KNN,No SMOTE,0,0,0.0
KNN,No SMOTE,0,0,0.0
KNN,No SMOTE,0,0,0.0
KNN,No SMOTE,0,0,0.0
KNN,No SMOTE,0,0,0.0
KNN,No SMOTE,0,0,0.0
KNN,No SMOTE,0,0,0.0
KNN,No SMOTE,0,0,0.0
KNN,No SMOTE,0,0,0.0
KNN,No SMOTE,0,0,0.0
KNN,No SMOTE,0,0,0.0
KNN,No SMOTE,0,0,0.0
KNN,No SMOTE,0,0,0.0
KNN,No SMOTE,0,0,0.0
KNN,No SMOTE,0,0,0.0
KNN,No SMOTE,0,0,0.0
KNN,No SMOTE,0,0,0.0
KNN,No SMOTE,0,0,0.0
KNN,No SMOTE,0,0,0.0
KNN,No SMOTE,0,0,0.0
KNN,No SMOTE,0,0,0.0
KNN,No SMOTE,0,0,0.0
KNN,No SMOTE,0,0,0.0
KNN,No SMOTE,0,0,0.0
KNN,No SMOTE,0,0,0.0
KNN,No SMOTE,0,0,0.0
KNN,No SMOTE,0,0,0.0
KNN,No SMOTE,0,0,0.0
KNN,No SMOTE,0,0,0.0
KNN,No SMOTE,0,0,0.0
KNN,No SMOTE,0,0,0.0
KNN,No SMOTE,0,0,0.0
KNN,No SMOTE,0,0,0.0
KNN,No SMOTE,0,0,0.0
KNN,No SMOTE,0,0,0.0
KNN,No SMOTE,0,0,0.0
KNN,No SMOTE,0,0,0.0
KNN,No SMOTE,0,0,0.0
KNN,No SMOTE,0,0,0.0
KNN,No SMOTE,0,0,0.0
KNN,No SMOTE,0,0,0.0
KNN,No SMOTE,0,0,0.0
KNN,No SMOTE,0,0,0.0
KNN,No SMOTE,0,0,0.0
KNN,No SMOTE,0,0,0.0
KNN,No SMOTE,0,0,0.0
KNN,No SMOTE,0,0,0.0
KNN,No SMOTE,0,0,0.0
KNN,No SMOTE,0,0,0.0
KNN,No SMOTE,0,0,0.0
KNN,No SMOTE,0,0,0.0
KNN,No SMOTE,0,0,0.0
KNN,No SMOTE,0,0,0.0
KNN,No SMOTE,0,0,0.0
KNN,No SMOTE,0,0,0.0
KNN,No SMOTE,0,0,0.0
KNN,No SMOTE,0,0,0.0
KNN,No SMOTE,0,0,0.0
KNN,No SMOTE,0,0,0.0
KNN,No SMOTE,0,0,0.0
KNN,No SMOTE,0,0,0.0
KNN,No SMOTE,0,0,0.0
KNN,No SMOTE,0,0,0.0
KNN,No SMOTE,0,0,0.0
KNN,No SMOTE,0,0,0.0
KNN,No SMOTE,0,0,0.0
KNN,No SMOTE,0,0,0.0
KNN,No SMOTE,0,0,0.0
KNN,No SMOTE,0,0,0.0
KNN,No SMOTE,0,0,0.0
KNN,No SMOTE,0,0,0.0
KNN,No SMOTE,0,0,0.0
KNN,No SMOTE,0,0,0.0
KNN,No SMOTE,0,0,0.0
KNN,No SMOTE,0,0,0.0
KNN,No SMOTE,0,0,0.0
KNN,No SMOTE,0,0,0.0
KNN,No SMOTE,0,0,0.0
KNN,No SMOTE,0,0,0.0
KNN,No SMOTE,0,0,0.0
KNN,No SMOTE,0,0,0.0
KNN,No SMOTE,0,0,0.0
KNN,No SMOTE,0,0,0.0
KNN,No SMOTE,0,0,0.0
KNN,No SMOTE,0,0,0.0
KNN,No SMOTE,0,0,0.0
KNN,No SMOTE,0,0,0.0
KNN,No SMOTE,0,0,0.0
KNN,No SMOTE,0,0,0.0
KNN,No SMOTE,0,0,0.0
KNN,No SMOTE,0,0,0.0
KNN,No SMOTE,0,0,0.0
KNN,No SMOTE,0,0,0.0
KNN,No SMOTE,0,0,0.0
KNN,No SMOTE,0,0,0.0
KNN,No SMOTE,0,0,0.0
KNN,No SMOTE,0,0,0.0
KNN,No SMOTE,0,0,0.0
KNN,No SMOTE,0,0,0.0
KNN,No SMOTE,0,0,0.0
KNN,No SMOTE,0,0,0.0
KNN,No SMOTE,0,0,0.0
KNN,No SMOTE,0,0,0.0
KNN,No SMOTE,0,0,0.0
KNN,No SMOTE,0,0,0.0
KNN,No SMOTE,0,0,0.0
KNN,No SMOTE,0,0,0.0
KNN,No SMOTE,0,0,0.0
KNN,No SMOTE,0,0,0.0
KNN,No SMOTE,0,0,0.0
KNN,No SMOTE,0,0,0.0
KNN,No SMOTE,0,0,0.0
KNN,No SMOTE,0,0,0.0
KNN,No SMOTE,0,0,0.0
KNN,No SMOTE,0,0,0.0
KNN,No SMOTE,0,0,0.0
KNN,No SMOTE,0,0,0.0
KNN,No SMOTE,0,0,0.0
KNN,No SMOTE,0,0,0.0
KNN,No SMOTE,0,0,0.0
KNN,No SMOTE,0,0,0.0
KNN,No SMOTE,0,0,0.0
KNN,No SMOTE,0,0,0.0
KNN,No SMOTE,0,0,0.0
KNN,No SMOTE,0,0,0.0
KNN,No SMOTE,0,0,0.0
KNN,No SMOTE,0,0,0.0
KNN,No SMOTE,0,0,0.0
KNN,No SMOTE,0,0,0.0
KNN,No SMOTE,0,0,0.0
KNN,No SMOTE,0,0,0.0
KNN,No SMOTE,0,0,0.0
KNN,No SMOTE,0,0,0.0
KNN,No SMOTE,0,0,0.0
KNN,No SMOTE,0,0,0.0
KNN,No SMOTE,0,0,0.0
KNN,No SMOTE,0,0,0.0
KNN,No SMOTE,0,0,0.0
KNN,No SMOTE,0,0,0.0
KNN,No SMOTE,0,0,0.0
KNN,No SMOTE,0,0,0.0
KNN,No SMOTE,0,0,0.0
KNN,No SMOTE,0,0,0.0
KNN,No SMOTE,0,0,0.0
KNN,No SMOTE,0,0,0.0
KNN,No SMOTE,0,0,0.0
KNN,No SMOTE,0,0,0.0
KNN,No SMOTE,0,0,0.0
KNN,No SMOTE,0,0,0.0
KNN,No SMOTE,0,0,0.0
KNN,No SMOTE,0,0,0.0
KNN,No SMOTE,0,0,0.0
KNN,No SMOTE,0,0,0.0
KNN,No SMOTE,0,0,0.0
KNN,No SMOTE,0,0,0.0
KNN,No SMOTE,0,0,0.0
KNN,No SMOTE,0,0,0.0
KNN,No SMOTE,0,0,0.0
KNN,No SMOTE,0,0,0.0
KNN,No SMOTE,0,0,0.0
KNN,No SMOTE,0,0,0.0
KNN,No SMOTE,0,0,0.0
KNN,No SMOTE,1,0,0.0
KNN,No SMOTE,0,0,0.0
KNN,No SMOTE,0,0,0.0
KNN,No SMOTE,0,0,0.0
KNN,No SMOTE,0,0,0.0
KNN,No SMOTE,0,0,0.0
KNN,No SMOTE,0,0,0.0
KNN,No SMOTE,0,0,0.0
KNN,No SMOTE,0,0,0.0
KNN,No SMOTE,0,0,0.0
KNN,No SMOTE,0,0,0.0
KNN,No SMOTE,0,0,0.0
KNN,No SMOTE,0,0,0.0
KNN,No SMOTE,0,0,0.0
KNN,No SMOTE,0,0,0.0
KNN,No SMOTE,0,0,0.0
KNN,No SMOTE,0,0,0.0
KNN,No SMOTE,0,0,0.0
KNN,No SMOTE,0,0,0.0
KNN,No SMOTE,0,0,0.0
KNN,No SMOTE,0,0,0.0
KNN,No SMOTE,0,0,0.0
KNN,No SMOTE,0,0,0.0
KNN,No SMOTE,0,0,0.0
KNN,No SMOTE,0,0,0.0
KNN,No SMOTE,0,0,0.0
KNN,No SMOTE,0,0,0.0
KNN,No SMOTE,0,0,0.0
KNN,No SMOTE,0,0,0.0
KNN,No SMOTE,0,0,0.0
KNN,No SMOTE,0,0,0.0
KNN,No SMOTE,0,0,0.0
KNN,No SMOTE,0,0,0.0
KNN,No SMOTE,0,0,0.0
KNN,No SMOTE,0,0,0.0
KNN,No SMOTE,0,0,0.0
KNN,No SMOTE,0,0,0.0
KNN,No SMOTE,0,0,0.0
KNN,No SMOTE,0,0,0.0
KNN,No SMOTE,0,0,0.0
KNN,No SMOTE,0,0,0.0
KNN,No SMOTE,0,0,0.0
KNN,No SMOTE,0,0,0.0
KNN,No SMOTE,0,0,0.0
KNN,No SMOTE,0,0,0.0
KNN,No SMOTE,0,0,0.0
KNN,No SMOTE,0,0,0.0
KNN,No SMOTE,0,0,0.0
KNN,No SMOTE,0,0,0.0
KNN,No SMOTE,0,0,0.0
KNN,No SMOTE,0,0,0.0
KNN,No SMOTE,0,0,0.0
KNN,No SMOTE,0,0,0.0
KNN,No SMOTE,0,0,0.0
KNN,No SMOTE,0,0,0.0
KNN,No SMOTE,0,0,0.0
KNN,No SMOTE,0,0,0.0
KNN,No SMOTE,0,0,0.0
KNN,No SMOTE,0,0,0.0
KNN,No SMOTE,0,0,0.0
KNN,No SMOTE,0,0,0.0
KNN,No SMOTE,0,0,0.0
KNN,No SMOTE,0,0,0.0
KNN,No SMOTE,0,0,0.0
KNN,No SMOTE,0,0,0.0
KNN,No SMOTE,0,0,0.0
KNN,No SMOTE,0,0,0.0
KNN,No SMOTE,0,0,0.0
KNN,No SMOTE,0,0,0.0
KNN,No SMOTE,0,0,0.0
KNN,No SMOTE,0,0,0.0
KNN,No SMOTE,0,0,0.0
KNN,No SMOTE,0,0,0.0
KNN,No SMOTE,0,0,0.0
KNN,No SMOTE,0,0,0.0
KNN,No SMOTE,0,0,0.0
KNN,No SMOTE,0,0,0.0
KNN,No SMOTE,0,0,0.0
KNN,No SMOTE,0,0,0.0
KNN,No SMOTE,0,0,0.0
KNN,No SMOTE,0,0,0.0
KNN,No SMOTE,0,0,0.0
KNN,No SMOTE,0,0,0.0
KNN,No SMOTE,0,0,0.0
KNN,No SMOTE,0,0,0.0
KNN,No SMOTE,0,0,0.0
KNN,No SMOTE,0,0,0.0
KNN,No SMOTE,0,0,0.0
KNN,No SMOTE,0,0,0.0
KNN,No SMOTE,0,0,0.0
KNN,No SMOTE,0,0,0.0
KNN,No SMOTE,0,0,0.0
KNN,No SMOTE,0,0,0.0
KNN,No SMOTE,0,0,0.0
KNN,No SMOTE,0,0,0.0
KNN,No SMOTE,0,0,0.0
KNN,No SMOTE,0,0,0.0
KNN,No SMOTE,0,0,0.0
KNN,No SMOTE,0,0,0.0
KNN,No SMOTE,0,0,0.0
KNN,No SMOTE,0,0,0.0
KNN,No SMOTE,0,0,0.0
KNN,No SMOTE,0,0,0.0
KNN,No SMOTE,0,0,0.0
KNN,No SMOTE,0,0,0.0
KNN,No SMOTE,0,0,0.0
KNN,No SMOTE,0,0,0.0
KNN,No SMOTE,0,0,0.0
KNN,No SMOTE,0,0,0.0
KNN,No SMOTE,0,0,0.0
KNN,No SMOTE,0,0,0.0
KNN,No SMOTE,0,0,0.0
KNN,No SMOTE,0,0,0.0
KNN,No SMOTE,0,0,0.0
KNN,No SMOTE,0,0,0.0
KNN,No SMOTE,0,0,0.0
KNN,No SMOTE,0,0,0.0
KNN,No SMOTE,0,0,0.0
KNN,No SMOTE,0,0,0.0
KNN,No SMOTE,0,0,0.0
KNN,No SMOTE,0,0,0.0
KNN,No SMOTE,0,0,0.0
KNN,No SMOTE,0,0,0.0
KNN,No SMOTE,0,0,0.0
KNN,No SMOTE,0,0,0.0
KNN,No SMOTE,0,0,0.0
KNN,No SMOTE,0,0,0.0
KNN,No SMOTE,0,0,0.0
KNN,No SMOTE,0,0,0.0
KNN,No SMOTE,0,0,0.0
KNN,No SMOTE,0,0,0.0
KNN,No SMOTE,0,0,0.0
KNN,No SMOTE,0,0,0.0
KNN,No SMOTE,0,0,0.0
KNN,No SMOTE,0,0,0.0
KNN,No SMOTE,0,0,0.0
KNN,No SMOTE,0,0,0.0
KNN,No SMOTE,0,0,0.0
KNN,No SMOTE,0,0,0.0
KNN,No SMOTE,0,0,0.0
KNN,No SMOTE,0,0,0.0
KNN,No SMOTE,0,0,0.0
KNN,No SMOTE,0,0,0.0
KNN,No SMOTE,0,0,0.0
KNN,No SMOTE,0,0,0.0
KNN,No SMOTE,0,0,0.0
KNN,No SMOTE,0,0,0.0
KNN,No SMOTE,0,0,0.0
KNN,No SMOTE,0,0,0.0
KNN,No SMOTE,0,0,0.0
KNN,No SMOTE,0,0,0.0
KNN,No SMOTE,0,0,0.0
KNN,No SMOTE,0,0,0.0
KNN,No SMOTE,0,0,0.0
KNN,No SMOTE,0,0,0.0
KNN,No SMOTE,0,0,0.0
KNN,No SMOTE,0,0,0.0
KNN,No SMOTE,0,0,0.0
KNN,No SMOTE,0,0,0.0
KNN,No SMOTE,0,0,0.0
KNN,No SMOTE,0,0,0.0
KNN,No SMOTE,0,0,0.0
KNN,No SMOTE,0,0,0.0
KNN,No SMOTE,0,0,0.0
KNN,No SMOTE,0,0,0.0
KNN,No SMOTE,0,0,0.0
KNN,No SMOTE,0,0,0.0
KNN,No SMOTE,0,0,0.0
KNN,No SMOTE,0,0,0.0
KNN,No SMOTE,0,0,0.0
KNN,No SMOTE,0,0,0.0
KNN,No SMOTE,0,0,0.0
KNN,No SMOTE,0,0,0.0
KNN,No SMOTE,0,0,0.0
KNN,No SMOTE,0,0,0.0
KNN,No SMOTE,0,0,0.0
KNN,No SMOTE,0,0,0.0
KNN,No SMOTE,0,0,0.0
KNN,No SMOTE,0,0,0.0
KNN,No SMOTE,0,0,0.0
KNN,No SMOTE,0,0,0.0
KNN,No SMOTE,0,0,0.0
KNN,No SMOTE,0,0,0.0
KNN,No SMOTE,0,0,0.0
KNN,No SMOTE,0,0,0.0
KNN,No SMOTE,0,0,0.0
KNN,No SMOTE,0,0,0.0
KNN,No SMOTE,0,0,0.0
KNN,No SMOTE,0,0,0.0
KNN,No SMOTE,0,0,0.0
KNN,No SMOTE,0,0,0.0
KNN,No SMOTE,0,0,0.0
KNN,No SMOTE,0,0,0.0
KNN,No SMOTE,0,0,0.0
KNN,No SMOTE,0,0,0.0
KNN,No SMOTE,0,0,0.0
KNN,No SMOTE,0,0,0.0
KNN,No SMOTE,0,0,0.0
KNN,No SMOTE,0,0,0.0
KNN,No SMOTE,0,0,0.0
KNN,No SMOTE,0,0,0.0
KNN,No SMOTE,0,0,0.0
KNN,No SMOTE,0,0,0.0
KNN,No SMOTE,0,0,0.0
KNN,No SMOTE,0,0,0.0
KNN,No SMOTE,0,0,0.0
KNN,No SMOTE,0,0,0.0
KNN,No SMOTE,0,0,0.0
KNN,No SMOTE,0,0,0.0
KNN,No SMOTE,0,0,0.0
KNN,No SMOTE,0,0,0.0
KNN,No SMOTE,0,0,0.0
KNN,No SMOTE,0,0,0.0
KNN,No SMOTE,0,0,0.0
KNN,No SMOTE,0,0,0.0
KNN,No SMOTE,0,0,0.0
KNN,No SMOTE,0,0,0.0
KNN,No SMOTE,0,0,0.0
KNN,No SMOTE,0,0,0.0
KNN,No SMOTE,0,0,0.0
KNN,No SMOTE,0,0,0.0
KNN,No SMOTE,0,0,0.0
KNN,No SMOTE,0,0,0.0
KNN,No SMOTE,0,0,0.0
KNN,No SMOTE,0,0,0.0
KNN,No SMOTE,0,0,0.0
KNN,No SMOTE,0,0,0.0
KNN,No SMOTE,0,0,0.0
KNN,No SMOTE,0,0,0.0
KNN,No SMOTE,0,0,0.0
KNN,No SMOTE,0,0,0.0
KNN,No SMOTE,0,0,0.0
KNN,No SMOTE,0,0,0.0
KNN,No SMOTE,0,0,0.0
KNN,No SMOTE,0,0,0.0
KNN,No SMOTE,0,0,0.0
KNN,No SMOTE,0,0,0.0
KNN,No SMOTE,0,0,0.0
KNN,No SMOTE,0,0,0.0
KNN,No SMOTE,0,0,0.0
KNN,No SMOTE,0,0,0.0
KNN,No SMOTE,0,0,0.0
KNN,No SMOTE,0,0,0.0
KNN,No SMOTE,0,0,0.0
KNN,No SMOTE,0,0,0.0
KNN,No SMOTE,0,0,0.0
KNN,No SMOTE,0,0,0.0
KNN,No SMOTE,0,0,0.0
KNN,No SMOTE,0,0,0.0
KNN,No SMOTE,0,0,0.0
KNN,No SMOTE,0,0,0.0
KNN,No SMOTE,0,0,0.0
KNN,No SMOTE,0,0,0.0
KNN,No SMOTE,0,0,0.0
KNN,No SMOTE,0,0,0.0
KNN,No SMOTE,0,0,0.0
KNN,No SMOTE,0,0,0.0
KNN,No SMOTE,0,0,0.0
KNN,No SMOTE,0,0,0.0
KNN,No SMOTE,0,0,0.0
KNN,No SMOTE,0,0,0.0
KNN,No SMOTE,0,0,0.0
KNN,No SMOTE,0,0,0.0
KNN,No SMOTE,0,0,0.0
KNN,No SMOTE,0,0,0.0
KNN,No SMOTE,0,0,0.0
KNN,No SMOTE,0,0,0.0
KNN,No SMOTE,0,0,0.0
KNN,No SMOTE,0,0,0.0
KNN,No SMOTE,0,0,0.0
KNN,No SMOTE,0,0,0.0
KNN,No SMOTE,0,0,0.0
KNN,No SMOTE,0,0,0.0
KNN,No SMOTE,0,0,0.0
KNN,No SMOTE,0,0,0.0
KNN,No SMOTE,0,0,0.0
KNN,No SMOTE,0,0,0.0
KNN,No SMOTE,0,0,0.0
KNN,No SMOTE,0,0,0.0
KNN,No SMOTE,0,0,0.0
KNN,No SMOTE,0,0,0.0
KNN,No SMOTE,0,0,0.0
KNN,No SMOTE,0,0,0.0
KNN,No SMOTE,0,0,0.0
KNN,No SMOTE,0,0,0.0
KNN,No SMOTE,0,0,0.0
KNN,No SMOTE,0,0,0.0
KNN,No SMOTE,0,0,0.0
KNN,No SMOTE,0,0,0.0
KNN,No SMOTE,0,0,0.0
KNN,No SMOTE,0,0,0.0
KNN,No SMOTE,0,0,0.0
KNN,No SMOTE,0,0,0.0
KNN,No SMOTE,0,0,0.0
KNN,No SMOTE,0,0,0.0
KNN,No SMOTE,0,0,0.0
KNN,No SMOTE,0,0,0.0
KNN,No SMOTE,0,0,0.0
KNN,No SMOTE,0,0,0.0
KNN,No SMOTE,0,0,0.0
KNN,No SMOTE,0,0,0.0
KNN,No SMOTE,0,0,0.0
KNN,No SMOTE,0,0,0.0
KNN,No SMOTE,0,0,0.0
KNN,No SMOTE,0,0,0.0
KNN,No SMOTE,0,0,0.0
KNN,No SMOTE,0,0,0.0
KNN,No SMOTE,0,0,0.0
KNN,No SMOTE,0,0,0.0
KNN,No SMOTE,0,0,0.0
KNN,No SMOTE,0,0,0.0
KNN,No SMOTE,0,0,0.0
KNN,No SMOTE,0,0,0.0
KNN,No SMOTE,0,0,0.0
KNN,No SMOTE,0,0,0.0
KNN,No SMOTE,0,0,0.0
KNN,No SMOTE,0,0,0.0
KNN,No SMOTE,0,0,0.0
KNN,No SMOTE,0,0,0.0
KNN,No SMOTE,0,0,0.0
KNN,No SMOTE,0,0,0.0
KNN,No SMOTE,0,0,0.0
KNN,No SMOTE,0,0,0.0
KNN,No SMOTE,0,0,0.0
KNN,No SMOTE,0,0,0.0
KNN,No SMOTE,0,0,0.0
KNN,No SMOTE,0,0,0.0
KNN,No SMOTE,0,0,0.0
KNN,No SMOTE,0,0,0.0
KNN,No SMOTE,0,0,0.0
KNN,No SMOTE,0,0,0.0
KNN,No SMOTE,0,0,0.0
KNN,No SMOTE,0,0,0.0
KNN,No SMOTE,0,0,0.0
KNN,No SMOTE,0,0,0.0
KNN,No SMOTE,0,0,0.0
KNN,No SMOTE,0,0,0.0
KNN,No SMOTE,0,0,0.0
KNN,No SMOTE,0,0,0.0
KNN,No SMOTE,0,0,0.0
KNN,No SMOTE,0,0,0.0
KNN,No SMOTE,0,0,0.0
KNN,No SMOTE,0,0,0.0
KNN,No SMOTE,0,0,0.0
KNN,No SMOTE,0,0,0.0
KNN,No SMOTE,0,0,0.0
KNN,No SMOTE,0,0,0.0
KNN,No SMOTE,0,0,0.0
KNN,No SMOTE,0,0,0.0
KNN,No SMOTE,0,0,0.0
KNN,No SMOTE,0,0,0.0
KNN,No SMOTE,0,0,0.0
KNN,No SMOTE,0,0,0.0
KNN,No SMOTE,0,0,0.0
KNN,No SMOTE,0,0,0.0
KNN,No SMOTE,0,0,0.0
KNN,No SMOTE,0,0,0.0
KNN,No SMOTE,0,0,0.0
KNN,No SMOTE,0,0,0.0
KNN,No SMOTE,0,0,0.0
KNN,No SMOTE,0,0,0.0
KNN,No SMOTE,0,0,0.0
KNN,No SMOTE,0,0,0.0
KNN,No SMOTE,0,0,0.0
KNN,No SMOTE,0,0,0.0
KNN,No SMOTE,0,0,0.0
KNN,No SMOTE,0,0,0.0
KNN,No SMOTE,0,0,0.0
KNN,No SMOTE,0,0,0.0
KNN,No SMOTE,0,0,0.0
KNN,No SMOTE,0,0,0.0
KNN,No SMOTE,0,0,0.0
KNN,No SMOTE,0,0,0.0
KNN,No SMOTE,0,0,0.0
KNN,No SMOTE,0,0,0.0
KNN,No SMOTE,0,0,0.0
KNN,No SMOTE,0,0,0.0
KNN,No SMOTE,0,0,0.0
KNN,No SMOTE,0,0,0.0
KNN,No SMOTE,0,0,0.0
KNN,No SMOTE,0,0,0.0
KNN,No SMOTE,0,0,0.0
KNN,No SMOTE,0,0,0.0
KNN,No SMOTE,0,0,0.0
KNN,No SMOTE,0,0,0.0
KNN,No SMOTE,0,0,0.0
KNN,No SMOTE,0,0,0.0
KNN,No SMOTE,0,0,0.0
KNN,No SMOTE,0,0,0.0
KNN,No SMOTE,0,0,0.0
KNN,No SMOTE,0,0,0.0
KNN,No SMOTE,0,0,0.0
KNN,No SMOTE,0,0,0.0
KNN,No SMOTE,0,0,0.0
KNN,No SMOTE,0,0,0.0
KNN,No SMOTE,0,0,0.0
KNN,No SMOTE,0,0,0.0
KNN,No SMOTE,0,0,0.0
KNN,No SMOTE,0,0,0.0
KNN,No SMOTE,0,0,0.0
KNN,No SMOTE,0,0,0.0
KNN,No SMOTE,0,0,0.0
KNN,No SMOTE,0,0,0.0
KNN,No SMOTE,0,0,0.0
KNN,No SMOTE,0,0,0.0
KNN,No SMOTE,0,0,0.0
KNN,No SMOTE,0,0,0.0
KNN,No SMOTE,0,0,0.0
KNN,No SMOTE,0,0,0.0
KNN,No SMOTE,0,0,0.0
KNN,No SMOTE,0,0,0.0
KNN,No SMOTE,0,0,0.0
KNN,No SMOTE,0,0,0.0
KNN,No SMOTE,0,0,0.0
KNN,No SMOTE,0,0,0.0
KNN,No SMOTE,0,0,0.0
KNN,No SMOTE,0,0,0.0
KNN,No SMOTE,0,0,0.0
KNN,No SMOTE,0,0,0.0
KNN,No SMOTE,0,0,0.0
KNN,No SMOTE,0,0,0.0
KNN,No SMOTE,0,0,0.0
KNN,No SMOTE,0,0,0.0
KNN,No SMOTE,0,0,0.0
KNN,No SMOTE,0,0,0.0
KNN,No SMOTE,0,0,0.0
KNN,No SMOTE,0,0,0.0
KNN,No SMOTE,0,0,0.0
KNN,No SMOTE,0,0,0.0
KNN,No SMOTE,0,0,0.0
KNN,No SMOTE,0,0,0.0
KNN,No SMOTE,0,0,0.0
KNN,No SMOTE,0,0,0.0
KNN,No SMOTE,0,0,0.0
KNN,No SMOTE,0,0,0.0
KNN,No SMOTE,0,0,0.0
KNN,No SMOTE,0,0,0.0
KNN,No SMOTE,0,0,0.0
KNN,No SMOTE,0,0,0.0
KNN,No SMOTE,0,0,0.0
KNN,No SMOTE,0,0,0.0
KNN,No SMOTE,0,0,0.0
KNN,No SMOTE,0,0,0.0
KNN,No SMOTE,0,0,0.0
KNN,No SMOTE,0,0,0.0
KNN,No SMOTE,0,0,0.0
KNN,No SMOTE,0,0,0.0
KNN,No SMOTE,0,0,0.0
KNN,No SMOTE,0,0,0.0
KNN,No SMOTE,0,0,0.0
KNN,No SMOTE,0,0,0.0
KNN,No SMOTE,0,0,0.0
KNN,No SMOTE,0,0,0.0
KNN,No SMOTE,0,0,0.0
KNN,No SMOTE,0,0,0.0
KNN,No SMOTE,0,0,0.0
KNN,No SMOTE,0,0,0.0
KNN,No SMOTE,0,0,0.0
KNN,No SMOTE,0,0,0.0
KNN,No SMOTE,0,0,0.0
KNN,No SMOTE,0,0,0.0
KNN,No SMOTE,0,0,0.0
KNN,No SMOTE,0,0,0.0
KNN,No SMOTE,0,0,0.0
KNN,No SMOTE,0,0,0.0
KNN,No SMOTE,0,0,0.0
KNN,No SMOTE,0,0,0.0
KNN,No SMOTE,0,0,0.0
KNN,No SMOTE,0,0,0.0
KNN,No SMOTE,0,0,0.0
KNN,No SMOTE,0,0,0.0
KNN,No SMOTE,0,0,0.0
KNN,No SMOTE,0,0,0.0
KNN,No SMOTE,0,0,0.0
KNN,No SMOTE,0,0,0.0
KNN,No SMOTE,0,0,0.0
KNN,No SMOTE,0,0,0.0
KNN,No SMOTE,0,0,0.0
KNN,No SMOTE,0,0,0.0
KNN,No SMOTE,0,0,0.0
KNN,No SMOTE,0,0,0.0
KNN,No SMOTE,0,0,0.0
KNN,No SMOTE,0,0,0.0
KNN,No SMOTE,0,0,0.0
KNN,No SMOTE,0,0,0.0
KNN,No SMOTE,0,0,0.0
KNN,No SMOTE,0,0,0.0
KNN,No SMOTE,0,0,0.0
KNN,No SMOTE,0,0,0.0
KNN,No SMOTE,0,0,0.0
KNN,No SMOTE,0,0,0.0
KNN,No SMOTE,0,0,0.0
KNN,No SMOTE,0,0,0.0
KNN,No SMOTE,0,0,0.0
KNN,No SMOTE,0,0,0.0
KNN,No SMOTE,0,0,0.0
KNN,No SMOTE,0,0,0.0
KNN,No SMOTE,0,0,0.0
KNN,No SMOTE,0,0,0.0
KNN,No SMOTE,0,0,0.0
KNN,No SMOTE,0,0,0.0
KNN,No SMOTE,0,0,0.0
KNN,No SMOTE,0,0,0.0
KNN,No SMOTE,0,0,0.0
KNN,No SMOTE,0,0,0.0
KNN,No SMOTE,0,0,0.0
KNN,No SMOTE,0,0,0.0
KNN,No SMOTE,0,0,0.0
KNN,No SMOTE,0,0,0.0
KNN,No SMOTE,0,0,0.0
KNN,No SMOTE,0,0,0.0
KNN,No SMOTE,0,0,0.0
KNN,No SMOTE,0,0,0.0
KNN,No SMOTE,0,0,0.0
KNN,No SMOTE,0,0,0.0
KNN,No SMOTE,0,0,0.0
KNN,No SMOTE,0,0,0.0
KNN,No SMOTE,0,0,0.0
KNN,No SMOTE,0,0,0.0
KNN,No SMOTE,0,0,0.0
KNN,No SMOTE,0,0,0.0
KNN,No SMOTE,0,0,0.0
KNN,No SMOTE,0,0,0.0
KNN,No SMOTE,0,0,0.0
KNN,No SMOTE,0,0,0.0
KNN,No SMOTE,0,0,0.0
KNN,No SMOTE,0,0,0.0
KNN,No SMOTE,0,0,0.0
KNN,No SMOTE,0,0,0.0
KNN,No SMOTE,0,0,0.0
KNN,No SMOTE,0,0,0.0
KNN,No SMOTE,0,0,0.0
KNN,No SMOTE,0,0,0.0
KNN,No SMOTE,0,0,0.0
KNN,No SMOTE,0,0,0.0
KNN,No SMOTE,0,0,0.0
KNN,No SMOTE,0,0,0.0
KNN,No SMOTE,0,0,0.0
KNN,No SMOTE,0,0,0.0
KNN,No SMOTE,0,0,0.0
KNN,No SMOTE,0,0,0.0
KNN,No SMOTE,0,0,0.0
KNN,No SMOTE,0,0,0.0
KNN,No SMOTE,0,0,0.0
KNN,No SMOTE,0,0,0.0
KNN,No SMOTE,0,0,0.0
KNN,No SMOTE,0,0,0.0
KNN,No SMOTE,0,0,0.0
KNN,No SMOTE,0,0,0.0
KNN,No SMOTE,0,0,0.0
KNN,No SMOTE,0,0,0.0
KNN,No SMOTE,0,0,0.0
KNN,No SMOTE,0,0,0.0
KNN,No SMOTE,0,0,0.0
KNN,No SMOTE,0,0,0.0
KNN,No SMOTE,0,0,0.0
KNN,No SMOTE,0,0,0.0
KNN,No SMOTE,0,0,0.0
KNN,No SMOTE,0,0,0.0
KNN,No SMOTE,0,0,0.0
KNN,No SMOTE,0,0,0.0
KNN,No SMOTE,0,0,0.0
KNN,No SMOTE,0,0,0.0
KNN,No SMOTE,0,0,0.0
KNN,No SMOTE,0,0,0.0
KNN,No SMOTE,0,0,0.0
KNN,No SMOTE,0,0,0.0
KNN,No SMOTE,0,0,0.0
KNN,No SMOTE,0,0,0.0
KNN,No SMOTE,0,0,0.0
KNN,No SMOTE,0,0,0.0
KNN,No SMOTE,0,0,0.0
KNN,No SMOTE,0,0,0.0
KNN,No SMOTE,0,0,0.0
KNN,No SMOTE,0,0,0.0
KNN,No SMOTE,0,0,0.0
KNN,No SMOTE,0,0,0.0
KNN,No SMOTE,0,0,0.0
KNN,No SMOTE,0,0,0.0
KNN,No SMOTE,0,0,0.0
KNN,No SMOTE,0,0,0.0
KNN,No SMOTE,0,0,0.0
KNN,No SMOTE,0,0,0.0
KNN,No SMOTE,0,0,0.0
KNN,No SMOTE,0,0,0.0
KNN,No SMOTE,0,0,0.0
KNN,No SMOTE,0,0,0.0
KNN,No SMOTE,0,0,0.0
KNN,No SMOTE,0,0,0.0
KNN,No SMOTE,0,0,0.0
KNN,No SMOTE,0,0,0.0
KNN,No SMOTE,0,0,0.0
KNN,No SMOTE,0,0,0.0
KNN,No SMOTE,0,0,0.0
KNN,No SMOTE,0,0,0.0
KNN,No SMOTE,0,0,0.0
KNN,No SMOTE,0,0,0.0
KNN,No SMOTE,0,0,0.0
KNN,No SMOTE,0,0,0.0
KNN,No SMOTE,0,0,0.0
KNN,No SMOTE,0,0,0.0
KNN,No SMOTE,0,0,0.0
KNN,No SMOTE,0,0,0.0
KNN,No SMOTE,0,0,0.0
KNN,No SMOTE,0,0,0.0
KNN,No SMOTE,0,0,0.0
KNN,No SMOTE,0,0,0.0
KNN,No SMOTE,0,0,0.0
KNN,No SMOTE,0,0,0.0
KNN,No SMOTE,0,0,0.0
KNN,No SMOTE,0,0,0.0
KNN,No SMOTE,0,0,0.0
KNN,No SMOTE,0,0,0.0
KNN,No SMOTE,0,0,0.0
KNN,No SMOTE,0,0,0.0
KNN,No SMOTE,0,0,0.0
KNN,No SMOTE,0,0,0.0
KNN,No SMOTE,0,0,0.0
KNN,No SMOTE,0,0,0.0
KNN,No SMOTE,0,0,0.0
KNN,No SMOTE,0,0,0.0
KNN,No SMOTE,0,0,0.0
KNN,No SMOTE,0,0,0.0
KNN,No SMOTE,0,0,0.0
KNN,No SMOTE,0,0,0.0
KNN,No SMOTE,0,0,0.0
KNN,No SMOTE,0,0,0.0
KNN,No SMOTE,0,0,0.0
KNN,No SMOTE,0,0,0.0
KNN,No SMOTE,0,0,0.0
KNN,No SMOTE,0,0,0.0
KNN,No SMOTE,0,0,0.0
KNN,No SMOTE,0,0,0.0
KNN,No SMOTE,0,0,0.0
KNN,No SMOTE,0,0,0.0
KNN,No SMOTE,0,0,0.0
KNN,No SMOTE,0,0,0.0
KNN,No SMOTE,0,0,0.0
KNN,No SMOTE,0,0,0.0
KNN,No SMOTE,0,0,0.0
KNN,No SMOTE,0,0,0.0
KNN,No SMOTE,0,0,0.0
KNN,No SMOTE,0,0,0.0
KNN,No SMOTE,0,0,0.0
KNN,No SMOTE,0,0,0.0
KNN,No SMOTE,0,0,0.0
KNN,No SMOTE,0,0,0.0
KNN,No SMOTE,0,0,0.0
KNN,No SMOTE,0,0,0.0
KNN,No SMOTE,0,0,0.0
KNN,No SMOTE,0,0,0.0
KNN,No SMOTE,0,0,0.0
KNN,No SMOTE,0,0,0.0
KNN,No SMOTE,0,0,0.0
KNN,No SMOTE,0,0,0.0
KNN,No SMOTE,0,0,0.0
KNN,No SMOTE,0,0,0.0
KNN,No SMOTE,0,0,0.0
KNN,No SMOTE,0,0,0.0
KNN,No SMOTE,0,0,0.0
KNN,No SMOTE,0,0,0.0
KNN,No SMOTE,0,0,0.0
KNN,No SMOTE,0,0,0.0
KNN,No SMOTE,0,0,0.0
KNN,No SMOTE,0,0,0.0
KNN,No SMOTE,0,0,0.0
KNN,No SMOTE,0,0,0.0
KNN,No SMOTE,0,0,0.0
KNN,No SMOTE,0,0,0.0
KNN,No SMOTE,0,0,0.0
KNN,No SMOTE,0,0,0.0
KNN,No SMOTE,0,0,0.0
KNN,No SMOTE,0,0,0.0
KNN,No SMOTE,0,0,0.0
KNN,No SMOTE,0,0,0.0
KNN,No SMOTE,0,0,0.0
KNN,No SMOTE,0,0,0.0
KNN,No SMOTE,0,0,0.0
KNN,No SMOTE,0,0,0.0
KNN,No SMOTE,0,0,0.0
KNN,No SMOTE,0,0,0.0
KNN,No SMOTE,0,0,0.0
KNN,No SMOTE,0,0,0.0
KNN,No SMOTE,0,0,0.0
KNN,No SMOTE,0,0,0.0
KNN,No SMOTE,0,0,0.0
KNN,No SMOTE,0,0,0.0
KNN,No SMOTE,0,0,0.0
KNN,No SMOTE,0,0,0.0
KNN,No SMOTE,0,0,0.0
KNN,No SMOTE,0,0,0.0
KNN,No SMOTE,0,0,0.0
KNN,No SMOTE,0,0,0.0
KNN,No SMOTE,0,0,0.0
KNN,No SMOTE,0,0,0.0
KNN,No SMOTE,0,0,0.0
KNN,No SMOTE,0,0,0.0
KNN,No SMOTE,0,0,0.0
KNN,No SMOTE,0,0,0.0
KNN,No SMOTE,0,0,0.0
KNN,No SMOTE,0,0,0.0
KNN,No SMOTE,0,0,0.0
KNN,No SMOTE,0,0,0.0
KNN,No SMOTE,0,0,0.0
KNN,No SMOTE,0,0,0.0
KNN,No SMOTE,0,0,0.0
KNN,No SMOTE,0,0,0.0
KNN,No SMOTE,0,0,0.0
KNN,No SMOTE,0,0,0.0
KNN,No SMOTE,0,0,0.0
KNN,No SMOTE,0,0,0.0
KNN,No SMOTE,0,0,0.0
KNN,No SMOTE,0,0,0.0
KNN,No SMOTE,0,0,0.0
KNN,No SMOTE,0,0,0.0
KNN,No SMOTE,0,0,0.0
KNN,No SMOTE,0,0,0.0
KNN,No SMOTE,0,0,0.0
KNN,No SMOTE,0,0,0.0
KNN,No SMOTE,0,0,0.0
KNN,No SMOTE,0,0,0.0
KNN,No SMOTE,0,0,0.0
KNN,No SMOTE,0,0,0.0
KNN,No SMOTE,0,0,0.0
KNN,No SMOTE,0,0,0.0
KNN,No SMOTE,0,0,0.0
KNN,No SMOTE,0,0,0.0
KNN,No SMOTE,0,0,0.0
KNN,No SMOTE,0,0,0.0
KNN,No SMOTE,0,0,0.0
KNN,No SMOTE,0,0,0.0
KNN,No SMOTE,0,0,0.0
KNN,No SMOTE,0,0,0.0
KNN,No SMOTE,0,0,0.0
KNN,No SMOTE,0,0,0.0
KNN,No SMOTE,0,0,0.0
KNN,No SMOTE,0,0,0.0
KNN,No SMOTE,0,0,0.0
KNN,No SMOTE,0,0,0.0
KNN,No SMOTE,0,0,0.0
KNN,No SMOTE,0,0,0.0
KNN,No SMOTE,0,0,0.0
KNN,No SMOTE,0,0,0.0
KNN,No SMOTE,0,0,0.0
KNN,No SMOTE,0,0,0.0
KNN,No SMOTE,0,0,0.0
KNN,No SMOTE,0,0,0.0
KNN,No SMOTE,0,0,0.0
KNN,No SMOTE,0,0,0.0
KNN,No SMOTE,0,0,0.0
KNN,No SMOTE,0,0,0.0
KNN,No SMOTE,0,0,0.0
KNN,No SMOTE,0,0,0.0
KNN,No SMOTE,0,0,0.0
KNN,No SMOTE,0,0,0.0
KNN,No SMOTE,0,0,0.0
KNN,No SMOTE,0,0,0.0
KNN,No SMOTE,0,0,0.0
KNN,No SMOTE,0,0,0.0
KNN,No SMOTE,0,0,0.0
KNN,No SMOTE,0,0,0.0
KNN,No SMOTE,0,0,0.0
KNN,No SMOTE,0,0,0.0
KNN,No SMOTE,0,0,0.0
KNN,No SMOTE,0,0,0.0
KNN,No SMOTE,0,0,0.0
KNN,No SMOTE,0,0,0.0
KNN,No SMOTE,0,0,0.0
KNN,No SMOTE,0,0,0.0
KNN,No SMOTE,0,0,0.0
KNN,No SMOTE,0,0,0.0
KNN,No SMOTE,0,0,0.0
KNN,No SMOTE,0,0,0.0
KNN,No SMOTE,0,0,0.0
KNN,No SMOTE,0,0,0.0
KNN,No SMOTE,0,0,0.0
KNN,No SMOTE,0,0,0.0
KNN,No SMOTE,0,0,0.0
KNN,No SMOTE,0,0,0.0
KNN,No SMOTE,0,0,0.0
KNN,No SMOTE,0,0,0.0
KNN,No SMOTE,0,0,0.0
KNN,No SMOTE,0,0,0.0
KNN,No SMOTE,0,0,0.0
KNN,No SMOTE,0,0,0.0
KNN,No SMOTE,0,0,0.0
KNN,No SMOTE,0,0,0.0
KNN,No SMOTE,0,0,0.0
KNN,No SMOTE,0,0,0.0
KNN,No SMOTE,0,0,0.0
KNN,No SMOTE,0,0,0.0
KNN,No SMOTE,0,0,0.0
KNN,No SMOTE,0,0,0.0
KNN,No SMOTE,0,0,0.0
KNN,No SMOTE,0,0,0.0
KNN,No SMOTE,0,0,0.0
KNN,No SMOTE,0,0,0.0
KNN,No SMOTE,0,0,0.0
KNN,No SMOTE,0,0,0.0
KNN,No SMOTE,0,0,0.0
KNN,No SMOTE,0,0,0.0
KNN,No SMOTE,0,0,0.0
KNN,No SMOTE,0,0,0.0
KNN,No SMOTE,0,0,0.0
KNN,No SMOTE,0,0,0.0
KNN,No SMOTE,0,0,0.0
KNN,No SMOTE,0,0,0.0
KNN,No SMOTE,0,0,0.0
KNN,No SMOTE,0,0,0.0
KNN,No SMOTE,0,0,0.0
KNN,No SMOTE,0,0,0.0
KNN,No SMOTE,0,0,0.0
KNN,No SMOTE,0,0,0.0
KNN,No SMOTE,0,0,0.0
KNN,No SMOTE,0,0,0.0
KNN,No SMOTE,0,0,0.0
KNN,No SMOTE,0,0,0.0
KNN,No SMOTE,0,0,0.0
KNN,No SMOTE,0,0,0.0
KNN,No SMOTE,0,0,0.0
KNN,No SMOTE,0,0,0.0
KNN,No SMOTE,0,0,0.0
KNN,No SMOTE,0,0,0.0
KNN,No SMOTE,0,0,0.0
KNN,No SMOTE,0,0,0.0
KNN,No SMOTE,0,0,0.0
KNN,No SMOTE,0,0,0.0
KNN,No SMOTE,0,0,0.0
KNN,No SMOTE,0,0,0.0
KNN,No SMOTE,0,0,0.0
KNN,No SMOTE,0,0,0.0
KNN,No SMOTE,0,0,0.0
KNN,No SMOTE,0,0,0.0
KNN,No SMOTE,0,0,0.0
KNN,No SMOTE,0,0,0.0
KNN,No SMOTE,0,0,0.0
KNN,No SMOTE,0,0,0.0
KNN,No SMOTE,0,0,0.0
KNN,No SMOTE,0,0,0.0
KNN,No SMOTE,0,0,0.0
KNN,No SMOTE,0,0,0.0
KNN,No SMOTE,0,0,0.0
KNN,No SMOTE,0,0,0.0
KNN,No SMOTE,0,0,0.0
KNN,No SMOTE,0,0,0.0
KNN,No SMOTE,0,0,0.0
KNN,No SMOTE,0,0,0.0
KNN,No SMOTE,0,0,0.0
KNN,No SMOTE,0,0,0.0
KNN,No SMOTE,0,0,0.0
KNN,No SMOTE,0,0,0.0
KNN,No SMOTE,0,0,0.0
KNN,No SMOTE,0,0,0.0
KNN,No SMOTE,0,0,0.0
KNN,No SMOTE,0,0,0.0
KNN,No SMOTE,0,0,0.0
KNN,No SMOTE,0,0,0.0
KNN,No SMOTE,0,0,0.0
KNN,No SMOTE,0,0,0.0
KNN,No SMOTE,0,0,0.0
KNN,No SMOTE,0,0,0.0
KNN,No SMOTE,0,0,0.0
KNN,No SMOTE,0,0,0.0
KNN,No SMOTE,0,0,0.0
KNN,No SMOTE,0,0,0.0
KNN,No SMOTE,0,0,0.0
KNN,No SMOTE,0,0,0.2
KNN,No SMOTE,0,0,0.0
KNN,No SMOTE,0,0,0.0
KNN,No SMOTE,0,0,0.0
KNN,No SMOTE,0,0,0.0
KNN,No SMOTE,0,0,0.0
KNN,No SMOTE,0,0,0.0
KNN,No SMOTE,0,0,0.0
KNN,No SMOTE,0,0,0.0
KNN,No SMOTE,0,0,0.0
KNN,No SMOTE,0,0,0.0
KNN,No SMOTE,0,0,0.0
KNN,No SMOTE,0,0,0.0
KNN,No SMOTE,0,0,0.0
KNN,No SMOTE,0,0,0.0
KNN,No SMOTE,0,0,0.0
KNN,No SMOTE,0,0,0.0
KNN,No SMOTE,0,0,0.0
KNN,No SMOTE,0,0,0.0
KNN,No SMOTE,0,0,0.0
KNN,No SMOTE,0,0,0.0
KNN,No SMOTE,0,0,0.0
KNN,No SMOTE,0,0,0.0
KNN,No SMOTE,0,0,0.0
KNN,No SMOTE,0,0,0.0
KNN,No SMOTE,0,0,0.2
KNN,No SMOTE,0,0,0.0
KNN,No SMOTE,0,0,0.0
KNN,No SMOTE,0,0,0.0
KNN,No SMOTE,0,0,0.0
KNN,No SMOTE,0,0,0.0
KNN,No SMOTE,0,0,0.0
KNN,No SMOTE,0,0,0.0
KNN,No SMOTE,0,0,0.0
KNN,No SMOTE,1,1,1.0
KNN,No SMOTE,0,0,0.0
KNN,No SMOTE,0,0,0.0
KNN,No SMOTE,0,0,0.0
KNN,No SMOTE,0,0,0.0
KNN,No SMOTE,0,0,0.0
KNN,No SMOTE,0,0,0.0
KNN,No SMOTE,0,0,0.0
KNN,No SMOTE,0,0,0.0
KNN,No SMOTE,0,0,0.0
KNN,No SMOTE,0,0,0.0
KNN,No SMOTE,0,0,0.0
KNN,No SMOTE,0,0,0.0
KNN,No SMOTE,0,0,0.0
KNN,No SMOTE,0,0,0.0
KNN,No SMOTE,0,0,0.0
KNN,No SMOTE,0,0,0.0
KNN,No SMOTE,0,0,0.0
KNN,No SMOTE,0,0,0.0
KNN,No SMOTE,0,0,0.0
KNN,No SMOTE,0,0,0.0
KNN,No SMOTE,0,0,0.0
KNN,No SMOTE,0,0,0.0
KNN,No SMOTE,0,0,0.0
KNN,No SMOTE,0,0,0.0
KNN,No SMOTE,0,0,0.0
KNN,No SMOTE,0,0,0.0
KNN,No SMOTE,0,0,0.0
KNN,No SMOTE,0,0,0.0
KNN,No SMOTE,0,0,0.0
KNN,No SMOTE,0,0,0.0
KNN,No SMOTE,0,0,0.0
KNN,No SMOTE,0,0,0.0
KNN,No SMOTE,0,0,0.0
KNN,No SMOTE,0,0,0.0
KNN,No SMOTE,0,0,0.0
KNN,No SMOTE,0,0,0.0
KNN,No SMOTE,0,0,0.0
KNN,No SMOTE,0,0,0.0
KNN,No SMOTE,0,0,0.0
KNN,No SMOTE,0,0,0.0
KNN,No SMOTE,0,0,0.0
KNN,No SMOTE,0,0,0.0
KNN,No SMOTE,0,0,0.0
KNN,No SMOTE,0,0,0.0
KNN,No SMOTE,0,0,0.0
KNN,No SMOTE,0,0,0.0
KNN,No SMOTE,0,0,0.0
KNN,No SMOTE,0,0,0.0
KNN,No SMOTE,0,0,0.0
KNN,No SMOTE,0,0,0.0
KNN,No SMOTE,0,0,0.0
KNN,No SMOTE,0,0,0.0
KNN,No SMOTE,0,0,0.0
KNN,No SMOTE,0,0,0.0
KNN,No SMOTE,0,0,0.0
KNN,No SMOTE,0,0,0.0
KNN,No SMOTE,0,0,0.0
KNN,No SMOTE,0,0,0.0
KNN,No SMOTE,0,0,0.0
KNN,No SMOTE,0,0,0.0
KNN,No SMOTE,0,0,0.0
KNN,No SMOTE,0,0,0.0
KNN,No SMOTE,0,0,0.0
KNN,No SMOTE,0,0,0.0
KNN,No SMOTE,0,0,0.0
KNN,No SMOTE,0,0,0.0
KNN,No SMOTE,0,0,0.0
KNN,No SMOTE,0,0,0.0
KNN,No SMOTE,0,0,0.0
KNN,No SMOTE,0,0,0.0
KNN,No SMOTE,0,0,0.0
KNN,No SMOTE,0,0,0.0
KNN,No SMOTE,0,0,0.0
KNN,No SMOTE,0,0,0.0
KNN,No SMOTE,0,0,0.0
KNN,No SMOTE,0,0,0.0
KNN,No SMOTE,0,0,0.0
KNN,No SMOTE,0,0,0.0
KNN,No SMOTE,0,0,0.0
KNN,No SMOTE,0,0,0.0
KNN,No SMOTE,0,0,0.0
KNN,No SMOTE,0,0,0.0
KNN,No SMOTE,0,0,0.0
KNN,No SMOTE,0,0,0.0
KNN,No SMOTE,0,0,0.0
KNN,No SMOTE,0,0,0.0
KNN,No SMOTE,0,0,0.0
KNN,No SMOTE,0,0,0.0
KNN,No SMOTE,0,0,0.0
KNN,No SMOTE,0,0,0.0
KNN,No SMOTE,0,0,0.0
KNN,No SMOTE,0,0,0.0
KNN,No SMOTE,0,0,0.0
KNN,No SMOTE,0,0,0.0
KNN,No SMOTE,0,0,0.0
KNN,No SMOTE,0,0,0.0
KNN,No SMOTE,0,0,0.0
KNN,No SMOTE,0,0,0.0
KNN,No SMOTE,0,0,0.0
KNN,No SMOTE,0,0,0.0
KNN,No SMOTE,0,0,0.0
KNN,No SMOTE,0,0,0.0
KNN,No SMOTE,0,0,0.0
KNN,No SMOTE,0,0,0.0
KNN,No SMOTE,0,0,0.0
KNN,No SMOTE,0,0,0.0
KNN,No SMOTE,0,0,0.0
KNN,No SMOTE,0,0,0.0
KNN,No SMOTE,0,0,0.0
KNN,No SMOTE,0,0,0.0
KNN,No SMOTE,0,0,0.0
KNN,No SMOTE,0,0,0.0
KNN,No SMOTE,0,0,0.0
KNN,No SMOTE,0,0,0.0
KNN,No SMOTE,0,0,0.0
KNN,No SMOTE,0,0,0.0
KNN,No SMOTE,0,0,0.0
KNN,No SMOTE,0,0,0.0
KNN,No SMOTE,0,0,0.0
KNN,No SMOTE,0,0,0.0
KNN,No SMOTE,0,0,0.0
KNN,No SMOTE,0,0,0.0
KNN,No SMOTE,0,0,0.0
KNN,No SMOTE,0,0,0.0
KNN,No SMOTE,0,0,0.0
KNN,No SMOTE,0,0,0.0
KNN,No SMOTE,0,0,0.0
KNN,No SMOTE,0,0,0.0
KNN,No SMOTE,0,0,0.0
KNN,No SMOTE,0,0,0.0
KNN,No SMOTE,0,0,0.0
KNN,No SMOTE,0,0,0.0
KNN,No SMOTE,0,0,0.0
KNN,No SMOTE,0,0,0.0
KNN,No SMOTE,0,0,0.0
KNN,No SMOTE,0,0,0.0
KNN,No SMOTE,0,0,0.0
KNN,No SMOTE,0,0,0.0
KNN,No SMOTE,0,0,0.0
KNN,No SMOTE,0,0,0.0
KNN,No SMOTE,0,0,0.0
KNN,No SMOTE,0,0,0.0
KNN,No SMOTE,0,0,0.0
KNN,No SMOTE,0,0,0.0
KNN,No SMOTE,0,0,0.0
KNN,No SMOTE,0,0,0.0
KNN,No SMOTE,0,0,0.0
KNN,No SMOTE,0,0,0.0
KNN,No SMOTE,0,0,0.0
KNN,No SMOTE,0,0,0.0
KNN,No SMOTE,0,0,0.0
KNN,No SMOTE,0,0,0.0
KNN,No SMOTE,0,0,0.0
KNN,No SMOTE,0,0,0.0
KNN,No SMOTE,0,0,0.0
KNN,No SMOTE,0,0,0.0
KNN,No SMOTE,0,0,0.0
KNN,No SMOTE,0,0,0.0
KNN,No SMOTE,0,0,0.0
KNN,No SMOTE,0,0,0.0
KNN,No SMOTE,0,0,0.0
KNN,No SMOTE,0,0,0.0
KNN,No SMOTE,0,0,0.0
KNN,No SMOTE,0,0,0.0
KNN,No SMOTE,0,0,0.0
KNN,No SMOTE,0,0,0.0
KNN,No SMOTE,0,0,0.0
KNN,No SMOTE,0,0,0.0
KNN,No SMOTE,0,0,0.0
KNN,No SMOTE,0,0,0.0
KNN,No SMOTE,0,0,0.0
KNN,No SMOTE,0,0,0.0
KNN,No SMOTE,0,0,0.0
KNN,No SMOTE,0,0,0.0
KNN,No SMOTE,0,0,0.0
KNN,No SMOTE,0,0,0.0
KNN,No SMOTE,0,0,0.0
KNN,No SMOTE,0,0,0.0
KNN,No SMOTE,0,0,0.0
KNN,No SMOTE,0,0,0.0
KNN,No SMOTE,0,0,0.0
KNN,No SMOTE,0,0,0.0
KNN,No SMOTE,0,0,0.0
KNN,No SMOTE,0,0,0.0
KNN,No SMOTE,0,0,0.0
KNN,No SMOTE,0,0,0.0
KNN,No SMOTE,0,0,0.0
KNN,No SMOTE,0,0,0.0
KNN,No SMOTE,0,0,0.0
KNN,No SMOTE,0,0,0.0
KNN,No SMOTE,0,0,0.0
KNN,No SMOTE,0,0,0.0
KNN,No SMOTE,0,0,0.0
KNN,No SMOTE,0,0,0.0
KNN,No SMOTE,0,0,0.0
KNN,No SMOTE,0,0,0.0
KNN,No SMOTE,0,0,0.0
KNN,No SMOTE,0,0,0.0
KNN,No SMOTE,0,0,0.0
KNN,No SMOTE,0,0,0.0
KNN,No SMOTE,0,0,0.0
KNN,No SMOTE,0,0,0.0
KNN,No SMOTE,0,0,0.0
KNN,No SMOTE,0,0,0.0
KNN,No SMOTE,0,0,0.0
KNN,No SMOTE,0,0,0.0
KNN,No SMOTE,0,0,0.0
KNN,No SMOTE,0,0,0.0
KNN,No SMOTE,0,0,0.0
KNN,No SMOTE,0,0,0.0
KNN,No SMOTE,0,0,0.0
KNN,No SMOTE,0,0,0.0
KNN,No SMOTE,0,0,0.0
KNN,No SMOTE,0,0,0.0
KNN,No SMOTE,0,0,0.0
KNN,No SMOTE,0,0,0.0
KNN,No SMOTE,0,0,0.0
KNN,No SMOTE,0,0,0.0
KNN,No SMOTE,0,0,0.0
KNN,No SMOTE,0,0,0.0
KNN,No SMOTE,0,0,0.0
KNN,No SMOTE,0,0,0.0
KNN,No SMOTE,0,0,0.0
KNN,No SMOTE,0,0,0.0
KNN,No SMOTE,0,0,0.0
KNN,No SMOTE,0,0,0.0
KNN,No SMOTE,0,0,0.0
KNN,No SMOTE,0,0,0.0
KNN,No SMOTE,0,0,0.0
KNN,No SMOTE,0,0,0.0
KNN,No SMOTE,0,0,0.0
KNN,No SMOTE,0,0,0.0
KNN,No SMOTE,0,0,0.0
KNN,No SMOTE,0,0,0.0
KNN,No SMOTE,0,0,0.0
KNN,No SMOTE,0,0,0.0
KNN,No SMOTE,0,0,0.0
KNN,No SMOTE,0,0,0.0
KNN,No SMOTE,0,0,0.0
KNN,No SMOTE,0,0,0.0
KNN,No SMOTE,0,0,0.0
KNN,No SMOTE,0,0,0.0
KNN,No SMOTE,0,0,0.0
KNN,No SMOTE,0,0,0.0
KNN,No SMOTE,0,0,0.0
KNN,No SMOTE,0,0,0.0
KNN,No SMOTE,0,0,0.0
KNN,No SMOTE,0,0,0.0
KNN,No SMOTE,0,0,0.0
KNN,No SMOTE,0,0,0.0
KNN,No SMOTE,0,0,0.0
KNN,No SMOTE,0,0,0.0
KNN,No SMOTE,0,0,0.0
KNN,No SMOTE,0,0,0.0
KNN,No SMOTE,0,0,0.0
KNN,No SMOTE,0,0,0.0
KNN,No SMOTE,0,0,0.0
KNN,No SMOTE,0,0,0.0
KNN,No SMOTE,0,0,0.0
KNN,No SMOTE,0,0,0.0
KNN,No SMOTE,0,0,0.0
KNN,No SMOTE,0,0,0.0
KNN,No SMOTE,0,0,0.0
KNN,No SMOTE,0,0,0.0
KNN,No SMOTE,0,0,0.0
KNN,No SMOTE,0,0,0.0
KNN,No SMOTE,0,0,0.0
KNN,No SMOTE,0,0,0.0
KNN,No SMOTE,0,0,0.0
KNN,No SMOTE,0,0,0.0
KNN,No SMOTE,0,0,0.0
KNN,No SMOTE,0,0,0.0
KNN,No SMOTE,0,0,0.0
KNN,No SMOTE,0,0,0.0
KNN,No SMOTE,0,0,0.0
KNN,No SMOTE,0,0,0.0
KNN,No SMOTE,0,0,0.0
KNN,No SMOTE,0,0,0.0
KNN,No SMOTE,0,0,0.0
KNN,No SMOTE,0,0,0.0
KNN,No SMOTE,0,0,0.0
KNN,No SMOTE,0,0,0.0
KNN,No SMOTE,0,0,0.0
KNN,No SMOTE,0,0,0.0
KNN,No SMOTE,0,0,0.0
KNN,No SMOTE,0,0,0.0
KNN,No SMOTE,0,0,0.0
KNN,No SMOTE,0,0,0.0
KNN,No SMOTE,0,0,0.0
KNN,No SMOTE,0,0,0.0
KNN,No SMOTE,0,0,0.0
KNN,No SMOTE,0,0,0.0
KNN,No SMOTE,0,0,0.0
KNN,No SMOTE,0,0,0.0
KNN,No SMOTE,0,0,0.0
KNN,No SMOTE,0,0,0.0
KNN,No SMOTE,0,0,0.0
KNN,No SMOTE,0,0,0.0
KNN,No SMOTE,0,0,0.0
KNN,No SMOTE,0,0,0.0
KNN,No SMOTE,0,0,0.0
KNN,No SMOTE,0,0,0.0
KNN,No SMOTE,0,0,0.0
KNN,No SMOTE,0,0,0.0
KNN,No SMOTE,0,0,0.0
KNN,No SMOTE,0,0,0.0
KNN,No SMOTE,0,0,0.0
KNN,No SMOTE,0,0,0.0
KNN,No SMOTE,0,0,0.0
KNN,No SMOTE,0,0,0.0
KNN,No SMOTE,0,0,0.0
KNN,No SMOTE,0,0,0.0
KNN,No SMOTE,0,0,0.0
KNN,No SMOTE,0,0,0.0
KNN,No SMOTE,0,0,0.0
KNN,No SMOTE,0,0,0.0
KNN,No SMOTE,0,0,0.0
KNN,No SMOTE,0,0,0.0
KNN,No SMOTE,0,0,0.0
KNN,No SMOTE,0,0,0.0
KNN,No SMOTE,0,0,0.0
KNN,No SMOTE,0,0,0.0
KNN,No SMOTE,0,0,0.0
KNN,No SMOTE,0,0,0.0
KNN,No SMOTE,0,0,0.0
KNN,No SMOTE,0,0,0.0
KNN,No SMOTE,0,0,0.0
KNN,No SMOTE,0,0,0.0
KNN,No SMOTE,0,0,0.0
KNN,No SMOTE,0,0,0.0
KNN,No SMOTE,0,0,0.0
KNN,No SMOTE,0,0,0.0
KNN,No SMOTE,0,0,0.0
KNN,No SMOTE,0,0,0.0
KNN,No SMOTE,0,0,0.0
KNN,No SMOTE,0,0,0.0
KNN,No SMOTE,0,0,0.0
KNN,No SMOTE,0,0,0.0
KNN,No SMOTE,0,0,0.0
KNN,No SMOTE,0,0,0.0
KNN,No SMOTE,0,0,0.0
KNN,No SMOTE,0,0,0.0
KNN,No SMOTE,0,0,0.0
KNN,No SMOTE,0,0,0.0
KNN,No SMOTE,0,0,0.0
KNN,No SMOTE,0,0,0.0
KNN,No SMOTE,0,0,0.0
KNN,No SMOTE,0,0,0.0
KNN,No SMOTE,0,0,0.0
KNN,No SMOTE,0,0,0.0
KNN,No SMOTE,0,0,0.0
KNN,No SMOTE,0,0,0.0
KNN,No SMOTE,0,0,0.0
KNN,No SMOTE,0,0,0.0
KNN,No SMOTE,0,0,0.0
KNN,No SMOTE,0,0,0.0
KNN,No SMOTE,0,0,0.0
KNN,No SMOTE,0,0,0.0
KNN,No SMOTE,0,0,0.0
KNN,No SMOTE,0,0,0.0
KNN,No SMOTE,0,0,0.0
KNN,No SMOTE,0,0,0.0
KNN,No SMOTE,0,0,0.0
KNN,No SMOTE,0,0,0.0
KNN,No SMOTE,0,0,0.0
KNN,No SMOTE,0,0,0.0
KNN,No SMOTE,0,0,0.0
KNN,No SMOTE,0,0,0.0
KNN,No SMOTE,0,0,0.0
KNN,No SMOTE,0,0,0.0
KNN,No SMOTE,0,0,0.0
KNN,No SMOTE,0,0,0.0
KNN,No SMOTE,0,0,0.0
KNN,No SMOTE,0,0,0.0
KNN,No SMOTE,0,0,0.0
KNN,No SMOTE,0,0,0.0
KNN,No SMOTE,0,0,0.0
KNN,No SMOTE,0,0,0.0
KNN,No SMOTE,0,0,0.0
KNN,No SMOTE,0,0,0.0
KNN,No SMOTE,0,0,0.0
KNN,No SMOTE,0,0,0.0
KNN,No SMOTE,0,0,0.0
KNN,No SMOTE,0,0,0.0
KNN,No SMOTE,0,0,0.0
KNN,No SMOTE,0,0,0.0
KNN,No SMOTE,0,0,0.0
KNN,No SMOTE,0,0,0.0
KNN,No SMOTE,0,0,0.0
KNN,No SMOTE,0,0,0.0
KNN,No SMOTE,0,0,0.0
KNN,No SMOTE,0,0,0.0
KNN,No SMOTE,0,0,0.0
KNN,No SMOTE,0,0,0.0
KNN,No SMOTE,0,0,0.0
KNN,No SMOTE,0,0,0.0
KNN,No SMOTE,0,0,0.0
KNN,No SMOTE,0,0,0.0
KNN,No SMOTE,0,0,0.0
KNN,No SMOTE,0,0,0.0
KNN,No SMOTE,0,0,0.0
KNN,No SMOTE,0,0,0.0
KNN,No SMOTE,0,0,0.0
KNN,No SMOTE,0,0,0.0
KNN,No SMOTE,0,0,0.0
KNN,No SMOTE,0,0,0.0
KNN,No SMOTE,0,0,0.0
KNN,No SMOTE,0,0,0.0
KNN,No SMOTE,0,0,0.0
KNN,No SMOTE,0,0,0.0
KNN,No SMOTE,0,0,0.0
KNN,No SMOTE,0,0,0.0
KNN,No SMOTE,0,0,0.0
KNN,No SMOTE,0,0,0.0
KNN,No SMOTE,0,0,0.0
KNN,No SMOTE,0,0,0.0
KNN,No SMOTE,0,0,0.0
KNN,No SMOTE,0,0,0.0
KNN,No SMOTE,0,0,0.0
KNN,No SMOTE,0,0,0.0
KNN,No SMOTE,0,0,0.0
KNN,No SMOTE,0,0,0.0
KNN,No SMOTE,0,0,0.0
KNN,No SMOTE,0,0,0.0
KNN,No SMOTE,0,0,0.0
KNN,No SMOTE,0,0,0.0
KNN,No SMOTE,0,0,0.0
KNN,No SMOTE,0,0,0.0
KNN,No SMOTE,0,0,0.0
KNN,No SMOTE,0,0,0.0
KNN,No SMOTE,0,0,0.0
KNN,No SMOTE,0,0,0.0
KNN,No SMOTE,0,0,0.0
KNN,No SMOTE,0,0,0.0
KNN,No SMOTE,0,0,0.0
KNN,No SMOTE,0,0,0.0
KNN,No SMOTE,0,0,0.0
KNN,No SMOTE,0,0,0.0
KNN,No SMOTE,0,0,0.0
KNN,No SMOTE,0,0,0.0
KNN,No SMOTE,0,0,0.0
KNN,No SMOTE,0,0,0.0
KNN,No SMOTE,0,0,0.0
KNN,No SMOTE,0,0,0.0
KNN,No SMOTE,0,0,0.0
KNN,No SMOTE,0,0,0.0
KNN,No SMOTE,0,0,0.0
KNN,No SMOTE,0,0,0.0
KNN,No SMOTE,0,0,0.0
KNN,No SMOTE,0,0,0.0
KNN,No SMOTE,0,0,0.0
KNN,No SMOTE,0,0,0.0
KNN,No SMOTE,0,0,0.0
KNN,No SMOTE,0,0,0.0
KNN,No SMOTE,0,0,0.0
KNN,No SMOTE,0,0,0.0
KNN,No SMOTE,0,0,0.0
KNN,No SMOTE,0,0,0.0
KNN,No SMOTE,0,0,0.0
KNN,No SMOTE,0,0,0.0
KNN,No SMOTE,0,0,0.0
KNN,No SMOTE,0,0,0.0
KNN,No SMOTE,0,0,0.0
KNN,No SMOTE,0,0,0.0
KNN,No SMOTE,0,0,0.0
KNN,No SMOTE,0,0,0.0
KNN,No SMOTE,0,0,0.0
KNN,No SMOTE,0,0,0.0
KNN,No SMOTE,0,0,0.0
KNN,No SMOTE,0,0,0.0
KNN,No SMOTE,0,0,0.0
KNN,No SMOTE,0,0,0.0
KNN,No SMOTE,0,0,0.0
KNN,No SMOTE,0,0,0.0
KNN,No SMOTE,0,0,0.0
KNN,No SMOTE,0,0,0.0
KNN,No SMOTE,0,0,0.0
KNN,No SMOTE,0,0,0.0
KNN,No SMOTE,0,0,0.0
KNN,No SMOTE,0,0,0.0
KNN,No SMOTE,0,0,0.0
KNN,No SMOTE,0,0,0.0
KNN,No SMOTE,0,0,0.0
KNN,No SMOTE,0,0,0.0
KNN,No SMOTE,0,0,0.0
KNN,No SMOTE,0,0,0.0
KNN,No SMOTE,0,0,0.0
KNN,No SMOTE,0,0,0.0
KNN,No SMOTE,0,0,0.0
KNN,No SMOTE,0,0,0.0
KNN,No SMOTE,0,0,0.0
KNN,No SMOTE,0,0,0.0
KNN,No SMOTE,0,0,0.0
KNN,No SMOTE,0,0,0.0
KNN,No SMOTE,0,0,0.0
KNN,No SMOTE,0,0,0.0
KNN,No SMOTE,0,0,0.0
KNN,No SMOTE,0,0,0.0
KNN,No SMOTE,0,0,0.0
KNN,No SMOTE,0,0,0.0
KNN,No SMOTE,0,0,0.0
KNN,No SMOTE,0,0,0.0
KNN,No SMOTE,0,0,0.0
KNN,No SMOTE,0,0,0.0
KNN,No SMOTE,0,0,0.0
KNN,No SMOTE,0,0,0.0
KNN,No SMOTE,0,0,0.0
KNN,No SMOTE,0,0,0.0
KNN,No SMOTE,0,0,0.0
KNN,No SMOTE,0,0,0.0
KNN,No SMOTE,0,0,0.0
KNN,No SMOTE,0,0,0.0
KNN,No SMOTE,0,0,0.0
KNN,No SMOTE,0,0,0.0
KNN,No SMOTE,0,0,0.0
KNN,No SMOTE,0,0,0.0
KNN,No SMOTE,0,0,0.0
KNN,No SMOTE,0,0,0.0
KNN,No SMOTE,0,0,0.0
KNN,No SMOTE,0,0,0.0
KNN,No SMOTE,0,0,0.0
KNN,No SMOTE,0,0,0.0
KNN,No SMOTE,0,0,0.0
KNN,No SMOTE,0,0,0.0
KNN,No SMOTE,0,0,0.0
KNN,No SMOTE,0,0,0.0
KNN,No SMOTE,0,0,0.0
KNN,No SMOTE,0,0,0.0
KNN,No SMOTE,0,0,0.0
KNN,No SMOTE,0,0,0.0
KNN,No SMOTE,0,0,0.0
KNN,No SMOTE,0,0,0.0
KNN,No SMOTE,0,0,0.0
KNN,No SMOTE,0,0,0.0
KNN,No SMOTE,0,0,0.0
KNN,No SMOTE,0,0,0.0
KNN,No SMOTE,0,0,0.0
KNN,No SMOTE,0,0,0.0
KNN,No SMOTE,0,0,0.0
KNN,No SMOTE,0,0,0.0
KNN,No SMOTE,0,0,0.0
KNN,No SMOTE,0,0,0.0
KNN,No SMOTE,0,0,0.0
KNN,No SMOTE,0,0,0.0
KNN,No SMOTE,0,0,0.0
KNN,No SMOTE,0,0,0.0
KNN,No SMOTE,0,0,0.0
KNN,No SMOTE,0,0,0.0
KNN,No SMOTE,0,0,0.0
KNN,No SMOTE,0,0,0.0
KNN,No SMOTE,0,0,0.0
KNN,No SMOTE,0,0,0.0
KNN,No SMOTE,0,0,0.0
KNN,No SMOTE,0,0,0.0
KNN,No SMOTE,0,0,0.0
KNN,No SMOTE,0,0,0.0
KNN,No SMOTE,0,0,0.0
KNN,No SMOTE,0,0,0.0
KNN,No SMOTE,0,0,0.0
KNN,No SMOTE,0,0,0.0
KNN,No SMOTE,0,0,0.0
KNN,No SMOTE,0,0,0.0
KNN,No SMOTE,0,0,0.0
KNN,No SMOTE,0,0,0.0
KNN,No SMOTE,0,0,0.0
KNN,No SMOTE,0,0,0.0
KNN,No SMOTE,0,0,0.0
KNN,No SMOTE,0,0,0.0
KNN,No SMOTE,0,0,0.0
KNN,No SMOTE,0,0,0.0
KNN,No SMOTE,0,0,0.0
KNN,No SMOTE,0,0,0.0
KNN,No SMOTE,0,0,0.0
KNN,No SMOTE,0,0,0.0
KNN,No SMOTE,0,0,0.0
KNN,No SMOTE,0,0,0.0
KNN,No SMOTE,0,0,0.0
KNN,No SMOTE,0,0,0.0
KNN,No SMOTE,0,0,0.0
KNN,No SMOTE,0,0,0.0
KNN,No SMOTE,0,0,0.0
KNN,No SMOTE,0,0,0.0
KNN,No SMOTE,0,0,0.0
KNN,No SMOTE,0,0,0.0
KNN,No SMOTE,0,0,0.0
KNN,No SMOTE,0,0,0.0
KNN,No SMOTE,0,0,0.0
KNN,No SMOTE,0,0,0.0
KNN,No SMOTE,0,0,0.0
KNN,No SMOTE,0,0,0.0
KNN,No SMOTE,0,0,0.0
KNN,No SMOTE,0,0,0.0
KNN,No SMOTE,0,0,0.0
KNN,No SMOTE,0,0,0.0
KNN,No SMOTE,0,0,0.0
KNN,No SMOTE,0,0,0.0
KNN,No SMOTE,0,0,0.0
KNN,No SMOTE,0,0,0.0
KNN,No SMOTE,0,0,0.0
KNN,No SMOTE,0,0,0.0
KNN,No SMOTE,0,0,0.0
KNN,No SMOTE,0,0,0.0
KNN,No SMOTE,0,0,0.0
KNN,No SMOTE,0,0,0.0
KNN,No SMOTE,0,0,0.0
KNN,No SMOTE,0,0,0.0
KNN,No SMOTE,0,0,0.0
KNN,No SMOTE,0,0,0.0
KNN,No SMOTE,0,0,0.0
KNN,No SMOTE,0,0,0.0
KNN,No SMOTE,0,0,0.0
KNN,No SMOTE,0,0,0.0
KNN,No SMOTE,0,0,0.0
KNN,No SMOTE,0,0,0.0
KNN,No SMOTE,0,0,0.0
KNN,No SMOTE,0,0,0.0
KNN,No SMOTE,0,0,0.0
KNN,No SMOTE,0,0,0.0
KNN,No SMOTE,0,0,0.0
KNN,No SMOTE,0,0,0.0
KNN,No SMOTE,0,0,0.0
KNN,No SMOTE,0,0,0.0
KNN,No SMOTE,0,0,0.0
KNN,No SMOTE,0,0,0.0
KNN,No SMOTE,0,0,0.0
KNN,No SMOTE,0,0,0.0
KNN,No SMOTE,0,0,0.0
KNN,No SMOTE,0,0,0.0
KNN,No SMOTE,0,0,0.0
KNN,No SMOTE,0,0,0.0
KNN,No SMOTE,0,0,0.0
KNN,No SMOTE,0,0,0.0
KNN,No SMOTE,0,0,0.0
KNN,No SMOTE,0,0,0.0
KNN,No SMOTE,0,0,0.0
KNN,No SMOTE,0,0,0.0
KNN,No SMOTE,0,0,0.0
KNN,No SMOTE,0,0,0.0
KNN,No SMOTE,0,0,0.0
KNN,No SMOTE,0,0,0.0
KNN,No SMOTE,0,0,0.0
KNN,No SMOTE,0,0,0.0
KNN,No SMOTE,0,0,0.0
KNN,No SMOTE,0,0,0.0
KNN,No SMOTE,0,0,0.0
KNN,No SMOTE,0,0,0.0
KNN,No SMOTE,0,0,0.0
KNN,No SMOTE,0,0,0.0
KNN,No SMOTE,0,0,0.0
KNN,No SMOTE,0,0,0.0
KNN,No SMOTE,0,0,0.0
KNN,No SMOTE,0,0,0.0
KNN,No SMOTE,0,0,0.0
KNN,No SMOTE,0,0,0.0
KNN,No SMOTE,0,0,0.0
KNN,No SMOTE,0,0,0.0
KNN,No SMOTE,0,0,0.0
KNN,No SMOTE,0,0,0.0
KNN,No SMOTE,0,0,0.0
KNN,No SMOTE,0,0,0.0
KNN,No SMOTE,0,0,0.0
KNN,No SMOTE,0,0,0.0
KNN,No SMOTE,0,0,0.0
KNN,No SMOTE,0,0,0.0
KNN,No SMOTE,0,0,0.0
KNN,No SMOTE,0,0,0.0
KNN,No SMOTE,0,0,0.0
KNN,No SMOTE,0,0,0.0
KNN,No SMOTE,0,0,0.0
KNN,No SMOTE,0,0,0.0
KNN,No SMOTE,0,0,0.0
KNN,No SMOTE,0,0,0.0
KNN,No SMOTE,0,0,0.0
KNN,No SMOTE,0,0,0.0
KNN,No SMOTE,0,0,0.0
KNN,No SMOTE,0,0,0.0
KNN,No SMOTE,0,0,0.0
KNN,No SMOTE,0,0,0.0
KNN,No SMOTE,0,0,0.0
KNN,No SMOTE,0,0,0.0
KNN,No SMOTE,0,0,0.0
KNN,No SMOTE,0,0,0.0
KNN,No SMOTE,0,0,0.0
KNN,No SMOTE,0,0,0.0
KNN,No SMOTE,0,0,0.0
KNN,No SMOTE,0,0,0.0
KNN,No SMOTE,0,0,0.0
KNN,No SMOTE,0,0,0.0
KNN,No SMOTE,0,0,0.0
KNN,No SMOTE,0,0,0.0
KNN,No SMOTE,0,0,0.0
KNN,No SMOTE,0,0,0.0
KNN,No SMOTE,0,0,0.0
KNN,No SMOTE,0,0,0.0
KNN,No SMOTE,0,0,0.0
KNN,No SMOTE,0,0,0.0
KNN,No SMOTE,0,0,0.0
KNN,No SMOTE,0,0,0.0
KNN,No SMOTE,0,0,0.0
KNN,No SMOTE,0,0,0.0
KNN,No SMOTE,0,0,0.0
KNN,No SMOTE,0,0,0.0
KNN,No SMOTE,0,0,0.0
KNN,No SMOTE,0,0,0.0
KNN,No SMOTE,0,0,0.0
KNN,No SMOTE,0,0,0.0
KNN,No SMOTE,0,0,0.0
KNN,No SMOTE,0,0,0.0
KNN,No SMOTE,0,0,0.0
KNN,No SMOTE,0,0,0.0
KNN,No SMOTE,0,0,0.0
KNN,No SMOTE,0,0,0.0
KNN,No SMOTE,0,0,0.0
KNN,No SMOTE,0,0,0.0
KNN,No SMOTE,0,0,0.0
KNN,No SMOTE,0,0,0.0
KNN,No SMOTE,0,0,0.0
KNN,No SMOTE,0,0,0.0
KNN,No SMOTE,0,0,0.0
KNN,No SMOTE,0,0,0.0
KNN,No SMOTE,0,0,0.0
KNN,No SMOTE,0,0,0.0
KNN,No SMOTE,0,0,0.0
KNN,No SMOTE,0,0,0.0
KNN,No SMOTE,0,0,0.0
KNN,No SMOTE,0,0,0.0
KNN,No SMOTE,0,0,0.2
KNN,No SMOTE,0,0,0.0
KNN,No SMOTE,0,0,0.0
KNN,No SMOTE,0,0,0.0
KNN,No SMOTE,0,0,0.0
KNN,No SMOTE,0,0,0.0
KNN,No SMOTE,0,0,0.0
KNN,No SMOTE,0,0,0.0
KNN,No SMOTE,0,0,0.0
KNN,No SMOTE,0,0,0.0
KNN,No SMOTE,0,0,0.0
KNN,No SMOTE,0,0,0.0
KNN,No SMOTE,0,0,0.0
KNN,No SMOTE,0,0,0.0
KNN,No SMOTE,0,0,0.0
KNN,No SMOTE,0,0,0.0
KNN,No SMOTE,0,0,0.0
KNN,No SMOTE,0,0,0.0
KNN,No SMOTE,0,0,0.0
KNN,No SMOTE,0,0,0.0
KNN,No SMOTE,0,0,0.0
KNN,No SMOTE,0,0,0.0
KNN,No SMOTE,0,0,0.0
KNN,No SMOTE,0,0,0.0
KNN,No SMOTE,0,0,0.0
KNN,No SMOTE,0,0,0.0
KNN,No SMOTE,0,0,0.0
KNN,No SMOTE,0,0,0.0
KNN,No SMOTE,0,0,0.0
KNN,No SMOTE,0,0,0.0
KNN,No SMOTE,0,0,0.0
KNN,No SMOTE,0,0,0.0
KNN,No SMOTE,0,0,0.0
KNN,No SMOTE,0,0,0.0
KNN,No SMOTE,0,0,0.0
KNN,No SMOTE,0,0,0.0
KNN,No SMOTE,0,0,0.0
KNN,No SMOTE,0,0,0.0
KNN,No SMOTE,0,0,0.0
KNN,No SMOTE,0,0,0.0
KNN,No SMOTE,0,0,0.0
KNN,No SMOTE,0,0,0.0
KNN,No SMOTE,0,0,0.0
KNN,No SMOTE,0,0,0.0
KNN,No SMOTE,0,0,0.0
KNN,No SMOTE,0,0,0.0
KNN,No SMOTE,0,0,0.0
KNN,No SMOTE,0,0,0.0
KNN,No SMOTE,0,0,0.0
KNN,No SMOTE,0,0,0.0
KNN,No SMOTE,0,0,0.0
KNN,No SMOTE,0,0,0.0
KNN,No SMOTE,0,0,0.0
KNN,No SMOTE,0,0,0.0
KNN,No SMOTE,0,0,0.0
KNN,No SMOTE,0,0,0.0
KNN,No SMOTE,0,0,0.0
KNN,No SMOTE,0,0,0.0
KNN,No SMOTE,0,0,0.0
KNN,No SMOTE,0,0,0.0
KNN,No SMOTE,0,0,0.0
KNN,No SMOTE,0,0,0.0
KNN,No SMOTE,0,0,0.0
KNN,No SMOTE,0,0,0.0
KNN,No SMOTE,0,0,0.0
KNN,No SMOTE,0,0,0.0
KNN,No SMOTE,0,0,0.0
KNN,No SMOTE,0,0,0.0
KNN,No SMOTE,0,0,0.0
KNN,No SMOTE,0,0,0.0
KNN,No SMOTE,0,0,0.0
KNN,No SMOTE,0,0,0.0
KNN,No SMOTE,0,0,0.0
KNN,No SMOTE,0,0,0.0
KNN,No SMOTE,0,0,0.0
KNN,No SMOTE,0,0,0.0
KNN,No SMOTE,0,0,0.0
KNN,No SMOTE,0,0,0.0
KNN,No SMOTE,0,0,0.0
KNN,No SMOTE,0,0,0.0
KNN,No SMOTE,0,0,0.0
KNN,No SMOTE,0,0,0.0
KNN,No SMOTE,0,0,0.0
KNN,No SMOTE,0,0,0.0
KNN,No SMOTE,0,0,0.0
KNN,No SMOTE,0,0,0.0
KNN,No SMOTE,0,0,0.0
KNN,No SMOTE,0,0,0.0
KNN,No SMOTE,0,0,0.0
KNN,No SMOTE,0,0,0.0
KNN,No SMOTE,0,0,0.0
KNN,No SMOTE,0,0,0.0
KNN,No SMOTE,0,0,0.0
KNN,No SMOTE,0,0,0.0
KNN,No SMOTE,0,0,0.0
KNN,No SMOTE,0,0,0.0
KNN,No SMOTE,0,0,0.0
KNN,No SMOTE,0,0,0.0
KNN,No SMOTE,0,0,0.0
KNN,No SMOTE,0,0,0.0
KNN,No SMOTE,0,0,0.0
KNN,No SMOTE,0,0,0.0
KNN,No SMOTE,0,0,0.0
KNN,No SMOTE,0,0,0.0
KNN,No SMOTE,0,0,0.0
KNN,No SMOTE,0,0,0.0
KNN,No SMOTE,0,0,0.0
KNN,No SMOTE,0,0,0.0
KNN,No SMOTE,0,0,0.0
KNN,No SMOTE,0,0,0.0
KNN,No SMOTE,0,0,0.0
KNN,No SMOTE,0,0,0.0
KNN,No SMOTE,0,0,0.0
KNN,No SMOTE,0,0,0.0
KNN,No SMOTE,0,0,0.0
KNN,No SMOTE,0,0,0.0
KNN,No SMOTE,0,0,0.0
KNN,No SMOTE,0,0,0.0
KNN,No SMOTE,0,0,0.0
KNN,No SMOTE,0,0,0.0
KNN,No SMOTE,0,0,0.0
KNN,No SMOTE,0,0,0.0
KNN,No SMOTE,0,0,0.0
KNN,No SMOTE,0,0,0.0
KNN,No SMOTE,0,0,0.0
KNN,No SMOTE,0,0,0.0
KNN,No SMOTE,0,0,0.0
KNN,No SMOTE,0,0,0.0
KNN,No SMOTE,0,0,0.0
KNN,No SMOTE,0,0,0.0
KNN,No SMOTE,0,0,0.0
KNN,No SMOTE,0,0,0.0
KNN,No SMOTE,0,0,0.0
KNN,No SMOTE,0,0,0.0
KNN,No SMOTE,0,0,0.0
KNN,No SMOTE,0,0,0.0
KNN,No SMOTE,0,0,0.0
KNN,No SMOTE,0,0,0.0
KNN,No SMOTE,0,0,0.0
KNN,No SMOTE,0,0,0.0
KNN,No SMOTE,0,0,0.0
KNN,No SMOTE,0,0,0.0
KNN,No SMOTE,0,0,0.0
KNN,No SMOTE,0,0,0.0
KNN,No SMOTE,0,0,0.0
KNN,No SMOTE,0,0,0.0
KNN,No SMOTE,0,0,0.0
KNN,No SMOTE,0,0,0.0
KNN,No SMOTE,0,0,0.0
KNN,No SMOTE,0,0,0.0
KNN,No SMOTE,0,0,0.0
KNN,No SMOTE,0,0,0.0
KNN,No SMOTE,0,0,0.0
KNN,No SMOTE,0,0,0.0
KNN,No SMOTE,0,0,0.0
KNN,No SMOTE,0,0,0.0
KNN,No SMOTE,0,0,0.0
KNN,No SMOTE,0,0,0.0
KNN,No SMOTE,0,0,0.0
KNN,No SMOTE,0,0,0.0
KNN,No SMOTE,0,0,0.0
KNN,No SMOTE,0,0,0.0
KNN,No SMOTE,0,0,0.0
KNN,No SMOTE,0,0,0.0
KNN,No SMOTE,0,0,0.0
KNN,No SMOTE,0,0,0.0
KNN,No SMOTE,0,0,0.0
KNN,No SMOTE,0,0,0.0
KNN,No SMOTE,0,0,0.0
KNN,No SMOTE,0,0,0.0
KNN,No SMOTE,0,0,0.0
KNN,No SMOTE,0,0,0.0
KNN,No SMOTE,0,0,0.0
KNN,No SMOTE,0,0,0.0
KNN,No SMOTE,0,0,0.0
KNN,No SMOTE,0,0,0.0
KNN,No SMOTE,0,0,0.0
KNN,No SMOTE,0,0,0.0
KNN,No SMOTE,0,0,0.0
KNN,No SMOTE,0,0,0.0
KNN,No SMOTE,0,0,0.0
KNN,No SMOTE,0,0,0.0
KNN,No SMOTE,0,0,0.0
KNN,No SMOTE,0,0,0.0
KNN,No SMOTE,0,0,0.0
KNN,No SMOTE,0,0,0.0
KNN,No SMOTE,0,0,0.0
KNN,No SMOTE,0,0,0.0
KNN,No SMOTE,0,0,0.0
KNN,No SMOTE,0,0,0.0
KNN,No SMOTE,0,0,0.0
KNN,No SMOTE,0,0,0.0
KNN,No SMOTE,0,0,0.0
KNN,No SMOTE,0,0,0.0
KNN,No SMOTE,0,0,0.0
KNN,No SMOTE,0,0,0.0
KNN,No SMOTE,0,0,0.0
KNN,No SMOTE,0,0,0.0
KNN,No SMOTE,0,0,0.0
KNN,No SMOTE,0,0,0.0
KNN,No SMOTE,0,0,0.0
KNN,No SMOTE,0,0,0.0
KNN,No SMOTE,0,0,0.0
KNN,No SMOTE,0,0,0.0
KNN,No SMOTE,0,0,0.0
KNN,No SMOTE,0,0,0.0
KNN,No SMOTE,0,0,0.0
KNN,No SMOTE,0,0,0.0
KNN,No SMOTE,0,0,0.0
KNN,No SMOTE,0,0,0.0
KNN,No SMOTE,0,0,0.0
KNN,No SMOTE,0,0,0.0
KNN,No SMOTE,0,0,0.0
KNN,No SMOTE,0,0,0.0
KNN,No SMOTE,0,0,0.0
KNN,No SMOTE,0,0,0.0
KNN,No SMOTE,0,0,0.0
KNN,No SMOTE,0,0,0.0
KNN,No SMOTE,0,0,0.0
KNN,No SMOTE,0,0,0.0
KNN,No SMOTE,0,0,0.0
KNN,No SMOTE,0,0,0.0
KNN,No SMOTE,0,0,0.0
KNN,No SMOTE,0,0,0.0
KNN,No SMOTE,0,0,0.0
KNN,No SMOTE,0,0,0.0
KNN,No SMOTE,0,0,0.0
KNN,No SMOTE,0,0,0.0
KNN,No SMOTE,0,0,0.0
KNN,No SMOTE,0,0,0.0
KNN,No SMOTE,0,0,0.0
KNN,No SMOTE,0,0,0.0
KNN,No SMOTE,0,0,0.0
KNN,No SMOTE,0,0,0.0
KNN,No SMOTE,0,0,0.0
KNN,No SMOTE,0,0,0.0
KNN,No SMOTE,0,0,0.0
KNN,No SMOTE,0,0,0.0
KNN,No SMOTE,0,0,0.0
KNN,No SMOTE,0,0,0.0
KNN,No SMOTE,0,0,0.0
KNN,No SMOTE,0,0,0.0
KNN,No SMOTE,0,0,0.0
KNN,No SMOTE,0,0,0.0
KNN,No SMOTE,0,0,0.0
KNN,No SMOTE,0,0,0.0
KNN,No SMOTE,0,0,0.0
KNN,No SMOTE,0,0,0.0
KNN,No SMOTE,0,0,0.0
KNN,No SMOTE,0,0,0.0
KNN,No SMOTE,0,0,0.0
KNN,No SMOTE,0,0,0.0
KNN,No SMOTE,0,0,0.0
KNN,No SMOTE,0,0,0.0
KNN,No SMOTE,0,0,0.0
KNN,No SMOTE,0,0,0.0
KNN,No SMOTE,0,0,0.0
KNN,No SMOTE,0,0,0.0
KNN,No SMOTE,0,0,0.0
KNN,No SMOTE,0,0,0.0
KNN,No SMOTE,0,0,0.0
KNN,No SMOTE,0,0,0.0
KNN,No SMOTE,0,0,0.0
KNN,No SMOTE,0,0,0.0
KNN,No SMOTE,0,0,0.0
KNN,No SMOTE,0,0,0.0
KNN,No SMOTE,0,0,0.0
KNN,No SMOTE,0,0,0.0
KNN,No SMOTE,0,0,0.0
KNN,No SMOTE,0,0,0.0
KNN,No SMOTE,0,0,0.0
KNN,No SMOTE,0,0,0.0
KNN,No SMOTE,0,0,0.0
KNN,No SMOTE,0,0,0.0
KNN,No SMOTE,0,0,0.0
KNN,No SMOTE,0,0,0.0
KNN,No SMOTE,0,0,0.0
KNN,No SMOTE,0,0,0.0
KNN,No SMOTE,0,0,0.0
KNN,No SMOTE,0,0,0.0
KNN,No SMOTE,0,0,0.0
KNN,No SMOTE,0,0,0.0
KNN,No SMOTE,0,0,0.0
KNN,No SMOTE,0,0,0.0
KNN,No SMOTE,0,0,0.0
KNN,No SMOTE,0,0,0.0
KNN,No SMOTE,0,0,0.0
KNN,No SMOTE,0,0,0.0
KNN,No SMOTE,0,0,0.0
KNN,No SMOTE,0,0,0.0
KNN,No SMOTE,0,0,0.0
KNN,No SMOTE,0,0,0.0
KNN,No SMOTE,0,0,0.0
KNN,No SMOTE,0,0,0.0
KNN,No SMOTE,0,0,0.0
KNN,No SMOTE,0,0,0.0
KNN,No SMOTE,0,0,0.0
KNN,No SMOTE,0,0,0.0
KNN,No SMOTE,0,0,0.0
KNN,No SMOTE,0,0,0.0
KNN,No SMOTE,0,0,0.0
KNN,No SMOTE,0,0,0.0
KNN,No SMOTE,0,0,0.0
KNN,No SMOTE,0,0,0.0
KNN,No SMOTE,0,0,0.0
KNN,No SMOTE,0,0,0.0
KNN,No SMOTE,0,0,0.0
KNN,No SMOTE,0,0,0.0
KNN,No SMOTE,0,0,0.0
KNN,No SMOTE,0,0,0.0
KNN,No SMOTE,0,0,0.0
KNN,No SMOTE,0,0,0.0
KNN,No SMOTE,0,0,0.0
KNN,No SMOTE,0,0,0.0
KNN,No SMOTE,0,0,0.0
KNN,No SMOTE,0,0,0.0
KNN,No SMOTE,0,0,0.0
KNN,No SMOTE,0,0,0.0
KNN,No SMOTE,0,0,0.0
KNN,No SMOTE,0,0,0.0
KNN,No SMOTE,0,0,0.0
KNN,No SMOTE,0,0,0.0
KNN,No SMOTE,0,0,0.0
KNN,No SMOTE,0,0,0.0
KNN,No SMOTE,0,0,0.0
KNN,No SMOTE,0,0,0.0
KNN,No SMOTE,0,0,0.0
KNN,No SMOTE,0,0,0.0
KNN,No SMOTE,0,0,0.0
KNN,No SMOTE,0,0,0.0
KNN,No SMOTE,0,0,0.0
KNN,No SMOTE,0,0,0.0
KNN,No SMOTE,0,0,0.0
KNN,No SMOTE,0,0,0.0
KNN,No SMOTE,0,0,0.0
KNN,No SMOTE,0,0,0.0
KNN,No SMOTE,0,0,0.0
KNN,No SMOTE,0,0,0.0
KNN,No SMOTE,0,0,0.0
KNN,No SMOTE,0,0,0.0
KNN,No SMOTE,0,0,0.0
KNN,No SMOTE,0,0,0.0
KNN,No SMOTE,0,0,0.0
KNN,No SMOTE,0,0,0.0
KNN,No SMOTE,0,0,0.0
KNN,No SMOTE,0,0,0.0
KNN,No SMOTE,0,0,0.0
KNN,No SMOTE,0,0,0.0
KNN,No SMOTE,0,0,0.0
KNN,No SMOTE,0,0,0.0
KNN,No SMOTE,0,0,0.0
KNN,No SMOTE,0,0,0.0
KNN,No SMOTE,0,0,0.2
KNN,No SMOTE,0,0,0.0
KNN,No SMOTE,0,0,0.0
KNN,No SMOTE,0,0,0.0
KNN,No SMOTE,0,0,0.0
KNN,No SMOTE,0,0,0.0
KNN,No SMOTE,0,0,0.0
KNN,No SMOTE,0,0,0.0
KNN,No SMOTE,0,0,0.0
KNN,No SMOTE,0,0,0.0
KNN,No SMOTE,0,0,0.0
KNN,No SMOTE,0,0,0.0
KNN,No SMOTE,0,0,0.0
KNN,No SMOTE,0,0,0.0
KNN,No SMOTE,0,0,0.0
KNN,No SMOTE,0,0,0.0
KNN,No SMOTE,0,0,0.0
KNN,No SMOTE,0,0,0.0
KNN,No SMOTE,0,0,0.0
KNN,No SMOTE,0,0,0.0
KNN,No SMOTE,0,0,0.0
KNN,No SMOTE,0,0,0.0
KNN,No SMOTE,0,0,0.0
KNN,No SMOTE,0,0,0.0
KNN,No SMOTE,0,0,0.0
KNN,No SMOTE,0,0,0.0
KNN,No SMOTE,0,0,0.0
KNN,No SMOTE,0,0,0.0
KNN,No SMOTE,0,0,0.0
KNN,No SMOTE,0,0,0.0
KNN,No SMOTE,0,0,0.0
KNN,No SMOTE,0,0,0.0
KNN,No SMOTE,0,0,0.0
KNN,No SMOTE,0,0,0.0
KNN,No SMOTE,0,0,0.0
KNN,No SMOTE,0,0,0.0
KNN,No SMOTE,0,0,0.0
KNN,No SMOTE,0,0,0.0
KNN,No SMOTE,0,0,0.0
KNN,No SMOTE,0,0,0.0
KNN,No SMOTE,0,0,0.0
KNN,No SMOTE,0,0,0.0
KNN,No SMOTE,0,0,0.0
KNN,No SMOTE,0,0,0.0
KNN,No SMOTE,0,0,0.0
KNN,No SMOTE,0,0,0.0
KNN,No SMOTE,0,0,0.0
KNN,No SMOTE,0,0,0.0
KNN,No SMOTE,0,0,0.0
KNN,No SMOTE,0,0,0.0
KNN,No SMOTE,0,0,0.0
KNN,No SMOTE,0,0,0.0
KNN,No SMOTE,0,0,0.0
KNN,No SMOTE,0,0,0.0
KNN,No SMOTE,0,0,0.0
KNN,No SMOTE,0,0,0.0
KNN,No SMOTE,0,0,0.0
KNN,No SMOTE,0,0,0.0
KNN,No SMOTE,0,0,0.0
KNN,No SMOTE,0,0,0.0
KNN,No SMOTE,0,0,0.0
KNN,No SMOTE,0,0,0.0
KNN,No SMOTE,0,0,0.0
KNN,No SMOTE,0,0,0.0
KNN,No SMOTE,0,0,0.0
KNN,No SMOTE,0,0,0.0
KNN,No SMOTE,0,0,0.0
KNN,No SMOTE,0,0,0.0
KNN,No SMOTE,0,0,0.0
KNN,No SMOTE,0,0,0.0
KNN,No SMOTE,0,0,0.0
KNN,No SMOTE,0,0,0.0
KNN,No SMOTE,0,0,0.0
KNN,No SMOTE,0,0,0.0
KNN,No SMOTE,0,0,0.0
KNN,No SMOTE,0,0,0.0
KNN,No SMOTE,0,0,0.0
KNN,No SMOTE,0,0,0.0
KNN,No SMOTE,0,0,0.0
KNN,No SMOTE,0,0,0.0
KNN,No SMOTE,0,0,0.0
KNN,No SMOTE,0,0,0.0
KNN,No SMOTE,0,0,0.0
KNN,No SMOTE,0,0,0.0
KNN,No SMOTE,0,0,0.0
KNN,No SMOTE,0,0,0.0
KNN,No SMOTE,0,0,0.0
KNN,No SMOTE,0,0,0.0
KNN,No SMOTE,0,0,0.0
KNN,No SMOTE,0,0,0.0
KNN,No SMOTE,0,0,0.0
KNN,No SMOTE,0,0,0.0
KNN,No SMOTE,0,0,0.0
KNN,No SMOTE,0,0,0.0
KNN,No SMOTE,0,0,0.0
KNN,No SMOTE,0,0,0.0
KNN,No SMOTE,0,0,0.0
KNN,No SMOTE,0,0,0.0
KNN,No SMOTE,0,0,0.0
KNN,No SMOTE,0,0,0.0
KNN,No SMOTE,0,0,0.0
KNN,No SMOTE,0,0,0.0
KNN,No SMOTE,0,0,0.0
KNN,No SMOTE,0,0,0.0
KNN,No SMOTE,0,0,0.0
KNN,No SMOTE,0,0,0.0
KNN,No SMOTE,0,0,0.0
KNN,No SMOTE,0,0,0.0
KNN,No SMOTE,0,0,0.0
KNN,No SMOTE,0,0,0.0
KNN,No SMOTE,0,0,0.0
KNN,No SMOTE,0,0,0.0
KNN,No SMOTE,0,0,0.0
KNN,No SMOTE,0,0,0.0
KNN,No SMOTE,0,0,0.0
KNN,No SMOTE,0,0,0.0
KNN,No SMOTE,0,0,0.0
KNN,No SMOTE,0,0,0.0
KNN,No SMOTE,0,0,0.0
KNN,No SMOTE,0,0,0.0
KNN,No SMOTE,0,0,0.0
KNN,No SMOTE,0,0,0.0
KNN,No SMOTE,0,0,0.0
KNN,No SMOTE,0,0,0.0
KNN,No SMOTE,0,0,0.0
KNN,No SMOTE,0,0,0.0
KNN,No SMOTE,0,0,0.0
KNN,No SMOTE,0,0,0.0
KNN,No SMOTE,0,0,0.0
KNN,No SMOTE,0,0,0.0
KNN,No SMOTE,0,0,0.0
KNN,No SMOTE,0,0,0.0
KNN,No SMOTE,0,0,0.0
KNN,No SMOTE,0,0,0.0
KNN,No SMOTE,0,0,0.0
KNN,No SMOTE,0,0,0.0
KNN,No SMOTE,0,0,0.0
KNN,No SMOTE,0,0,0.0
KNN,No SMOTE,0,0,0.0
KNN,No SMOTE,0,0,0.0
KNN,No SMOTE,0,0,0.0
KNN,No SMOTE,0,0,0.0
KNN,No SMOTE,0,0,0.0
KNN,No SMOTE,0,0,0.0
KNN,No SMOTE,0,0,0.0
KNN,No SMOTE,0,0,0.0
KNN,No SMOTE,0,0,0.0
KNN,No SMOTE,0,0,0.0
KNN,No SMOTE,0,0,0.0
KNN,No SMOTE,0,0,0.0
KNN,No SMOTE,0,0,0.0
KNN,No SMOTE,0,0,0.0
KNN,No SMOTE,0,0,0.0
KNN,No SMOTE,0,0,0.0
KNN,No SMOTE,0,0,0.0
KNN,No SMOTE,0,0,0.0
KNN,No SMOTE,0,0,0.0
KNN,No SMOTE,0,0,0.0
KNN,No SMOTE,0,0,0.0
KNN,No SMOTE,0,0,0.0
KNN,No SMOTE,0,0,0.0
KNN,No SMOTE,0,0,0.0
KNN,No SMOTE,0,0,0.0
KNN,No SMOTE,0,0,0.0
KNN,No SMOTE,0,0,0.0
KNN,No SMOTE,0,0,0.0
KNN,No SMOTE,0,0,0.0
KNN,No SMOTE,0,0,0.0
KNN,No SMOTE,0,0,0.0
KNN,No SMOTE,0,0,0.0
KNN,No SMOTE,0,0,0.0
KNN,No SMOTE,0,0,0.0
KNN,No SMOTE,0,0,0.0
KNN,No SMOTE,0,0,0.0
KNN,No SMOTE,0,0,0.0
KNN,No SMOTE,0,0,0.0
KNN,No SMOTE,0,0,0.0
KNN,No SMOTE,0,0,0.0
KNN,No SMOTE,0,0,0.0
KNN,No SMOTE,0,0,0.0
KNN,No SMOTE,0,0,0.0
KNN,No SMOTE,0,0,0.0
KNN,No SMOTE,0,0,0.0
KNN,No SMOTE,0,0,0.0
KNN,No SMOTE,0,0,0.0
KNN,No SMOTE,0,0,0.0
KNN,No SMOTE,0,0,0.0
KNN,No SMOTE,0,0,0.0
KNN,No SMOTE,0,0,0.0
KNN,No SMOTE,0,0,0.0
KNN,No SMOTE,0,0,0.0
KNN,No SMOTE,0,0,0.0
KNN,No SMOTE,0,0,0.0
KNN,No SMOTE,0,0,0.0
KNN,No SMOTE,0,0,0.0
KNN,No SMOTE,0,0,0.0
KNN,No SMOTE,0,0,0.0
KNN,No SMOTE,0,0,0.0
KNN,No SMOTE,0,0,0.0
KNN,No SMOTE,0,0,0.0
KNN,No SMOTE,0,0,0.0
KNN,No SMOTE,0,0,0.0
KNN,No SMOTE,0,0,0.0
KNN,No SMOTE,0,0,0.0
KNN,No SMOTE,0,0,0.0
KNN,No SMOTE,0,0,0.0
KNN,No SMOTE,0,0,0.0
KNN,No SMOTE,0,0,0.0
KNN,No SMOTE,1,0,0.0
KNN,No SMOTE,0,0,0.0
KNN,No SMOTE,0,0,0.0
KNN,No SMOTE,0,0,0.0
KNN,No SMOTE,0,0,0.0
KNN,No SMOTE,0,0,0.0
KNN,No SMOTE,0,0,0.0
KNN,No SMOTE,0,0,0.0
KNN,No SMOTE,0,0,0.0
KNN,No SMOTE,0,0,0.0
KNN,No SMOTE,0,0,0.0
KNN,No SMOTE,0,0,0.0
KNN,No SMOTE,0,0,0.0
KNN,No SMOTE,0,0,0.0
KNN,No SMOTE,0,0,0.0
KNN,No SMOTE,0,0,0.0
KNN,No SMOTE,0,0,0.0
KNN,No SMOTE,0,0,0.0
KNN,No SMOTE,0,0,0.0
KNN,No SMOTE,0,0,0.0
KNN,No SMOTE,0,0,0.0
KNN,No SMOTE,0,0,0.0
KNN,No SMOTE,0,0,0.0
KNN,No SMOTE,0,0,0.0
KNN,No SMOTE,0,0,0.0
KNN,No SMOTE,0,0,0.0
KNN,No SMOTE,0,0,0.0
KNN,No SMOTE,0,0,0.0
KNN,No SMOTE,0,0,0.0
KNN,No SMOTE,0,0,0.0
KNN,No SMOTE,0,0,0.0
KNN,No SMOTE,0,0,0.0
KNN,No SMOTE,0,0,0.0
KNN,No SMOTE,0,0,0.0
KNN,No SMOTE,0,0,0.0
KNN,No SMOTE,0,0,0.0
KNN,No SMOTE,0,0,0.0
KNN,No SMOTE,0,0,0.0
KNN,No SMOTE,0,0,0.0
KNN,No SMOTE,0,0,0.0
KNN,No SMOTE,0,0,0.0
KNN,No SMOTE,0,0,0.0
KNN,No SMOTE,0,0,0.0
KNN,No SMOTE,0,0,0.0
KNN,No SMOTE,0,0,0.0
KNN,No SMOTE,0,0,0.0
KNN,No SMOTE,0,0,0.0
KNN,No SMOTE,0,0,0.0
KNN,No SMOTE,0,0,0.0
KNN,No SMOTE,0,0,0.0
KNN,No SMOTE,0,0,0.0
KNN,No SMOTE,0,0,0.0
KNN,No SMOTE,0,0,0.0
KNN,No SMOTE,0,0,0.0
KNN,No SMOTE,0,0,0.0
KNN,No SMOTE,0,0,0.0
KNN,No SMOTE,0,0,0.0
KNN,No SMOTE,0,0,0.0
KNN,No SMOTE,0,0,0.0
KNN,No SMOTE,0,0,0.0
KNN,No SMOTE,0,0,0.0
KNN,No SMOTE,0,0,0.0
KNN,No SMOTE,0,0,0.0
KNN,No SMOTE,0,0,0.0
KNN,No SMOTE,0,0,0.0
KNN,No SMOTE,0,0,0.0
KNN,No SMOTE,0,0,0.0
KNN,No SMOTE,0,0,0.0
KNN,No SMOTE,0,0,0.0
KNN,No SMOTE,0,0,0.0
KNN,No SMOTE,0,0,0.0
KNN,No SMOTE,0,0,0.0
KNN,No SMOTE,0,0,0.0
KNN,No SMOTE,0,0,0.0
KNN,No SMOTE,0,0,0.0
KNN,No SMOTE,0,0,0.0
KNN,No SMOTE,0,0,0.0
KNN,No SMOTE,0,0,0.0
KNN,No SMOTE,0,0,0.0
KNN,No SMOTE,0,0,0.0
KNN,No SMOTE,0,0,0.0
KNN,No SMOTE,0,0,0.0
KNN,No SMOTE,0,0,0.0
KNN,No SMOTE,0,0,0.0
KNN,No SMOTE,0,0,0.0
KNN,No SMOTE,0,0,0.0
KNN,No SMOTE,0,0,0.0
KNN,No SMOTE,0,0,0.0
KNN,No SMOTE,0,0,0.0
KNN,No SMOTE,0,0,0.0
KNN,No SMOTE,0,0,0.0
KNN,No SMOTE,0,0,0.0
KNN,No SMOTE,0,0,0.0
KNN,No SMOTE,0,0,0.0
KNN,No SMOTE,0,0,0.0
KNN,No SMOTE,0,0,0.0
KNN,No SMOTE,0,0,0.0
KNN,No SMOTE,0,0,0.0
KNN,No SMOTE,0,0,0.0
KNN,No SMOTE,0,0,0.0
KNN,No SMOTE,0,0,0.0
KNN,No SMOTE,0,0,0.0
KNN,No SMOTE,0,0,0.0
KNN,No SMOTE,0,0,0.0
KNN,No SMOTE,0,0,0.0
KNN,No SMOTE,0,0,0.0
KNN,No SMOTE,0,0,0.0
KNN,No SMOTE,0,0,0.0
KNN,No SMOTE,0,0,0.0
KNN,No SMOTE,0,0,0.0
KNN,No SMOTE,0,0,0.0
KNN,No SMOTE,0,0,0.0
KNN,No SMOTE,0,0,0.0
KNN,No SMOTE,0,0,0.0
KNN,No SMOTE,0,0,0.0
KNN,No SMOTE,0,0,0.0
KNN,No SMOTE,0,0,0.0
KNN,No SMOTE,0,0,0.0
KNN,No SMOTE,0,0,0.0
KNN,No SMOTE,0,0,0.0
KNN,No SMOTE,0,0,0.0
KNN,No SMOTE,0,0,0.0
KNN,No SMOTE,0,0,0.0
KNN,No SMOTE,0,0,0.0
KNN,No SMOTE,0,0,0.0
KNN,No SMOTE,0,0,0.0
KNN,No SMOTE,0,0,0.0
KNN,No SMOTE,0,0,0.0
KNN,No SMOTE,0,0,0.0
KNN,No SMOTE,0,0,0.0
KNN,No SMOTE,0,0,0.0
KNN,No SMOTE,0,0,0.0
KNN,No SMOTE,0,0,0.0
KNN,No SMOTE,0,0,0.0
KNN,No SMOTE,0,0,0.0
KNN,No SMOTE,0,0,0.0
KNN,No SMOTE,0,0,0.0
KNN,No SMOTE,0,0,0.0
KNN,No SMOTE,0,0,0.0
KNN,No SMOTE,0,0,0.0
KNN,No SMOTE,0,0,0.0
KNN,No SMOTE,0,0,0.0
KNN,No SMOTE,0,0,0.0
KNN,No SMOTE,0,0,0.0
KNN,No SMOTE,0,0,0.0
KNN,No SMOTE,0,0,0.0
KNN,No SMOTE,0,0,0.0
KNN,No SMOTE,0,0,0.0
KNN,No SMOTE,0,0,0.0
KNN,No SMOTE,0,0,0.0
KNN,No SMOTE,0,0,0.0
KNN,No SMOTE,0,0,0.0
KNN,No SMOTE,0,0,0.0
KNN,No SMOTE,0,0,0.0
KNN,No SMOTE,0,0,0.0
KNN,No SMOTE,0,0,0.0
KNN,No SMOTE,0,0,0.0
KNN,No SMOTE,0,0,0.0
KNN,No SMOTE,0,0,0.0
KNN,No SMOTE,0,0,0.0
KNN,No SMOTE,0,0,0.0
KNN,No SMOTE,0,0,0.0
KNN,No SMOTE,0,0,0.0
KNN,No SMOTE,0,0,0.0
KNN,No SMOTE,0,0,0.0
KNN,No SMOTE,0,0,0.0
KNN,No SMOTE,0,0,0.0
KNN,No SMOTE,0,0,0.0
KNN,No SMOTE,0,0,0.0
KNN,No SMOTE,0,0,0.0
KNN,No SMOTE,0,0,0.0
KNN,No SMOTE,0,0,0.0
KNN,No SMOTE,0,0,0.0
KNN,No SMOTE,0,0,0.0
KNN,No SMOTE,0,0,0.0
KNN,No SMOTE,0,0,0.0
KNN,No SMOTE,0,0,0.0
KNN,No SMOTE,0,0,0.0
KNN,No SMOTE,0,0,0.0
KNN,No SMOTE,0,0,0.0
KNN,No SMOTE,0,0,0.0
KNN,No SMOTE,0,0,0.0
KNN,No SMOTE,0,0,0.0
KNN,No SMOTE,0,0,0.0
KNN,No SMOTE,0,0,0.0
KNN,No SMOTE,0,0,0.0
KNN,No SMOTE,0,0,0.0
KNN,No SMOTE,0,0,0.0
KNN,No SMOTE,0,0,0.0
KNN,No SMOTE,0,0,0.0
KNN,No SMOTE,0,0,0.0
KNN,No SMOTE,0,0,0.0
KNN,No SMOTE,0,0,0.0
KNN,No SMOTE,0,0,0.0
KNN,No SMOTE,0,0,0.0
KNN,No SMOTE,0,0,0.0
KNN,No SMOTE,0,0,0.0
KNN,No SMOTE,0,0,0.0
KNN,No SMOTE,0,0,0.0
KNN,No SMOTE,0,0,0.0
KNN,No SMOTE,0,0,0.2
KNN,No SMOTE,0,0,0.0
KNN,No SMOTE,0,0,0.0
KNN,No SMOTE,0,0,0.0
KNN,No SMOTE,0,0,0.0
KNN,No SMOTE,0,0,0.0
KNN,No SMOTE,0,0,0.0
KNN,No SMOTE,0,0,0.0
KNN,No SMOTE,0,0,0.0
KNN,No SMOTE,0,0,0.0
KNN,No SMOTE,0,0,0.0
KNN,No SMOTE,0,0,0.0
KNN,No SMOTE,0,0,0.0
KNN,No SMOTE,0,0,0.0
KNN,No SMOTE,0,0,0.0
KNN,No SMOTE,0,0,0.0
KNN,No SMOTE,0,0,0.0
KNN,No SMOTE,0,0,0.0
KNN,No SMOTE,0,0,0.0
KNN,No SMOTE,0,0,0.0
KNN,No SMOTE,0,0,0.0
KNN,No SMOTE,0,0,0.0
KNN,No SMOTE,0,0,0.0
KNN,No SMOTE,0,0,0.0
KNN,No SMOTE,0,0,0.0
KNN,No SMOTE,0,0,0.0
KNN,No SMOTE,0,0,0.0
KNN,No SMOTE,0,0,0.0
KNN,No SMOTE,0,0,0.0
KNN,No SMOTE,0,0,0.0
KNN,No SMOTE,0,0,0.0
KNN,No SMOTE,0,0,0.0
KNN,No SMOTE,0,0,0.0
KNN,No SMOTE,0,0,0.0
KNN,No SMOTE,0,0,0.0
KNN,No SMOTE,0,0,0.0
KNN,No SMOTE,0,0,0.0
KNN,No SMOTE,0,0,0.0
KNN,No SMOTE,0,0,0.0
KNN,No SMOTE,0,0,0.0
KNN,No SMOTE,0,0,0.0
KNN,No SMOTE,0,0,0.0
KNN,No SMOTE,0,0,0.0
KNN,No SMOTE,0,0,0.0
KNN,No SMOTE,0,0,0.0
KNN,No SMOTE,0,0,0.0
KNN,No SMOTE,0,0,0.0
KNN,No SMOTE,0,0,0.0
KNN,No SMOTE,0,0,0.0
KNN,No SMOTE,0,0,0.0
KNN,No SMOTE,0,0,0.0
KNN,No SMOTE,0,0,0.0
KNN,No SMOTE,0,0,0.0
KNN,No SMOTE,0,0,0.0
KNN,No SMOTE,0,0,0.0
KNN,No SMOTE,0,0,0.0
KNN,No SMOTE,0,0,0.0
KNN,No SMOTE,0,0,0.0
KNN,No SMOTE,0,0,0.0
KNN,No SMOTE,0,0,0.0
KNN,No SMOTE,0,0,0.0
KNN,No SMOTE,0,0,0.0
KNN,No SMOTE,0,0,0.0
KNN,No SMOTE,0,0,0.0
KNN,No SMOTE,0,0,0.0
KNN,No SMOTE,0,0,0.0
KNN,No SMOTE,0,0,0.0
KNN,No SMOTE,0,0,0.0
KNN,No SMOTE,0,0,0.0
KNN,No SMOTE,0,0,0.0
KNN,No SMOTE,0,0,0.0
KNN,No SMOTE,0,0,0.0
KNN,No SMOTE,0,0,0.0
KNN,No SMOTE,0,0,0.0
KNN,No SMOTE,0,0,0.0
KNN,No SMOTE,0,0,0.0
KNN,No SMOTE,0,0,0.0
KNN,No SMOTE,0,0,0.0
KNN,No SMOTE,0,0,0.0
KNN,No SMOTE,0,0,0.0
KNN,No SMOTE,0,0,0.0
KNN,No SMOTE,0,0,0.0
KNN,No SMOTE,0,0,0.0
KNN,No SMOTE,0,0,0.0
KNN,No SMOTE,0,0,0.0
KNN,No SMOTE,0,0,0.0
KNN,No SMOTE,0,0,0.0
KNN,No SMOTE,0,0,0.0
KNN,No SMOTE,0,0,0.0
KNN,No SMOTE,0,0,0.0
KNN,No SMOTE,0,0,0.0
KNN,No SMOTE,0,0,0.0
KNN,No SMOTE,0,0,0.0
KNN,No SMOTE,0,0,0.0
KNN,No SMOTE,0,0,0.0
KNN,No SMOTE,0,0,0.0
KNN,No SMOTE,0,0,0.0
KNN,No SMOTE,0,0,0.0
KNN,No SMOTE,0,0,0.0
KNN,No SMOTE,0,0,0.0
KNN,No SMOTE,0,0,0.0
KNN,No SMOTE,0,0,0.0
KNN,No SMOTE,0,0,0.0
KNN,No SMOTE,0,0,0.0
KNN,No SMOTE,0,0,0.0
KNN,No SMOTE,0,0,0.0
KNN,No SMOTE,0,0,0.0
KNN,No SMOTE,0,0,0.0
KNN,No SMOTE,0,0,0.0
KNN,No SMOTE,0,0,0.0
KNN,No SMOTE,0,0,0.0
KNN,No SMOTE,0,0,0.0
KNN,No SMOTE,0,0,0.0
KNN,No SMOTE,0,0,0.0
KNN,No SMOTE,0,0,0.0
KNN,No SMOTE,0,0,0.0
KNN,No SMOTE,0,0,0.0
KNN,No SMOTE,0,0,0.0
KNN,No SMOTE,0,0,0.0
KNN,No SMOTE,0,0,0.0
KNN,No SMOTE,0,0,0.0
KNN,No SMOTE,0,0,0.0
KNN,No SMOTE,0,0,0.0
KNN,No SMOTE,0,0,0.0
KNN,No SMOTE,0,0,0.0
KNN,No SMOTE,0,0,0.0
KNN,No SMOTE,0,0,0.0
KNN,No SMOTE,0,0,0.0
KNN,No SMOTE,0,0,0.0
KNN,No SMOTE,0,0,0.0
KNN,No SMOTE,0,0,0.0
KNN,No SMOTE,0,0,0.0
KNN,No SMOTE,0,0,0.0
KNN,No SMOTE,0,0,0.0
KNN,No SMOTE,0,0,0.0
KNN,No SMOTE,0,0,0.0
KNN,No SMOTE,0,0,0.0
KNN,No SMOTE,0,0,0.0
KNN,No SMOTE,0,0,0.0
KNN,No SMOTE,0,0,0.0
KNN,No SMOTE,0,0,0.0
KNN,No SMOTE,0,0,0.0
KNN,No SMOTE,0,0,0.0
KNN,No SMOTE,0,0,0.0
KNN,No SMOTE,0,0,0.0
KNN,No SMOTE,0,0,0.0
KNN,No SMOTE,0,0,0.0
KNN,No SMOTE,0,0,0.0
KNN,No SMOTE,0,0,0.0
KNN,No SMOTE,0,0,0.0
KNN,No SMOTE,0,0,0.0
KNN,No SMOTE,0,0,0.0
KNN,No SMOTE,0,0,0.0
KNN,No SMOTE,0,0,0.0
KNN,No SMOTE,0,0,0.0
KNN,No SMOTE,0,0,0.0
KNN,No SMOTE,0,0,0.0
KNN,No SMOTE,0,0,0.0
KNN,No SMOTE,0,0,0.0
KNN,No SMOTE,0,0,0.0
KNN,No SMOTE,0,0,0.0
KNN,No SMOTE,0,0,0.0
KNN,No SMOTE,0,0,0.0
KNN,No SMOTE,0,0,0.0
KNN,No SMOTE,0,0,0.0
KNN,No SMOTE,0,0,0.0
KNN,No SMOTE,0,0,0.0
KNN,No SMOTE,0,0,0.0
KNN,No SMOTE,0,0,0.0
KNN,No SMOTE,0,0,0.0
KNN,No SMOTE,0,0,0.0
KNN,No SMOTE,0,0,0.0
KNN,No SMOTE,0,0,0.0
KNN,No SMOTE,0,0,0.0
KNN,No SMOTE,0,0,0.0
KNN,No SMOTE,0,0,0.0
KNN,No SMOTE,0,0,0.0
KNN,No SMOTE,0,0,0.0
KNN,No SMOTE,0,0,0.0
KNN,No SMOTE,0,0,0.0
KNN,No SMOTE,0,0,0.2
KNN,No SMOTE,0,0,0.0
KNN,No SMOTE,0,0,0.0
KNN,No SMOTE,0,0,0.0
KNN,No SMOTE,0,0,0.0
KNN,No SMOTE,0,0,0.0
KNN,No SMOTE,0,0,0.0
KNN,No SMOTE,0,0,0.0
KNN,No SMOTE,0,0,0.0
KNN,No SMOTE,0,0,0.0
KNN,No SMOTE,0,0,0.0
KNN,No SMOTE,0,0,0.0
KNN,No SMOTE,0,0,0.0
KNN,No SMOTE,0,0,0.0
KNN,No SMOTE,0,0,0.0
KNN,No SMOTE,0,0,0.0
KNN,No SMOTE,0,0,0.0
KNN,No SMOTE,0,0,0.0
KNN,No SMOTE,0,0,0.0
KNN,No SMOTE,0,0,0.0
KNN,No SMOTE,0,0,0.0
KNN,No SMOTE,0,0,0.0
KNN,No SMOTE,0,0,0.0
KNN,No SMOTE,0,0,0.0
KNN,No SMOTE,0,0,0.0
KNN,No SMOTE,0,0,0.0
KNN,No SMOTE,0,0,0.0
KNN,No SMOTE,0,0,0.0
KNN,No SMOTE,0,0,0.0
KNN,No SMOTE,0,0,0.0
KNN,No SMOTE,0,0,0.0
KNN,No SMOTE,0,0,0.0
KNN,No SMOTE,0,0,0.0
KNN,No SMOTE,0,0,0.0
KNN,No SMOTE,0,0,0.0
KNN,No SMOTE,0,0,0.0
KNN,No SMOTE,0,0,0.0
KNN,No SMOTE,0,0,0.0
KNN,No SMOTE,0,0,0.0
KNN,No SMOTE,0,0,0.0
KNN,No SMOTE,0,0,0.0
KNN,No SMOTE,0,0,0.0
KNN,No SMOTE,0,0,0.0
KNN,No SMOTE,0,0,0.0
KNN,No SMOTE,0,0,0.0
KNN,No SMOTE,0,0,0.0
KNN,No SMOTE,0,0,0.0
KNN,No SMOTE,0,0,0.0
KNN,No SMOTE,0,0,0.0
KNN,No SMOTE,0,0,0.0
KNN,No SMOTE,0,0,0.0
KNN,No SMOTE,0,0,0.0
KNN,No SMOTE,0,0,0.0
KNN,No SMOTE,0,0,0.0
KNN,No SMOTE,0,0,0.0
KNN,No SMOTE,0,0,0.0
KNN,No SMOTE,0,0,0.0
KNN,No SMOTE,0,0,0.0
KNN,No SMOTE,0,0,0.0
KNN,No SMOTE,0,0,0.0
KNN,No SMOTE,0,0,0.0
KNN,No SMOTE,0,0,0.0
KNN,No SMOTE,0,0,0.0
KNN,No SMOTE,0,0,0.0
KNN,No SMOTE,0,0,0.0
KNN,No SMOTE,0,0,0.0
KNN,No SMOTE,0,0,0.0
KNN,No SMOTE,0,0,0.0
KNN,No SMOTE,0,0,0.0
KNN,No SMOTE,0,0,0.0
KNN,No SMOTE,0,0,0.0
KNN,No SMOTE,0,0,0.0
KNN,No SMOTE,0,0,0.0
KNN,No SMOTE,0,0,0.0
KNN,No SMOTE,0,0,0.0
KNN,No SMOTE,0,0,0.0
KNN,No SMOTE,0,0,0.0
KNN,No SMOTE,0,0,0.0
KNN,No SMOTE,0,0,0.0
KNN,No SMOTE,0,0,0.0
KNN,No SMOTE,0,0,0.0
KNN,No SMOTE,0,0,0.0
KNN,No SMOTE,0,0,0.0
KNN,No SMOTE,0,0,0.0
KNN,No SMOTE,0,0,0.0
KNN,No SMOTE,0,0,0.0
KNN,No SMOTE,0,0,0.0
KNN,No SMOTE,0,0,0.0
KNN,No SMOTE,0,0,0.0
KNN,No SMOTE,0,0,0.0
KNN,No SMOTE,0,0,0.0
KNN,No SMOTE,0,0,0.0
KNN,No SMOTE,0,0,0.0
KNN,No SMOTE,0,0,0.0
KNN,No SMOTE,0,0,0.0
KNN,No SMOTE,0,0,0.0
KNN,No SMOTE,0,0,0.0
KNN,No SMOTE,0,0,0.0
KNN,No SMOTE,0,0,0.0
KNN,No SMOTE,0,0,0.0
KNN,No SMOTE,0,0,0.0
KNN,No SMOTE,0,0,0.0
KNN,No SMOTE,0,0,0.0
KNN,No SMOTE,0,0,0.0
KNN,No SMOTE,0,0,0.0
KNN,No SMOTE,0,0,0.0
KNN,No SMOTE,0,0,0.0
KNN,No SMOTE,0,0,0.0
KNN,No SMOTE,0,0,0.0
KNN,No SMOTE,0,0,0.0
KNN,No SMOTE,0,0,0.0
KNN,No SMOTE,0,0,0.0
KNN,No SMOTE,0,0,0.0
KNN,No SMOTE,0,0,0.0
KNN,No SMOTE,0,0,0.0
KNN,No SMOTE,0,0,0.0
KNN,No SMOTE,0,0,0.0
KNN,No SMOTE,0,0,0.0
KNN,No SMOTE,0,0,0.0
KNN,No SMOTE,0,0,0.0
KNN,No SMOTE,0,0,0.0
KNN,No SMOTE,0,0,0.0
KNN,No SMOTE,0,0,0.0
KNN,No SMOTE,0,0,0.0
KNN,No SMOTE,0,0,0.0
KNN,No SMOTE,0,0,0.0
KNN,No SMOTE,0,0,0.0
KNN,No SMOTE,0,0,0.0
KNN,No SMOTE,0,0,0.0
KNN,No SMOTE,0,0,0.0
KNN,No SMOTE,0,0,0.0
KNN,No SMOTE,0,0,0.0
KNN,No SMOTE,0,0,0.0
KNN,No SMOTE,0,0,0.0
KNN,No SMOTE,0,0,0.0
KNN,No SMOTE,0,0,0.0
KNN,No SMOTE,0,0,0.0
KNN,No SMOTE,0,0,0.0
KNN,No SMOTE,0,0,0.0
KNN,No SMOTE,0,0,0.0
KNN,No SMOTE,0,0,0.0
KNN,No SMOTE,0,0,0.0
KNN,No SMOTE,0,0,0.0
KNN,No SMOTE,0,0,0.0
KNN,No SMOTE,0,0,0.0
KNN,No SMOTE,0,0,0.0
KNN,No SMOTE,0,0,0.0
KNN,No SMOTE,0,0,0.0
KNN,No SMOTE,0,0,0.0
KNN,No SMOTE,0,0,0.0
KNN,No SMOTE,0,0,0.0
KNN,No SMOTE,0,0,0.0
KNN,No SMOTE,0,0,0.0
KNN,No SMOTE,0,0,0.0
KNN,No SMOTE,0,0,0.0
KNN,No SMOTE,0,0,0.0
KNN,No SMOTE,0,0,0.0
KNN,No SMOTE,0,0,0.0
KNN,No SMOTE,0,0,0.0
KNN,No SMOTE,0,0,0.0
KNN,No SMOTE,0,0,0.0
KNN,No SMOTE,0,0,0.0
KNN,No SMOTE,0,0,0.0
KNN,No SMOTE,0,0,0.0
KNN,No SMOTE,0,0,0.0
KNN,No SMOTE,0,0,0.0
KNN,No SMOTE,0,0,0.0
KNN,No SMOTE,0,0,0.0
KNN,No SMOTE,0,0,0.0
KNN,No SMOTE,0,0,0.0
KNN,No SMOTE,0,0,0.0
KNN,No SMOTE,0,0,0.0
KNN,No SMOTE,0,0,0.0
KNN,No SMOTE,0,0,0.0
KNN,No SMOTE,0,0,0.0
KNN,No SMOTE,0,0,0.0
KNN,No SMOTE,0,0,0.0
KNN,No SMOTE,0,0,0.0
KNN,No SMOTE,0,0,0.0
KNN,No SMOTE,0,0,0.0
KNN,No SMOTE,0,0,0.0
KNN,No SMOTE,0,0,0.0
KNN,No SMOTE,0,0,0.0
KNN,No SMOTE,0,0,0.0
KNN,No SMOTE,0,0,0.0
KNN,No SMOTE,0,0,0.0
KNN,No SMOTE,0,0,0.0
KNN,No SMOTE,0,0,0.0
KNN,No SMOTE,0,0,0.0
KNN,No SMOTE,0,0,0.0
KNN,No SMOTE,0,0,0.0
KNN,No SMOTE,0,0,0.0
KNN,No SMOTE,0,0,0.0
KNN,No SMOTE,0,0,0.0
KNN,No SMOTE,0,0,0.0
KNN,No SMOTE,0,0,0.0
KNN,No SMOTE,0,0,0.0
KNN,No SMOTE,0,0,0.0
KNN,No SMOTE,0,0,0.0
KNN,No SMOTE,0,0,0.0
KNN,No SMOTE,0,0,0.0
KNN,No SMOTE,0,0,0.0
KNN,No SMOTE,0,0,0.0
KNN,No SMOTE,0,0,0.0
KNN,No SMOTE,0,0,0.0
KNN,No SMOTE,0,0,0.0
KNN,No SMOTE,0,0,0.0
KNN,No SMOTE,0,0,0.0
KNN,No SMOTE,0,0,0.0
KNN,No SMOTE,0,0,0.0
KNN,No SMOTE,0,0,0.0
KNN,No SMOTE,0,0,0.0
KNN,No SMOTE,0,0,0.0
KNN,No SMOTE,0,0,0.0
KNN,No SMOTE,0,0,0.0
KNN,No SMOTE,0,0,0.0
KNN,No SMOTE,0,0,0.0
KNN,No SMOTE,0,0,0.0
KNN,No SMOTE,0,0,0.0
KNN,No SMOTE,0,0,0.0
KNN,No SMOTE,0,0,0.0
KNN,No SMOTE,0,0,0.0
KNN,No SMOTE,0,0,0.0
KNN,No SMOTE,0,0,0.0
KNN,No SMOTE,0,0,0.0
KNN,No SMOTE,0,0,0.0
KNN,No SMOTE,0,0,0.0
KNN,No SMOTE,0,0,0.0
KNN,No SMOTE,0,0,0.0
KNN,No SMOTE,0,0,0.0
KNN,No SMOTE,0,0,0.0
KNN,No SMOTE,0,0,0.0
KNN,No SMOTE,0,0,0.0
KNN,No SMOTE,0,0,0.0
KNN,No SMOTE,0,0,0.0
KNN,No SMOTE,0,0,0.0
KNN,No SMOTE,0,0,0.0
KNN,No SMOTE,0,0,0.0
KNN,No SMOTE,0,0,0.0
KNN,No SMOTE,0,0,0.0
KNN,No SMOTE,0,0,0.0
KNN,No SMOTE,0,0,0.0
KNN,No SMOTE,0,0,0.0
KNN,No SMOTE,0,0,0.0
KNN,No SMOTE,0,0,0.0
KNN,No SMOTE,0,0,0.0
KNN,No SMOTE,0,0,0.0
KNN,No SMOTE,0,0,0.0
KNN,No SMOTE,0,0,0.0
KNN,No SMOTE,0,0,0.0
KNN,No SMOTE,0,0,0.0
KNN,No SMOTE,0,0,0.0
KNN,No SMOTE,0,0,0.0
KNN,No SMOTE,0,0,0.0
KNN,No SMOTE,0,0,0.0
KNN,No SMOTE,0,0,0.0
KNN,No SMOTE,0,0,0.0
KNN,No SMOTE,0,0,0.0
KNN,No SMOTE,0,0,0.0
KNN,No SMOTE,0,0,0.0
KNN,No SMOTE,0,0,0.0
KNN,No SMOTE,0,0,0.0
KNN,No SMOTE,0,0,0.0
KNN,No SMOTE,0,0,0.0
KNN,No SMOTE,0,0,0.0
KNN,No SMOTE,0,0,0.0
KNN,No SMOTE,0,0,0.0
KNN,No SMOTE,0,0,0.0
KNN,No SMOTE,0,0,0.0
KNN,No SMOTE,0,0,0.0
KNN,No SMOTE,0,0,0.0
KNN,No SMOTE,0,0,0.0
KNN,No SMOTE,0,0,0.0
KNN,No SMOTE,0,0,0.0
KNN,No SMOTE,0,0,0.0
KNN,No SMOTE,0,0,0.0
KNN,No SMOTE,0,0,0.0
KNN,No SMOTE,0,0,0.0
KNN,No SMOTE,0,0,0.0
KNN,No SMOTE,0,0,0.0
KNN,No SMOTE,0,0,0.0
KNN,No SMOTE,0,0,0.0
KNN,No SMOTE,0,0,0.0
KNN,No SMOTE,0,0,0.0
KNN,No SMOTE,0,0,0.0
KNN,No SMOTE,0,0,0.0
KNN,No SMOTE,0,0,0.0
KNN,No SMOTE,0,0,0.0
KNN,No SMOTE,0,0,0.0
KNN,No SMOTE,0,0,0.0
KNN,No SMOTE,0,0,0.0
KNN,No SMOTE,0,0,0.0
KNN,No SMOTE,0,0,0.0
KNN,No SMOTE,0,0,0.0
KNN,No SMOTE,0,0,0.0
KNN,No SMOTE,0,0,0.0
KNN,No SMOTE,0,0,0.0
KNN,No SMOTE,0,0,0.0
KNN,No SMOTE,0,0,0.0
KNN,No SMOTE,0,0,0.0
KNN,No SMOTE,0,0,0.0
KNN,No SMOTE,0,0,0.0
KNN,No SMOTE,0,0,0.0
KNN,No SMOTE,0,0,0.0
KNN,No SMOTE,0,0,0.0
KNN,No SMOTE,0,0,0.0
KNN,No SMOTE,0,0,0.0
KNN,No SMOTE,0,0,0.0
KNN,No SMOTE,0,0,0.0
KNN,No SMOTE,0,0,0.0
KNN,No SMOTE,0,0,0.0
KNN,No SMOTE,0,0,0.0
KNN,No SMOTE,0,0,0.0
KNN,No SMOTE,0,0,0.0
KNN,No SMOTE,0,0,0.0
KNN,No SMOTE,0,0,0.0
KNN,No SMOTE,0,0,0.0
KNN,No SMOTE,0,0,0.0
KNN,No SMOTE,0,0,0.0
KNN,No SMOTE,0,0,0.0
KNN,No SMOTE,0,0,0.0
KNN,No SMOTE,0,0,0.0
KNN,No SMOTE,0,0,0.0
KNN,No SMOTE,0,0,0.0
KNN,No SMOTE,0,0,0.0
KNN,No SMOTE,0,0,0.0
KNN,No SMOTE,0,0,0.0
KNN,No SMOTE,0,0,0.0
KNN,No SMOTE,0,0,0.0
KNN,No SMOTE,0,0,0.0
KNN,No SMOTE,0,0,0.0
KNN,No SMOTE,0,0,0.0
KNN,No SMOTE,0,0,0.0
KNN,No SMOTE,0,0,0.0
KNN,No SMOTE,0,0,0.0
KNN,No SMOTE,0,0,0.0
KNN,No SMOTE,0,0,0.0
KNN,No SMOTE,0,0,0.0
KNN,No SMOTE,0,0,0.0
KNN,No SMOTE,0,0,0.0
KNN,No SMOTE,0,0,0.0
KNN,No SMOTE,0,0,0.0
KNN,No SMOTE,0,0,0.0
KNN,No SMOTE,0,0,0.0
KNN,No SMOTE,0,0,0.0
KNN,No SMOTE,0,0,0.0
KNN,No SMOTE,0,0,0.0
KNN,No SMOTE,0,0,0.0
KNN,No SMOTE,0,0,0.0
KNN,No SMOTE,0,0,0.0
KNN,No SMOTE,0,0,0.0
KNN,No SMOTE,0,0,0.0
KNN,No SMOTE,0,0,0.0
KNN,No SMOTE,0,0,0.0
KNN,No SMOTE,0,0,0.0
KNN,No SMOTE,0,0,0.0
KNN,No SMOTE,0,0,0.0
KNN,No SMOTE,0,0,0.0
KNN,No SMOTE,0,0,0.0
KNN,No SMOTE,0,0,0.0
KNN,No SMOTE,0,0,0.0
KNN,No SMOTE,0,0,0.0
KNN,No SMOTE,0,0,0.0
KNN,No SMOTE,0,0,0.0
KNN,No SMOTE,0,0,0.0
KNN,No SMOTE,0,0,0.0
KNN,No SMOTE,0,0,0.0
KNN,No SMOTE,0,0,0.0
KNN,No SMOTE,0,0,0.0
KNN,No SMOTE,0,0,0.0
KNN,No SMOTE,0,0,0.0
KNN,No SMOTE,0,0,0.0
KNN,No SMOTE,0,0,0.0
KNN,No SMOTE,0,0,0.0
KNN,No SMOTE,0,0,0.0
KNN,No SMOTE,0,0,0.0
KNN,No SMOTE,0,0,0.0
KNN,No SMOTE,0,0,0.0
KNN,No SMOTE,0,0,0.0
KNN,No SMOTE,0,0,0.0
KNN,No SMOTE,0,0,0.0
KNN,No SMOTE,0,0,0.0
KNN,No SMOTE,0,0,0.0
KNN,No SMOTE,0,0,0.0
KNN,No SMOTE,0,0,0.0
KNN,No SMOTE,0,0,0.0
KNN,No SMOTE,0,0,0.0
KNN,No SMOTE,0,0,0.0
KNN,No SMOTE,0,0,0.0
KNN,No SMOTE,0,0,0.0
KNN,No SMOTE,0,0,0.0
KNN,No SMOTE,0,0,0.0
KNN,No SMOTE,0,0,0.0
KNN,No SMOTE,0,0,0.0
KNN,No SMOTE,0,0,0.0
KNN,No SMOTE,0,0,0.0
KNN,No SMOTE,0,0,0.0
KNN,No SMOTE,0,0,0.0
KNN,No SMOTE,0,0,0.0
KNN,No SMOTE,0,0,0.0
KNN,No SMOTE,0,0,0.0
KNN,No SMOTE,0,0,0.0
KNN,No SMOTE,0,0,0.0
KNN,No SMOTE,0,0,0.0
KNN,No SMOTE,0,0,0.0
KNN,No SMOTE,0,0,0.0
KNN,No SMOTE,0,0,0.0
KNN,No SMOTE,0,0,0.0
KNN,No SMOTE,0,0,0.0
KNN,No SMOTE,0,0,0.0
KNN,No SMOTE,0,0,0.0
KNN,No SMOTE,0,0,0.0
KNN,No SMOTE,0,0,0.0
KNN,No SMOTE,0,0,0.0
KNN,No SMOTE,0,0,0.0
KNN,No SMOTE,0,0,0.0
KNN,No SMOTE,0,0,0.0
KNN,No SMOTE,0,0,0.0
KNN,No SMOTE,0,0,0.0
KNN,No SMOTE,0,0,0.0
KNN,No SMOTE,0,0,0.0
KNN,No SMOTE,0,0,0.0
KNN,No SMOTE,0,0,0.0
KNN,No SMOTE,0,0,0.0
KNN,No SMOTE,0,0,0.0
KNN,No SMOTE,0,0,0.0
KNN,No SMOTE,0,0,0.0
KNN,No SMOTE,0,0,0.0
KNN,No SMOTE,0,0,0.0
KNN,No SMOTE,0,0,0.0
KNN,No SMOTE,0,0,0.0
KNN,No SMOTE,0,0,0.0
KNN,No SMOTE,0,0,0.0
KNN,No SMOTE,0,0,0.0
KNN,No SMOTE,0,0,0.0
KNN,No SMOTE,0,0,0.0
KNN,No SMOTE,0,0,0.0
KNN,No SMOTE,0,0,0.0
KNN,No SMOTE,0,0,0.0
KNN,No SMOTE,0,0,0.0
KNN,No SMOTE,0,0,0.0
KNN,No SMOTE,0,0,0.0
KNN,No SMOTE,0,0,0.0
KNN,No SMOTE,0,0,0.0
KNN,No SMOTE,0,0,0.0
KNN,No SMOTE,0,0,0.0
KNN,No SMOTE,0,0,0.0
KNN,No SMOTE,0,0,0.0
KNN,No SMOTE,0,0,0.0
KNN,No SMOTE,0,0,0.0
KNN,No SMOTE,0,0,0.0
KNN,No SMOTE,0,0,0.0
KNN,No SMOTE,0,0,0.0
KNN,No SMOTE,0,0,0.0
KNN,No SMOTE,0,0,0.0
KNN,No SMOTE,0,0,0.0
KNN,No SMOTE,0,0,0.0
KNN,No SMOTE,0,0,0.0
KNN,No SMOTE,0,0,0.0
KNN,No SMOTE,0,0,0.0
KNN,No SMOTE,0,0,0.0
KNN,No SMOTE,0,0,0.0
KNN,No SMOTE,0,0,0.0
KNN,No SMOTE,0,0,0.0
KNN,No SMOTE,0,0,0.0
KNN,No SMOTE,0,0,0.0
KNN,No SMOTE,0,0,0.0
KNN,No SMOTE,0,0,0.0
KNN,No SMOTE,0,0,0.0
KNN,No SMOTE,0,0,0.0
KNN,No SMOTE,0,0,0.0
KNN,No SMOTE,0,0,0.0
KNN,No SMOTE,0,0,0.0
KNN,No SMOTE,0,0,0.0
KNN,No SMOTE,0,0,0.0
KNN,No SMOTE,0,0,0.0
KNN,No SMOTE,0,0,0.0
KNN,No SMOTE,0,0,0.0
KNN,No SMOTE,0,0,0.0
KNN,No SMOTE,0,0,0.0
KNN,No SMOTE,0,0,0.0
KNN,No SMOTE,0,0,0.0
KNN,No SMOTE,0,0,0.0
KNN,No SMOTE,0,0,0.0
KNN,No SMOTE,0,0,0.0
KNN,No SMOTE,0,0,0.0
KNN,No SMOTE,0,0,0.0
KNN,No SMOTE,0,0,0.0
KNN,No SMOTE,0,0,0.0
KNN,No SMOTE,0,0,0.0
KNN,No SMOTE,0,0,0.0
KNN,No SMOTE,0,0,0.0
KNN,No SMOTE,0,0,0.0
KNN,No SMOTE,0,0,0.0
KNN,No SMOTE,0,0,0.0
KNN,No SMOTE,0,0,0.0
KNN,No SMOTE,0,0,0.0
KNN,No SMOTE,0,0,0.0
KNN,No SMOTE,0,0,0.0
KNN,No SMOTE,0,0,0.0
KNN,No SMOTE,0,0,0.0
KNN,No SMOTE,0,0,0.0
KNN,No SMOTE,0,0,0.0
KNN,No SMOTE,0,0,0.0
KNN,No SMOTE,0,0,0.0
KNN,No SMOTE,0,0,0.0
KNN,No SMOTE,0,0,0.0
KNN,No SMOTE,0,0,0.0
KNN,No SMOTE,0,0,0.0
KNN,No SMOTE,0,0,0.0
KNN,No SMOTE,0,0,0.0
KNN,No SMOTE,0,0,0.0
KNN,No SMOTE,0,0,0.0
KNN,No SMOTE,0,0,0.0
KNN,No SMOTE,0,0,0.0
KNN,No SMOTE,0,0,0.0
KNN,No SMOTE,0,0,0.0
KNN,No SMOTE,0,0,0.0
KNN,No SMOTE,0,0,0.0
KNN,No SMOTE,0,0,0.0
KNN,No SMOTE,0,0,0.0
KNN,No SMOTE,0,0,0.0
KNN,No SMOTE,0,0,0.0
KNN,No SMOTE,0,0,0.0
KNN,No SMOTE,0,0,0.0
KNN,No SMOTE,0,0,0.0
KNN,No SMOTE,0,0,0.0
KNN,No SMOTE,0,0,0.0
KNN,No SMOTE,0,0,0.0
KNN,No SMOTE,0,0,0.0
KNN,No SMOTE,0,0,0.0
KNN,No SMOTE,0,0,0.0
KNN,No SMOTE,0,0,0.0
KNN,No SMOTE,0,0,0.0
KNN,No SMOTE,0,0,0.0
KNN,No SMOTE,0,0,0.0
KNN,No SMOTE,0,0,0.0
KNN,No SMOTE,0,0,0.0
KNN,No SMOTE,0,0,0.0
KNN,No SMOTE,0,0,0.0
KNN,No SMOTE,0,0,0.0
KNN,No SMOTE,0,0,0.0
KNN,No SMOTE,0,0,0.0
KNN,No SMOTE,0,0,0.0
KNN,No SMOTE,0,0,0.0
KNN,No SMOTE,0,0,0.0
KNN,No SMOTE,0,0,0.0
KNN,No SMOTE,0,0,0.0
KNN,No SMOTE,0,0,0.0
KNN,No SMOTE,0,0,0.0
KNN,No SMOTE,0,0,0.0
KNN,No SMOTE,0,0,0.0
KNN,No SMOTE,0,0,0.0
KNN,No SMOTE,0,0,0.0
KNN,No SMOTE,0,0,0.0
KNN,No SMOTE,0,0,0.0
KNN,No SMOTE,0,0,0.0
KNN,No SMOTE,0,0,0.0
KNN,No SMOTE,0,0,0.0
KNN,No SMOTE,0,0,0.0
KNN,No SMOTE,0,0,0.0
KNN,No SMOTE,0,0,0.0
KNN,No SMOTE,0,0,0.0
KNN,No SMOTE,0,0,0.0
KNN,No SMOTE,0,0,0.0
KNN,No SMOTE,0,0,0.0
KNN,No SMOTE,0,0,0.0
KNN,No SMOTE,0,0,0.0
KNN,No SMOTE,0,0,0.0
KNN,No SMOTE,0,0,0.0
KNN,No SMOTE,0,0,0.0
KNN,No SMOTE,0,0,0.0
KNN,No SMOTE,0,0,0.0
KNN,No SMOTE,0,0,0.0
KNN,No SMOTE,0,0,0.0
KNN,No SMOTE,0,0,0.0
KNN,No SMOTE,0,0,0.0
KNN,No SMOTE,0,0,0.0
KNN,No SMOTE,0,0,0.0
KNN,No SMOTE,0,0,0.0
KNN,No SMOTE,0,0,0.0
KNN,No SMOTE,0,0,0.0
KNN,No SMOTE,0,0,0.0
KNN,No SMOTE,0,0,0.0
KNN,No SMOTE,0,0,0.0
KNN,No SMOTE,0,0,0.0
KNN,No SMOTE,0,0,0.0
KNN,No SMOTE,0,0,0.0
KNN,No SMOTE,0,0,0.0
KNN,No SMOTE,0,0,0.0
KNN,No SMOTE,0,0,0.0
KNN,No SMOTE,0,0,0.0
KNN,No SMOTE,0,0,0.0
KNN,No SMOTE,0,0,0.0
KNN,No SMOTE,0,0,0.0
KNN,No SMOTE,0,0,0.0
KNN,No SMOTE,0,0,0.0
KNN,No SMOTE,0,0,0.0
KNN,No SMOTE,0,0,0.0
KNN,No SMOTE,0,0,0.0
KNN,No SMOTE,0,0,0.0
KNN,No SMOTE,0,0,0.0
KNN,No SMOTE,0,0,0.0
KNN,No SMOTE,0,0,0.0
KNN,No SMOTE,0,0,0.0
KNN,No SMOTE,0,0,0.0
KNN,No SMOTE,0,0,0.0
KNN,No SMOTE,0,0,0.0
KNN,No SMOTE,0,0,0.0
KNN,No SMOTE,0,0,0.0
KNN,No SMOTE,0,0,0.0
KNN,No SMOTE,0,0,0.0
KNN,No SMOTE,0,0,0.0
KNN,No SMOTE,0,0,0.0
KNN,No SMOTE,0,0,0.0
KNN,No SMOTE,0,0,0.0
KNN,No SMOTE,0,0,0.0
KNN,No SMOTE,0,0,0.0
KNN,No SMOTE,0,0,0.0
KNN,No SMOTE,0,0,0.0
KNN,No SMOTE,0,0,0.0
KNN,No SMOTE,0,0,0.0
KNN,No SMOTE,0,0,0.0
KNN,No SMOTE,0,0,0.0
KNN,No SMOTE,0,0,0.0
KNN,No SMOTE,0,0,0.0
KNN,No SMOTE,0,0,0.0
KNN,No SMOTE,0,0,0.0
KNN,No SMOTE,0,0,0.0
KNN,No SMOTE,0,0,0.0
KNN,No SMOTE,0,0,0.0
KNN,No SMOTE,0,0,0.0
KNN,No SMOTE,0,0,0.0
KNN,No SMOTE,0,0,0.0
KNN,No SMOTE,0,0,0.0
KNN,No SMOTE,0,0,0.0
KNN,No SMOTE,0,0,0.0
KNN,No SMOTE,0,0,0.0
KNN,No SMOTE,0,0,0.0
KNN,No SMOTE,0,0,0.0
KNN,No SMOTE,0,0,0.0
KNN,No SMOTE,0,0,0.0
KNN,No SMOTE,0,0,0.0
KNN,No SMOTE,0,0,0.0
KNN,No SMOTE,0,0,0.0
KNN,No SMOTE,0,0,0.0
KNN,No SMOTE,0,0,0.0
KNN,No SMOTE,0,0,0.0
KNN,No SMOTE,0,0,0.0
KNN,No SMOTE,0,0,0.0
KNN,No SMOTE,0,0,0.0
KNN,No SMOTE,0,0,0.0
KNN,No SMOTE,0,0,0.0
KNN,No SMOTE,0,0,0.0
KNN,No SMOTE,0,0,0.0
KNN,No SMOTE,0,0,0.0
KNN,No SMOTE,0,0,0.0
KNN,No SMOTE,0,0,0.0
KNN,No SMOTE,0,0,0.0
KNN,No SMOTE,0,0,0.0
KNN,No SMOTE,0,0,0.0
KNN,No SMOTE,0,0,0.0
KNN,No SMOTE,0,0,0.0
KNN,No SMOTE,0,0,0.0
KNN,No SMOTE,0,0,0.0
KNN,No SMOTE,0,0,0.0
KNN,No SMOTE,0,0,0.0
KNN,No SMOTE,0,0,0.0
KNN,No SMOTE,0,0,0.0
KNN,No SMOTE,0,0,0.0
KNN,No SMOTE,0,0,0.0
KNN,No SMOTE,0,0,0.0
KNN,No SMOTE,0,0,0.0
KNN,No SMOTE,0,0,0.0
KNN,No SMOTE,0,0,0.0
KNN,No SMOTE,0,0,0.0
KNN,No SMOTE,0,0,0.0
KNN,No SMOTE,0,0,0.0
KNN,No SMOTE,0,0,0.0
KNN,No SMOTE,0,0,0.0
KNN,No SMOTE,0,0,0.0
KNN,No SMOTE,0,0,0.0
KNN,No SMOTE,0,0,0.0
KNN,No SMOTE,0,0,0.0
KNN,No SMOTE,0,0,0.0
KNN,No SMOTE,0,0,0.0
KNN,No SMOTE,0,0,0.0
KNN,No SMOTE,0,0,0.0
KNN,No SMOTE,0,0,0.0
KNN,No SMOTE,0,0,0.0
KNN,No SMOTE,0,0,0.0
KNN,No SMOTE,0,0,0.0
KNN,No SMOTE,0,0,0.0
KNN,No SMOTE,0,0,0.0
KNN,No SMOTE,0,0,0.0
KNN,No SMOTE,0,0,0.0
KNN,No SMOTE,0,0,0.0
KNN,No SMOTE,0,0,0.0
KNN,No SMOTE,0,0,0.0
KNN,No SMOTE,0,0,0.0
KNN,No SMOTE,0,0,0.0
KNN,No SMOTE,0,0,0.0
KNN,No SMOTE,0,0,0.0
KNN,No SMOTE,0,0,0.0
KNN,No SMOTE,0,0,0.0
KNN,No SMOTE,0,0,0.0
KNN,No SMOTE,0,0,0.0
KNN,No SMOTE,0,0,0.0
KNN,No SMOTE,0,0,0.0
KNN,No SMOTE,0,0,0.0
KNN,No SMOTE,0,0,0.0
KNN,No SMOTE,0,0,0.0
KNN,No SMOTE,0,0,0.0
KNN,No SMOTE,0,0,0.0
KNN,No SMOTE,0,0,0.0
KNN,No SMOTE,0,0,0.0
KNN,No SMOTE,0,0,0.0
KNN,No SMOTE,0,0,0.0
KNN,No SMOTE,0,0,0.0
KNN,No SMOTE,0,0,0.0
KNN,No SMOTE,0,0,0.0
KNN,No SMOTE,0,0,0.0
KNN,No SMOTE,0,0,0.0
KNN,No SMOTE,0,0,0.0
KNN,No SMOTE,0,0,0.0
KNN,No SMOTE,0,0,0.0
KNN,No SMOTE,0,0,0.0
KNN,No SMOTE,0,0,0.0
KNN,No SMOTE,0,0,0.0
KNN,No SMOTE,0,0,0.0
KNN,No SMOTE,0,0,0.0
KNN,No SMOTE,0,0,0.0
KNN,No SMOTE,0,0,0.0
KNN,No SMOTE,0,0,0.0
KNN,No SMOTE,0,0,0.0
KNN,No SMOTE,0,0,0.0
KNN,No SMOTE,0,0,0.0
KNN,No SMOTE,0,0,0.0
KNN,No SMOTE,0,0,0.0
KNN,No SMOTE,0,0,0.0
KNN,No SMOTE,0,0,0.0
KNN,No SMOTE,0,0,0.0
KNN,No SMOTE,0,0,0.0
KNN,No SMOTE,0,0,0.0
KNN,No SMOTE,0,0,0.0
KNN,No SMOTE,0,0,0.0
KNN,No SMOTE,0,0,0.0
KNN,No SMOTE,0,0,0.0
KNN,No SMOTE,0,0,0.0
KNN,No SMOTE,0,0,0.0
KNN,No SMOTE,0,0,0.0
KNN,No SMOTE,0,0,0.0
KNN,No SMOTE,0,0,0.0
KNN,No SMOTE,0,0,0.0
KNN,No SMOTE,0,0,0.0
KNN,No SMOTE,0,0,0.0
KNN,No SMOTE,0,0,0.0
KNN,No SMOTE,0,0,0.0
KNN,No SMOTE,0,0,0.0
KNN,No SMOTE,0,0,0.0
KNN,No SMOTE,0,0,0.0
KNN,No SMOTE,0,0,0.0
KNN,No SMOTE,0,0,0.0
KNN,No SMOTE,0,0,0.0
KNN,No SMOTE,0,0,0.0
KNN,No SMOTE,0,0,0.0
KNN,No SMOTE,0,0,0.0
KNN,No SMOTE,0,0,0.0
KNN,No SMOTE,0,0,0.0
KNN,No SMOTE,0,0,0.0
KNN,No SMOTE,0,0,0.0
KNN,No SMOTE,0,0,0.0
KNN,No SMOTE,0,0,0.0
KNN,No SMOTE,0,0,0.0
KNN,No SMOTE,0,0,0.0
KNN,No SMOTE,0,0,0.0
KNN,No SMOTE,0,0,0.0
KNN,No SMOTE,0,0,0.0
KNN,No SMOTE,0,0,0.0
KNN,No SMOTE,0,0,0.0
KNN,No SMOTE,0,0,0.0
KNN,No SMOTE,0,0,0.0
KNN,No SMOTE,0,0,0.0
KNN,No SMOTE,0,0,0.0
KNN,No SMOTE,0,0,0.0
KNN,No SMOTE,0,0,0.0
KNN,No SMOTE,0,0,0.0
KNN,No SMOTE,0,0,0.0
KNN,No SMOTE,0,0,0.0
KNN,No SMOTE,0,0,0.0
KNN,No SMOTE,0,0,0.0
KNN,No SMOTE,0,0,0.0
KNN,No SMOTE,0,0,0.0
KNN,No SMOTE,0,0,0.0
KNN,No SMOTE,0,0,0.0
KNN,No SMOTE,0,0,0.0
KNN,No SMOTE,0,0,0.0
KNN,No SMOTE,0,0,0.0
KNN,No SMOTE,0,0,0.0
KNN,No SMOTE,0,0,0.0
KNN,No SMOTE,0,0,0.0
KNN,No SMOTE,0,0,0.0
KNN,No SMOTE,0,0,0.0
KNN,No SMOTE,0,0,0.0
KNN,No SMOTE,0,0,0.0
KNN,No SMOTE,0,0,0.0
KNN,No SMOTE,0,0,0.0
KNN,No SMOTE,0,0,0.0
KNN,No SMOTE,0,0,0.0
KNN,No SMOTE,0,0,0.0
KNN,No SMOTE,0,0,0.0
KNN,No SMOTE,0,0,0.0
KNN,No SMOTE,0,0,0.0
KNN,No SMOTE,0,0,0.0
KNN,No SMOTE,0,0,0.0
KNN,No SMOTE,0,0,0.0
KNN,No SMOTE,0,0,0.0
KNN,No SMOTE,0,0,0.0
KNN,No SMOTE,0,0,0.0
KNN,No SMOTE,0,0,0.0
KNN,No SMOTE,0,0,0.0
KNN,No SMOTE,0,0,0.0
KNN,No SMOTE,0,0,0.0
KNN,No SMOTE,0,0,0.0
KNN,No SMOTE,0,0,0.0
KNN,No SMOTE,0,0,0.0
KNN,No SMOTE,0,0,0.0
KNN,No SMOTE,0,0,0.0
KNN,No SMOTE,0,0,0.0
KNN,No SMOTE,0,0,0.0
KNN,No SMOTE,0,0,0.0
KNN,No SMOTE,0,0,0.0
KNN,No SMOTE,0,0,0.0
KNN,No SMOTE,0,0,0.0
KNN,No SMOTE,0,0,0.0
KNN,No SMOTE,0,0,0.0
KNN,No SMOTE,0,0,0.0
KNN,No SMOTE,0,0,0.0
KNN,No SMOTE,0,0,0.0
KNN,No SMOTE,0,0,0.0
KNN,No SMOTE,0,0,0.0
KNN,No SMOTE,0,0,0.0
KNN,No SMOTE,0,0,0.0
KNN,No SMOTE,0,0,0.0
KNN,No SMOTE,0,0,0.0
KNN,No SMOTE,0,0,0.0
KNN,No SMOTE,0,0,0.0
KNN,No SMOTE,0,0,0.0
KNN,No SMOTE,0,0,0.0
KNN,No SMOTE,0,0,0.0
KNN,No SMOTE,0,0,0.0
KNN,No SMOTE,0,0,0.0
KNN,No SMOTE,0,0,0.0
KNN,No SMOTE,0,0,0.0
KNN,No SMOTE,0,0,0.0
KNN,No SMOTE,0,0,0.0
KNN,No SMOTE,0,0,0.0
KNN,No SMOTE,0,0,0.0
KNN,No SMOTE,0,0,0.0
KNN,No SMOTE,0,0,0.0
KNN,No SMOTE,0,0,0.0
KNN,No SMOTE,0,0,0.0
KNN,No SMOTE,0,0,0.0
KNN,No SMOTE,0,0,0.0
KNN,No SMOTE,0,0,0.0
KNN,No SMOTE,0,0,0.0
KNN,No SMOTE,0,0,0.0
KNN,No SMOTE,0,0,0.0
KNN,No SMOTE,0,0,0.0
KNN,No SMOTE,0,0,0.0
KNN,No SMOTE,0,0,0.0
KNN,No SMOTE,0,0,0.0
KNN,No SMOTE,0,0,0.0
KNN,No SMOTE,0,0,0.0
KNN,No SMOTE,0,0,0.0
KNN,No SMOTE,0,0,0.0
KNN,No SMOTE,0,0,0.0
KNN,No SMOTE,0,0,0.0
KNN,No SMOTE,0,0,0.0
KNN,No SMOTE,0,0,0.0
KNN,No SMOTE,0,0,0.0
KNN,No SMOTE,0,0,0.0
KNN,No SMOTE,0,0,0.0
KNN,No SMOTE,0,0,0.0
KNN,No SMOTE,0,0,0.0
KNN,No SMOTE,0,0,0.0
KNN,No SMOTE,0,0,0.0
KNN,No SMOTE,0,0,0.0
KNN,No SMOTE,0,0,0.0
KNN,No SMOTE,0,0,0.0
KNN,No SMOTE,0,0,0.0
KNN,No SMOTE,0,0,0.0
KNN,No SMOTE,0,0,0.0
KNN,No SMOTE,0,0,0.0
KNN,No SMOTE,0,0,0.0
KNN,No SMOTE,0,0,0.0
KNN,No SMOTE,0,0,0.0
KNN,No SMOTE,0,0,0.0
KNN,No SMOTE,0,0,0.0
KNN,No SMOTE,0,0,0.0
KNN,No SMOTE,0,0,0.0
KNN,No SMOTE,0,0,0.0
KNN,No SMOTE,0,0,0.0
KNN,No SMOTE,0,0,0.0
KNN,No SMOTE,0,0,0.0
KNN,No SMOTE,0,0,0.0
KNN,No SMOTE,0,0,0.0
KNN,No SMOTE,0,0,0.0
KNN,No SMOTE,0,0,0.0
KNN,No SMOTE,0,0,0.0
KNN,No SMOTE,0,0,0.0
KNN,No SMOTE,0,0,0.0
KNN,No SMOTE,0,0,0.0
KNN,No SMOTE,0,0,0.0
KNN,No SMOTE,0,0,0.0
KNN,No SMOTE,0,0,0.0
KNN,No SMOTE,0,0,0.0
KNN,No SMOTE,0,0,0.0
KNN,No SMOTE,0,0,0.0
KNN,No SMOTE,0,0,0.0
KNN,No SMOTE,0,0,0.0
KNN,No SMOTE,0,0,0.0
KNN,No SMOTE,0,0,0.0
KNN,No SMOTE,0,0,0.0
KNN,No SMOTE,0,0,0.0
KNN,No SMOTE,0,0,0.0
KNN,No SMOTE,0,0,0.0
KNN,No SMOTE,0,0,0.0
KNN,No SMOTE,0,0,0.0
KNN,No SMOTE,0,0,0.0
KNN,No SMOTE,0,0,0.0
KNN,No SMOTE,0,0,0.0
KNN,No SMOTE,0,0,0.0
KNN,No SMOTE,0,0,0.0
KNN,No SMOTE,0,0,0.0
KNN,No SMOTE,0,0,0.0
KNN,No SMOTE,0,0,0.0
KNN,No SMOTE,0,0,0.0
KNN,No SMOTE,0,0,0.0
KNN,No SMOTE,0,0,0.0
KNN,No SMOTE,0,0,0.0
KNN,No SMOTE,0,0,0.0
KNN,No SMOTE,0,0,0.0
KNN,No SMOTE,0,0,0.0
KNN,No SMOTE,0,0,0.0
KNN,No SMOTE,0,0,0.0
KNN,No SMOTE,0,0,0.0
KNN,No SMOTE,0,0,0.0
KNN,No SMOTE,0,0,0.0
KNN,No SMOTE,0,0,0.0
KNN,No SMOTE,0,0,0.0
KNN,No SMOTE,0,0,0.0
KNN,No SMOTE,0,0,0.0
KNN,No SMOTE,0,0,0.0
KNN,No SMOTE,0,0,0.0
KNN,No SMOTE,0,0,0.0
KNN,No SMOTE,0,0,0.0
KNN,No SMOTE,0,0,0.0
KNN,No SMOTE,0,0,0.0
KNN,No SMOTE,0,0,0.0
KNN,No SMOTE,0,0,0.0
KNN,No SMOTE,0,0,0.0
KNN,No SMOTE,0,0,0.0
KNN,No SMOTE,0,0,0.0
KNN,No SMOTE,0,0,0.0
KNN,No SMOTE,0,0,0.0
KNN,No SMOTE,0,0,0.0
KNN,No SMOTE,0,0,0.0
KNN,No SMOTE,0,0,0.0
KNN,No SMOTE,0,0,0.0
KNN,No SMOTE,0,0,0.0
KNN,No SMOTE,0,0,0.0
KNN,No SMOTE,0,0,0.0
KNN,No SMOTE,0,0,0.0
KNN,No SMOTE,0,0,0.0
KNN,No SMOTE,0,0,0.0
KNN,No SMOTE,0,0,0.0
KNN,No SMOTE,0,0,0.0
KNN,No SMOTE,0,0,0.0
KNN,No SMOTE,0,0,0.0
KNN,No SMOTE,0,0,0.0
KNN,No SMOTE,0,0,0.0
KNN,No SMOTE,0,0,0.0
KNN,No SMOTE,0,0,0.0
KNN,No SMOTE,0,0,0.0
KNN,No SMOTE,0,0,0.0
KNN,No SMOTE,0,0,0.0
KNN,No SMOTE,0,0,0.0
KNN,No SMOTE,0,0,0.0
KNN,No SMOTE,0,0,0.0
KNN,No SMOTE,0,0,0.0
KNN,No SMOTE,0,0,0.0
KNN,No SMOTE,0,0,0.0
KNN,No SMOTE,0,0,0.0
KNN,No SMOTE,0,0,0.0
KNN,No SMOTE,0,0,0.0
KNN,No SMOTE,0,0,0.0
KNN,No SMOTE,0,0,0.0
KNN,No SMOTE,0,0,0.0
KNN,No SMOTE,0,0,0.0
KNN,No SMOTE,0,0,0.0
KNN,No SMOTE,0,0,0.0
KNN,No SMOTE,0,0,0.0
KNN,No SMOTE,0,0,0.0
KNN,No SMOTE,0,0,0.0
KNN,No SMOTE,0,0,0.0
KNN,No SMOTE,0,0,0.0
KNN,No SMOTE,0,0,0.0
KNN,No SMOTE,0,0,0.0
KNN,No SMOTE,0,0,0.0
KNN,No SMOTE,0,0,0.0
KNN,No SMOTE,1,1,1.0
KNN,No SMOTE,0,0,0.0
KNN,No SMOTE,0,0,0.0
KNN,No SMOTE,0,0,0.0
KNN,No SMOTE,0,0,0.0
KNN,No SMOTE,0,0,0.0
KNN,No SMOTE,0,0,0.0
KNN,No SMOTE,0,0,0.0
KNN,No SMOTE,0,0,0.0
KNN,No SMOTE,0,0,0.0
KNN,No SMOTE,0,0,0.0
KNN,No SMOTE,0,0,0.0
KNN,No SMOTE,0,0,0.0
KNN,No SMOTE,0,0,0.0
KNN,No SMOTE,0,0,0.0
KNN,No SMOTE,0,0,0.0
KNN,No SMOTE,0,0,0.0
KNN,No SMOTE,0,0,0.0
KNN,No SMOTE,0,0,0.0
KNN,No SMOTE,0,0,0.0
KNN,No SMOTE,0,0,0.0
KNN,No SMOTE,0,0,0.0
KNN,No SMOTE,0,0,0.0
KNN,No SMOTE,0,0,0.0
KNN,No SMOTE,0,0,0.0
KNN,No SMOTE,0,0,0.0
KNN,No SMOTE,0,0,0.0
KNN,No SMOTE,0,0,0.0
KNN,No SMOTE,0,0,0.0
KNN,No SMOTE,0,0,0.0
KNN,No SMOTE,0,0,0.0
KNN,No SMOTE,0,0,0.0
KNN,No SMOTE,0,0,0.0
KNN,No SMOTE,0,0,0.0
KNN,No SMOTE,0,0,0.0
KNN,No SMOTE,0,0,0.0
KNN,No SMOTE,0,0,0.0
KNN,No SMOTE,0,0,0.0
KNN,No SMOTE,0,0,0.0
KNN,No SMOTE,0,0,0.0
KNN,No SMOTE,0,0,0.0
KNN,No SMOTE,0,0,0.0
KNN,No SMOTE,0,0,0.0
KNN,No SMOTE,0,0,0.0
KNN,No SMOTE,0,0,0.0
KNN,No SMOTE,0,0,0.0
KNN,No SMOTE,0,0,0.0
KNN,No SMOTE,0,0,0.0
KNN,No SMOTE,0,0,0.0
KNN,No SMOTE,0,0,0.0
KNN,No SMOTE,0,0,0.0
KNN,No SMOTE,0,0,0.0
KNN,No SMOTE,0,0,0.0
KNN,No SMOTE,0,0,0.0
KNN,No SMOTE,0,0,0.0
KNN,No SMOTE,0,0,0.0
KNN,No SMOTE,0,0,0.0
KNN,No SMOTE,0,0,0.0
KNN,No SMOTE,0,0,0.0
KNN,No SMOTE,0,0,0.0
KNN,No SMOTE,0,0,0.0
KNN,No SMOTE,0,0,0.0
KNN,No SMOTE,0,0,0.0
KNN,No SMOTE,0,0,0.0
KNN,No SMOTE,0,0,0.0
KNN,No SMOTE,0,0,0.0
KNN,No SMOTE,0,0,0.0
KNN,No SMOTE,0,0,0.0
KNN,No SMOTE,0,0,0.0
KNN,No SMOTE,0,0,0.0
KNN,No SMOTE,0,0,0.0
KNN,No SMOTE,0,0,0.0
KNN,No SMOTE,0,0,0.0
KNN,No SMOTE,0,0,0.0
KNN,No SMOTE,0,0,0.0
KNN,No SMOTE,0,0,0.0
KNN,No SMOTE,0,0,0.0
KNN,No SMOTE,0,0,0.0
KNN,No SMOTE,0,0,0.0
KNN,No SMOTE,0,0,0.0
KNN,No SMOTE,0,0,0.0
KNN,No SMOTE,0,0,0.0
KNN,No SMOTE,0,0,0.0
KNN,No SMOTE,0,0,0.0
KNN,No SMOTE,0,0,0.0
KNN,No SMOTE,0,0,0.0
KNN,No SMOTE,0,0,0.0
KNN,No SMOTE,0,0,0.0
KNN,No SMOTE,0,0,0.0
KNN,No SMOTE,0,0,0.0
KNN,No SMOTE,0,0,0.0
KNN,No SMOTE,0,0,0.0
KNN,No SMOTE,0,0,0.0
KNN,No SMOTE,0,0,0.0
KNN,No SMOTE,0,0,0.0
KNN,No SMOTE,0,0,0.0
KNN,No SMOTE,0,0,0.0
KNN,No SMOTE,0,0,0.0
KNN,No SMOTE,0,0,0.0
KNN,No SMOTE,0,0,0.0
KNN,No SMOTE,0,0,0.0
KNN,No SMOTE,0,0,0.0
KNN,No SMOTE,0,0,0.0
KNN,No SMOTE,0,0,0.0
KNN,No SMOTE,0,0,0.0
KNN,No SMOTE,0,0,0.0
KNN,No SMOTE,0,0,0.0
KNN,No SMOTE,0,0,0.0
KNN,No SMOTE,0,0,0.0
KNN,No SMOTE,0,0,0.0
KNN,No SMOTE,0,0,0.0
KNN,No SMOTE,0,0,0.0
KNN,No SMOTE,0,0,0.0
KNN,No SMOTE,0,0,0.0
KNN,No SMOTE,0,0,0.0
KNN,No SMOTE,0,0,0.0
KNN,No SMOTE,0,0,0.0
KNN,No SMOTE,0,0,0.0
KNN,No SMOTE,0,0,0.0
KNN,No SMOTE,0,0,0.0
KNN,No SMOTE,0,0,0.0
KNN,No SMOTE,0,0,0.0
KNN,No SMOTE,0,0,0.0
KNN,No SMOTE,0,0,0.0
KNN,No SMOTE,0,0,0.0
KNN,No SMOTE,0,0,0.0
KNN,No SMOTE,0,0,0.0
KNN,No SMOTE,0,0,0.0
KNN,No SMOTE,0,0,0.0
KNN,No SMOTE,0,0,0.0
KNN,No SMOTE,0,0,0.0
KNN,No SMOTE,0,0,0.0
KNN,No SMOTE,0,0,0.0
KNN,No SMOTE,0,0,0.0
KNN,No SMOTE,0,0,0.0
KNN,No SMOTE,0,0,0.0
KNN,No SMOTE,0,0,0.0
KNN,No SMOTE,0,0,0.0
KNN,No SMOTE,0,0,0.0
KNN,No SMOTE,0,0,0.0
KNN,No SMOTE,0,0,0.0
KNN,No SMOTE,0,0,0.0
KNN,No SMOTE,0,0,0.0
KNN,No SMOTE,0,0,0.0
KNN,No SMOTE,0,0,0.0
KNN,No SMOTE,0,0,0.0
KNN,No SMOTE,0,0,0.0
KNN,No SMOTE,0,0,0.0
KNN,No SMOTE,0,0,0.0
KNN,No SMOTE,0,0,0.0
KNN,No SMOTE,0,0,0.0
KNN,No SMOTE,0,0,0.0
KNN,No SMOTE,0,0,0.0
KNN,No SMOTE,0,0,0.0
KNN,No SMOTE,0,0,0.0
KNN,No SMOTE,0,0,0.0
KNN,No SMOTE,0,0,0.0
KNN,No SMOTE,0,0,0.0
KNN,No SMOTE,0,0,0.0
KNN,No SMOTE,0,0,0.0
KNN,No SMOTE,0,0,0.0
KNN,No SMOTE,0,0,0.0
KNN,No SMOTE,0,0,0.0
KNN,No SMOTE,0,0,0.0
KNN,No SMOTE,0,0,0.0
KNN,No SMOTE,0,0,0.0
KNN,No SMOTE,0,0,0.0
KNN,No SMOTE,0,0,0.0
KNN,No SMOTE,0,0,0.0
KNN,No SMOTE,0,0,0.0
KNN,No SMOTE,0,0,0.0
KNN,No SMOTE,0,0,0.0
KNN,No SMOTE,0,0,0.0
KNN,No SMOTE,0,0,0.0
KNN,No SMOTE,0,0,0.0
KNN,No SMOTE,0,0,0.0
KNN,No SMOTE,0,0,0.0
KNN,No SMOTE,0,0,0.0
KNN,No SMOTE,0,0,0.0
KNN,No SMOTE,0,0,0.0
KNN,No SMOTE,0,0,0.0
KNN,No SMOTE,0,0,0.0
KNN,No SMOTE,0,0,0.0
KNN,No SMOTE,0,0,0.0
KNN,No SMOTE,0,0,0.0
KNN,No SMOTE,0,0,0.0
KNN,No SMOTE,0,0,0.0
KNN,No SMOTE,0,0,0.0
KNN,No SMOTE,0,0,0.0
KNN,No SMOTE,0,0,0.0
KNN,No SMOTE,0,0,0.0
KNN,No SMOTE,0,0,0.0
KNN,No SMOTE,0,0,0.0
KNN,No SMOTE,0,0,0.0
KNN,No SMOTE,0,0,0.0
KNN,No SMOTE,0,0,0.0
KNN,No SMOTE,0,0,0.0
KNN,No SMOTE,0,0,0.0
KNN,No SMOTE,0,0,0.0
KNN,No SMOTE,0,0,0.0
KNN,No SMOTE,0,0,0.0
KNN,No SMOTE,0,0,0.0
KNN,No SMOTE,0,0,0.0
KNN,No SMOTE,0,0,0.0
KNN,No SMOTE,0,0,0.0
KNN,No SMOTE,0,0,0.0
KNN,No SMOTE,0,0,0.0
KNN,No SMOTE,0,0,0.0
KNN,No SMOTE,0,0,0.0
KNN,No SMOTE,0,0,0.0
KNN,No SMOTE,0,0,0.0
KNN,No SMOTE,0,0,0.0
KNN,No SMOTE,0,0,0.0
KNN,No SMOTE,0,0,0.0
KNN,No SMOTE,0,0,0.0
KNN,No SMOTE,0,0,0.0
KNN,No SMOTE,0,0,0.0
KNN,No SMOTE,0,0,0.0
KNN,No SMOTE,0,0,0.0
KNN,No SMOTE,0,0,0.0
KNN,No SMOTE,0,0,0.0
KNN,No SMOTE,0,0,0.0
KNN,No SMOTE,0,0,0.0
KNN,No SMOTE,0,0,0.0
KNN,No SMOTE,0,0,0.0
KNN,No SMOTE,0,0,0.0
KNN,No SMOTE,0,0,0.0
KNN,No SMOTE,0,0,0.0
KNN,No SMOTE,0,0,0.0
KNN,No SMOTE,0,0,0.0
KNN,No SMOTE,0,0,0.0
KNN,No SMOTE,0,0,0.0
KNN,No SMOTE,0,0,0.0
KNN,No SMOTE,0,0,0.0
KNN,No SMOTE,0,0,0.0
KNN,No SMOTE,0,0,0.0
KNN,No SMOTE,0,0,0.0
KNN,No SMOTE,0,0,0.0
KNN,No SMOTE,0,0,0.0
KNN,No SMOTE,0,0,0.0
KNN,No SMOTE,0,0,0.0
KNN,No SMOTE,0,0,0.0
KNN,No SMOTE,0,0,0.0
KNN,No SMOTE,0,0,0.0
KNN,No SMOTE,0,0,0.0
KNN,No SMOTE,0,0,0.0
KNN,No SMOTE,0,0,0.0
KNN,No SMOTE,0,0,0.0
KNN,No SMOTE,0,0,0.0
KNN,No SMOTE,0,0,0.0
KNN,No SMOTE,0,0,0.0
KNN,No SMOTE,0,0,0.0
KNN,No SMOTE,0,0,0.0
KNN,No SMOTE,0,0,0.0
KNN,No SMOTE,0,0,0.0
KNN,No SMOTE,0,0,0.0
KNN,No SMOTE,0,0,0.0
KNN,No SMOTE,0,0,0.0
KNN,No SMOTE,0,0,0.0
KNN,No SMOTE,0,0,0.0
KNN,No SMOTE,0,0,0.0
KNN,No SMOTE,0,0,0.0
KNN,No SMOTE,0,0,0.0
KNN,No SMOTE,0,0,0.0
KNN,No SMOTE,0,0,0.0
KNN,No SMOTE,0,0,0.0
KNN,No SMOTE,0,0,0.0
KNN,No SMOTE,0,0,0.0
KNN,No SMOTE,0,0,0.0
KNN,No SMOTE,0,0,0.0
KNN,No SMOTE,0,0,0.0
KNN,No SMOTE,0,0,0.0
KNN,No SMOTE,0,0,0.0
KNN,No SMOTE,0,0,0.0
KNN,No SMOTE,0,0,0.0
KNN,No SMOTE,0,0,0.0
KNN,No SMOTE,0,0,0.0
KNN,No SMOTE,0,0,0.0
KNN,No SMOTE,0,0,0.0
KNN,No SMOTE,0,0,0.0
KNN,No SMOTE,0,0,0.0
KNN,No SMOTE,0,0,0.0
KNN,No SMOTE,0,0,0.0
KNN,No SMOTE,0,0,0.0
KNN,No SMOTE,0,0,0.0
KNN,No SMOTE,0,0,0.0
KNN,No SMOTE,0,0,0.0
KNN,No SMOTE,0,0,0.0
KNN,No SMOTE,0,0,0.0
KNN,No SMOTE,0,0,0.0
KNN,No SMOTE,0,0,0.0
KNN,No SMOTE,0,0,0.0
KNN,No SMOTE,0,0,0.0
KNN,No SMOTE,0,0,0.0
KNN,No SMOTE,0,0,0.0
KNN,No SMOTE,0,0,0.0
KNN,No SMOTE,0,0,0.0
KNN,No SMOTE,0,0,0.0
KNN,No SMOTE,0,0,0.0
KNN,No SMOTE,0,0,0.0
KNN,No SMOTE,0,0,0.0
KNN,No SMOTE,0,0,0.0
KNN,No SMOTE,0,0,0.0
KNN,No SMOTE,0,0,0.0
KNN,No SMOTE,0,0,0.0
KNN,No SMOTE,0,0,0.0
KNN,No SMOTE,0,0,0.0
KNN,No SMOTE,0,0,0.0
KNN,No SMOTE,0,0,0.0
KNN,No SMOTE,0,0,0.0
KNN,No SMOTE,0,0,0.0
KNN,No SMOTE,0,0,0.0
KNN,No SMOTE,0,0,0.0
KNN,No SMOTE,0,0,0.0
KNN,No SMOTE,0,0,0.0
KNN,No SMOTE,0,0,0.0
KNN,No SMOTE,0,0,0.0
KNN,No SMOTE,0,0,0.0
KNN,No SMOTE,0,0,0.0
KNN,No SMOTE,0,0,0.0
KNN,No SMOTE,0,0,0.0
KNN,No SMOTE,0,0,0.0
KNN,No SMOTE,0,0,0.0
KNN,No SMOTE,0,0,0.0
KNN,No SMOTE,0,0,0.0
KNN,No SMOTE,0,0,0.0
KNN,No SMOTE,0,0,0.0
KNN,No SMOTE,0,0,0.0
KNN,No SMOTE,0,0,0.0
KNN,No SMOTE,0,0,0.0
KNN,No SMOTE,0,0,0.0
KNN,No SMOTE,0,0,0.0
KNN,No SMOTE,0,0,0.0
KNN,No SMOTE,0,0,0.0
KNN,No SMOTE,0,0,0.0
KNN,No SMOTE,0,0,0.0
KNN,No SMOTE,0,0,0.0
KNN,No SMOTE,0,0,0.0
KNN,No SMOTE,0,0,0.0
KNN,No SMOTE,0,0,0.0
KNN,No SMOTE,0,0,0.0
KNN,No SMOTE,0,0,0.0
KNN,No SMOTE,0,0,0.0
KNN,No SMOTE,0,0,0.0
KNN,No SMOTE,0,0,0.0
KNN,No SMOTE,0,0,0.0
KNN,No SMOTE,0,0,0.0
KNN,No SMOTE,0,0,0.0
KNN,No SMOTE,0,0,0.0
KNN,No SMOTE,0,0,0.0
KNN,No SMOTE,0,0,0.0
KNN,No SMOTE,0,0,0.0
KNN,No SMOTE,0,0,0.0
KNN,No SMOTE,0,0,0.0
KNN,No SMOTE,0,0,0.0
KNN,No SMOTE,0,0,0.0
KNN,No SMOTE,0,0,0.0
KNN,No SMOTE,0,0,0.0
KNN,No SMOTE,0,0,0.0
KNN,No SMOTE,0,0,0.0
KNN,No SMOTE,0,0,0.0
KNN,No SMOTE,0,0,0.0
KNN,No SMOTE,0,0,0.0
KNN,No SMOTE,0,0,0.0
KNN,No SMOTE,0,0,0.0
KNN,No SMOTE,0,0,0.0
KNN,No SMOTE,0,0,0.0
KNN,No SMOTE,0,0,0.0
KNN,No SMOTE,0,0,0.0
KNN,No SMOTE,0,0,0.0
KNN,No SMOTE,0,0,0.0
KNN,No SMOTE,0,0,0.0
KNN,No SMOTE,0,0,0.2
KNN,No SMOTE,0,0,0.0
KNN,No SMOTE,0,0,0.0
KNN,No SMOTE,0,0,0.0
KNN,No SMOTE,0,0,0.0
KNN,No SMOTE,0,0,0.0
KNN,No SMOTE,0,0,0.0
KNN,No SMOTE,0,0,0.0
KNN,No SMOTE,0,0,0.0
KNN,No SMOTE,0,0,0.0
KNN,No SMOTE,0,0,0.0
KNN,No SMOTE,0,0,0.0
KNN,No SMOTE,0,0,0.0
KNN,No SMOTE,0,0,0.0
KNN,No SMOTE,0,0,0.0
KNN,No SMOTE,0,0,0.0
KNN,No SMOTE,0,0,0.0
KNN,No SMOTE,0,0,0.0
KNN,No SMOTE,0,0,0.0
KNN,No SMOTE,0,0,0.0
KNN,No SMOTE,0,0,0.0
KNN,No SMOTE,0,0,0.0
KNN,No SMOTE,0,0,0.0
KNN,No SMOTE,0,0,0.0
KNN,No SMOTE,0,0,0.0
KNN,No SMOTE,0,0,0.0
KNN,No SMOTE,0,0,0.0
KNN,No SMOTE,0,0,0.0
KNN,No SMOTE,0,0,0.0
KNN,No SMOTE,0,0,0.0
KNN,No SMOTE,0,0,0.0
KNN,No SMOTE,0,0,0.0
KNN,No SMOTE,0,0,0.0
KNN,No SMOTE,0,0,0.0
KNN,No SMOTE,0,0,0.0
KNN,No SMOTE,0,0,0.0
KNN,No SMOTE,0,0,0.0
KNN,No SMOTE,0,0,0.0
KNN,No SMOTE,0,0,0.0
KNN,No SMOTE,0,0,0.0
KNN,No SMOTE,0,0,0.0
KNN,No SMOTE,0,0,0.0
KNN,No SMOTE,0,0,0.0
KNN,No SMOTE,0,0,0.0
KNN,No SMOTE,0,0,0.0
KNN,No SMOTE,0,0,0.0
KNN,No SMOTE,0,0,0.0
KNN,No SMOTE,0,0,0.0
KNN,No SMOTE,0,0,0.0
KNN,No SMOTE,0,0,0.0
KNN,No SMOTE,0,0,0.0
KNN,No SMOTE,0,0,0.0
KNN,No SMOTE,0,0,0.0
KNN,No SMOTE,0,0,0.0
KNN,No SMOTE,0,0,0.0
KNN,No SMOTE,0,0,0.0
KNN,No SMOTE,0,0,0.0
KNN,No SMOTE,0,0,0.0
KNN,No SMOTE,0,0,0.0
KNN,No SMOTE,0,0,0.0
KNN,No SMOTE,0,0,0.0
KNN,No SMOTE,0,0,0.0
KNN,No SMOTE,0,0,0.0
KNN,No SMOTE,0,0,0.0
KNN,No SMOTE,0,0,0.0
KNN,No SMOTE,0,0,0.0
KNN,No SMOTE,0,0,0.0
KNN,No SMOTE,0,0,0.0
KNN,No SMOTE,0,0,0.0
KNN,No SMOTE,0,0,0.0
KNN,No SMOTE,0,0,0.0
KNN,No SMOTE,0,0,0.0
KNN,No SMOTE,0,0,0.0
KNN,No SMOTE,0,0,0.0
KNN,No SMOTE,0,0,0.0
KNN,No SMOTE,0,0,0.0
KNN,No SMOTE,0,0,0.0
KNN,No SMOTE,0,0,0.0
KNN,No SMOTE,0,0,0.0
KNN,No SMOTE,0,0,0.0
KNN,No SMOTE,0,0,0.0
KNN,No SMOTE,0,0,0.0
KNN,No SMOTE,0,0,0.0
KNN,No SMOTE,0,0,0.0
KNN,No SMOTE,0,0,0.0
KNN,No SMOTE,0,0,0.0
KNN,No SMOTE,0,0,0.0
KNN,No SMOTE,0,0,0.0
KNN,No SMOTE,0,0,0.0
KNN,No SMOTE,0,0,0.0
KNN,No SMOTE,0,0,0.0
KNN,No SMOTE,0,0,0.0
KNN,No SMOTE,0,0,0.0
KNN,No SMOTE,0,0,0.0
KNN,No SMOTE,0,0,0.0
KNN,No SMOTE,0,0,0.0
KNN,No SMOTE,0,0,0.0
KNN,No SMOTE,0,0,0.0
KNN,No SMOTE,0,0,0.0
KNN,No SMOTE,0,0,0.0
KNN,No SMOTE,0,0,0.0
KNN,No SMOTE,0,0,0.0
KNN,No SMOTE,0,0,0.0
KNN,No SMOTE,0,0,0.0
KNN,No SMOTE,0,0,0.0
KNN,No SMOTE,0,0,0.0
KNN,No SMOTE,0,0,0.0
KNN,No SMOTE,0,0,0.0
KNN,No SMOTE,0,0,0.0
KNN,No SMOTE,0,0,0.0
KNN,No SMOTE,0,0,0.0
KNN,No SMOTE,0,0,0.0
KNN,No SMOTE,0,0,0.0
KNN,No SMOTE,0,0,0.0
KNN,No SMOTE,0,0,0.0
KNN,No SMOTE,0,0,0.0
KNN,No SMOTE,0,0,0.0
KNN,No SMOTE,0,0,0.0
KNN,No SMOTE,0,0,0.0
KNN,No SMOTE,0,0,0.0
KNN,No SMOTE,0,0,0.0
KNN,No SMOTE,0,0,0.0
KNN,No SMOTE,0,0,0.0
KNN,No SMOTE,0,0,0.0
KNN,No SMOTE,0,0,0.0
KNN,No SMOTE,0,0,0.0
KNN,No SMOTE,0,0,0.0
KNN,No SMOTE,0,0,0.0
KNN,No SMOTE,0,0,0.0
KNN,No SMOTE,0,0,0.0
KNN,No SMOTE,0,0,0.0
KNN,No SMOTE,0,0,0.0
KNN,No SMOTE,0,0,0.0
KNN,No SMOTE,0,0,0.0
KNN,No SMOTE,0,0,0.0
KNN,No SMOTE,0,0,0.0
KNN,No SMOTE,0,0,0.0
KNN,No SMOTE,0,0,0.0
KNN,No SMOTE,0,0,0.0
KNN,No SMOTE,0,0,0.0
KNN,No SMOTE,0,0,0.0
KNN,No SMOTE,0,0,0.0
KNN,No SMOTE,0,0,0.0
KNN,No SMOTE,0,0,0.0
KNN,No SMOTE,0,0,0.0
KNN,No SMOTE,0,0,0.0
KNN,No SMOTE,0,0,0.0
KNN,No SMOTE,0,0,0.0
KNN,No SMOTE,0,0,0.0
KNN,No SMOTE,0,0,0.0
KNN,No SMOTE,0,0,0.0
KNN,No SMOTE,0,0,0.0
KNN,No SMOTE,0,0,0.0
KNN,No SMOTE,0,0,0.0
KNN,No SMOTE,0,0,0.0
KNN,No SMOTE,0,0,0.0
KNN,No SMOTE,0,0,0.0
KNN,No SMOTE,0,0,0.0
KNN,No SMOTE,0,0,0.0
KNN,No SMOTE,0,0,0.0
KNN,No SMOTE,0,0,0.0
KNN,No SMOTE,0,0,0.0
KNN,No SMOTE,0,0,0.0
KNN,No SMOTE,0,0,0.0
KNN,No SMOTE,0,0,0.0
KNN,No SMOTE,0,0,0.0
KNN,No SMOTE,0,0,0.0
KNN,No SMOTE,0,0,0.0
KNN,No SMOTE,0,0,0.0
KNN,No SMOTE,0,0,0.0
KNN,No SMOTE,0,0,0.0
KNN,No SMOTE,0,0,0.0
KNN,No SMOTE,0,0,0.0
KNN,No SMOTE,0,0,0.0
KNN,No SMOTE,0,0,0.0
KNN,No SMOTE,0,0,0.0
KNN,No SMOTE,0,0,0.0
KNN,No SMOTE,0,0,0.0
KNN,No SMOTE,0,0,0.0
KNN,No SMOTE,0,0,0.0
KNN,No SMOTE,0,0,0.0
KNN,No SMOTE,0,0,0.0
KNN,No SMOTE,0,0,0.0
KNN,No SMOTE,0,0,0.0
KNN,No SMOTE,0,0,0.0
KNN,No SMOTE,0,0,0.0
KNN,No SMOTE,0,0,0.0
KNN,No SMOTE,0,0,0.0
KNN,No SMOTE,0,0,0.0
KNN,No SMOTE,0,0,0.0
KNN,No SMOTE,0,0,0.0
KNN,No SMOTE,0,0,0.0
KNN,No SMOTE,0,0,0.0
KNN,No SMOTE,0,0,0.0
KNN,No SMOTE,0,0,0.0
KNN,No SMOTE,0,0,0.0
KNN,No SMOTE,0,0,0.0
KNN,No SMOTE,0,0,0.0
KNN,No SMOTE,0,0,0.0
KNN,No SMOTE,0,0,0.0
KNN,No SMOTE,0,0,0.0
KNN,No SMOTE,0,0,0.0
KNN,No SMOTE,0,0,0.0
KNN,No SMOTE,0,0,0.0
KNN,No SMOTE,0,0,0.0
KNN,No SMOTE,0,0,0.0
KNN,No SMOTE,0,0,0.0
KNN,No SMOTE,0,0,0.0
KNN,No SMOTE,0,0,0.0
KNN,No SMOTE,0,0,0.0
KNN,No SMOTE,0,0,0.0
KNN,No SMOTE,0,0,0.0
KNN,No SMOTE,0,0,0.0
KNN,No SMOTE,0,0,0.0
KNN,No SMOTE,0,0,0.0
KNN,No SMOTE,0,0,0.0
KNN,No SMOTE,0,0,0.0
KNN,No SMOTE,0,0,0.0
KNN,No SMOTE,0,0,0.0
KNN,No SMOTE,0,0,0.0
KNN,No SMOTE,0,0,0.0
KNN,No SMOTE,0,0,0.0
KNN,No SMOTE,0,0,0.0
KNN,No SMOTE,0,0,0.0
KNN,No SMOTE,0,0,0.0
KNN,No SMOTE,0,0,0.0
KNN,No SMOTE,0,0,0.0
KNN,No SMOTE,0,0,0.0
KNN,No SMOTE,0,0,0.0
KNN,No SMOTE,0,0,0.0
KNN,No SMOTE,0,0,0.0
KNN,No SMOTE,0,0,0.0
KNN,No SMOTE,0,0,0.0
KNN,No SMOTE,0,0,0.0
KNN,No SMOTE,0,0,0.0
KNN,No SMOTE,0,0,0.0
KNN,No SMOTE,0,0,0.0
KNN,No SMOTE,0,0,0.0
KNN,No SMOTE,0,0,0.0
KNN,No SMOTE,0,0,0.0
KNN,No SMOTE,0,0,0.0
KNN,No SMOTE,0,0,0.0
KNN,No SMOTE,0,0,0.0
KNN,No SMOTE,0,0,0.0
KNN,No SMOTE,0,0,0.0
KNN,No SMOTE,0,0,0.0
KNN,No SMOTE,0,0,0.0
KNN,No SMOTE,0,0,0.0
KNN,No SMOTE,0,0,0.0
KNN,No SMOTE,0,0,0.0
KNN,No SMOTE,0,0,0.0
KNN,No SMOTE,0,0,0.0
KNN,No SMOTE,0,0,0.0
KNN,No SMOTE,0,0,0.0
KNN,No SMOTE,0,0,0.0
KNN,No SMOTE,0,0,0.0
KNN,No SMOTE,0,0,0.0
KNN,No SMOTE,0,0,0.0
KNN,No SMOTE,0,0,0.0
KNN,No SMOTE,0,0,0.0
KNN,No SMOTE,0,0,0.0
KNN,No SMOTE,0,0,0.0
KNN,No SMOTE,0,0,0.0
KNN,No SMOTE,0,0,0.0
KNN,No SMOTE,0,0,0.0
KNN,No SMOTE,0,0,0.0
KNN,No SMOTE,0,0,0.0
KNN,No SMOTE,0,0,0.0
KNN,No SMOTE,0,0,0.0
KNN,No SMOTE,0,0,0.0
KNN,No SMOTE,0,0,0.0
KNN,No SMOTE,0,0,0.0
KNN,No SMOTE,0,0,0.0
KNN,No SMOTE,0,0,0.0
KNN,No SMOTE,0,0,0.0
KNN,No SMOTE,0,0,0.0
KNN,No SMOTE,0,0,0.0
KNN,No SMOTE,0,0,0.0
KNN,No SMOTE,0,0,0.0
KNN,No SMOTE,0,0,0.0
KNN,No SMOTE,0,0,0.0
KNN,No SMOTE,0,0,0.0
KNN,No SMOTE,0,0,0.0
KNN,No SMOTE,0,0,0.0
KNN,No SMOTE,0,0,0.0
KNN,No SMOTE,0,0,0.0
KNN,No SMOTE,0,0,0.0
KNN,No SMOTE,0,0,0.0
KNN,No SMOTE,0,0,0.0
KNN,No SMOTE,0,0,0.0
KNN,No SMOTE,0,0,0.0
KNN,No SMOTE,0,0,0.0
KNN,No SMOTE,0,0,0.0
KNN,No SMOTE,0,0,0.0
KNN,No SMOTE,0,0,0.0
KNN,No SMOTE,0,0,0.0
KNN,No SMOTE,0,0,0.0
KNN,No SMOTE,0,0,0.0
KNN,No SMOTE,0,0,0.0
KNN,No SMOTE,0,0,0.0
KNN,No SMOTE,0,0,0.0
KNN,No SMOTE,0,0,0.0
KNN,No SMOTE,0,0,0.0
KNN,No SMOTE,0,0,0.0
KNN,No SMOTE,0,0,0.0
KNN,No SMOTE,0,0,0.0
KNN,No SMOTE,0,0,0.0
KNN,No SMOTE,0,0,0.0
KNN,No SMOTE,0,0,0.0
KNN,No SMOTE,0,0,0.0
KNN,No SMOTE,0,0,0.0
KNN,No SMOTE,0,0,0.0
KNN,No SMOTE,0,0,0.0
KNN,No SMOTE,0,0,0.0
KNN,No SMOTE,0,0,0.0
KNN,No SMOTE,0,0,0.0
KNN,No SMOTE,0,0,0.0
KNN,No SMOTE,0,0,0.0
KNN,No SMOTE,0,0,0.0
KNN,No SMOTE,0,0,0.0
KNN,No SMOTE,0,0,0.0
KNN,No SMOTE,0,0,0.0
KNN,No SMOTE,0,0,0.0
KNN,No SMOTE,0,0,0.0
KNN,No SMOTE,0,0,0.0
KNN,No SMOTE,0,0,0.0
KNN,No SMOTE,0,0,0.0
KNN,No SMOTE,0,0,0.0
KNN,No SMOTE,0,0,0.0
KNN,No SMOTE,0,0,0.0
KNN,No SMOTE,0,0,0.0
KNN,No SMOTE,0,0,0.0
KNN,No SMOTE,0,0,0.0
KNN,No SMOTE,0,0,0.0
KNN,No SMOTE,0,0,0.0
KNN,No SMOTE,0,0,0.0
KNN,No SMOTE,0,0,0.0
KNN,No SMOTE,0,0,0.0
KNN,No SMOTE,0,0,0.0
KNN,No SMOTE,0,0,0.0
KNN,No SMOTE,0,0,0.0
KNN,No SMOTE,0,0,0.0
KNN,No SMOTE,0,0,0.0
KNN,No SMOTE,0,0,0.0
KNN,No SMOTE,0,0,0.0
KNN,No SMOTE,0,0,0.0
KNN,No SMOTE,0,0,0.0
KNN,No SMOTE,0,0,0.0
KNN,No SMOTE,0,0,0.0
KNN,No SMOTE,0,0,0.0
KNN,No SMOTE,0,0,0.0
KNN,No SMOTE,0,0,0.0
KNN,No SMOTE,0,0,0.0
KNN,No SMOTE,0,0,0.0
KNN,No SMOTE,0,0,0.0
KNN,No SMOTE,0,0,0.0
KNN,No SMOTE,0,0,0.0
KNN,No SMOTE,0,0,0.0
KNN,No SMOTE,0,0,0.0
KNN,No SMOTE,0,0,0.0
KNN,No SMOTE,0,0,0.0
KNN,No SMOTE,0,0,0.0
KNN,No SMOTE,0,0,0.0
KNN,No SMOTE,0,0,0.0
KNN,No SMOTE,0,0,0.0
KNN,No SMOTE,0,0,0.0
KNN,No SMOTE,0,0,0.0
KNN,No SMOTE,0,0,0.0
KNN,No SMOTE,0,0,0.0
KNN,No SMOTE,0,0,0.0
KNN,No SMOTE,0,0,0.0
KNN,No SMOTE,0,0,0.0
KNN,No SMOTE,0,0,0.0
KNN,No SMOTE,0,0,0.0
KNN,No SMOTE,0,0,0.0
KNN,No SMOTE,0,0,0.0
KNN,No SMOTE,0,0,0.0
KNN,No SMOTE,0,0,0.0
KNN,No SMOTE,0,0,0.0
KNN,No SMOTE,0,0,0.0
KNN,No SMOTE,0,0,0.0
KNN,No SMOTE,0,0,0.0
KNN,No SMOTE,0,0,0.0
KNN,No SMOTE,0,0,0.0
KNN,No SMOTE,0,0,0.0
KNN,No SMOTE,0,0,0.0
KNN,No SMOTE,0,0,0.0
KNN,No SMOTE,0,0,0.0
KNN,No SMOTE,0,0,0.0
KNN,No SMOTE,0,0,0.0
KNN,No SMOTE,0,0,0.0
KNN,No SMOTE,0,0,0.0
KNN,No SMOTE,0,0,0.0
KNN,No SMOTE,0,0,0.0
KNN,No SMOTE,0,0,0.0
KNN,No SMOTE,0,0,0.0
KNN,No SMOTE,0,0,0.0
KNN,No SMOTE,0,0,0.0
KNN,No SMOTE,0,0,0.0
KNN,No SMOTE,0,0,0.0
KNN,No SMOTE,0,0,0.0
KNN,No SMOTE,0,0,0.0
KNN,No SMOTE,0,0,0.0
KNN,No SMOTE,0,0,0.0
KNN,No SMOTE,0,0,0.0
KNN,No SMOTE,0,0,0.0
KNN,No SMOTE,0,0,0.0
KNN,No SMOTE,0,0,0.0
KNN,No SMOTE,0,0,0.0
KNN,No SMOTE,0,0,0.0
KNN,No SMOTE,0,0,0.0
KNN,No SMOTE,0,0,0.0
KNN,No SMOTE,0,0,0.0
KNN,No SMOTE,0,0,0.0
KNN,No SMOTE,0,0,0.0
KNN,No SMOTE,0,0,0.0
KNN,No SMOTE,0,0,0.0
KNN,No SMOTE,0,0,0.0
KNN,No SMOTE,0,0,0.0
KNN,No SMOTE,0,0,0.0
KNN,No SMOTE,0,0,0.0
KNN,No SMOTE,0,0,0.0
KNN,No SMOTE,0,0,0.0
KNN,No SMOTE,0,0,0.0
KNN,No SMOTE,0,0,0.0
KNN,No SMOTE,0,0,0.0
KNN,No SMOTE,0,0,0.0
KNN,No SMOTE,0,0,0.0
KNN,No SMOTE,0,0,0.0
KNN,No SMOTE,0,0,0.0
KNN,No SMOTE,0,0,0.0
KNN,No SMOTE,0,0,0.0
KNN,No SMOTE,0,0,0.0
KNN,No SMOTE,0,0,0.0
KNN,No SMOTE,0,0,0.0
KNN,No SMOTE,0,0,0.0
KNN,No SMOTE,0,0,0.0
KNN,No SMOTE,0,0,0.0
KNN,No SMOTE,0,0,0.0
KNN,No SMOTE,0,0,0.0
KNN,No SMOTE,0,0,0.0
KNN,No SMOTE,0,0,0.0
KNN,No SMOTE,0,0,0.0
KNN,No SMOTE,0,0,0.0
KNN,No SMOTE,0,0,0.0
KNN,No SMOTE,0,0,0.0
KNN,No SMOTE,0,0,0.0
KNN,No SMOTE,0,0,0.0
KNN,No SMOTE,0,0,0.0
KNN,No SMOTE,0,0,0.0
KNN,No SMOTE,0,0,0.0
KNN,No SMOTE,0,0,0.0
KNN,No SMOTE,0,0,0.0
KNN,No SMOTE,0,0,0.0
KNN,No SMOTE,0,0,0.0
KNN,No SMOTE,0,0,0.0
KNN,No SMOTE,0,0,0.0
KNN,No SMOTE,0,0,0.0
KNN,No SMOTE,0,0,0.0
KNN,No SMOTE,0,0,0.0
KNN,No SMOTE,0,0,0.0
KNN,No SMOTE,0,0,0.0
KNN,No SMOTE,0,0,0.0
KNN,No SMOTE,0,0,0.0
KNN,No SMOTE,0,0,0.0
KNN,No SMOTE,0,0,0.0
KNN,No SMOTE,0,0,0.0
KNN,No SMOTE,0,0,0.0
KNN,No SMOTE,0,0,0.0
KNN,No SMOTE,0,0,0.0
KNN,No SMOTE,0,0,0.0
KNN,No SMOTE,0,0,0.0
KNN,No SMOTE,0,0,0.0
KNN,No SMOTE,0,0,0.0
KNN,No SMOTE,0,0,0.0
KNN,No SMOTE,0,0,0.0
KNN,No SMOTE,0,0,0.0
KNN,No SMOTE,0,0,0.0
KNN,No SMOTE,0,0,0.0
KNN,No SMOTE,0,0,0.0
KNN,No SMOTE,0,0,0.0
KNN,No SMOTE,0,0,0.0
KNN,No SMOTE,0,0,0.0
KNN,No SMOTE,0,0,0.0
KNN,No SMOTE,0,0,0.0
KNN,No SMOTE,0,0,0.0
KNN,No SMOTE,0,0,0.0
KNN,No SMOTE,0,0,0.0
KNN,No SMOTE,0,0,0.0
KNN,No SMOTE,0,0,0.0
KNN,No SMOTE,0,0,0.0
KNN,No SMOTE,0,0,0.0
KNN,No SMOTE,0,0,0.0
KNN,No SMOTE,0,0,0.0
KNN,No SMOTE,0,0,0.0
KNN,No SMOTE,0,0,0.0
KNN,No SMOTE,0,0,0.0
KNN,No SMOTE,0,0,0.0
KNN,No SMOTE,0,0,0.0
KNN,No SMOTE,0,0,0.0
KNN,No SMOTE,0,0,0.0
KNN,No SMOTE,0,0,0.0
KNN,No SMOTE,0,0,0.0
KNN,No SMOTE,0,0,0.0
KNN,No SMOTE,0,0,0.0
KNN,No SMOTE,0,0,0.0
KNN,No SMOTE,0,0,0.0
KNN,No SMOTE,0,0,0.0
KNN,No SMOTE,0,0,0.0
KNN,No SMOTE,0,0,0.0
KNN,No SMOTE,0,0,0.0
KNN,No SMOTE,0,0,0.0
KNN,No SMOTE,0,0,0.0
KNN,No SMOTE,0,0,0.0
KNN,No SMOTE,0,0,0.0
KNN,No SMOTE,0,0,0.0
KNN,No SMOTE,0,0,0.0
KNN,No SMOTE,0,0,0.0
KNN,No SMOTE,0,0,0.0
KNN,No SMOTE,0,0,0.0
KNN,No SMOTE,0,0,0.0
KNN,No SMOTE,0,0,0.0
KNN,No SMOTE,0,0,0.0
KNN,No SMOTE,0,0,0.0
KNN,No SMOTE,0,0,0.0
KNN,No SMOTE,0,0,0.0
KNN,No SMOTE,0,0,0.0
KNN,No SMOTE,0,0,0.0
KNN,No SMOTE,0,0,0.0
KNN,No SMOTE,0,0,0.0
KNN,No SMOTE,0,0,0.0
KNN,No SMOTE,0,0,0.0
KNN,No SMOTE,0,0,0.0
KNN,No SMOTE,0,0,0.0
KNN,No SMOTE,0,0,0.0
KNN,No SMOTE,0,0,0.0
KNN,No SMOTE,0,0,0.0
KNN,No SMOTE,0,0,0.0
KNN,No SMOTE,0,0,0.0
KNN,No SMOTE,0,0,0.0
KNN,No SMOTE,0,0,0.0
KNN,No SMOTE,0,0,0.0
KNN,No SMOTE,0,0,0.0
KNN,No SMOTE,0,0,0.0
KNN,No SMOTE,0,0,0.0
KNN,No SMOTE,0,0,0.0
KNN,No SMOTE,0,0,0.0
KNN,No SMOTE,0,0,0.0
KNN,No SMOTE,0,0,0.0
KNN,No SMOTE,0,0,0.0
KNN,No SMOTE,0,0,0.0
KNN,No SMOTE,0,0,0.0
KNN,No SMOTE,0,0,0.0
KNN,No SMOTE,0,0,0.0
KNN,No SMOTE,0,0,0.0
KNN,No SMOTE,0,0,0.0
KNN,No SMOTE,0,0,0.0
KNN,No SMOTE,0,0,0.0
KNN,No SMOTE,0,0,0.0
KNN,No SMOTE,0,0,0.0
KNN,No SMOTE,0,0,0.0
KNN,No SMOTE,0,0,0.0
KNN,No SMOTE,0,0,0.0
KNN,No SMOTE,0,0,0.0
KNN,No SMOTE,0,0,0.0
KNN,No SMOTE,0,0,0.0
KNN,No SMOTE,0,0,0.0
KNN,No SMOTE,0,0,0.0
KNN,No SMOTE,0,0,0.0
KNN,No SMOTE,0,0,0.0
KNN,No SMOTE,0,0,0.0
KNN,No SMOTE,0,0,0.0
KNN,No SMOTE,0,0,0.0
KNN,No SMOTE,0,0,0.0
KNN,No SMOTE,0,0,0.0
KNN,No SMOTE,0,0,0.0
KNN,No SMOTE,0,0,0.0
KNN,No SMOTE,0,0,0.0
KNN,No SMOTE,0,0,0.0
KNN,No SMOTE,0,0,0.0
KNN,No SMOTE,0,0,0.0
KNN,No SMOTE,0,0,0.0
KNN,No SMOTE,0,0,0.0
KNN,No SMOTE,0,0,0.0
KNN,No SMOTE,0,0,0.0
KNN,No SMOTE,0,0,0.0
KNN,No SMOTE,0,0,0.0
KNN,No SMOTE,0,0,0.0
KNN,No SMOTE,0,0,0.0
KNN,No SMOTE,0,0,0.0
KNN,No SMOTE,0,0,0.0
KNN,No SMOTE,1,0,0.0
KNN,No SMOTE,0,0,0.0
KNN,No SMOTE,0,0,0.0
KNN,No SMOTE,0,0,0.0
KNN,No SMOTE,0,0,0.0
KNN,No SMOTE,0,0,0.0
KNN,No SMOTE,0,0,0.0
KNN,No SMOTE,0,0,0.0
KNN,No SMOTE,0,0,0.0
KNN,No SMOTE,0,0,0.0
KNN,No SMOTE,0,0,0.0
KNN,No SMOTE,0,0,0.0
KNN,No SMOTE,0,0,0.0
KNN,No SMOTE,0,0,0.0
KNN,No SMOTE,0,0,0.0
KNN,No SMOTE,0,0,0.0
KNN,No SMOTE,0,0,0.0
KNN,No SMOTE,0,0,0.0
KNN,No SMOTE,0,0,0.0
KNN,No SMOTE,0,0,0.0
KNN,No SMOTE,0,0,0.0
KNN,No SMOTE,0,0,0.0
KNN,No SMOTE,0,0,0.0
KNN,No SMOTE,0,0,0.0
KNN,No SMOTE,0,0,0.0
KNN,No SMOTE,0,0,0.0
KNN,No SMOTE,0,0,0.0
KNN,No SMOTE,0,0,0.0
KNN,No SMOTE,0,0,0.0
KNN,No SMOTE,0,0,0.0
KNN,No SMOTE,0,0,0.0
KNN,No SMOTE,0,0,0.0
KNN,No SMOTE,0,0,0.0
KNN,No SMOTE,0,0,0.0
KNN,No SMOTE,0,0,0.0
KNN,No SMOTE,0,0,0.0
KNN,No SMOTE,0,0,0.0
KNN,No SMOTE,0,0,0.0
KNN,No SMOTE,0,0,0.0
KNN,No SMOTE,0,0,0.0
KNN,No SMOTE,0,0,0.0
KNN,No SMOTE,0,0,0.0
KNN,No SMOTE,0,0,0.0
KNN,No SMOTE,0,0,0.0
KNN,No SMOTE,0,0,0.0
KNN,No SMOTE,0,0,0.0
KNN,No SMOTE,0,0,0.0
KNN,No SMOTE,0,0,0.0
KNN,No SMOTE,0,0,0.0
KNN,No SMOTE,0,0,0.0
KNN,No SMOTE,0,0,0.0
KNN,No SMOTE,0,0,0.0
KNN,No SMOTE,1,1,1.0
KNN,No SMOTE,0,0,0.0
KNN,No SMOTE,0,0,0.0
KNN,No SMOTE,0,0,0.0
KNN,No SMOTE,0,0,0.0
KNN,No SMOTE,0,0,0.0
KNN,No SMOTE,0,0,0.0
KNN,No SMOTE,0,0,0.0
KNN,No SMOTE,0,0,0.0
KNN,No SMOTE,0,0,0.0
KNN,No SMOTE,0,0,0.0
KNN,No SMOTE,0,0,0.0
KNN,No SMOTE,0,0,0.0
KNN,No SMOTE,0,0,0.0
KNN,No SMOTE,0,0,0.0
KNN,No SMOTE,0,0,0.0
KNN,No SMOTE,0,0,0.0
KNN,No SMOTE,0,0,0.0
KNN,No SMOTE,0,0,0.0
KNN,No SMOTE,0,0,0.0
KNN,No SMOTE,0,0,0.0
KNN,No SMOTE,0,0,0.0
KNN,No SMOTE,0,0,0.0
KNN,No SMOTE,0,0,0.0
KNN,No SMOTE,0,0,0.0
KNN,No SMOTE,0,0,0.0
KNN,No SMOTE,0,0,0.0
KNN,No SMOTE,0,0,0.0
KNN,No SMOTE,0,0,0.0
KNN,No SMOTE,0,0,0.0
KNN,No SMOTE,0,0,0.0
KNN,No SMOTE,0,0,0.0
KNN,No SMOTE,0,0,0.0
KNN,No SMOTE,0,0,0.0
KNN,No SMOTE,0,0,0.0
KNN,No SMOTE,0,0,0.0
KNN,No SMOTE,0,0,0.0
KNN,No SMOTE,0,0,0.0
KNN,No SMOTE,0,0,0.0
KNN,No SMOTE,0,0,0.0
KNN,No SMOTE,0,0,0.0
KNN,No SMOTE,0,0,0.0
KNN,No SMOTE,0,0,0.0
KNN,No SMOTE,0,0,0.0
KNN,No SMOTE,0,0,0.0
KNN,No SMOTE,0,0,0.0
KNN,No SMOTE,0,0,0.0
KNN,No SMOTE,0,0,0.0
KNN,No SMOTE,0,0,0.0
KNN,No SMOTE,0,0,0.0
KNN,No SMOTE,0,0,0.0
KNN,No SMOTE,0,0,0.0
KNN,No SMOTE,0,0,0.0
KNN,No SMOTE,0,0,0.0
KNN,No SMOTE,0,0,0.0
KNN,No SMOTE,0,0,0.0
KNN,No SMOTE,0,0,0.0
KNN,No SMOTE,0,0,0.0
KNN,No SMOTE,0,0,0.0
KNN,No SMOTE,0,0,0.0
KNN,No SMOTE,0,0,0.0
KNN,No SMOTE,0,0,0.0
KNN,No SMOTE,0,0,0.0
KNN,No SMOTE,0,0,0.0
KNN,No SMOTE,0,0,0.0
KNN,No SMOTE,0,0,0.0
KNN,No SMOTE,0,0,0.0
KNN,No SMOTE,0,0,0.0
KNN,No SMOTE,0,0,0.0
KNN,No SMOTE,0,0,0.0
KNN,No SMOTE,0,0,0.0
KNN,No SMOTE,0,0,0.0
KNN,No SMOTE,0,0,0.0
KNN,No SMOTE,0,0,0.0
KNN,No SMOTE,0,0,0.0
KNN,No SMOTE,0,0,0.0
KNN,No SMOTE,0,0,0.0
KNN,No SMOTE,0,0,0.0
KNN,No SMOTE,0,0,0.0
KNN,No SMOTE,0,0,0.0
KNN,No SMOTE,0,0,0.0
KNN,No SMOTE,0,0,0.0
KNN,No SMOTE,0,0,0.0
KNN,No SMOTE,0,0,0.0
KNN,No SMOTE,0,0,0.0
KNN,No SMOTE,0,0,0.0
KNN,No SMOTE,0,0,0.0
KNN,No SMOTE,0,0,0.0
KNN,No SMOTE,0,0,0.0
KNN,No SMOTE,0,0,0.0
KNN,No SMOTE,0,0,0.0
KNN,No SMOTE,0,0,0.0
KNN,No SMOTE,0,0,0.0
KNN,No SMOTE,0,0,0.0
KNN,No SMOTE,0,0,0.0
KNN,No SMOTE,0,0,0.0
KNN,No SMOTE,0,0,0.0
KNN,No SMOTE,0,0,0.0
KNN,No SMOTE,0,0,0.0
KNN,No SMOTE,0,0,0.0
KNN,No SMOTE,0,0,0.0
KNN,No SMOTE,0,0,0.0
KNN,No SMOTE,0,0,0.0
KNN,No SMOTE,0,0,0.0
KNN,No SMOTE,0,0,0.0
KNN,No SMOTE,0,0,0.0
KNN,No SMOTE,0,0,0.0
KNN,No SMOTE,0,0,0.0
KNN,No SMOTE,0,0,0.0
KNN,No SMOTE,0,0,0.0
KNN,No SMOTE,0,0,0.0
KNN,No SMOTE,0,0,0.0
KNN,No SMOTE,0,0,0.0
KNN,No SMOTE,0,0,0.0
KNN,No SMOTE,0,0,0.0
KNN,No SMOTE,0,0,0.0
KNN,No SMOTE,0,0,0.0
KNN,No SMOTE,0,0,0.0
KNN,No SMOTE,0,0,0.0
KNN,No SMOTE,0,0,0.0
KNN,No SMOTE,0,0,0.0
KNN,No SMOTE,0,0,0.0
KNN,No SMOTE,0,0,0.0
KNN,No SMOTE,0,0,0.0
KNN,No SMOTE,0,0,0.0
KNN,No SMOTE,0,0,0.0
KNN,No SMOTE,0,0,0.0
KNN,No SMOTE,0,0,0.0
KNN,No SMOTE,0,0,0.0
KNN,No SMOTE,0,0,0.0
KNN,No SMOTE,0,0,0.0
KNN,No SMOTE,0,0,0.0
KNN,No SMOTE,0,0,0.0
KNN,No SMOTE,0,0,0.0
KNN,No SMOTE,0,0,0.0
KNN,No SMOTE,0,0,0.0
KNN,No SMOTE,0,0,0.0
KNN,No SMOTE,0,0,0.0
KNN,No SMOTE,0,0,0.0
KNN,No SMOTE,0,0,0.0
KNN,No SMOTE,0,0,0.0
KNN,No SMOTE,0,0,0.0
KNN,No SMOTE,0,0,0.0
KNN,No SMOTE,0,0,0.0
KNN,No SMOTE,0,0,0.0
KNN,No SMOTE,0,0,0.0
KNN,No SMOTE,0,0,0.0
KNN,No SMOTE,0,0,0.0
KNN,No SMOTE,0,0,0.0
KNN,No SMOTE,0,0,0.0
KNN,No SMOTE,0,0,0.0
KNN,No SMOTE,0,0,0.0
KNN,No SMOTE,0,0,0.0
KNN,No SMOTE,0,0,0.0
KNN,No SMOTE,0,0,0.0
KNN,No SMOTE,0,0,0.0
KNN,No SMOTE,0,0,0.0
KNN,No SMOTE,0,0,0.0
KNN,No SMOTE,0,0,0.0
KNN,No SMOTE,0,0,0.0
KNN,No SMOTE,0,0,0.0
KNN,No SMOTE,0,0,0.0
KNN,No SMOTE,0,0,0.0
KNN,No SMOTE,0,0,0.0
KNN,No SMOTE,0,0,0.0
KNN,No SMOTE,0,0,0.0
KNN,No SMOTE,0,0,0.0
KNN,No SMOTE,0,0,0.0
KNN,No SMOTE,0,0,0.0
KNN,No SMOTE,0,0,0.0
KNN,No SMOTE,0,0,0.0
KNN,No SMOTE,0,0,0.0
KNN,No SMOTE,0,0,0.0
KNN,No SMOTE,0,0,0.0
KNN,No SMOTE,0,0,0.0
KNN,No SMOTE,0,0,0.0
KNN,No SMOTE,0,0,0.0
KNN,No SMOTE,0,0,0.0
KNN,No SMOTE,0,0,0.0
KNN,No SMOTE,0,0,0.0
KNN,No SMOTE,0,0,0.0
KNN,No SMOTE,0,0,0.0
KNN,No SMOTE,0,0,0.0
KNN,No SMOTE,0,0,0.0
KNN,No SMOTE,0,0,0.0
KNN,No SMOTE,0,0,0.0
KNN,No SMOTE,0,0,0.0
KNN,No SMOTE,0,0,0.0
KNN,No SMOTE,0,0,0.0
KNN,No SMOTE,0,0,0.0
KNN,No SMOTE,0,0,0.0
KNN,No SMOTE,0,0,0.0
KNN,No SMOTE,0,0,0.0
KNN,No SMOTE,0,0,0.0
KNN,No SMOTE,0,0,0.0
KNN,No SMOTE,0,0,0.0
KNN,No SMOTE,0,0,0.0
KNN,No SMOTE,0,0,0.0
KNN,No SMOTE,0,0,0.0
KNN,No SMOTE,0,0,0.0
KNN,No SMOTE,0,0,0.0
KNN,No SMOTE,0,0,0.0
KNN,No SMOTE,0,0,0.0
KNN,No SMOTE,0,0,0.0
KNN,No SMOTE,0,0,0.0
KNN,No SMOTE,0,0,0.0
KNN,No SMOTE,0,0,0.0
KNN,No SMOTE,0,0,0.0
KNN,No SMOTE,0,0,0.0
KNN,No SMOTE,0,0,0.0
KNN,No SMOTE,0,0,0.0
KNN,No SMOTE,0,0,0.0
KNN,No SMOTE,0,0,0.0
KNN,No SMOTE,0,0,0.0
KNN,No SMOTE,0,0,0.0
KNN,No SMOTE,0,0,0.0
KNN,No SMOTE,0,0,0.0
KNN,No SMOTE,0,0,0.0
KNN,No SMOTE,0,0,0.0
KNN,No SMOTE,0,0,0.0
KNN,No SMOTE,0,0,0.0
KNN,No SMOTE,0,0,0.0
KNN,No SMOTE,0,0,0.0
KNN,No SMOTE,0,0,0.0
KNN,No SMOTE,0,0,0.0
KNN,No SMOTE,0,0,0.0
KNN,No SMOTE,0,0,0.0
KNN,No SMOTE,0,0,0.0
KNN,No SMOTE,0,0,0.0
KNN,No SMOTE,0,0,0.0
KNN,No SMOTE,0,0,0.0
KNN,No SMOTE,0,0,0.0
KNN,No SMOTE,0,0,0.0
KNN,No SMOTE,0,0,0.0
KNN,No SMOTE,0,0,0.0
KNN,No SMOTE,0,0,0.0
KNN,No SMOTE,0,0,0.0
KNN,No SMOTE,0,0,0.0
KNN,No SMOTE,0,0,0.0
KNN,No SMOTE,0,0,0.0
KNN,No SMOTE,0,0,0.0
KNN,No SMOTE,0,0,0.0
KNN,No SMOTE,0,0,0.0
KNN,No SMOTE,0,0,0.0
KNN,No SMOTE,0,0,0.0
KNN,No SMOTE,0,0,0.0
KNN,No SMOTE,0,0,0.0
KNN,No SMOTE,0,0,0.0
KNN,No SMOTE,0,0,0.0
KNN,No SMOTE,0,0,0.0
KNN,No SMOTE,0,0,0.0
KNN,No SMOTE,0,0,0.0
KNN,No SMOTE,0,0,0.0
KNN,No SMOTE,0,0,0.0
KNN,No SMOTE,0,0,0.0
KNN,No SMOTE,0,0,0.0
KNN,No SMOTE,0,0,0.0
KNN,No SMOTE,0,0,0.0
KNN,No SMOTE,0,0,0.0
KNN,No SMOTE,0,0,0.0
KNN,No SMOTE,0,0,0.0
KNN,No SMOTE,0,0,0.0
KNN,No SMOTE,0,0,0.0
KNN,No SMOTE,0,0,0.0
KNN,No SMOTE,0,0,0.0
KNN,No SMOTE,0,0,0.0
KNN,No SMOTE,0,0,0.0
KNN,No SMOTE,0,0,0.0
KNN,No SMOTE,0,0,0.0
KNN,No SMOTE,0,0,0.0
KNN,No SMOTE,0,0,0.0
KNN,No SMOTE,0,0,0.0
KNN,No SMOTE,0,0,0.0
KNN,No SMOTE,0,0,0.0
KNN,No SMOTE,0,0,0.0
KNN,No SMOTE,0,0,0.0
KNN,No SMOTE,0,0,0.0
KNN,No SMOTE,0,0,0.0
KNN,No SMOTE,0,0,0.0
KNN,No SMOTE,0,0,0.0
KNN,No SMOTE,0,0,0.0
KNN,No SMOTE,0,0,0.0
KNN,No SMOTE,0,0,0.0
KNN,No SMOTE,0,0,0.0
KNN,No SMOTE,0,0,0.0
KNN,No SMOTE,0,0,0.0
KNN,No SMOTE,0,0,0.0
KNN,No SMOTE,0,0,0.0
KNN,No SMOTE,0,0,0.0
KNN,No SMOTE,0,0,0.0
KNN,No SMOTE,0,0,0.0
KNN,No SMOTE,0,0,0.0
KNN,No SMOTE,0,0,0.0
KNN,No SMOTE,0,0,0.0
KNN,No SMOTE,0,0,0.0
KNN,No SMOTE,0,0,0.0
KNN,No SMOTE,0,0,0.0
KNN,No SMOTE,0,0,0.0
KNN,No SMOTE,0,0,0.0
KNN,No SMOTE,0,0,0.0
KNN,No SMOTE,0,0,0.0
KNN,No SMOTE,0,0,0.0
KNN,No SMOTE,0,0,0.0
KNN,No SMOTE,0,0,0.0
KNN,No SMOTE,0,0,0.0
KNN,No SMOTE,0,0,0.0
KNN,No SMOTE,0,0,0.0
KNN,No SMOTE,0,0,0.0
KNN,No SMOTE,0,0,0.0
KNN,No SMOTE,0,0,0.0
KNN,No SMOTE,0,0,0.0
KNN,No SMOTE,0,0,0.0
KNN,No SMOTE,0,0,0.0
KNN,No SMOTE,0,0,0.0
KNN,No SMOTE,0,0,0.0
KNN,No SMOTE,0,0,0.0
KNN,No SMOTE,0,0,0.0
KNN,No SMOTE,0,0,0.0
KNN,No SMOTE,0,0,0.0
KNN,No SMOTE,0,0,0.0
KNN,No SMOTE,0,0,0.0
KNN,No SMOTE,0,0,0.0
KNN,No SMOTE,0,0,0.0
KNN,No SMOTE,0,0,0.0
KNN,No SMOTE,0,0,0.0
KNN,No SMOTE,0,0,0.0
KNN,No SMOTE,0,0,0.0
KNN,No SMOTE,0,0,0.0
KNN,No SMOTE,0,0,0.0
KNN,No SMOTE,0,0,0.0
KNN,No SMOTE,0,0,0.0
KNN,No SMOTE,0,0,0.0
KNN,No SMOTE,0,0,0.0
KNN,No SMOTE,0,0,0.0
KNN,No SMOTE,0,0,0.0
KNN,No SMOTE,0,0,0.0
KNN,No SMOTE,0,0,0.0
KNN,No SMOTE,0,0,0.0
KNN,No SMOTE,0,0,0.0
KNN,No SMOTE,0,0,0.0
KNN,No SMOTE,0,0,0.0
KNN,No SMOTE,0,0,0.0
KNN,No SMOTE,0,0,0.0
KNN,No SMOTE,0,0,0.0
KNN,No SMOTE,0,0,0.0
KNN,No SMOTE,0,0,0.0
KNN,No SMOTE,0,0,0.0
KNN,No SMOTE,0,0,0.0
KNN,No SMOTE,0,0,0.0
KNN,No SMOTE,0,0,0.0
KNN,No SMOTE,0,0,0.0
KNN,No SMOTE,0,0,0.0
KNN,No SMOTE,0,0,0.0
KNN,No SMOTE,0,0,0.0
KNN,No SMOTE,0,0,0.0
KNN,No SMOTE,0,0,0.0
KNN,No SMOTE,0,0,0.0
KNN,No SMOTE,0,0,0.0
KNN,No SMOTE,0,0,0.0
KNN,No SMOTE,0,0,0.0
KNN,No SMOTE,0,0,0.0
KNN,No SMOTE,0,0,0.0
KNN,No SMOTE,0,0,0.0
KNN,No SMOTE,0,0,0.0
KNN,No SMOTE,0,0,0.0
KNN,No SMOTE,0,0,0.0
KNN,No SMOTE,0,0,0.0
KNN,No SMOTE,0,0,0.0
KNN,No SMOTE,0,0,0.0
KNN,No SMOTE,0,0,0.0
KNN,No SMOTE,0,0,0.0
KNN,No SMOTE,0,0,0.0
KNN,No SMOTE,0,0,0.0
KNN,No SMOTE,0,0,0.0
KNN,No SMOTE,0,0,0.0
KNN,No SMOTE,0,0,0.0
KNN,No SMOTE,0,0,0.0
KNN,No SMOTE,0,0,0.0
KNN,No SMOTE,0,0,0.0
KNN,No SMOTE,0,0,0.0
KNN,No SMOTE,0,0,0.0
KNN,No SMOTE,0,0,0.0
KNN,No SMOTE,0,0,0.0
KNN,No SMOTE,0,0,0.0
KNN,No SMOTE,0,0,0.0
KNN,No SMOTE,0,0,0.0
KNN,No SMOTE,0,0,0.0
KNN,No SMOTE,0,0,0.0
KNN,No SMOTE,0,0,0.0
KNN,No SMOTE,0,0,0.0
KNN,No SMOTE,0,0,0.0
KNN,No SMOTE,0,0,0.0
KNN,No SMOTE,0,0,0.0
KNN,No SMOTE,0,0,0.0
KNN,No SMOTE,0,0,0.0
KNN,No SMOTE,0,0,0.0
KNN,No SMOTE,0,0,0.0
KNN,No SMOTE,0,0,0.0
KNN,No SMOTE,0,0,0.0
KNN,No SMOTE,0,0,0.0
KNN,No SMOTE,0,0,0.0
KNN,No SMOTE,0,0,0.0
KNN,No SMOTE,0,0,0.0
KNN,No SMOTE,0,0,0.0
KNN,No SMOTE,0,0,0.0
KNN,No SMOTE,0,0,0.0
KNN,No SMOTE,0,0,0.0
KNN,No SMOTE,0,0,0.0
KNN,No SMOTE,0,0,0.0
KNN,No SMOTE,0,0,0.0
KNN,No SMOTE,0,0,0.0
KNN,No SMOTE,0,0,0.0
KNN,No SMOTE,0,0,0.0
KNN,No SMOTE,0,0,0.0
KNN,No SMOTE,0,0,0.0
KNN,No SMOTE,0,0,0.0
KNN,No SMOTE,0,0,0.0
KNN,No SMOTE,0,0,0.0
KNN,No SMOTE,0,0,0.0
KNN,No SMOTE,0,0,0.0
KNN,No SMOTE,0,0,0.0
KNN,No SMOTE,0,0,0.0
KNN,No SMOTE,0,0,0.0
KNN,No SMOTE,0,0,0.0
KNN,No SMOTE,0,0,0.0
KNN,No SMOTE,0,0,0.0
KNN,No SMOTE,0,0,0.0
KNN,No SMOTE,0,0,0.0
KNN,No SMOTE,0,0,0.0
KNN,No SMOTE,0,0,0.0
KNN,No SMOTE,0,0,0.0
KNN,No SMOTE,0,0,0.0
KNN,No SMOTE,0,0,0.0
KNN,No SMOTE,0,0,0.0
KNN,No SMOTE,0,0,0.0
KNN,No SMOTE,0,0,0.0
KNN,No SMOTE,0,0,0.0
KNN,No SMOTE,0,0,0.0
KNN,No SMOTE,0,0,0.0
KNN,No SMOTE,0,0,0.0
KNN,No SMOTE,0,0,0.0
KNN,No SMOTE,0,0,0.0
KNN,No SMOTE,0,0,0.0
KNN,No SMOTE,0,0,0.0
KNN,No SMOTE,0,0,0.0
KNN,No SMOTE,0,0,0.0
KNN,No SMOTE,0,0,0.0
KNN,No SMOTE,0,0,0.0
KNN,No SMOTE,0,0,0.0
KNN,No SMOTE,0,0,0.0
KNN,No SMOTE,0,0,0.0
KNN,No SMOTE,0,0,0.0
KNN,No SMOTE,0,0,0.0
KNN,No SMOTE,0,0,0.0
KNN,No SMOTE,0,0,0.0
KNN,No SMOTE,0,0,0.0
KNN,No SMOTE,0,0,0.0
KNN,No SMOTE,0,0,0.0
KNN,No SMOTE,0,0,0.0
KNN,No SMOTE,0,0,0.0
KNN,No SMOTE,0,0,0.0
KNN,No SMOTE,0,0,0.0
KNN,No SMOTE,0,0,0.0
KNN,No SMOTE,0,0,0.0
KNN,No SMOTE,0,0,0.0
KNN,No SMOTE,0,0,0.0
KNN,No SMOTE,0,0,0.0
KNN,No SMOTE,0,0,0.0
KNN,No SMOTE,0,0,0.0
KNN,No SMOTE,0,0,0.0
KNN,No SMOTE,0,0,0.0
KNN,No SMOTE,0,0,0.0
KNN,No SMOTE,0,0,0.0
KNN,No SMOTE,0,0,0.0
KNN,No SMOTE,0,0,0.0
KNN,No SMOTE,0,0,0.0
KNN,No SMOTE,0,0,0.0
KNN,No SMOTE,0,0,0.0
KNN,No SMOTE,0,0,0.0
KNN,No SMOTE,0,0,0.0
KNN,No SMOTE,0,0,0.0
KNN,No SMOTE,0,0,0.0
KNN,No SMOTE,0,0,0.0
KNN,No SMOTE,0,0,0.0
KNN,No SMOTE,0,0,0.0
KNN,No SMOTE,0,0,0.0
KNN,No SMOTE,0,0,0.0
KNN,No SMOTE,0,0,0.0
KNN,No SMOTE,0,0,0.0
KNN,No SMOTE,0,0,0.0
KNN,No SMOTE,0,0,0.0
KNN,No SMOTE,0,0,0.0
KNN,No SMOTE,0,0,0.0
KNN,No SMOTE,0,0,0.0
KNN,No SMOTE,0,0,0.0
KNN,No SMOTE,0,0,0.0
KNN,No SMOTE,0,0,0.0
KNN,No SMOTE,0,0,0.0
KNN,No SMOTE,0,0,0.0
KNN,No SMOTE,0,0,0.0
KNN,No SMOTE,0,0,0.0
KNN,No SMOTE,0,0,0.0
KNN,No SMOTE,0,0,0.0
KNN,No SMOTE,0,0,0.0
KNN,No SMOTE,0,0,0.0
KNN,No SMOTE,0,0,0.0
KNN,No SMOTE,0,0,0.0
KNN,No SMOTE,0,0,0.0
KNN,No SMOTE,0,0,0.0
KNN,No SMOTE,0,0,0.0
KNN,No SMOTE,0,0,0.0
KNN,No SMOTE,0,0,0.0
KNN,No SMOTE,0,0,0.0
KNN,No SMOTE,0,0,0.0
KNN,No SMOTE,0,0,0.0
KNN,No SMOTE,0,0,0.0
KNN,No SMOTE,0,0,0.0
KNN,No SMOTE,0,0,0.0
KNN,No SMOTE,0,0,0.0
KNN,No SMOTE,0,0,0.0
KNN,No SMOTE,0,0,0.0
KNN,No SMOTE,0,0,0.0
KNN,No SMOTE,0,0,0.0
KNN,No SMOTE,0,0,0.0
KNN,No SMOTE,0,0,0.0
KNN,No SMOTE,0,0,0.0
KNN,No SMOTE,0,0,0.0
KNN,No SMOTE,0,0,0.0
KNN,No SMOTE,0,0,0.0
KNN,No SMOTE,0,0,0.0
KNN,No SMOTE,0,0,0.0
KNN,No SMOTE,0,0,0.0
KNN,No SMOTE,0,0,0.0
KNN,No SMOTE,0,0,0.0
KNN,No SMOTE,0,0,0.0
KNN,No SMOTE,0,0,0.0
KNN,No SMOTE,0,0,0.0
KNN,No SMOTE,0,0,0.0
KNN,No SMOTE,0,0,0.0
KNN,No SMOTE,0,0,0.0
KNN,No SMOTE,0,0,0.0
KNN,No SMOTE,0,0,0.0
KNN,No SMOTE,0,0,0.0
KNN,No SMOTE,0,0,0.0
KNN,No SMOTE,0,0,0.0
KNN,No SMOTE,0,0,0.0
KNN,No SMOTE,0,0,0.0
KNN,No SMOTE,0,0,0.0
KNN,No SMOTE,0,0,0.0
KNN,No SMOTE,0,0,0.0
KNN,No SMOTE,0,0,0.0
KNN,No SMOTE,0,0,0.0
KNN,No SMOTE,0,0,0.0
KNN,No SMOTE,0,0,0.0
KNN,No SMOTE,0,0,0.0
KNN,No SMOTE,0,0,0.0
KNN,No SMOTE,0,0,0.0
KNN,No SMOTE,0,0,0.0
KNN,No SMOTE,0,0,0.0
KNN,No SMOTE,0,0,0.0
KNN,No SMOTE,0,0,0.0
KNN,No SMOTE,0,0,0.0
KNN,No SMOTE,0,0,0.0
KNN,No SMOTE,0,0,0.0
KNN,No SMOTE,0,0,0.0
KNN,No SMOTE,0,0,0.0
KNN,No SMOTE,0,0,0.0
KNN,No SMOTE,0,0,0.0
KNN,No SMOTE,0,0,0.0
KNN,No SMOTE,0,0,0.0
KNN,No SMOTE,0,0,0.0
KNN,No SMOTE,0,0,0.0
KNN,No SMOTE,0,0,0.0
KNN,No SMOTE,0,0,0.0
KNN,No SMOTE,0,0,0.0
KNN,No SMOTE,0,0,0.0
KNN,No SMOTE,0,0,0.0
KNN,No SMOTE,0,0,0.0
KNN,No SMOTE,0,0,0.0
KNN,No SMOTE,0,0,0.0
KNN,No SMOTE,0,0,0.0
KNN,No SMOTE,0,0,0.0
KNN,No SMOTE,0,0,0.0
KNN,No SMOTE,0,0,0.0
KNN,No SMOTE,0,0,0.0
KNN,No SMOTE,0,0,0.0
KNN,No SMOTE,0,0,0.0
KNN,No SMOTE,0,0,0.0
KNN,No SMOTE,0,0,0.0
KNN,No SMOTE,0,0,0.0
KNN,No SMOTE,0,0,0.0
KNN,No SMOTE,0,0,0.0
KNN,No SMOTE,0,0,0.0
KNN,No SMOTE,0,0,0.0
KNN,No SMOTE,0,0,0.0
KNN,No SMOTE,0,0,0.0
KNN,No SMOTE,0,0,0.0
KNN,No SMOTE,0,0,0.0
KNN,No SMOTE,0,0,0.0
KNN,No SMOTE,0,0,0.0
KNN,No SMOTE,0,0,0.0
KNN,No SMOTE,0,0,0.0
KNN,No SMOTE,0,0,0.0
KNN,No SMOTE,0,0,0.0
KNN,No SMOTE,0,0,0.0
KNN,No SMOTE,0,0,0.0
KNN,No SMOTE,0,0,0.0
KNN,No SMOTE,0,0,0.0
KNN,No SMOTE,0,0,0.0
KNN,No SMOTE,0,0,0.0
KNN,No SMOTE,0,0,0.0
KNN,No SMOTE,0,0,0.0
KNN,No SMOTE,0,0,0.0
KNN,No SMOTE,0,0,0.0
KNN,No SMOTE,0,0,0.0
KNN,No SMOTE,0,0,0.0
KNN,No SMOTE,0,0,0.0
KNN,No SMOTE,0,0,0.0
KNN,No SMOTE,0,0,0.0
KNN,No SMOTE,0,0,0.0
KNN,No SMOTE,0,0,0.0
KNN,No SMOTE,0,0,0.0
KNN,No SMOTE,0,0,0.0
KNN,No SMOTE,0,0,0.0
KNN,No SMOTE,0,0,0.0
KNN,No SMOTE,0,0,0.0
KNN,No SMOTE,0,0,0.0
KNN,No SMOTE,0,0,0.0
KNN,No SMOTE,0,0,0.0
KNN,No SMOTE,0,0,0.0
KNN,No SMOTE,0,0,0.0
KNN,No SMOTE,0,0,0.0
KNN,No SMOTE,0,0,0.0
KNN,No SMOTE,0,0,0.0
KNN,No SMOTE,0,0,0.0
KNN,No SMOTE,0,0,0.0
KNN,No SMOTE,0,0,0.0
KNN,No SMOTE,0,0,0.0
KNN,No SMOTE,0,0,0.0
KNN,No SMOTE,0,0,0.0
KNN,No SMOTE,0,0,0.0
KNN,No SMOTE,0,0,0.0
KNN,No SMOTE,0,0,0.0
KNN,No SMOTE,0,0,0.0
KNN,No SMOTE,0,0,0.0
KNN,No SMOTE,0,0,0.0
KNN,No SMOTE,0,0,0.0
KNN,No SMOTE,0,0,0.0
KNN,No SMOTE,0,0,0.0
KNN,No SMOTE,0,0,0.0
KNN,No SMOTE,0,0,0.0
KNN,No SMOTE,0,0,0.0
KNN,No SMOTE,0,0,0.0
KNN,No SMOTE,0,0,0.0
KNN,No SMOTE,0,0,0.0
KNN,No SMOTE,0,0,0.0
KNN,No SMOTE,0,0,0.0
KNN,No SMOTE,0,0,0.0
KNN,No SMOTE,0,0,0.0
KNN,No SMOTE,0,0,0.0
KNN,No SMOTE,0,0,0.0
KNN,No SMOTE,0,0,0.0
KNN,No SMOTE,0,0,0.0
KNN,No SMOTE,0,0,0.0
KNN,No SMOTE,0,0,0.0
KNN,No SMOTE,0,0,0.0
KNN,No SMOTE,0,0,0.0
KNN,No SMOTE,0,0,0.0
KNN,No SMOTE,0,0,0.0
KNN,No SMOTE,0,0,0.0
KNN,No SMOTE,0,0,0.0
KNN,No SMOTE,0,0,0.0
KNN,No SMOTE,0,0,0.0
KNN,No SMOTE,0,0,0.0
KNN,No SMOTE,0,0,0.0
KNN,No SMOTE,0,0,0.0
KNN,No SMOTE,0,0,0.0
KNN,No SMOTE,0,0,0.0
KNN,No SMOTE,0,0,0.0
KNN,No SMOTE,0,0,0.0
KNN,No SMOTE,0,0,0.0
KNN,No SMOTE,0,0,0.0
KNN,No SMOTE,0,0,0.0
KNN,No SMOTE,0,0,0.0
KNN,No SMOTE,0,0,0.0
KNN,No SMOTE,0,0,0.0
KNN,No SMOTE,0,0,0.0
KNN,No SMOTE,0,0,0.0
KNN,No SMOTE,0,0,0.0
KNN,No SMOTE,0,0,0.0
KNN,No SMOTE,0,0,0.0
KNN,No SMOTE,0,0,0.0
KNN,No SMOTE,0,0,0.0
KNN,No SMOTE,0,0,0.0
KNN,No SMOTE,0,0,0.0
KNN,No SMOTE,0,0,0.0
KNN,No SMOTE,0,0,0.0
KNN,No SMOTE,0,0,0.0
KNN,No SMOTE,0,0,0.0
KNN,No SMOTE,0,0,0.0
KNN,No SMOTE,0,0,0.0
KNN,No SMOTE,0,0,0.0
KNN,No SMOTE,0,0,0.0
KNN,No SMOTE,0,0,0.0
KNN,No SMOTE,0,0,0.0
KNN,No SMOTE,0,0,0.0
KNN,No SMOTE,0,0,0.0
KNN,No SMOTE,0,0,0.0
KNN,No SMOTE,0,0,0.0
KNN,No SMOTE,0,0,0.0
KNN,No SMOTE,0,0,0.0
KNN,No SMOTE,0,0,0.0
KNN,No SMOTE,0,0,0.0
KNN,No SMOTE,0,0,0.0
KNN,No SMOTE,0,0,0.0
KNN,No SMOTE,0,0,0.0
KNN,No SMOTE,0,0,0.0
KNN,No SMOTE,0,0,0.0
KNN,No SMOTE,0,0,0.0
KNN,No SMOTE,0,0,0.0
KNN,No SMOTE,0,0,0.0
KNN,No SMOTE,0,0,0.0
KNN,No SMOTE,0,0,0.0
KNN,No SMOTE,0,0,0.0
KNN,No SMOTE,0,0,0.0
KNN,No SMOTE,0,0,0.0
KNN,No SMOTE,0,0,0.0
KNN,No SMOTE,0,0,0.0
KNN,No SMOTE,0,0,0.0
KNN,No SMOTE,0,0,0.0
KNN,No SMOTE,0,0,0.0
KNN,No SMOTE,0,0,0.0
KNN,No SMOTE,0,0,0.0
KNN,No SMOTE,0,0,0.0
KNN,No SMOTE,0,0,0.0
KNN,No SMOTE,0,0,0.0
KNN,No SMOTE,0,0,0.0
KNN,No SMOTE,0,0,0.0
KNN,No SMOTE,0,0,0.0
KNN,No SMOTE,0,0,0.0
KNN,No SMOTE,0,0,0.0
KNN,No SMOTE,0,0,0.0
KNN,No SMOTE,0,0,0.0
KNN,No SMOTE,0,0,0.0
KNN,No SMOTE,0,0,0.0
KNN,No SMOTE,0,0,0.0
KNN,No SMOTE,0,0,0.0
KNN,No SMOTE,0,0,0.0
KNN,No SMOTE,0,0,0.0
KNN,No SMOTE,0,0,0.0
KNN,No SMOTE,0,0,0.0
KNN,No SMOTE,0,0,0.0
KNN,No SMOTE,0,0,0.0
KNN,No SMOTE,0,0,0.0
KNN,No SMOTE,0,0,0.0
KNN,No SMOTE,0,0,0.0
KNN,No SMOTE,0,0,0.0
KNN,No SMOTE,0,0,0.0
KNN,No SMOTE,0,0,0.0
KNN,No SMOTE,0,0,0.0
KNN,No SMOTE,0,0,0.0
KNN,No SMOTE,0,0,0.0
KNN,No SMOTE,0,0,0.0
KNN,No SMOTE,0,0,0.0
KNN,No SMOTE,0,0,0.0
KNN,No SMOTE,0,0,0.0
KNN,No SMOTE,0,0,0.0
KNN,No SMOTE,0,0,0.0
KNN,No SMOTE,0,0,0.0
KNN,No SMOTE,0,0,0.0
KNN,No SMOTE,0,0,0.0
KNN,No SMOTE,0,0,0.0
KNN,No SMOTE,0,0,0.0
KNN,No SMOTE,0,0,0.0
KNN,No SMOTE,0,0,0.0
KNN,No SMOTE,0,0,0.0
KNN,No SMOTE,0,0,0.0
KNN,No SMOTE,0,0,0.0
KNN,No SMOTE,0,0,0.0
KNN,No SMOTE,0,0,0.0
KNN,No SMOTE,0,0,0.0
KNN,No SMOTE,0,0,0.0
KNN,No SMOTE,0,0,0.0
KNN,No SMOTE,0,0,0.0
KNN,No SMOTE,0,0,0.0
KNN,No SMOTE,0,0,0.0
KNN,No SMOTE,0,0,0.0
KNN,No SMOTE,0,0,0.0
KNN,No SMOTE,0,0,0.0
KNN,No SMOTE,0,0,0.0
KNN,No SMOTE,0,0,0.0
KNN,No SMOTE,0,0,0.0
KNN,No SMOTE,0,0,0.0
KNN,No SMOTE,0,0,0.0
KNN,No SMOTE,0,0,0.0
KNN,No SMOTE,0,0,0.0
KNN,No SMOTE,0,0,0.0
KNN,No SMOTE,0,0,0.0
KNN,No SMOTE,0,0,0.0
KNN,No SMOTE,0,0,0.0
KNN,No SMOTE,0,0,0.0
KNN,No SMOTE,0,0,0.0
KNN,No SMOTE,0,0,0.0
KNN,No SMOTE,0,0,0.0
KNN,No SMOTE,0,0,0.0
KNN,No SMOTE,0,0,0.0
KNN,No SMOTE,0,0,0.0
KNN,No SMOTE,0,0,0.0
KNN,No SMOTE,0,0,0.0
KNN,No SMOTE,0,0,0.0
KNN,No SMOTE,0,0,0.0
KNN,No SMOTE,0,0,0.0
KNN,No SMOTE,0,0,0.0
KNN,No SMOTE,0,0,0.0
KNN,No SMOTE,0,0,0.0
KNN,No SMOTE,0,0,0.0
KNN,No SMOTE,0,0,0.0
KNN,No SMOTE,0,0,0.0
KNN,No SMOTE,0,0,0.0
KNN,No SMOTE,0,0,0.0
KNN,No SMOTE,0,0,0.0
KNN,No SMOTE,0,0,0.0
KNN,No SMOTE,0,0,0.0
KNN,No SMOTE,0,0,0.0
KNN,No SMOTE,0,0,0.0
KNN,No SMOTE,0,0,0.0
KNN,No SMOTE,0,0,0.0
KNN,No SMOTE,0,0,0.0
KNN,No SMOTE,0,0,0.0
KNN,No SMOTE,0,0,0.0
KNN,No SMOTE,0,0,0.0
KNN,No SMOTE,0,0,0.0
KNN,No SMOTE,0,0,0.0
KNN,No SMOTE,0,0,0.0
KNN,No SMOTE,0,0,0.0
KNN,No SMOTE,0,0,0.0
KNN,No SMOTE,0,0,0.0
KNN,No SMOTE,0,0,0.0
KNN,No SMOTE,0,0,0.0
KNN,No SMOTE,0,0,0.0
KNN,No SMOTE,0,0,0.0
KNN,No SMOTE,0,0,0.0
KNN,No SMOTE,0,0,0.0
KNN,No SMOTE,0,0,0.0
KNN,No SMOTE,0,0,0.0
KNN,No SMOTE,0,0,0.0
KNN,No SMOTE,0,0,0.0
KNN,No SMOTE,0,0,0.0
KNN,No SMOTE,0,0,0.0
KNN,No SMOTE,0,0,0.0
KNN,No SMOTE,0,0,0.0
KNN,No SMOTE,0,0,0.0
KNN,No SMOTE,0,0,0.0
KNN,No SMOTE,0,0,0.0
KNN,No SMOTE,0,0,0.0
KNN,No SMOTE,0,0,0.0
KNN,No SMOTE,0,0,0.0
KNN,No SMOTE,0,0,0.0
KNN,No SMOTE,0,0,0.0
KNN,No SMOTE,0,0,0.0
KNN,No SMOTE,0,0,0.0
KNN,No SMOTE,0,0,0.0
KNN,No SMOTE,0,0,0.0
KNN,No SMOTE,0,0,0.0
KNN,No SMOTE,0,0,0.0
KNN,No SMOTE,0,0,0.0
KNN,No SMOTE,0,0,0.0
KNN,No SMOTE,0,0,0.0
KNN,No SMOTE,0,0,0.0
KNN,No SMOTE,0,0,0.0
KNN,No SMOTE,0,0,0.0
KNN,No SMOTE,0,0,0.0
KNN,No SMOTE,0,0,0.0
KNN,No SMOTE,0,0,0.0
KNN,No SMOTE,0,0,0.0
KNN,No SMOTE,0,0,0.0
KNN,No SMOTE,0,0,0.0
KNN,No SMOTE,0,0,0.0
KNN,No SMOTE,0,0,0.0
KNN,No SMOTE,0,0,0.0
KNN,No SMOTE,0,0,0.0
KNN,No SMOTE,0,0,0.0
KNN,No SMOTE,0,0,0.0
KNN,No SMOTE,0,0,0.0
KNN,No SMOTE,0,0,0.0
KNN,No SMOTE,0,0,0.0
KNN,No SMOTE,0,0,0.0
KNN,No SMOTE,0,0,0.0
KNN,No SMOTE,0,0,0.0
KNN,No SMOTE,0,0,0.0
KNN,No SMOTE,0,0,0.0
KNN,No SMOTE,0,0,0.0
KNN,No SMOTE,0,0,0.0
KNN,No SMOTE,0,0,0.0
KNN,No SMOTE,0,0,0.0
KNN,No SMOTE,0,0,0.0
KNN,No SMOTE,0,0,0.0
KNN,No SMOTE,0,0,0.0
KNN,No SMOTE,0,0,0.0
KNN,No SMOTE,0,0,0.0
KNN,No SMOTE,0,0,0.0
KNN,No SMOTE,0,0,0.0
KNN,No SMOTE,0,0,0.0
KNN,No SMOTE,0,0,0.0
KNN,No SMOTE,0,0,0.0
KNN,No SMOTE,0,0,0.0
KNN,No SMOTE,0,0,0.0
KNN,No SMOTE,0,0,0.0
KNN,No SMOTE,0,0,0.0
KNN,No SMOTE,0,0,0.0
KNN,No SMOTE,0,0,0.0
KNN,No SMOTE,0,0,0.0
KNN,No SMOTE,0,0,0.0
KNN,No SMOTE,0,0,0.0
KNN,No SMOTE,0,0,0.0
KNN,No SMOTE,0,0,0.0
KNN,No SMOTE,0,0,0.0
KNN,No SMOTE,0,0,0.0
KNN,No SMOTE,0,0,0.0
KNN,No SMOTE,0,0,0.0
KNN,No SMOTE,0,0,0.0
KNN,No SMOTE,0,0,0.0
KNN,No SMOTE,0,0,0.0
KNN,No SMOTE,0,0,0.0
KNN,No SMOTE,0,0,0.0
KNN,No SMOTE,0,0,0.0
KNN,No SMOTE,0,0,0.0
KNN,No SMOTE,0,0,0.0
KNN,No SMOTE,0,0,0.0
KNN,No SMOTE,0,0,0.0
KNN,No SMOTE,0,0,0.0
KNN,No SMOTE,0,0,0.0
KNN,No SMOTE,0,0,0.0
KNN,No SMOTE,0,0,0.0
KNN,No SMOTE,0,0,0.0
KNN,No SMOTE,0,0,0.0
KNN,No SMOTE,0,0,0.0
KNN,No SMOTE,0,0,0.0
KNN,No SMOTE,0,0,0.0
KNN,No SMOTE,0,0,0.0
KNN,No SMOTE,0,0,0.0
KNN,No SMOTE,0,0,0.0
KNN,No SMOTE,0,0,0.0
KNN,No SMOTE,0,0,0.0
KNN,No SMOTE,0,0,0.0
KNN,No SMOTE,0,0,0.0
KNN,No SMOTE,0,0,0.0
KNN,No SMOTE,0,0,0.0
KNN,No SMOTE,0,0,0.0
KNN,No SMOTE,0,0,0.0
KNN,No SMOTE,0,0,0.0
KNN,No SMOTE,0,0,0.0
KNN,No SMOTE,0,0,0.0
KNN,No SMOTE,0,0,0.0
KNN,No SMOTE,0,0,0.0
KNN,No SMOTE,0,0,0.0
KNN,No SMOTE,0,0,0.0
KNN,No SMOTE,0,0,0.0
KNN,No SMOTE,0,0,0.0
KNN,No SMOTE,0,0,0.0
KNN,No SMOTE,0,0,0.0
KNN,No SMOTE,0,0,0.0
KNN,No SMOTE,0,0,0.0
KNN,No SMOTE,0,0,0.0
KNN,No SMOTE,0,0,0.0
KNN,No SMOTE,0,0,0.0
KNN,No SMOTE,0,0,0.0
KNN,No SMOTE,0,0,0.0
KNN,No SMOTE,0,0,0.0
KNN,No SMOTE,0,0,0.0
KNN,No SMOTE,0,0,0.0
KNN,No SMOTE,0,0,0.0
KNN,No SMOTE,0,0,0.0
KNN,No SMOTE,0,0,0.0
KNN,No SMOTE,0,0,0.0
KNN,No SMOTE,0,0,0.0
KNN,No SMOTE,0,0,0.0
KNN,No SMOTE,0,0,0.0
KNN,No SMOTE,0,0,0.0
KNN,No SMOTE,0,0,0.0
KNN,No SMOTE,0,0,0.0
KNN,No SMOTE,0,0,0.0
KNN,No SMOTE,0,0,0.0
KNN,No SMOTE,0,0,0.0
KNN,No SMOTE,0,0,0.0
KNN,No SMOTE,0,0,0.0
KNN,No SMOTE,0,0,0.0
KNN,No SMOTE,0,0,0.0
KNN,No SMOTE,0,0,0.0
KNN,No SMOTE,0,0,0.0
KNN,No SMOTE,0,0,0.0
KNN,No SMOTE,0,0,0.0
KNN,No SMOTE,0,0,0.0
KNN,No SMOTE,0,0,0.0
KNN,No SMOTE,0,0,0.0
KNN,No SMOTE,0,0,0.0
KNN,No SMOTE,0,0,0.0
KNN,No SMOTE,0,0,0.0
KNN,No SMOTE,0,0,0.0
KNN,No SMOTE,0,0,0.0
KNN,No SMOTE,0,0,0.0
KNN,No SMOTE,0,0,0.0
KNN,No SMOTE,0,0,0.0
KNN,No SMOTE,0,0,0.0
KNN,No SMOTE,0,0,0.0
KNN,No SMOTE,0,0,0.0
KNN,No SMOTE,0,0,0.0
KNN,No SMOTE,0,0,0.0
KNN,No SMOTE,0,0,0.0
KNN,No SMOTE,0,0,0.0
KNN,No SMOTE,0,0,0.0
KNN,No SMOTE,0,0,0.0
KNN,No SMOTE,0,0,0.0
KNN,No SMOTE,0,0,0.0
KNN,No SMOTE,0,0,0.0
KNN,No SMOTE,0,0,0.0
KNN,No SMOTE,0,0,0.0
KNN,No SMOTE,0,0,0.0
KNN,No SMOTE,0,0,0.0
KNN,No SMOTE,0,0,0.0
KNN,No SMOTE,0,0,0.0
KNN,No SMOTE,0,0,0.0
KNN,No SMOTE,0,0,0.0
KNN,No SMOTE,0,0,0.0
KNN,No SMOTE,0,0,0.0
KNN,No SMOTE,0,0,0.0
KNN,No SMOTE,0,0,0.0
KNN,No SMOTE,0,0,0.0
KNN,No SMOTE,0,0,0.0
KNN,No SMOTE,0,0,0.0
KNN,No SMOTE,0,0,0.0
KNN,No SMOTE,0,0,0.0
KNN,No SMOTE,0,0,0.0
KNN,No SMOTE,0,0,0.0
KNN,No SMOTE,0,0,0.0
KNN,No SMOTE,0,0,0.0
KNN,No SMOTE,0,0,0.0
KNN,No SMOTE,0,0,0.0
KNN,No SMOTE,0,0,0.0
KNN,No SMOTE,0,0,0.0
KNN,No SMOTE,0,0,0.0
KNN,No SMOTE,0,0,0.0
KNN,No SMOTE,0,0,0.0
KNN,No SMOTE,0,0,0.0
KNN,No SMOTE,0,0,0.0
KNN,No SMOTE,0,0,0.0
KNN,No SMOTE,0,0,0.0
KNN,No SMOTE,0,0,0.0
KNN,No SMOTE,0,0,0.0
KNN,No SMOTE,0,0,0.0
KNN,No SMOTE,0,0,0.0
KNN,No SMOTE,0,0,0.0
KNN,No SMOTE,0,0,0.0
KNN,No SMOTE,0,0,0.0
KNN,No SMOTE,0,0,0.0
KNN,No SMOTE,0,0,0.0
KNN,No SMOTE,0,0,0.0
KNN,No SMOTE,0,0,0.0
KNN,No SMOTE,0,0,0.0
KNN,No SMOTE,0,0,0.0
KNN,No SMOTE,0,0,0.0
KNN,No SMOTE,0,0,0.0
KNN,No SMOTE,0,0,0.0
KNN,No SMOTE,0,0,0.0
KNN,No SMOTE,0,0,0.0
KNN,No SMOTE,0,0,0.0
KNN,No SMOTE,0,0,0.0
KNN,No SMOTE,0,0,0.0
KNN,No SMOTE,0,0,0.0
KNN,No SMOTE,0,0,0.0
KNN,No SMOTE,0,0,0.0
KNN,No SMOTE,0,0,0.0
KNN,No SMOTE,0,0,0.0
KNN,No SMOTE,0,0,0.0
KNN,No SMOTE,0,0,0.0
KNN,No SMOTE,0,0,0.0
KNN,No SMOTE,0,0,0.0
KNN,No SMOTE,0,0,0.0
KNN,No SMOTE,0,0,0.0
KNN,No SMOTE,0,0,0.0
KNN,No SMOTE,0,0,0.0
KNN,No SMOTE,0,0,0.0
KNN,No SMOTE,0,0,0.0
KNN,No SMOTE,0,0,0.0
KNN,No SMOTE,0,0,0.0
KNN,No SMOTE,0,0,0.0
KNN,No SMOTE,0,0,0.0
KNN,No SMOTE,0,0,0.0
KNN,No SMOTE,0,0,0.0
KNN,No SMOTE,0,0,0.0
KNN,No SMOTE,0,0,0.0
KNN,No SMOTE,0,0,0.0
KNN,No SMOTE,0,0,0.0
KNN,No SMOTE,0,0,0.0
KNN,No SMOTE,0,0,0.0
KNN,No SMOTE,0,0,0.0
KNN,No SMOTE,0,0,0.0
KNN,No SMOTE,0,0,0.0
KNN,No SMOTE,0,0,0.0
KNN,No SMOTE,0,0,0.0
KNN,No SMOTE,0,0,0.0
KNN,No SMOTE,0,0,0.0
KNN,No SMOTE,0,0,0.0
KNN,No SMOTE,0,0,0.0
KNN,No SMOTE,0,0,0.0
KNN,No SMOTE,0,0,0.0
KNN,No SMOTE,0,0,0.0
KNN,No SMOTE,0,0,0.0
KNN,No SMOTE,0,0,0.0
KNN,No SMOTE,0,0,0.0
KNN,No SMOTE,0,0,0.0
KNN,No SMOTE,0,0,0.0
KNN,No SMOTE,0,0,0.0
KNN,No SMOTE,0,0,0.0
KNN,No SMOTE,0,0,0.0
KNN,No SMOTE,0,0,0.0
KNN,No SMOTE,0,0,0.0
KNN,No SMOTE,0,0,0.0
KNN,No SMOTE,0,0,0.0
KNN,No SMOTE,0,0,0.0
KNN,No SMOTE,0,0,0.0
KNN,No SMOTE,0,0,0.0
KNN,No SMOTE,0,0,0.0
KNN,No SMOTE,0,0,0.0
KNN,No SMOTE,0,0,0.0
KNN,No SMOTE,0,0,0.0
KNN,No SMOTE,0,0,0.0
KNN,No SMOTE,0,0,0.0
KNN,No SMOTE,0,0,0.0
KNN,No SMOTE,0,0,0.0
KNN,No SMOTE,0,0,0.0
KNN,No SMOTE,0,0,0.0
KNN,No SMOTE,0,0,0.0
KNN,No SMOTE,0,0,0.0
KNN,No SMOTE,0,0,0.0
KNN,No SMOTE,0,0,0.0
KNN,No SMOTE,0,0,0.0
KNN,No SMOTE,0,0,0.0
KNN,No SMOTE,0,0,0.0
KNN,No SMOTE,0,0,0.0
KNN,No SMOTE,0,0,0.0
KNN,No SMOTE,0,0,0.0
KNN,No SMOTE,0,0,0.0
KNN,No SMOTE,0,0,0.0
KNN,No SMOTE,0,0,0.0
KNN,No SMOTE,0,0,0.0
KNN,No SMOTE,0,0,0.0
KNN,No SMOTE,0,0,0.0
KNN,No SMOTE,0,0,0.0
KNN,No SMOTE,0,0,0.0
KNN,No SMOTE,0,0,0.0
KNN,No SMOTE,0,0,0.0
KNN,No SMOTE,0,0,0.0
KNN,No SMOTE,0,0,0.0
KNN,No SMOTE,0,0,0.0
KNN,No SMOTE,0,0,0.0
KNN,No SMOTE,0,0,0.0
KNN,No SMOTE,0,0,0.0
KNN,No SMOTE,0,0,0.0
KNN,No SMOTE,0,0,0.0
KNN,No SMOTE,0,0,0.0
KNN,No SMOTE,0,0,0.0
KNN,No SMOTE,0,0,0.0
KNN,No SMOTE,0,0,0.0
KNN,No SMOTE,0,0,0.0
KNN,No SMOTE,0,0,0.0
KNN,No SMOTE,0,0,0.0
KNN,No SMOTE,0,0,0.0
KNN,No SMOTE,0,0,0.0
KNN,No SMOTE,0,0,0.0
KNN,No SMOTE,0,0,0.0
KNN,No SMOTE,0,0,0.0
KNN,No SMOTE,0,0,0.0
KNN,No SMOTE,0,0,0.0
KNN,No SMOTE,0,0,0.0
KNN,No SMOTE,0,0,0.0
KNN,No SMOTE,0,0,0.0
KNN,No SMOTE,0,0,0.0
KNN,No SMOTE,0,0,0.0
KNN,No SMOTE,0,0,0.0
KNN,No SMOTE,0,0,0.0
KNN,No SMOTE,0,0,0.0
KNN,No SMOTE,0,0,0.0
KNN,No SMOTE,0,0,0.0
KNN,No SMOTE,0,0,0.0
KNN,No SMOTE,0,0,0.0
KNN,No SMOTE,0,0,0.0
KNN,No SMOTE,0,0,0.0
KNN,No SMOTE,0,0,0.0
KNN,No SMOTE,0,0,0.0
KNN,No SMOTE,0,0,0.0
KNN,No SMOTE,0,0,0.0
KNN,No SMOTE,0,0,0.0
KNN,No SMOTE,0,0,0.0
KNN,No SMOTE,0,0,0.0
KNN,No SMOTE,0,0,0.0
KNN,No SMOTE,0,0,0.0
KNN,No SMOTE,0,0,0.0
KNN,No SMOTE,0,0,0.0
KNN,No SMOTE,0,0,0.0
KNN,No SMOTE,0,0,0.0
KNN,No SMOTE,0,0,0.0
KNN,No SMOTE,0,0,0.0
KNN,No SMOTE,0,0,0.0
KNN,No SMOTE,0,0,0.0
KNN,No SMOTE,0,0,0.0
KNN,No SMOTE,0,0,0.0
KNN,No SMOTE,0,0,0.0
KNN,No SMOTE,0,0,0.0
KNN,No SMOTE,0,0,0.0
KNN,No SMOTE,0,0,0.0
KNN,No SMOTE,0,0,0.0
KNN,No SMOTE,0,0,0.0
KNN,No SMOTE,0,0,0.0
KNN,No SMOTE,0,0,0.0
KNN,No SMOTE,0,0,0.0
KNN,No SMOTE,0,0,0.0
KNN,No SMOTE,0,0,0.0
KNN,No SMOTE,0,0,0.0
KNN,No SMOTE,0,0,0.0
KNN,No SMOTE,0,0,0.0
KNN,No SMOTE,0,0,0.0
KNN,No SMOTE,0,0,0.0
KNN,No SMOTE,0,0,0.0
KNN,No SMOTE,0,0,0.0
KNN,No SMOTE,0,0,0.0
KNN,No SMOTE,0,0,0.0
KNN,No SMOTE,0,0,0.0
KNN,No SMOTE,0,0,0.0
KNN,No SMOTE,0,0,0.0
KNN,No SMOTE,0,0,0.0
KNN,No SMOTE,0,0,0.0
KNN,No SMOTE,0,0,0.0
KNN,No SMOTE,0,0,0.0
KNN,No SMOTE,1,1,1.0
KNN,No SMOTE,0,0,0.0
KNN,No SMOTE,0,0,0.0
KNN,No SMOTE,0,0,0.0
KNN,No SMOTE,0,0,0.0
KNN,No SMOTE,0,0,0.0
KNN,No SMOTE,0,0,0.0
KNN,No SMOTE,1,1,1.0
KNN,No SMOTE,0,0,0.0
KNN,No SMOTE,0,0,0.0
KNN,No SMOTE,0,0,0.0
KNN,No SMOTE,0,0,0.0
KNN,No SMOTE,0,0,0.0
KNN,No SMOTE,0,0,0.0
KNN,No SMOTE,0,0,0.0
KNN,No SMOTE,0,0,0.0
KNN,No SMOTE,0,0,0.0
KNN,No SMOTE,0,0,0.0
KNN,No SMOTE,0,0,0.0
KNN,No SMOTE,0,0,0.0
KNN,No SMOTE,0,0,0.0
KNN,No SMOTE,0,0,0.0
KNN,No SMOTE,0,0,0.0
KNN,No SMOTE,0,0,0.0
KNN,No SMOTE,0,0,0.0
KNN,No SMOTE,0,0,0.0
KNN,No SMOTE,0,0,0.0
KNN,No SMOTE,0,0,0.0
KNN,No SMOTE,0,0,0.0
KNN,No SMOTE,0,0,0.0
KNN,No SMOTE,0,0,0.0
KNN,No SMOTE,0,0,0.0
KNN,No SMOTE,0,0,0.0
KNN,No SMOTE,0,0,0.0
KNN,No SMOTE,0,0,0.0
KNN,No SMOTE,0,0,0.0
KNN,No SMOTE,0,0,0.0
KNN,No SMOTE,0,0,0.0
KNN,No SMOTE,0,0,0.0
KNN,No SMOTE,0,0,0.0
KNN,No SMOTE,0,0,0.0
KNN,No SMOTE,0,0,0.0
KNN,No SMOTE,0,0,0.0
KNN,No SMOTE,0,0,0.0
KNN,No SMOTE,0,0,0.0
KNN,No SMOTE,0,0,0.0
KNN,No SMOTE,0,0,0.0
KNN,No SMOTE,0,0,0.0
KNN,No SMOTE,0,0,0.0
KNN,No SMOTE,0,0,0.0
KNN,No SMOTE,0,0,0.0
KNN,No SMOTE,0,0,0.0
KNN,No SMOTE,0,0,0.0
KNN,No SMOTE,0,0,0.0
KNN,No SMOTE,0,0,0.0
KNN,No SMOTE,0,0,0.0
KNN,No SMOTE,0,0,0.0
KNN,No SMOTE,0,0,0.0
KNN,No SMOTE,0,0,0.0
KNN,No SMOTE,0,0,0.0
KNN,No SMOTE,0,0,0.0
KNN,No SMOTE,0,0,0.0
KNN,No SMOTE,0,0,0.0
KNN,No SMOTE,0,0,0.0
KNN,No SMOTE,0,0,0.0
KNN,No SMOTE,0,0,0.0
KNN,No SMOTE,0,0,0.0
KNN,No SMOTE,0,0,0.0
KNN,No SMOTE,0,0,0.0
KNN,No SMOTE,0,0,0.0
KNN,No SMOTE,0,0,0.0
KNN,No SMOTE,0,0,0.0
KNN,No SMOTE,0,0,0.0
KNN,No SMOTE,0,0,0.0
KNN,No SMOTE,0,0,0.0
KNN,No SMOTE,0,0,0.0
KNN,No SMOTE,0,0,0.0
KNN,No SMOTE,0,0,0.0
KNN,No SMOTE,0,0,0.0
KNN,No SMOTE,0,0,0.0
KNN,No SMOTE,0,0,0.0
KNN,No SMOTE,0,0,0.0
KNN,No SMOTE,0,0,0.0
KNN,No SMOTE,0,0,0.0
KNN,No SMOTE,0,0,0.0
KNN,No SMOTE,0,0,0.0
KNN,No SMOTE,0,0,0.0
KNN,No SMOTE,0,0,0.0
KNN,No SMOTE,0,0,0.0
KNN,No SMOTE,0,0,0.0
KNN,No SMOTE,0,0,0.0
KNN,No SMOTE,0,0,0.0
KNN,No SMOTE,0,0,0.0
KNN,No SMOTE,0,0,0.0
KNN,No SMOTE,0,0,0.0
KNN,No SMOTE,0,0,0.0
KNN,No SMOTE,0,0,0.0
KNN,No SMOTE,0,0,0.0
KNN,No SMOTE,0,0,0.0
KNN,No SMOTE,0,0,0.0
KNN,No SMOTE,0,0,0.0
KNN,No SMOTE,0,0,0.0
KNN,No SMOTE,0,0,0.0
KNN,No SMOTE,0,0,0.0
KNN,No SMOTE,0,0,0.0
KNN,No SMOTE,0,0,0.0
KNN,No SMOTE,0,0,0.0
KNN,No SMOTE,0,0,0.0
KNN,No SMOTE,0,0,0.0
KNN,No SMOTE,0,0,0.0
KNN,No SMOTE,0,0,0.0
KNN,No SMOTE,0,0,0.0
KNN,No SMOTE,0,0,0.0
KNN,No SMOTE,0,0,0.0
KNN,No SMOTE,0,0,0.0
KNN,No SMOTE,0,0,0.0
KNN,No SMOTE,0,0,0.0
KNN,No SMOTE,0,0,0.0
KNN,No SMOTE,0,0,0.0
KNN,No SMOTE,0,0,0.0
KNN,No SMOTE,0,0,0.0
KNN,No SMOTE,0,0,0.0
KNN,No SMOTE,0,0,0.0
KNN,No SMOTE,0,0,0.0
KNN,No SMOTE,0,0,0.0
KNN,No SMOTE,0,0,0.0
KNN,No SMOTE,0,0,0.0
KNN,No SMOTE,0,0,0.0
KNN,No SMOTE,0,0,0.0
KNN,No SMOTE,0,0,0.0
KNN,No SMOTE,0,0,0.0
KNN,No SMOTE,0,0,0.0
KNN,No SMOTE,0,0,0.0
KNN,No SMOTE,0,0,0.0
KNN,No SMOTE,0,0,0.0
KNN,No SMOTE,0,0,0.0
KNN,No SMOTE,0,0,0.0
KNN,No SMOTE,0,0,0.0
KNN,No SMOTE,0,0,0.0
KNN,No SMOTE,0,0,0.0
KNN,No SMOTE,0,0,0.0
KNN,No SMOTE,0,0,0.0
KNN,No SMOTE,0,0,0.0
KNN,No SMOTE,0,0,0.0
KNN,No SMOTE,0,0,0.0
KNN,No SMOTE,0,0,0.0
KNN,No SMOTE,0,0,0.0
KNN,No SMOTE,0,0,0.0
KNN,No SMOTE,0,0,0.0
KNN,No SMOTE,0,0,0.0
KNN,No SMOTE,0,0,0.0
KNN,No SMOTE,0,0,0.0
KNN,No SMOTE,0,0,0.0
KNN,No SMOTE,0,0,0.0
KNN,No SMOTE,0,0,0.0
KNN,No SMOTE,0,0,0.0
KNN,No SMOTE,0,0,0.0
KNN,No SMOTE,0,0,0.0
KNN,No SMOTE,0,0,0.0
KNN,No SMOTE,0,0,0.0
KNN,No SMOTE,0,0,0.0
KNN,No SMOTE,0,0,0.0
KNN,No SMOTE,0,0,0.0
KNN,No SMOTE,0,0,0.0
KNN,No SMOTE,0,0,0.0
KNN,No SMOTE,0,0,0.0
KNN,No SMOTE,0,0,0.0
KNN,No SMOTE,0,0,0.0
KNN,No SMOTE,0,0,0.0
KNN,No SMOTE,0,0,0.0
KNN,No SMOTE,0,0,0.0
KNN,No SMOTE,0,0,0.0
KNN,No SMOTE,0,0,0.0
KNN,No SMOTE,0,0,0.0
KNN,No SMOTE,0,0,0.0
KNN,No SMOTE,0,0,0.0
KNN,No SMOTE,0,0,0.0
KNN,No SMOTE,0,0,0.0
KNN,No SMOTE,0,0,0.0
KNN,No SMOTE,0,0,0.0
KNN,No SMOTE,0,0,0.0
KNN,No SMOTE,0,0,0.0
KNN,No SMOTE,0,0,0.0
KNN,No SMOTE,0,0,0.0
KNN,No SMOTE,0,0,0.0
KNN,No SMOTE,0,0,0.0
KNN,No SMOTE,0,0,0.0
KNN,No SMOTE,0,0,0.0
KNN,No SMOTE,0,0,0.0
KNN,No SMOTE,0,0,0.0
KNN,No SMOTE,0,0,0.0
KNN,No SMOTE,0,0,0.0
KNN,No SMOTE,0,0,0.0
KNN,No SMOTE,0,0,0.0
KNN,No SMOTE,0,0,0.0
KNN,No SMOTE,0,0,0.0
KNN,No SMOTE,0,0,0.0
KNN,No SMOTE,0,0,0.0
KNN,No SMOTE,0,0,0.0
KNN,No SMOTE,0,0,0.0
KNN,No SMOTE,0,0,0.0
KNN,No SMOTE,0,0,0.0
KNN,No SMOTE,0,0,0.0
KNN,No SMOTE,0,0,0.0
KNN,No SMOTE,0,0,0.0
KNN,No SMOTE,0,0,0.0
KNN,No SMOTE,0,0,0.0
KNN,No SMOTE,0,0,0.0
KNN,No SMOTE,0,0,0.0
KNN,No SMOTE,0,0,0.0
KNN,No SMOTE,0,0,0.0
KNN,No SMOTE,0,0,0.0
KNN,No SMOTE,0,0,0.0
KNN,No SMOTE,0,0,0.0
KNN,No SMOTE,0,0,0.0
KNN,No SMOTE,0,0,0.0
KNN,No SMOTE,0,0,0.0
KNN,No SMOTE,0,0,0.0
KNN,No SMOTE,0,0,0.0
KNN,No SMOTE,0,0,0.0
KNN,No SMOTE,0,0,0.0
KNN,No SMOTE,0,0,0.0
KNN,No SMOTE,0,0,0.0
KNN,No SMOTE,0,0,0.0
KNN,No SMOTE,0,0,0.0
KNN,No SMOTE,0,0,0.0
KNN,No SMOTE,0,0,0.0
KNN,No SMOTE,0,0,0.0
KNN,No SMOTE,0,0,0.0
KNN,No SMOTE,0,0,0.0
KNN,No SMOTE,0,0,0.0
KNN,No SMOTE,0,0,0.0
KNN,No SMOTE,0,0,0.0
KNN,No SMOTE,0,0,0.0
KNN,No SMOTE,0,0,0.0
KNN,No SMOTE,0,0,0.0
KNN,No SMOTE,0,0,0.0
KNN,No SMOTE,0,0,0.0
KNN,No SMOTE,0,0,0.0
KNN,No SMOTE,0,0,0.0
KNN,No SMOTE,0,0,0.0
KNN,No SMOTE,0,0,0.0
KNN,No SMOTE,0,0,0.0
KNN,No SMOTE,0,0,0.0
KNN,No SMOTE,0,0,0.0
KNN,No SMOTE,0,0,0.0
KNN,No SMOTE,0,0,0.0
KNN,No SMOTE,0,0,0.0
KNN,No SMOTE,0,0,0.0
KNN,No SMOTE,0,0,0.0
KNN,No SMOTE,0,0,0.0
KNN,No SMOTE,0,0,0.0
KNN,No SMOTE,0,0,0.0
KNN,No SMOTE,0,0,0.0
KNN,No SMOTE,0,0,0.0
KNN,No SMOTE,0,0,0.0
KNN,No SMOTE,0,0,0.0
KNN,No SMOTE,0,0,0.0
KNN,No SMOTE,0,0,0.0
KNN,No SMOTE,0,0,0.0
KNN,No SMOTE,0,0,0.0
KNN,No SMOTE,0,0,0.0
KNN,No SMOTE,0,0,0.0
KNN,No SMOTE,0,0,0.0
KNN,No SMOTE,0,0,0.0
KNN,No SMOTE,0,0,0.0
KNN,No SMOTE,0,0,0.0
KNN,No SMOTE,0,0,0.0
KNN,No SMOTE,0,0,0.0
KNN,No SMOTE,0,0,0.0
KNN,No SMOTE,0,0,0.0
KNN,No SMOTE,0,0,0.0
KNN,No SMOTE,0,0,0.0
KNN,No SMOTE,0,0,0.0
KNN,No SMOTE,0,0,0.0
KNN,No SMOTE,0,0,0.0
KNN,No SMOTE,0,0,0.0
KNN,No SMOTE,0,0,0.0
KNN,No SMOTE,0,0,0.0
KNN,No SMOTE,0,0,0.0
KNN,No SMOTE,0,0,0.0
KNN,No SMOTE,0,0,0.0
KNN,No SMOTE,0,0,0.0
KNN,No SMOTE,0,0,0.0
KNN,No SMOTE,0,0,0.0
KNN,No SMOTE,0,0,0.0
KNN,No SMOTE,0,0,0.0
KNN,No SMOTE,0,0,0.0
KNN,No SMOTE,0,0,0.0
KNN,No SMOTE,0,0,0.0
KNN,No SMOTE,0,0,0.0
KNN,No SMOTE,0,0,0.0
KNN,No SMOTE,0,0,0.0
KNN,No SMOTE,0,0,0.0
KNN,No SMOTE,0,0,0.0
KNN,No SMOTE,0,0,0.0
KNN,No SMOTE,0,0,0.0
KNN,No SMOTE,0,0,0.0
KNN,No SMOTE,0,0,0.0
KNN,No SMOTE,0,0,0.0
KNN,No SMOTE,0,0,0.0
KNN,No SMOTE,0,0,0.0
KNN,No SMOTE,0,0,0.0
KNN,No SMOTE,0,0,0.0
KNN,No SMOTE,0,0,0.0
KNN,No SMOTE,0,0,0.0
KNN,No SMOTE,0,0,0.0
KNN,No SMOTE,0,0,0.0
KNN,No SMOTE,0,0,0.0
KNN,No SMOTE,0,0,0.0
KNN,No SMOTE,0,0,0.0
KNN,No SMOTE,0,0,0.0
KNN,No SMOTE,0,0,0.0
KNN,No SMOTE,0,0,0.0
KNN,No SMOTE,0,0,0.0
KNN,No SMOTE,0,0,0.0
KNN,No SMOTE,0,0,0.0
KNN,No SMOTE,0,0,0.0
KNN,No SMOTE,0,0,0.0
KNN,No SMOTE,0,0,0.0
KNN,No SMOTE,0,0,0.0
KNN,No SMOTE,0,0,0.0
KNN,No SMOTE,0,0,0.0
KNN,No SMOTE,0,0,0.0
KNN,No SMOTE,0,0,0.0
KNN,No SMOTE,0,0,0.0
KNN,No SMOTE,0,0,0.0
KNN,No SMOTE,0,0,0.0
KNN,No SMOTE,0,0,0.0
KNN,No SMOTE,0,0,0.0
KNN,No SMOTE,0,0,0.0
KNN,No SMOTE,0,0,0.0
KNN,No SMOTE,0,0,0.0
KNN,No SMOTE,0,0,0.0
KNN,No SMOTE,0,0,0.0
KNN,No SMOTE,0,0,0.0
KNN,No SMOTE,0,0,0.0
KNN,No SMOTE,0,0,0.0
KNN,No SMOTE,0,0,0.0
KNN,No SMOTE,0,0,0.0
KNN,No SMOTE,0,0,0.0
KNN,No SMOTE,0,0,0.0
KNN,No SMOTE,0,0,0.0
KNN,No SMOTE,0,0,0.0
KNN,No SMOTE,0,0,0.0
KNN,No SMOTE,0,0,0.0
KNN,No SMOTE,0,0,0.0
KNN,No SMOTE,0,0,0.0
KNN,No SMOTE,0,0,0.0
KNN,No SMOTE,0,0,0.0
KNN,No SMOTE,0,0,0.0
KNN,No SMOTE,0,0,0.0
KNN,No SMOTE,0,0,0.0
KNN,No SMOTE,0,0,0.0
KNN,No SMOTE,0,0,0.0
KNN,No SMOTE,0,0,0.0
KNN,No SMOTE,0,0,0.0
KNN,No SMOTE,0,0,0.0
KNN,No SMOTE,0,0,0.0
KNN,No SMOTE,0,0,0.0
KNN,No SMOTE,0,0,0.0
KNN,No SMOTE,0,0,0.0
KNN,No SMOTE,0,0,0.0
KNN,No SMOTE,0,0,0.0
KNN,No SMOTE,0,0,0.0
KNN,No SMOTE,0,0,0.0
KNN,No SMOTE,0,0,0.0
KNN,No SMOTE,0,0,0.0
KNN,No SMOTE,0,0,0.0
KNN,No SMOTE,0,0,0.0
KNN,No SMOTE,0,0,0.0
KNN,No SMOTE,0,0,0.0
KNN,No SMOTE,0,0,0.0
KNN,No SMOTE,0,0,0.0
KNN,No SMOTE,0,0,0.0
KNN,No SMOTE,0,0,0.0
KNN,No SMOTE,0,0,0.0
KNN,No SMOTE,0,0,0.0
KNN,No SMOTE,0,0,0.0
KNN,No SMOTE,0,0,0.0
KNN,No SMOTE,0,0,0.0
KNN,No SMOTE,0,0,0.0
KNN,No SMOTE,0,0,0.0
KNN,No SMOTE,0,0,0.0
KNN,No SMOTE,0,0,0.0
KNN,No SMOTE,0,0,0.0
KNN,No SMOTE,0,0,0.0
KNN,No SMOTE,0,0,0.0
KNN,No SMOTE,0,0,0.0
KNN,No SMOTE,0,0,0.0
KNN,No SMOTE,0,0,0.0
KNN,No SMOTE,0,0,0.0
KNN,No SMOTE,0,0,0.0
KNN,No SMOTE,0,0,0.0
KNN,No SMOTE,0,0,0.0
KNN,No SMOTE,0,0,0.0
KNN,No SMOTE,0,0,0.0
KNN,No SMOTE,0,0,0.0
KNN,No SMOTE,0,0,0.0
KNN,No SMOTE,0,0,0.0
KNN,No SMOTE,0,0,0.0
KNN,No SMOTE,0,0,0.0
KNN,No SMOTE,0,0,0.0
KNN,No SMOTE,0,0,0.0
KNN,No SMOTE,0,0,0.0
KNN,No SMOTE,0,0,0.0
KNN,No SMOTE,0,0,0.0
KNN,No SMOTE,0,0,0.0
KNN,No SMOTE,0,0,0.0
KNN,No SMOTE,0,0,0.0
KNN,No SMOTE,0,0,0.0
KNN,No SMOTE,0,0,0.0
KNN,No SMOTE,0,0,0.0
KNN,No SMOTE,0,0,0.0
KNN,No SMOTE,0,0,0.0
KNN,No SMOTE,0,0,0.0
KNN,No SMOTE,0,0,0.0
KNN,No SMOTE,0,0,0.0
KNN,No SMOTE,0,0,0.0
KNN,No SMOTE,0,0,0.0
KNN,No SMOTE,0,0,0.0
KNN,No SMOTE,0,0,0.0
KNN,No SMOTE,0,0,0.0
KNN,No SMOTE,0,0,0.0
KNN,No SMOTE,0,0,0.0
KNN,No SMOTE,0,0,0.0
KNN,No SMOTE,0,0,0.0
KNN,No SMOTE,0,0,0.0
KNN,No SMOTE,0,0,0.0
KNN,No SMOTE,0,0,0.0
KNN,No SMOTE,0,0,0.0
KNN,No SMOTE,0,0,0.0
KNN,No SMOTE,0,0,0.0
KNN,No SMOTE,0,0,0.0
KNN,No SMOTE,0,0,0.0
KNN,No SMOTE,0,0,0.0
KNN,No SMOTE,0,0,0.0
KNN,No SMOTE,0,0,0.0
KNN,No SMOTE,0,0,0.0
KNN,No SMOTE,0,0,0.0
KNN,No SMOTE,0,0,0.0
KNN,No SMOTE,0,0,0.0
KNN,No SMOTE,0,0,0.0
KNN,No SMOTE,0,0,0.0
KNN,No SMOTE,0,0,0.0
KNN,No SMOTE,0,0,0.0
KNN,No SMOTE,0,0,0.0
KNN,No SMOTE,0,0,0.0
KNN,No SMOTE,0,0,0.0
KNN,No SMOTE,0,0,0.0
KNN,No SMOTE,0,0,0.0
KNN,No SMOTE,0,0,0.0
KNN,No SMOTE,0,0,0.0
KNN,No SMOTE,0,0,0.0
KNN,No SMOTE,0,0,0.0
KNN,No SMOTE,0,0,0.0
KNN,No SMOTE,0,0,0.0
KNN,No SMOTE,0,0,0.0
KNN,No SMOTE,0,0,0.0
KNN,No SMOTE,0,0,0.0
KNN,No SMOTE,0,0,0.0
KNN,No SMOTE,0,0,0.0
KNN,No SMOTE,0,0,0.0
KNN,No SMOTE,0,0,0.0
KNN,No SMOTE,0,0,0.0
KNN,No SMOTE,0,0,0.0
KNN,No SMOTE,0,0,0.0
KNN,No SMOTE,0,0,0.0
KNN,No SMOTE,0,0,0.0
KNN,No SMOTE,0,0,0.0
KNN,No SMOTE,0,0,0.0
KNN,No SMOTE,0,0,0.0
KNN,No SMOTE,0,0,0.0
KNN,No SMOTE,0,0,0.0
KNN,No SMOTE,0,0,0.0
KNN,No SMOTE,0,0,0.0
KNN,No SMOTE,0,0,0.0
KNN,No SMOTE,0,0,0.0
KNN,No SMOTE,0,0,0.0
KNN,No SMOTE,0,0,0.0
KNN,No SMOTE,0,0,0.0
KNN,No SMOTE,0,0,0.0
KNN,No SMOTE,0,0,0.0
KNN,No SMOTE,0,0,0.0
KNN,No SMOTE,0,0,0.0
KNN,No SMOTE,0,0,0.0
KNN,No SMOTE,0,0,0.0
KNN,No SMOTE,0,0,0.0
KNN,No SMOTE,0,0,0.0
KNN,No SMOTE,0,0,0.0
KNN,No SMOTE,0,0,0.0
KNN,No SMOTE,0,0,0.0
KNN,No SMOTE,0,0,0.0
KNN,No SMOTE,0,0,0.0
KNN,No SMOTE,0,0,0.0
KNN,No SMOTE,0,0,0.0
KNN,No SMOTE,0,0,0.0
KNN,No SMOTE,0,0,0.0
KNN,No SMOTE,0,0,0.0
KNN,No SMOTE,0,0,0.0
KNN,No SMOTE,0,0,0.0
KNN,No SMOTE,0,0,0.0
KNN,No SMOTE,0,0,0.0
KNN,No SMOTE,0,0,0.0
KNN,No SMOTE,0,0,0.0
KNN,No SMOTE,0,0,0.0
KNN,No SMOTE,0,0,0.0
KNN,No SMOTE,0,0,0.0
KNN,No SMOTE,0,0,0.0
KNN,No SMOTE,0,0,0.0
KNN,No SMOTE,0,0,0.0
KNN,No SMOTE,0,0,0.0
KNN,No SMOTE,0,0,0.0
KNN,No SMOTE,0,0,0.0
KNN,No SMOTE,0,0,0.0
KNN,No SMOTE,0,0,0.0
KNN,No SMOTE,0,0,0.0
KNN,No SMOTE,0,0,0.0
KNN,No SMOTE,0,0,0.0
KNN,No SMOTE,0,0,0.0
KNN,No SMOTE,0,0,0.0
KNN,No SMOTE,0,0,0.0
KNN,No SMOTE,0,0,0.0
KNN,No SMOTE,0,0,0.0
KNN,No SMOTE,0,0,0.0
KNN,No SMOTE,0,0,0.0
KNN,No SMOTE,0,0,0.0
KNN,No SMOTE,0,0,0.0
KNN,No SMOTE,0,0,0.0
KNN,No SMOTE,0,0,0.0
KNN,No SMOTE,0,0,0.0
KNN,No SMOTE,0,0,0.0
KNN,No SMOTE,0,0,0.0
KNN,No SMOTE,0,0,0.0
KNN,No SMOTE,0,0,0.0
KNN,No SMOTE,0,0,0.0
KNN,No SMOTE,0,0,0.0
KNN,No SMOTE,0,0,0.0
KNN,No SMOTE,0,0,0.0
KNN,No SMOTE,0,0,0.0
KNN,No SMOTE,0,0,0.0
KNN,No SMOTE,0,0,0.0
KNN,No SMOTE,0,0,0.0
KNN,No SMOTE,0,0,0.0
KNN,No SMOTE,0,0,0.0
KNN,No SMOTE,0,0,0.0
KNN,No SMOTE,0,0,0.0
KNN,No SMOTE,0,0,0.0
KNN,No SMOTE,0,0,0.0
KNN,No SMOTE,0,0,0.0
KNN,No SMOTE,0,0,0.0
KNN,No SMOTE,0,0,0.0
KNN,No SMOTE,0,0,0.0
KNN,No SMOTE,0,0,0.0
KNN,No SMOTE,0,0,0.0
KNN,No SMOTE,0,0,0.0
KNN,No SMOTE,0,0,0.0
KNN,No SMOTE,0,0,0.0
KNN,No SMOTE,0,0,0.0
KNN,No SMOTE,0,0,0.0
KNN,No SMOTE,0,0,0.0
KNN,No SMOTE,0,0,0.0
KNN,No SMOTE,0,0,0.0
KNN,No SMOTE,0,0,0.0
KNN,No SMOTE,0,0,0.0
KNN,No SMOTE,0,0,0.0
KNN,No SMOTE,0,0,0.0
KNN,No SMOTE,0,0,0.0
KNN,No SMOTE,0,0,0.0
KNN,No SMOTE,0,0,0.0
KNN,No SMOTE,0,0,0.0
KNN,No SMOTE,0,0,0.0
KNN,No SMOTE,0,0,0.0
KNN,No SMOTE,0,0,0.0
KNN,No SMOTE,0,0,0.0
KNN,No SMOTE,0,0,0.0
KNN,No SMOTE,0,0,0.0
KNN,No SMOTE,0,0,0.0
KNN,No SMOTE,0,0,0.0
KNN,No SMOTE,0,0,0.0
KNN,No SMOTE,0,0,0.0
KNN,No SMOTE,0,0,0.0
KNN,No SMOTE,0,0,0.0
KNN,No SMOTE,0,0,0.0
KNN,No SMOTE,0,0,0.0
KNN,No SMOTE,0,0,0.0
KNN,No SMOTE,0,0,0.0
KNN,No SMOTE,0,0,0.0
KNN,No SMOTE,0,0,0.0
KNN,No SMOTE,0,0,0.0
KNN,No SMOTE,0,0,0.0
KNN,No SMOTE,0,0,0.0
KNN,No SMOTE,0,0,0.0
KNN,No SMOTE,0,0,0.0
KNN,No SMOTE,0,0,0.0
KNN,No SMOTE,0,0,0.0
KNN,No SMOTE,0,0,0.0
KNN,No SMOTE,0,0,0.0
KNN,No SMOTE,0,0,0.0
KNN,No SMOTE,0,0,0.0
KNN,No SMOTE,0,0,0.0
KNN,No SMOTE,0,0,0.0
KNN,No SMOTE,0,0,0.0
KNN,No SMOTE,0,0,0.0
KNN,No SMOTE,0,0,0.0
KNN,No SMOTE,0,0,0.0
KNN,No SMOTE,0,0,0.0
KNN,No SMOTE,0,0,0.0
KNN,No SMOTE,0,0,0.0
KNN,No SMOTE,0,0,0.0
KNN,No SMOTE,0,0,0.0
KNN,No SMOTE,0,0,0.0
KNN,No SMOTE,0,0,0.0
KNN,No SMOTE,0,0,0.0
KNN,No SMOTE,0,0,0.0
KNN,No SMOTE,0,0,0.0
KNN,No SMOTE,0,0,0.0
KNN,No SMOTE,0,0,0.0
KNN,No SMOTE,0,0,0.0
KNN,No SMOTE,0,0,0.0
KNN,No SMOTE,0,0,0.0
KNN,No SMOTE,0,0,0.0
KNN,No SMOTE,0,0,0.0
KNN,No SMOTE,0,0,0.0
KNN,No SMOTE,0,0,0.0
KNN,No SMOTE,0,0,0.0
KNN,No SMOTE,0,0,0.0
KNN,No SMOTE,0,0,0.0
KNN,No SMOTE,0,0,0.0
KNN,No SMOTE,0,0,0.0
KNN,No SMOTE,0,0,0.0
KNN,No SMOTE,0,0,0.0
KNN,No SMOTE,0,0,0.0
KNN,No SMOTE,0,0,0.0
KNN,No SMOTE,0,0,0.0
KNN,No SMOTE,0,0,0.0
KNN,No SMOTE,0,0,0.0
KNN,No SMOTE,0,0,0.0
KNN,No SMOTE,0,0,0.0
KNN,No SMOTE,0,0,0.0
KNN,No SMOTE,0,0,0.0
KNN,No SMOTE,0,0,0.0
KNN,No SMOTE,0,0,0.0
KNN,No SMOTE,0,0,0.0
KNN,No SMOTE,0,0,0.0
KNN,No SMOTE,0,0,0.0
KNN,No SMOTE,0,0,0.0
KNN,No SMOTE,0,0,0.0
KNN,No SMOTE,0,0,0.0
KNN,No SMOTE,0,0,0.0
KNN,No SMOTE,0,0,0.0
KNN,No SMOTE,0,0,0.0
KNN,No SMOTE,0,0,0.0
KNN,No SMOTE,0,0,0.0
KNN,No SMOTE,0,0,0.0
KNN,No SMOTE,0,0,0.0
KNN,No SMOTE,0,0,0.0
KNN,No SMOTE,0,0,0.0
KNN,No SMOTE,0,0,0.0
KNN,No SMOTE,0,0,0.0
KNN,No SMOTE,0,0,0.0
KNN,No SMOTE,0,0,0.0
KNN,No SMOTE,0,0,0.0
KNN,No SMOTE,0,0,0.0
KNN,No SMOTE,0,0,0.0
KNN,No SMOTE,0,0,0.0
KNN,No SMOTE,0,0,0.0
KNN,No SMOTE,0,0,0.0
KNN,No SMOTE,0,0,0.0
KNN,No SMOTE,0,0,0.0
KNN,No SMOTE,0,0,0.0
KNN,No SMOTE,0,0,0.0
KNN,No SMOTE,0,0,0.0
KNN,No SMOTE,0,0,0.0
KNN,No SMOTE,0,0,0.0
KNN,No SMOTE,0,0,0.0
KNN,No SMOTE,0,0,0.0
KNN,No SMOTE,0,0,0.0
KNN,No SMOTE,0,0,0.0
KNN,No SMOTE,0,0,0.0
KNN,No SMOTE,0,0,0.0
KNN,No SMOTE,0,0,0.0
KNN,No SMOTE,0,0,0.0
KNN,No SMOTE,0,0,0.0
KNN,No SMOTE,0,0,0.0
KNN,No SMOTE,0,0,0.0
KNN,No SMOTE,0,0,0.0
KNN,No SMOTE,0,0,0.0
KNN,No SMOTE,0,0,0.0
KNN,No SMOTE,0,0,0.0
KNN,No SMOTE,0,0,0.0
KNN,No SMOTE,0,0,0.0
KNN,No SMOTE,0,0,0.0
KNN,No SMOTE,0,0,0.0
KNN,No SMOTE,0,0,0.0
KNN,No SMOTE,0,0,0.0
KNN,No SMOTE,0,0,0.0
KNN,No SMOTE,0,0,0.0
KNN,No SMOTE,0,0,0.0
KNN,No SMOTE,0,0,0.0
KNN,No SMOTE,0,0,0.0
KNN,No SMOTE,0,0,0.0
KNN,No SMOTE,0,0,0.0
KNN,No SMOTE,0,0,0.0
KNN,No SMOTE,0,0,0.0
KNN,No SMOTE,0,0,0.0
KNN,No SMOTE,0,0,0.0
KNN,No SMOTE,0,0,0.0
KNN,No SMOTE,0,0,0.0
KNN,No SMOTE,0,0,0.0
KNN,No SMOTE,0,0,0.0
KNN,No SMOTE,0,0,0.0
KNN,No SMOTE,0,0,0.0
KNN,No SMOTE,0,0,0.0
KNN,No SMOTE,0,0,0.0
KNN,No SMOTE,0,0,0.0
KNN,No SMOTE,0,0,0.0
KNN,No SMOTE,0,0,0.0
KNN,No SMOTE,0,0,0.0
KNN,No SMOTE,0,0,0.0
KNN,No SMOTE,0,0,0.0
KNN,No SMOTE,0,0,0.0
KNN,No SMOTE,0,0,0.0
KNN,No SMOTE,0,0,0.0
KNN,No SMOTE,0,0,0.0
KNN,No SMOTE,0,0,0.0
KNN,No SMOTE,0,0,0.0
KNN,No SMOTE,0,0,0.0
KNN,No SMOTE,0,0,0.0
KNN,No SMOTE,0,0,0.0
KNN,No SMOTE,0,0,0.0
KNN,No SMOTE,0,0,0.0
KNN,No SMOTE,0,0,0.0
KNN,No SMOTE,0,0,0.0
KNN,No SMOTE,0,0,0.0
KNN,No SMOTE,0,0,0.0
KNN,No SMOTE,0,0,0.0
KNN,No SMOTE,0,0,0.0
KNN,No SMOTE,0,0,0.0
KNN,No SMOTE,0,0,0.0
KNN,No SMOTE,0,0,0.0
KNN,No SMOTE,0,0,0.0
KNN,No SMOTE,0,0,0.0
KNN,No SMOTE,0,0,0.0
KNN,No SMOTE,0,0,0.0
KNN,No SMOTE,0,0,0.0
KNN,No SMOTE,0,0,0.0
KNN,No SMOTE,0,0,0.0
KNN,No SMOTE,0,0,0.0
KNN,No SMOTE,0,0,0.0
KNN,No SMOTE,0,0,0.0
KNN,No SMOTE,0,0,0.0
KNN,No SMOTE,0,0,0.0
KNN,No SMOTE,0,0,0.0
KNN,No SMOTE,0,0,0.0
KNN,No SMOTE,0,0,0.0
KNN,No SMOTE,0,0,0.0
KNN,No SMOTE,0,0,0.0
KNN,No SMOTE,0,0,0.0
KNN,No SMOTE,0,0,0.0
KNN,No SMOTE,0,0,0.0
KNN,No SMOTE,0,0,0.0
KNN,No SMOTE,0,0,0.0
KNN,No SMOTE,0,0,0.0
KNN,No SMOTE,0,0,0.0
KNN,No SMOTE,0,0,0.0
KNN,No SMOTE,0,0,0.0
KNN,No SMOTE,0,0,0.0
KNN,No SMOTE,0,0,0.0
KNN,No SMOTE,0,0,0.0
KNN,No SMOTE,0,0,0.0
KNN,No SMOTE,0,0,0.0
KNN,No SMOTE,0,0,0.0
KNN,No SMOTE,0,0,0.0
KNN,No SMOTE,0,0,0.0
KNN,No SMOTE,0,0,0.0
KNN,No SMOTE,0,0,0.0
KNN,No SMOTE,0,0,0.0
KNN,No SMOTE,0,0,0.0
KNN,No SMOTE,0,0,0.0
KNN,No SMOTE,0,0,0.0
KNN,No SMOTE,0,0,0.0
KNN,No SMOTE,0,0,0.0
KNN,No SMOTE,0,0,0.0
KNN,No SMOTE,0,0,0.0
KNN,No SMOTE,0,0,0.0
KNN,No SMOTE,0,0,0.0
KNN,No SMOTE,0,0,0.0
KNN,No SMOTE,0,0,0.0
KNN,No SMOTE,0,0,0.0
KNN,No SMOTE,0,0,0.0
KNN,No SMOTE,0,0,0.0
KNN,No SMOTE,0,0,0.0
KNN,No SMOTE,0,0,0.0
KNN,No SMOTE,0,0,0.0
KNN,No SMOTE,0,0,0.0
KNN,No SMOTE,0,0,0.0
KNN,No SMOTE,0,0,0.0
KNN,No SMOTE,0,0,0.0
KNN,No SMOTE,0,0,0.0
KNN,No SMOTE,0,0,0.0
KNN,No SMOTE,0,0,0.0
KNN,No SMOTE,0,0,0.0
KNN,No SMOTE,0,0,0.0
KNN,No SMOTE,0,0,0.0
KNN,No SMOTE,0,0,0.0
KNN,No SMOTE,0,0,0.0
KNN,No SMOTE,0,0,0.0
KNN,No SMOTE,0,0,0.0
KNN,No SMOTE,0,0,0.0
KNN,No SMOTE,0,0,0.0
KNN,No SMOTE,0,0,0.0
KNN,No SMOTE,0,0,0.0
KNN,No SMOTE,0,0,0.0
KNN,No SMOTE,0,0,0.0
KNN,No SMOTE,0,0,0.0
KNN,No SMOTE,0,0,0.0
KNN,No SMOTE,0,0,0.0
KNN,No SMOTE,0,0,0.0
KNN,No SMOTE,0,0,0.0
KNN,No SMOTE,0,0,0.0
KNN,No SMOTE,0,0,0.0
KNN,No SMOTE,0,0,0.0
KNN,No SMOTE,0,0,0.0
KNN,No SMOTE,0,0,0.0
KNN,No SMOTE,0,0,0.0
KNN,No SMOTE,0,0,0.0
KNN,No SMOTE,0,0,0.0
KNN,No SMOTE,0,0,0.0
KNN,No SMOTE,0,0,0.0
KNN,No SMOTE,0,0,0.0
KNN,No SMOTE,0,0,0.0
KNN,No SMOTE,0,0,0.0
KNN,No SMOTE,0,0,0.0
KNN,No SMOTE,0,0,0.0
KNN,No SMOTE,0,0,0.0
KNN,No SMOTE,0,0,0.0
KNN,No SMOTE,0,0,0.0
KNN,No SMOTE,0,0,0.0
KNN,No SMOTE,0,0,0.0
KNN,No SMOTE,0,0,0.0
KNN,No SMOTE,0,0,0.0
KNN,No SMOTE,0,0,0.0
KNN,No SMOTE,0,0,0.0
KNN,No SMOTE,0,0,0.0
KNN,No SMOTE,0,0,0.0
KNN,No SMOTE,0,0,0.0
KNN,No SMOTE,0,0,0.0
KNN,No SMOTE,0,0,0.0
KNN,No SMOTE,0,0,0.0
KNN,No SMOTE,0,0,0.0
KNN,No SMOTE,0,0,0.0
KNN,No SMOTE,0,0,0.0
KNN,No SMOTE,0,0,0.0
KNN,No SMOTE,0,0,0.0
KNN,No SMOTE,0,0,0.0
KNN,No SMOTE,0,0,0.0
KNN,No SMOTE,0,0,0.0
KNN,No SMOTE,0,0,0.0
KNN,No SMOTE,0,0,0.0
KNN,No SMOTE,0,0,0.0
KNN,No SMOTE,0,0,0.0
KNN,No SMOTE,0,0,0.0
KNN,No SMOTE,0,0,0.0
KNN,No SMOTE,0,0,0.0
KNN,No SMOTE,0,0,0.0
KNN,No SMOTE,0,0,0.0
KNN,No SMOTE,0,0,0.0
KNN,No SMOTE,0,0,0.0
KNN,No SMOTE,0,0,0.0
KNN,No SMOTE,0,0,0.0
KNN,No SMOTE,0,0,0.0
KNN,No SMOTE,0,0,0.0
KNN,No SMOTE,0,0,0.0
KNN,No SMOTE,0,0,0.0
KNN,No SMOTE,0,0,0.0
KNN,No SMOTE,0,0,0.0
KNN,No SMOTE,0,0,0.0
KNN,No SMOTE,0,0,0.0
KNN,No SMOTE,0,0,0.0
KNN,No SMOTE,0,0,0.0
KNN,No SMOTE,0,0,0.0
KNN,No SMOTE,0,0,0.0
KNN,No SMOTE,0,0,0.0
KNN,No SMOTE,0,0,0.0
KNN,No SMOTE,0,0,0.0
KNN,No SMOTE,0,0,0.0
KNN,No SMOTE,0,0,0.0
KNN,No SMOTE,0,0,0.0
KNN,No SMOTE,0,0,0.0
KNN,No SMOTE,0,0,0.0
KNN,No SMOTE,0,0,0.0
KNN,No SMOTE,0,0,0.0
KNN,No SMOTE,0,0,0.0
KNN,No SMOTE,0,0,0.0
KNN,No SMOTE,0,0,0.0
KNN,No SMOTE,0,0,0.0
KNN,No SMOTE,0,0,0.0
KNN,No SMOTE,0,0,0.0
KNN,No SMOTE,0,0,0.0
KNN,No SMOTE,0,0,0.0
KNN,No SMOTE,0,0,0.0
KNN,No SMOTE,0,0,0.0
KNN,No SMOTE,0,0,0.0
KNN,No SMOTE,0,0,0.0
KNN,No SMOTE,0,0,0.0
KNN,No SMOTE,0,0,0.0
KNN,No SMOTE,0,0,0.0
KNN,No SMOTE,0,0,0.0
KNN,No SMOTE,0,0,0.0
KNN,No SMOTE,0,0,0.0
KNN,No SMOTE,0,0,0.0
KNN,No SMOTE,0,0,0.0
KNN,No SMOTE,0,0,0.0
KNN,No SMOTE,0,0,0.0
KNN,No SMOTE,0,0,0.0
KNN,No SMOTE,0,0,0.0
KNN,No SMOTE,0,0,0.0
KNN,No SMOTE,0,0,0.0
KNN,No SMOTE,0,0,0.0
KNN,No SMOTE,0,0,0.0
KNN,No SMOTE,0,0,0.0
KNN,No SMOTE,0,0,0.0
KNN,No SMOTE,0,0,0.0
KNN,No SMOTE,0,0,0.0
KNN,No SMOTE,0,0,0.0
KNN,No SMOTE,0,0,0.0
KNN,No SMOTE,0,0,0.0
KNN,No SMOTE,0,0,0.0
KNN,No SMOTE,0,0,0.0
KNN,No SMOTE,0,0,0.0
KNN,No SMOTE,0,0,0.0
KNN,No SMOTE,0,0,0.0
KNN,No SMOTE,0,0,0.0
KNN,No SMOTE,0,0,0.0
KNN,No SMOTE,0,0,0.0
KNN,No SMOTE,0,0,0.0
KNN,No SMOTE,0,0,0.0
KNN,No SMOTE,0,0,0.0
KNN,No SMOTE,0,0,0.0
KNN,No SMOTE,0,0,0.0
KNN,No SMOTE,0,0,0.0
KNN,No SMOTE,0,0,0.0
KNN,No SMOTE,0,0,0.0
KNN,No SMOTE,0,0,0.0
KNN,No SMOTE,0,0,0.0
KNN,No SMOTE,0,0,0.0
KNN,No SMOTE,0,0,0.0
KNN,No SMOTE,0,0,0.0
KNN,No SMOTE,0,0,0.0
KNN,No SMOTE,0,0,0.0
KNN,No SMOTE,0,0,0.0
KNN,No SMOTE,0,0,0.0
KNN,No SMOTE,0,0,0.0
KNN,No SMOTE,0,0,0.0
KNN,No SMOTE,0,0,0.0
KNN,No SMOTE,0,0,0.0
KNN,No SMOTE,0,0,0.0
KNN,No SMOTE,0,0,0.0
KNN,No SMOTE,0,0,0.0
KNN,No SMOTE,0,0,0.0
KNN,No SMOTE,0,0,0.0
KNN,No SMOTE,0,0,0.0
KNN,No SMOTE,0,0,0.0
KNN,No SMOTE,0,0,0.0
KNN,No SMOTE,0,0,0.0
KNN,No SMOTE,0,0,0.0
KNN,No SMOTE,0,0,0.0
KNN,No SMOTE,0,0,0.0
KNN,No SMOTE,0,0,0.0
KNN,No SMOTE,0,0,0.0
KNN,No SMOTE,0,0,0.0
KNN,No SMOTE,0,0,0.0
KNN,No SMOTE,0,0,0.0
KNN,No SMOTE,0,0,0.0
KNN,No SMOTE,0,0,0.0
KNN,No SMOTE,0,0,0.0
KNN,No SMOTE,0,0,0.0
KNN,No SMOTE,0,0,0.0
KNN,No SMOTE,0,0,0.0
KNN,No SMOTE,0,0,0.0
KNN,No SMOTE,0,0,0.0
KNN,No SMOTE,0,0,0.0
KNN,No SMOTE,0,0,0.0
KNN,No SMOTE,0,0,0.0
KNN,No SMOTE,0,0,0.0
KNN,No SMOTE,0,0,0.0
KNN,No SMOTE,0,0,0.0
KNN,No SMOTE,0,0,0.0
KNN,No SMOTE,0,0,0.0
KNN,No SMOTE,0,0,0.0
KNN,No SMOTE,0,0,0.0
KNN,No SMOTE,0,0,0.0
KNN,No SMOTE,0,0,0.0
KNN,No SMOTE,0,0,0.0
KNN,No SMOTE,0,0,0.0
KNN,No SMOTE,0,0,0.0
KNN,No SMOTE,0,0,0.0
KNN,No SMOTE,0,0,0.0
KNN,No SMOTE,0,0,0.0
KNN,No SMOTE,0,0,0.0
KNN,No SMOTE,0,0,0.0
KNN,No SMOTE,0,0,0.0
KNN,No SMOTE,0,0,0.0
KNN,No SMOTE,0,0,0.0
KNN,No SMOTE,0,0,0.0
KNN,No SMOTE,0,0,0.0
KNN,No SMOTE,0,0,0.0
KNN,No SMOTE,0,0,0.0
KNN,No SMOTE,0,0,0.0
KNN,No SMOTE,0,0,0.0
KNN,No SMOTE,0,0,0.0
KNN,No SMOTE,0,0,0.0
KNN,No SMOTE,0,0,0.0
KNN,No SMOTE,0,0,0.0
KNN,No SMOTE,0,0,0.0
KNN,No SMOTE,0,0,0.0
KNN,No SMOTE,0,0,0.0
KNN,No SMOTE,0,0,0.0
KNN,No SMOTE,0,0,0.0
KNN,No SMOTE,0,0,0.0
KNN,No SMOTE,0,0,0.0
KNN,No SMOTE,0,0,0.0
KNN,No SMOTE,0,0,0.0
KNN,No SMOTE,0,0,0.0
KNN,No SMOTE,0,0,0.0
KNN,No SMOTE,0,0,0.0
KNN,No SMOTE,0,0,0.0
KNN,No SMOTE,0,0,0.0
KNN,No SMOTE,0,0,0.0
KNN,No SMOTE,0,0,0.0
KNN,No SMOTE,0,0,0.0
KNN,No SMOTE,0,0,0.0
KNN,No SMOTE,0,0,0.0
KNN,No SMOTE,0,0,0.0
KNN,No SMOTE,0,0,0.0
KNN,No SMOTE,0,0,0.0
KNN,No SMOTE,0,0,0.0
KNN,No SMOTE,0,0,0.0
KNN,No SMOTE,0,0,0.0
KNN,No SMOTE,0,0,0.0
KNN,No SMOTE,0,0,0.0
KNN,No SMOTE,0,0,0.0
KNN,No SMOTE,0,0,0.0
KNN,No SMOTE,0,0,0.0
KNN,No SMOTE,0,0,0.0
KNN,No SMOTE,0,0,0.0
KNN,No SMOTE,0,0,0.0
KNN,No SMOTE,0,0,0.0
KNN,No SMOTE,0,0,0.0
KNN,No SMOTE,0,0,0.0
KNN,No SMOTE,0,0,0.0
KNN,No SMOTE,0,0,0.0
KNN,No SMOTE,0,0,0.0
KNN,No SMOTE,0,0,0.0
KNN,No SMOTE,0,0,0.0
KNN,No SMOTE,0,0,0.0
KNN,No SMOTE,0,0,0.0
KNN,No SMOTE,0,0,0.0
KNN,No SMOTE,0,0,0.0
KNN,No SMOTE,0,0,0.0
KNN,No SMOTE,0,0,0.0
KNN,No SMOTE,0,0,0.0
KNN,No SMOTE,0,0,0.0
KNN,No SMOTE,0,0,0.0
KNN,No SMOTE,0,0,0.0
KNN,No SMOTE,0,0,0.0
KNN,No SMOTE,0,0,0.0
KNN,No SMOTE,0,0,0.0
KNN,No SMOTE,0,0,0.0
KNN,No SMOTE,0,0,0.0
KNN,No SMOTE,0,0,0.0
KNN,No SMOTE,0,0,0.0
KNN,No SMOTE,0,0,0.0
KNN,No SMOTE,0,0,0.0
KNN,No SMOTE,0,0,0.0
KNN,No SMOTE,0,0,0.0
KNN,No SMOTE,0,0,0.0
KNN,No SMOTE,0,0,0.0
KNN,No SMOTE,0,0,0.0
KNN,No SMOTE,0,0,0.0
KNN,No SMOTE,0,0,0.0
KNN,No SMOTE,0,0,0.0
KNN,No SMOTE,0,0,0.0
KNN,No SMOTE,0,0,0.0
KNN,No SMOTE,0,0,0.0
KNN,No SMOTE,0,0,0.0
KNN,No SMOTE,0,0,0.0
KNN,No SMOTE,0,0,0.0
KNN,No SMOTE,0,0,0.0
KNN,No SMOTE,0,0,0.0
KNN,No SMOTE,0,0,0.0
KNN,No SMOTE,0,0,0.0
KNN,No SMOTE,0,0,0.0
KNN,No SMOTE,0,0,0.0
KNN,No SMOTE,0,0,0.0
KNN,No SMOTE,0,0,0.0
KNN,No SMOTE,0,0,0.0
KNN,No SMOTE,0,0,0.0
KNN,No SMOTE,0,0,0.0
KNN,No SMOTE,0,0,0.0
KNN,No SMOTE,0,0,0.0
KNN,No SMOTE,0,0,0.0
KNN,No SMOTE,0,0,0.0
KNN,No SMOTE,0,0,0.0
KNN,No SMOTE,0,0,0.0
KNN,No SMOTE,0,0,0.0
KNN,No SMOTE,0,0,0.0
KNN,No SMOTE,0,0,0.0
KNN,No SMOTE,0,0,0.0
KNN,No SMOTE,0,0,0.0
KNN,No SMOTE,0,0,0.0
KNN,No SMOTE,0,0,0.0
KNN,No SMOTE,0,0,0.0
KNN,No SMOTE,0,0,0.0
KNN,No SMOTE,0,0,0.0
KNN,No SMOTE,0,0,0.0
KNN,No SMOTE,0,0,0.0
KNN,No SMOTE,0,0,0.0
KNN,No SMOTE,0,0,0.0
KNN,No SMOTE,0,0,0.0
KNN,No SMOTE,0,0,0.0
KNN,No SMOTE,0,0,0.0
KNN,No SMOTE,0,0,0.0
KNN,No SMOTE,0,0,0.0
KNN,No SMOTE,0,0,0.0
KNN,No SMOTE,0,0,0.0
KNN,No SMOTE,0,0,0.0
KNN,No SMOTE,0,0,0.0
KNN,No SMOTE,0,0,0.0
KNN,No SMOTE,0,0,0.0
KNN,No SMOTE,0,0,0.0
KNN,No SMOTE,0,0,0.0
KNN,No SMOTE,0,0,0.0
KNN,No SMOTE,0,0,0.0
KNN,No SMOTE,0,0,0.0
KNN,No SMOTE,0,0,0.0
KNN,No SMOTE,0,0,0.0
KNN,No SMOTE,0,0,0.0
KNN,No SMOTE,0,0,0.0
KNN,No SMOTE,0,0,0.0
KNN,No SMOTE,0,0,0.0
KNN,No SMOTE,0,0,0.0
KNN,No SMOTE,0,0,0.0
KNN,No SMOTE,0,0,0.0
KNN,No SMOTE,0,0,0.0
KNN,No SMOTE,0,0,0.0
KNN,No SMOTE,0,0,0.0
KNN,No SMOTE,0,0,0.0
KNN,No SMOTE,0,0,0.0
KNN,No SMOTE,0,0,0.0
KNN,No SMOTE,0,0,0.0
KNN,No SMOTE,0,0,0.0
KNN,No SMOTE,0,0,0.0
KNN,No SMOTE,0,0,0.0
KNN,No SMOTE,0,0,0.0
KNN,No SMOTE,0,0,0.0
KNN,No SMOTE,0,0,0.0
KNN,No SMOTE,0,0,0.0
KNN,No SMOTE,0,0,0.0
KNN,No SMOTE,0,0,0.0
KNN,No SMOTE,0,0,0.0
KNN,No SMOTE,0,0,0.0
KNN,No SMOTE,0,0,0.0
KNN,No SMOTE,0,0,0.0
KNN,No SMOTE,0,0,0.0
KNN,No SMOTE,0,0,0.0
KNN,No SMOTE,0,0,0.0
KNN,No SMOTE,0,0,0.0
KNN,No SMOTE,0,0,0.0
KNN,No SMOTE,0,0,0.0
KNN,No SMOTE,0,0,0.0
KNN,No SMOTE,0,0,0.0
KNN,No SMOTE,0,0,0.0
KNN,No SMOTE,0,0,0.0
KNN,No SMOTE,0,0,0.0
KNN,No SMOTE,0,0,0.0
KNN,No SMOTE,0,0,0.0
KNN,No SMOTE,0,0,0.0
KNN,No SMOTE,0,0,0.0
KNN,No SMOTE,0,0,0.0
KNN,No SMOTE,0,0,0.0
KNN,No SMOTE,0,0,0.0
KNN,No SMOTE,0,0,0.0
KNN,No SMOTE,0,0,0.0
KNN,No SMOTE,0,0,0.0
KNN,No SMOTE,0,0,0.0
KNN,No SMOTE,0,0,0.0
KNN,No SMOTE,0,0,0.0
KNN,No SMOTE,0,0,0.0
KNN,No SMOTE,0,0,0.0
KNN,No SMOTE,0,0,0.0
KNN,No SMOTE,0,0,0.0
KNN,No SMOTE,0,0,0.0
KNN,No SMOTE,0,0,0.0
KNN,No SMOTE,0,0,0.0
KNN,No SMOTE,0,0,0.0
KNN,No SMOTE,0,0,0.0
KNN,No SMOTE,0,0,0.0
KNN,No SMOTE,0,0,0.0
KNN,No SMOTE,0,0,0.0
KNN,No SMOTE,0,0,0.0
KNN,No SMOTE,0,0,0.0
KNN,No SMOTE,0,0,0.0
KNN,No SMOTE,0,0,0.0
KNN,No SMOTE,0,0,0.0
KNN,No SMOTE,0,0,0.0
KNN,No SMOTE,0,0,0.0
KNN,No SMOTE,0,0,0.0
KNN,No SMOTE,0,0,0.0
KNN,No SMOTE,0,0,0.0
KNN,No SMOTE,0,0,0.0
KNN,No SMOTE,0,0,0.0
KNN,No SMOTE,0,0,0.0
KNN,No SMOTE,0,0,0.0
KNN,No SMOTE,0,0,0.0
KNN,No SMOTE,0,0,0.0
KNN,No SMOTE,0,0,0.0
KNN,No SMOTE,0,0,0.0
KNN,No SMOTE,0,0,0.0
KNN,No SMOTE,0,0,0.0
KNN,No SMOTE,0,0,0.0
KNN,No SMOTE,0,0,0.0
KNN,No SMOTE,0,0,0.0
KNN,No SMOTE,0,0,0.0
KNN,No SMOTE,0,0,0.0
KNN,No SMOTE,0,0,0.0
KNN,No SMOTE,0,0,0.0
KNN,No SMOTE,0,0,0.0
KNN,No SMOTE,0,0,0.0
KNN,No SMOTE,0,0,0.0
KNN,No SMOTE,0,0,0.0
KNN,No SMOTE,0,0,0.0
KNN,No SMOTE,0,0,0.0
KNN,No SMOTE,0,0,0.0
KNN,No SMOTE,0,0,0.0
KNN,No SMOTE,0,0,0.0
KNN,No SMOTE,0,0,0.0
KNN,No SMOTE,0,0,0.0
KNN,No SMOTE,0,0,0.0
KNN,No SMOTE,0,0,0.0
KNN,No SMOTE,0,0,0.0
KNN,No SMOTE,0,0,0.0
KNN,No SMOTE,0,0,0.0
KNN,No SMOTE,0,0,0.0
KNN,No SMOTE,0,0,0.0
KNN,No SMOTE,0,0,0.0
KNN,No SMOTE,0,0,0.0
KNN,No SMOTE,0,0,0.0
KNN,No SMOTE,0,0,0.0
KNN,No SMOTE,0,0,0.0
KNN,No SMOTE,0,0,0.0
KNN,No SMOTE,0,0,0.0
KNN,No SMOTE,0,0,0.0
KNN,No SMOTE,0,0,0.0
KNN,No SMOTE,0,0,0.0
KNN,No SMOTE,0,0,0.0
KNN,No SMOTE,0,0,0.0
KNN,No SMOTE,0,0,0.0
KNN,No SMOTE,0,0,0.0
KNN,No SMOTE,0,0,0.0
KNN,No SMOTE,0,0,0.0
KNN,No SMOTE,0,0,0.0
KNN,No SMOTE,0,0,0.0
KNN,No SMOTE,0,0,0.0
KNN,No SMOTE,0,0,0.0
KNN,No SMOTE,0,0,0.0
KNN,No SMOTE,0,0,0.0
KNN,No SMOTE,0,0,0.0
KNN,No SMOTE,0,0,0.0
KNN,No SMOTE,0,0,0.0
KNN,No SMOTE,0,0,0.0
KNN,No SMOTE,0,0,0.0
KNN,No SMOTE,0,0,0.0
KNN,No SMOTE,0,0,0.0
KNN,No SMOTE,0,0,0.0
KNN,No SMOTE,0,0,0.0
KNN,No SMOTE,0,0,0.0
KNN,No SMOTE,0,0,0.0
KNN,No SMOTE,0,0,0.0
KNN,No SMOTE,0,0,0.0
KNN,No SMOTE,0,0,0.0
KNN,No SMOTE,0,0,0.0
KNN,No SMOTE,0,0,0.0
KNN,No SMOTE,0,0,0.0
KNN,No SMOTE,0,0,0.0
KNN,No SMOTE,0,0,0.0
KNN,No SMOTE,0,0,0.0
KNN,No SMOTE,0,0,0.0
KNN,No SMOTE,0,0,0.0
KNN,No SMOTE,0,0,0.0
KNN,No SMOTE,0,0,0.0
KNN,No SMOTE,0,0,0.0
KNN,No SMOTE,0,0,0.0
KNN,No SMOTE,0,0,0.0
KNN,No SMOTE,0,0,0.0
KNN,No SMOTE,0,0,0.0
KNN,No SMOTE,0,0,0.0
KNN,No SMOTE,0,0,0.0
KNN,No SMOTE,0,0,0.0
KNN,No SMOTE,0,0,0.0
KNN,No SMOTE,0,0,0.0
KNN,No SMOTE,0,0,0.0
KNN,No SMOTE,0,0,0.0
KNN,No SMOTE,0,0,0.0
KNN,No SMOTE,1,0,0.2
KNN,No SMOTE,0,0,0.0
KNN,No SMOTE,0,0,0.0
KNN,No SMOTE,0,0,0.0
KNN,No SMOTE,0,0,0.0
KNN,No SMOTE,0,0,0.0
KNN,No SMOTE,0,0,0.0
KNN,No SMOTE,0,0,0.0
KNN,No SMOTE,0,0,0.0
KNN,No SMOTE,0,0,0.0
KNN,No SMOTE,0,0,0.0
KNN,No SMOTE,0,0,0.0
KNN,No SMOTE,0,0,0.0
KNN,No SMOTE,0,0,0.0
KNN,No SMOTE,0,0,0.0
KNN,No SMOTE,0,0,0.0
KNN,No SMOTE,0,0,0.0
KNN,No SMOTE,0,0,0.0
KNN,No SMOTE,0,0,0.0
KNN,No SMOTE,0,0,0.0
KNN,No SMOTE,0,0,0.0
KNN,No SMOTE,0,0,0.0
KNN,No SMOTE,0,0,0.0
KNN,No SMOTE,0,0,0.0
KNN,No SMOTE,0,0,0.0
KNN,No SMOTE,0,0,0.0
KNN,No SMOTE,0,0,0.0
KNN,No SMOTE,0,0,0.0
KNN,No SMOTE,0,0,0.0
KNN,No SMOTE,0,0,0.0
KNN,No SMOTE,0,0,0.0
KNN,No SMOTE,0,0,0.0
KNN,No SMOTE,0,0,0.0
KNN,No SMOTE,0,0,0.0
KNN,No SMOTE,0,0,0.0
KNN,No SMOTE,0,0,0.0
KNN,No SMOTE,0,0,0.0
KNN,No SMOTE,0,0,0.0
KNN,No SMOTE,0,0,0.0
KNN,No SMOTE,0,0,0.0
KNN,No SMOTE,0,0,0.0
KNN,No SMOTE,0,0,0.0
KNN,No SMOTE,0,0,0.0
KNN,No SMOTE,0,0,0.0
KNN,No SMOTE,0,0,0.0
KNN,No SMOTE,0,0,0.0
KNN,No SMOTE,0,0,0.0
KNN,No SMOTE,0,0,0.0
KNN,No SMOTE,0,0,0.0
KNN,No SMOTE,0,0,0.0
KNN,No SMOTE,0,0,0.0
KNN,No SMOTE,0,0,0.0
KNN,No SMOTE,0,0,0.0
KNN,No SMOTE,0,0,0.0
KNN,No SMOTE,0,0,0.0
KNN,No SMOTE,0,0,0.0
KNN,No SMOTE,0,0,0.0
KNN,No SMOTE,0,0,0.0
KNN,No SMOTE,0,0,0.0
KNN,No SMOTE,0,0,0.0
KNN,No SMOTE,0,0,0.0
KNN,No SMOTE,0,0,0.0
KNN,No SMOTE,0,0,0.0
KNN,No SMOTE,0,0,0.0
KNN,No SMOTE,0,0,0.0
KNN,No SMOTE,0,0,0.0
KNN,No SMOTE,0,0,0.0
KNN,No SMOTE,0,0,0.0
KNN,No SMOTE,0,0,0.0
KNN,No SMOTE,0,0,0.0
KNN,No SMOTE,0,0,0.0
KNN,No SMOTE,0,0,0.0
KNN,No SMOTE,0,0,0.0
KNN,No SMOTE,0,0,0.0
KNN,No SMOTE,0,0,0.0
KNN,No SMOTE,0,0,0.0
KNN,No SMOTE,0,0,0.0
KNN,No SMOTE,0,0,0.0
KNN,No SMOTE,0,0,0.0
KNN,No SMOTE,0,0,0.0
KNN,No SMOTE,0,0,0.0
KNN,No SMOTE,0,0,0.0
KNN,No SMOTE,0,0,0.0
KNN,No SMOTE,0,0,0.0
KNN,No SMOTE,0,0,0.0
KNN,No SMOTE,0,0,0.0
KNN,No SMOTE,0,0,0.0
KNN,No SMOTE,0,0,0.0
KNN,No SMOTE,0,0,0.0
KNN,No SMOTE,0,0,0.0
KNN,No SMOTE,0,0,0.0
KNN,No SMOTE,0,0,0.0
KNN,No SMOTE,0,0,0.0
KNN,No SMOTE,0,0,0.0
KNN,No SMOTE,0,0,0.0
KNN,No SMOTE,0,0,0.0
KNN,No SMOTE,0,0,0.0
KNN,No SMOTE,0,0,0.0
KNN,No SMOTE,0,0,0.0
KNN,No SMOTE,0,0,0.0
KNN,No SMOTE,0,0,0.0
KNN,No SMOTE,0,0,0.0
KNN,No SMOTE,0,0,0.0
KNN,No SMOTE,0,0,0.0
KNN,No SMOTE,0,0,0.0
KNN,No SMOTE,0,0,0.0
KNN,No SMOTE,0,0,0.0
KNN,No SMOTE,0,0,0.0
KNN,No SMOTE,0,0,0.0
KNN,No SMOTE,0,0,0.0
KNN,No SMOTE,0,0,0.0
KNN,No SMOTE,0,0,0.0
KNN,No SMOTE,0,0,0.0
KNN,No SMOTE,0,0,0.0
KNN,No SMOTE,0,0,0.0
KNN,No SMOTE,0,0,0.0
KNN,No SMOTE,0,0,0.0
KNN,No SMOTE,0,0,0.0
KNN,No SMOTE,0,0,0.0
KNN,No SMOTE,0,0,0.0
KNN,No SMOTE,0,0,0.0
KNN,No SMOTE,0,0,0.0
KNN,No SMOTE,0,0,0.0
KNN,No SMOTE,0,0,0.0
KNN,No SMOTE,0,0,0.0
KNN,No SMOTE,0,0,0.0
KNN,No SMOTE,0,0,0.0
KNN,No SMOTE,0,0,0.0
KNN,No SMOTE,0,0,0.0
KNN,No SMOTE,0,0,0.0
KNN,No SMOTE,0,0,0.0
KNN,No SMOTE,0,0,0.0
KNN,No SMOTE,0,0,0.0
KNN,No SMOTE,0,0,0.0
KNN,No SMOTE,0,0,0.0
KNN,No SMOTE,0,0,0.0
KNN,No SMOTE,0,0,0.0
KNN,No SMOTE,0,0,0.0
KNN,No SMOTE,0,0,0.0
KNN,No SMOTE,0,0,0.0
KNN,No SMOTE,0,0,0.0
KNN,No SMOTE,0,0,0.0
KNN,No SMOTE,0,0,0.0
KNN,No SMOTE,0,0,0.0
KNN,No SMOTE,0,0,0.0
KNN,No SMOTE,0,0,0.0
KNN,No SMOTE,0,0,0.0
KNN,No SMOTE,0,0,0.0
KNN,No SMOTE,0,0,0.0
KNN,No SMOTE,0,0,0.0
KNN,No SMOTE,0,0,0.0
KNN,No SMOTE,0,0,0.0
KNN,No SMOTE,0,0,0.0
KNN,No SMOTE,0,0,0.0
KNN,No SMOTE,0,0,0.0
KNN,No SMOTE,0,0,0.0
KNN,No SMOTE,0,0,0.0
KNN,No SMOTE,0,0,0.0
KNN,No SMOTE,0,0,0.0
KNN,No SMOTE,0,0,0.0
KNN,No SMOTE,0,0,0.0
KNN,No SMOTE,0,0,0.0
KNN,No SMOTE,0,0,0.0
KNN,No SMOTE,0,0,0.0
KNN,No SMOTE,0,0,0.0
KNN,No SMOTE,0,0,0.0
KNN,No SMOTE,0,0,0.0
KNN,No SMOTE,0,0,0.0
KNN,No SMOTE,0,0,0.0
KNN,No SMOTE,0,0,0.0
KNN,No SMOTE,0,0,0.0
KNN,No SMOTE,0,0,0.0
KNN,No SMOTE,0,0,0.0
KNN,No SMOTE,0,0,0.0
KNN,No SMOTE,0,0,0.0
KNN,No SMOTE,0,0,0.0
KNN,No SMOTE,0,0,0.0
KNN,No SMOTE,0,0,0.0
KNN,No SMOTE,0,0,0.0
KNN,No SMOTE,0,0,0.0
KNN,No SMOTE,0,0,0.0
KNN,No SMOTE,0,0,0.0
KNN,No SMOTE,0,0,0.0
KNN,No SMOTE,0,0,0.0
KNN,No SMOTE,0,0,0.0
KNN,No SMOTE,0,0,0.0
KNN,No SMOTE,0,0,0.0
KNN,No SMOTE,0,0,0.0
KNN,No SMOTE,0,0,0.0
KNN,No SMOTE,0,0,0.0
KNN,No SMOTE,0,0,0.0
KNN,No SMOTE,0,0,0.0
KNN,No SMOTE,0,0,0.0
KNN,No SMOTE,0,0,0.0
KNN,No SMOTE,0,0,0.0
KNN,No SMOTE,0,0,0.0
KNN,No SMOTE,0,0,0.0
KNN,No SMOTE,0,0,0.0
KNN,No SMOTE,0,0,0.0
KNN,No SMOTE,0,0,0.0
KNN,No SMOTE,0,0,0.0
KNN,No SMOTE,0,0,0.0
KNN,No SMOTE,0,0,0.0
KNN,No SMOTE,0,0,0.0
KNN,No SMOTE,0,0,0.0
KNN,No SMOTE,0,0,0.0
KNN,No SMOTE,0,0,0.0
KNN,No SMOTE,0,0,0.0
KNN,No SMOTE,0,0,0.0
KNN,No SMOTE,0,0,0.0
KNN,No SMOTE,0,0,0.0
KNN,No SMOTE,0,0,0.0
KNN,No SMOTE,0,0,0.0
KNN,No SMOTE,0,0,0.0
KNN,No SMOTE,0,0,0.0
KNN,No SMOTE,0,0,0.0
KNN,No SMOTE,0,0,0.0
KNN,No SMOTE,0,0,0.0
KNN,No SMOTE,0,0,0.0
KNN,No SMOTE,0,0,0.0
KNN,No SMOTE,0,0,0.0
KNN,No SMOTE,0,0,0.0
KNN,No SMOTE,0,0,0.0
KNN,No SMOTE,0,0,0.0
KNN,No SMOTE,0,0,0.0
KNN,No SMOTE,0,0,0.0
KNN,No SMOTE,0,0,0.0
KNN,No SMOTE,0,0,0.0
KNN,No SMOTE,0,0,0.0
KNN,No SMOTE,0,0,0.0
KNN,No SMOTE,0,0,0.0
KNN,No SMOTE,0,0,0.0
KNN,No SMOTE,0,0,0.0
KNN,No SMOTE,0,0,0.0
KNN,No SMOTE,0,0,0.0
KNN,No SMOTE,0,0,0.0
KNN,No SMOTE,0,0,0.0
KNN,No SMOTE,0,0,0.0
KNN,No SMOTE,0,0,0.0
KNN,No SMOTE,0,0,0.0
KNN,No SMOTE,0,0,0.0
KNN,No SMOTE,0,0,0.0
KNN,No SMOTE,0,0,0.0
KNN,No SMOTE,0,0,0.0
KNN,No SMOTE,0,0,0.0
KNN,No SMOTE,0,0,0.0
KNN,No SMOTE,0,0,0.0
KNN,No SMOTE,0,0,0.0
KNN,No SMOTE,0,0,0.0
KNN,No SMOTE,0,0,0.0
KNN,No SMOTE,0,0,0.0
KNN,No SMOTE,0,0,0.0
KNN,No SMOTE,0,0,0.0
KNN,No SMOTE,0,0,0.0
KNN,No SMOTE,0,0,0.0
KNN,No SMOTE,0,0,0.0
KNN,No SMOTE,0,0,0.0
KNN,No SMOTE,0,0,0.0
KNN,No SMOTE,0,0,0.0
KNN,No SMOTE,0,0,0.0
KNN,No SMOTE,0,0,0.0
KNN,No SMOTE,0,0,0.0
KNN,No SMOTE,0,0,0.0
KNN,No SMOTE,0,0,0.0
KNN,No SMOTE,0,0,0.0
KNN,No SMOTE,0,0,0.0
KNN,No SMOTE,0,0,0.0
KNN,No SMOTE,0,0,0.0
KNN,No SMOTE,0,0,0.0
KNN,No SMOTE,0,0,0.0
KNN,No SMOTE,0,0,0.0
KNN,No SMOTE,0,0,0.0
KNN,No SMOTE,0,0,0.0
KNN,No SMOTE,0,0,0.0
KNN,No SMOTE,0,0,0.0
KNN,No SMOTE,0,0,0.0
KNN,No SMOTE,0,0,0.0
KNN,No SMOTE,0,0,0.0
KNN,No SMOTE,0,0,0.0
KNN,No SMOTE,0,0,0.0
KNN,No SMOTE,0,0,0.0
KNN,No SMOTE,0,0,0.0
KNN,No SMOTE,0,0,0.0
KNN,No SMOTE,0,0,0.0
KNN,No SMOTE,0,0,0.0
KNN,No SMOTE,0,0,0.0
KNN,No SMOTE,0,0,0.0
KNN,No SMOTE,0,0,0.0
KNN,No SMOTE,0,0,0.0
KNN,No SMOTE,0,0,0.0
KNN,No SMOTE,0,0,0.0
KNN,No SMOTE,0,0,0.0
KNN,No SMOTE,0,0,0.0
KNN,No SMOTE,0,0,0.0
KNN,No SMOTE,0,0,0.0
KNN,No SMOTE,0,0,0.0
KNN,No SMOTE,0,0,0.0
KNN,No SMOTE,0,0,0.0
KNN,No SMOTE,0,0,0.0
KNN,No SMOTE,0,0,0.0
KNN,No SMOTE,0,0,0.0
KNN,No SMOTE,0,0,0.0
KNN,No SMOTE,0,0,0.0
KNN,No SMOTE,0,0,0.0
KNN,No SMOTE,0,0,0.0
KNN,No SMOTE,0,0,0.0
KNN,No SMOTE,0,0,0.0
KNN,No SMOTE,0,0,0.0
KNN,No SMOTE,0,0,0.0
KNN,No SMOTE,0,0,0.0
KNN,No SMOTE,0,0,0.0
KNN,No SMOTE,0,0,0.0
KNN,No SMOTE,0,0,0.0
KNN,No SMOTE,0,0,0.0
KNN,No SMOTE,0,0,0.0
KNN,No SMOTE,0,0,0.0
KNN,No SMOTE,0,0,0.0
KNN,No SMOTE,0,0,0.0
KNN,No SMOTE,0,0,0.0
KNN,No SMOTE,0,0,0.0
KNN,No SMOTE,0,0,0.0
KNN,No SMOTE,0,0,0.0
KNN,No SMOTE,0,0,0.0
KNN,No SMOTE,0,0,0.0
KNN,No SMOTE,0,0,0.0
KNN,No SMOTE,0,0,0.0
KNN,No SMOTE,0,0,0.0
KNN,No SMOTE,0,0,0.0
KNN,No SMOTE,0,0,0.0
KNN,No SMOTE,0,0,0.0
KNN,No SMOTE,0,0,0.0
KNN,No SMOTE,0,0,0.0
KNN,No SMOTE,0,0,0.0
KNN,No SMOTE,0,0,0.0
KNN,No SMOTE,0,0,0.0
KNN,No SMOTE,0,0,0.0
KNN,No SMOTE,0,0,0.0
KNN,No SMOTE,0,0,0.0
KNN,No SMOTE,0,0,0.0
KNN,No SMOTE,0,0,0.0
KNN,No SMOTE,0,0,0.0
KNN,No SMOTE,0,0,0.0
KNN,No SMOTE,0,0,0.0
KNN,No SMOTE,0,0,0.0
KNN,No SMOTE,0,0,0.0
KNN,No SMOTE,0,0,0.0
KNN,No SMOTE,0,0,0.0
KNN,No SMOTE,0,0,0.0
KNN,No SMOTE,0,0,0.0
KNN,No SMOTE,0,0,0.0
KNN,No SMOTE,0,0,0.0
KNN,No SMOTE,0,0,0.0
KNN,No SMOTE,0,0,0.0
KNN,No SMOTE,0,0,0.0
KNN,No SMOTE,0,0,0.0
KNN,No SMOTE,0,0,0.0
KNN,No SMOTE,0,0,0.0
KNN,No SMOTE,0,0,0.0
KNN,No SMOTE,0,0,0.0
KNN,No SMOTE,0,0,0.0
KNN,No SMOTE,0,0,0.0
KNN,No SMOTE,0,0,0.0
KNN,No SMOTE,0,0,0.0
KNN,No SMOTE,0,0,0.0
KNN,No SMOTE,0,0,0.0
KNN,No SMOTE,0,0,0.0
KNN,No SMOTE,0,0,0.0
KNN,No SMOTE,0,0,0.0
KNN,No SMOTE,0,0,0.0
KNN,No SMOTE,0,0,0.0
KNN,No SMOTE,0,0,0.0
KNN,No SMOTE,0,0,0.0
KNN,No SMOTE,0,0,0.0
KNN,No SMOTE,0,0,0.0
KNN,No SMOTE,0,0,0.0
KNN,No SMOTE,0,0,0.0
KNN,No SMOTE,0,0,0.0
KNN,No SMOTE,0,0,0.0
KNN,No SMOTE,0,0,0.0
KNN,No SMOTE,0,0,0.0
KNN,No SMOTE,0,0,0.0
KNN,No SMOTE,0,0,0.0
KNN,No SMOTE,0,0,0.0
KNN,No SMOTE,0,0,0.0
KNN,No SMOTE,0,0,0.0
KNN,No SMOTE,0,0,0.0
KNN,No SMOTE,0,0,0.0
KNN,No SMOTE,0,0,0.0
KNN,No SMOTE,0,0,0.0
KNN,No SMOTE,0,0,0.0
KNN,No SMOTE,0,0,0.0
KNN,No SMOTE,0,0,0.0
KNN,No SMOTE,0,0,0.0
KNN,No SMOTE,0,0,0.0
KNN,No SMOTE,0,0,0.0
KNN,No SMOTE,0,0,0.0
KNN,No SMOTE,0,0,0.0
KNN,No SMOTE,0,0,0.0
KNN,No SMOTE,0,0,0.0
KNN,No SMOTE,0,0,0.0
KNN,No SMOTE,0,0,0.0
KNN,No SMOTE,0,0,0.0
KNN,No SMOTE,0,0,0.0
KNN,No SMOTE,0,0,0.0
KNN,No SMOTE,0,0,0.0
KNN,No SMOTE,0,0,0.0
KNN,No SMOTE,0,0,0.0
KNN,No SMOTE,0,0,0.0
KNN,No SMOTE,0,0,0.0
KNN,No SMOTE,0,0,0.0
KNN,No SMOTE,0,0,0.0
KNN,No SMOTE,0,0,0.0
KNN,No SMOTE,0,0,0.0
KNN,No SMOTE,0,0,0.0
KNN,No SMOTE,0,0,0.0
KNN,No SMOTE,0,0,0.0
KNN,No SMOTE,0,0,0.0
KNN,No SMOTE,0,0,0.0
KNN,No SMOTE,0,0,0.0
KNN,No SMOTE,0,0,0.0
KNN,No SMOTE,0,0,0.0
KNN,No SMOTE,0,0,0.0
KNN,No SMOTE,0,0,0.0
KNN,No SMOTE,0,0,0.0
KNN,No SMOTE,0,0,0.0
KNN,No SMOTE,0,0,0.0
KNN,No SMOTE,0,0,0.0
KNN,No SMOTE,0,0,0.0
KNN,No SMOTE,0,0,0.0
KNN,No SMOTE,0,0,0.0
KNN,No SMOTE,0,0,0.0
KNN,No SMOTE,0,0,0.0
KNN,No SMOTE,0,0,0.0
KNN,No SMOTE,0,0,0.0
KNN,No SMOTE,0,0,0.0
KNN,No SMOTE,0,0,0.0
KNN,No SMOTE,0,0,0.0
KNN,No SMOTE,0,0,0.0
KNN,No SMOTE,0,0,0.0
KNN,No SMOTE,0,0,0.0
KNN,No SMOTE,0,0,0.0
KNN,No SMOTE,0,0,0.0
KNN,No SMOTE,0,0,0.0
KNN,No SMOTE,0,0,0.0
KNN,No SMOTE,0,0,0.0
KNN,No SMOTE,0,0,0.0
KNN,No SMOTE,0,0,0.0
KNN,No SMOTE,0,0,0.0
KNN,No SMOTE,0,0,0.0
KNN,No SMOTE,0,0,0.0
KNN,No SMOTE,0,0,0.0
KNN,No SMOTE,0,0,0.0
KNN,No SMOTE,0,0,0.0
KNN,No SMOTE,0,0,0.0
KNN,No SMOTE,0,0,0.0
KNN,No SMOTE,0,0,0.0
KNN,No SMOTE,0,0,0.0
KNN,No SMOTE,0,0,0.0
KNN,No SMOTE,0,0,0.0
KNN,No SMOTE,0,0,0.0
KNN,No SMOTE,0,0,0.0
KNN,No SMOTE,0,0,0.0
KNN,No SMOTE,0,0,0.0
KNN,No SMOTE,0,0,0.0
KNN,No SMOTE,0,0,0.0
KNN,No SMOTE,0,0,0.0
KNN,No SMOTE,0,0,0.0
KNN,No SMOTE,0,0,0.0
KNN,No SMOTE,0,0,0.0
KNN,No SMOTE,0,0,0.0
KNN,No SMOTE,0,0,0.0
KNN,No SMOTE,0,0,0.0
KNN,No SMOTE,0,0,0.0
KNN,No SMOTE,0,0,0.0
KNN,No SMOTE,0,0,0.0
KNN,No SMOTE,0,0,0.0
KNN,No SMOTE,0,0,0.0
KNN,No SMOTE,0,0,0.0
KNN,No SMOTE,0,0,0.0
KNN,No SMOTE,0,0,0.0
KNN,No SMOTE,0,0,0.0
KNN,No SMOTE,0,0,0.0
KNN,No SMOTE,0,0,0.0
KNN,No SMOTE,0,0,0.0
KNN,No SMOTE,0,0,0.0
KNN,No SMOTE,0,0,0.0
KNN,No SMOTE,0,0,0.0
KNN,No SMOTE,0,0,0.0
KNN,No SMOTE,0,0,0.0
KNN,No SMOTE,0,0,0.0
KNN,No SMOTE,0,0,0.0
KNN,No SMOTE,0,0,0.0
KNN,No SMOTE,0,0,0.0
KNN,No SMOTE,0,0,0.0
KNN,No SMOTE,0,0,0.0
KNN,No SMOTE,0,0,0.0
KNN,No SMOTE,0,0,0.0
KNN,No SMOTE,0,0,0.0
KNN,No SMOTE,0,0,0.0
KNN,No SMOTE,0,0,0.0
KNN,No SMOTE,0,0,0.0
KNN,No SMOTE,0,0,0.0
KNN,No SMOTE,0,0,0.0
KNN,No SMOTE,0,0,0.0
KNN,No SMOTE,0,0,0.0
KNN,No SMOTE,0,0,0.0
KNN,No SMOTE,0,0,0.0
KNN,No SMOTE,0,0,0.0
KNN,No SMOTE,0,0,0.0
KNN,No SMOTE,0,0,0.0
KNN,No SMOTE,0,0,0.0
KNN,No SMOTE,0,0,0.0
KNN,No SMOTE,0,0,0.0
KNN,No SMOTE,0,0,0.0
KNN,No SMOTE,0,0,0.0
KNN,No SMOTE,0,0,0.0
KNN,No SMOTE,0,0,0.0
KNN,No SMOTE,0,0,0.0
KNN,No SMOTE,0,0,0.0
KNN,No SMOTE,0,0,0.0
KNN,No SMOTE,0,0,0.0
KNN,No SMOTE,0,0,0.0
KNN,No SMOTE,0,0,0.0
KNN,No SMOTE,0,0,0.0
KNN,No SMOTE,0,0,0.0
KNN,No SMOTE,0,0,0.0
KNN,No SMOTE,0,0,0.0
KNN,No SMOTE,0,0,0.0
KNN,No SMOTE,0,0,0.0
KNN,No SMOTE,0,0,0.0
KNN,No SMOTE,0,0,0.0
KNN,No SMOTE,0,0,0.0
KNN,No SMOTE,0,0,0.0
KNN,No SMOTE,0,0,0.0
KNN,No SMOTE,0,0,0.0
KNN,No SMOTE,0,0,0.0
KNN,No SMOTE,0,0,0.0
KNN,No SMOTE,0,0,0.0
KNN,No SMOTE,0,0,0.0
KNN,No SMOTE,0,0,0.0
KNN,No SMOTE,0,0,0.0
KNN,No SMOTE,0,0,0.0
KNN,No SMOTE,0,0,0.0
KNN,No SMOTE,0,0,0.0
KNN,No SMOTE,0,0,0.0
KNN,No SMOTE,0,0,0.0
KNN,No SMOTE,0,0,0.0
KNN,No SMOTE,0,0,0.0
KNN,No SMOTE,0,0,0.0
KNN,No SMOTE,0,0,0.0
KNN,No SMOTE,0,0,0.0
KNN,No SMOTE,0,0,0.0
KNN,No SMOTE,0,0,0.0
KNN,No SMOTE,0,0,0.0
KNN,No SMOTE,0,0,0.0
KNN,No SMOTE,0,0,0.0
KNN,No SMOTE,0,0,0.0
KNN,No SMOTE,0,0,0.0
KNN,No SMOTE,0,0,0.0
KNN,No SMOTE,0,0,0.0
KNN,No SMOTE,0,0,0.0
KNN,No SMOTE,0,0,0.0
KNN,No SMOTE,0,0,0.0
KNN,No SMOTE,0,0,0.0
KNN,No SMOTE,0,0,0.0
KNN,No SMOTE,0,0,0.0
KNN,No SMOTE,0,0,0.0
KNN,No SMOTE,0,0,0.0
KNN,No SMOTE,0,0,0.0
KNN,No SMOTE,0,0,0.0
KNN,No SMOTE,0,0,0.0
KNN,No SMOTE,0,0,0.0
KNN,No SMOTE,0,0,0.0
KNN,No SMOTE,0,0,0.0
KNN,No SMOTE,0,0,0.0
KNN,No SMOTE,0,0,0.0
KNN,No SMOTE,0,0,0.0
KNN,No SMOTE,0,0,0.0
KNN,No SMOTE,0,0,0.0
KNN,No SMOTE,0,0,0.0
KNN,No SMOTE,0,0,0.0
KNN,No SMOTE,0,0,0.0
KNN,No SMOTE,0,0,0.0
KNN,No SMOTE,0,0,0.0
KNN,No SMOTE,0,0,0.0
KNN,No SMOTE,0,0,0.0
KNN,No SMOTE,0,0,0.0
KNN,No SMOTE,0,0,0.0
KNN,No SMOTE,0,0,0.0
KNN,No SMOTE,0,0,0.0
KNN,No SMOTE,0,0,0.0
KNN,No SMOTE,0,0,0.0
KNN,No SMOTE,0,0,0.0
KNN,No SMOTE,0,0,0.0
KNN,No SMOTE,0,0,0.0
KNN,No SMOTE,0,0,0.0
KNN,No SMOTE,0,0,0.0
KNN,No SMOTE,0,0,0.0
KNN,No SMOTE,0,0,0.0
KNN,No SMOTE,0,0,0.0
KNN,No SMOTE,0,0,0.0
KNN,No SMOTE,0,0,0.0
KNN,No SMOTE,0,0,0.0
KNN,No SMOTE,0,0,0.0
KNN,No SMOTE,0,0,0.0
KNN,No SMOTE,0,0,0.0
KNN,No SMOTE,0,0,0.0
KNN,No SMOTE,0,0,0.0
KNN,No SMOTE,0,0,0.0
KNN,No SMOTE,0,0,0.0
KNN,No SMOTE,0,0,0.0
KNN,No SMOTE,0,0,0.0
KNN,No SMOTE,0,0,0.0
KNN,No SMOTE,0,0,0.0
KNN,No SMOTE,0,0,0.0
KNN,No SMOTE,0,0,0.0
KNN,No SMOTE,0,0,0.0
KNN,No SMOTE,0,0,0.0
KNN,No SMOTE,0,0,0.0
KNN,No SMOTE,0,0,0.0
KNN,No SMOTE,0,0,0.0
KNN,No SMOTE,0,0,0.0
KNN,No SMOTE,0,0,0.0
KNN,No SMOTE,0,0,0.0
KNN,No SMOTE,0,0,0.0
KNN,No SMOTE,0,0,0.0
KNN,No SMOTE,0,0,0.0
KNN,No SMOTE,0,0,0.0
KNN,No SMOTE,0,0,0.0
KNN,No SMOTE,0,0,0.0
KNN,No SMOTE,0,0,0.0
KNN,No SMOTE,0,0,0.0
KNN,No SMOTE,0,0,0.0
KNN,No SMOTE,0,0,0.0
KNN,No SMOTE,0,0,0.0
KNN,No SMOTE,0,0,0.0
KNN,No SMOTE,0,0,0.0
KNN,No SMOTE,0,0,0.0
KNN,No SMOTE,0,0,0.0
KNN,No SMOTE,0,0,0.0
KNN,No SMOTE,0,0,0.0
KNN,No SMOTE,0,0,0.0
KNN,No SMOTE,0,0,0.0
KNN,No SMOTE,0,0,0.0
KNN,No SMOTE,0,0,0.0
KNN,No SMOTE,0,0,0.0
KNN,No SMOTE,0,0,0.0
KNN,No SMOTE,0,0,0.0
KNN,No SMOTE,0,0,0.0
KNN,No SMOTE,0,0,0.0
KNN,No SMOTE,0,0,0.0
KNN,No SMOTE,0,0,0.0
KNN,No SMOTE,0,0,0.0
KNN,No SMOTE,0,0,0.0
KNN,No SMOTE,0,0,0.0
KNN,No SMOTE,0,0,0.0
KNN,No SMOTE,0,0,0.0
KNN,No SMOTE,0,0,0.0
KNN,No SMOTE,0,0,0.0
KNN,No SMOTE,0,0,0.0
KNN,No SMOTE,0,0,0.0
KNN,No SMOTE,0,0,0.0
KNN,No SMOTE,0,0,0.0
KNN,No SMOTE,0,0,0.0
KNN,No SMOTE,0,0,0.0
KNN,No SMOTE,0,0,0.0
KNN,No SMOTE,0,0,0.0
KNN,No SMOTE,0,0,0.0
KNN,No SMOTE,0,0,0.0
KNN,No SMOTE,0,0,0.0
KNN,No SMOTE,0,0,0.0
KNN,No SMOTE,0,0,0.0
KNN,No SMOTE,0,0,0.0
KNN,No SMOTE,0,0,0.0
KNN,No SMOTE,0,0,0.0
KNN,No SMOTE,0,0,0.0
KNN,No SMOTE,0,0,0.0
KNN,No SMOTE,0,0,0.0
KNN,No SMOTE,0,0,0.0
KNN,No SMOTE,0,0,0.0
KNN,No SMOTE,0,0,0.0
KNN,No SMOTE,0,0,0.0
KNN,No SMOTE,0,0,0.0
KNN,No SMOTE,0,0,0.0
KNN,No SMOTE,0,0,0.0
KNN,No SMOTE,0,0,0.0
KNN,No SMOTE,0,0,0.0
KNN,No SMOTE,0,0,0.0
KNN,No SMOTE,0,0,0.0
KNN,No SMOTE,0,0,0.0
KNN,No SMOTE,0,0,0.0
KNN,No SMOTE,0,0,0.0
KNN,No SMOTE,0,0,0.0
KNN,No SMOTE,0,0,0.0
KNN,No SMOTE,0,0,0.0
KNN,No SMOTE,0,0,0.0
KNN,No SMOTE,0,0,0.0
KNN,No SMOTE,0,0,0.0
KNN,No SMOTE,0,0,0.0
KNN,No SMOTE,0,0,0.0
KNN,No SMOTE,0,0,0.0
KNN,No SMOTE,0,0,0.0
KNN,No SMOTE,0,0,0.0
KNN,No SMOTE,0,0,0.0
KNN,No SMOTE,0,0,0.0
KNN,No SMOTE,0,0,0.0
KNN,No SMOTE,0,0,0.0
KNN,No SMOTE,0,0,0.0
KNN,No SMOTE,0,0,0.0
KNN,No SMOTE,0,0,0.0
KNN,No SMOTE,0,0,0.0
KNN,No SMOTE,0,0,0.0
KNN,No SMOTE,0,0,0.0
KNN,No SMOTE,0,0,0.0
KNN,No SMOTE,0,0,0.0
KNN,No SMOTE,0,0,0.0
KNN,No SMOTE,0,0,0.0
KNN,No SMOTE,0,0,0.0
KNN,No SMOTE,0,0,0.0
KNN,No SMOTE,0,0,0.0
KNN,No SMOTE,0,0,0.0
KNN,No SMOTE,0,0,0.0
KNN,No SMOTE,0,0,0.0
KNN,No SMOTE,0,0,0.0
KNN,No SMOTE,0,0,0.0
KNN,No SMOTE,0,0,0.0
KNN,No SMOTE,0,0,0.0
KNN,No SMOTE,0,0,0.0
KNN,No SMOTE,0,0,0.0
KNN,No SMOTE,0,0,0.0
KNN,No SMOTE,0,0,0.0
KNN,No SMOTE,0,0,0.0
KNN,No SMOTE,0,0,0.0
KNN,No SMOTE,0,0,0.0
KNN,No SMOTE,0,0,0.0
KNN,No SMOTE,0,0,0.0
KNN,No SMOTE,0,0,0.0
KNN,No SMOTE,0,0,0.0
KNN,No SMOTE,0,0,0.0
KNN,No SMOTE,0,0,0.0
KNN,No SMOTE,0,0,0.0
KNN,No SMOTE,0,0,0.0
KNN,No SMOTE,0,0,0.0
KNN,No SMOTE,0,0,0.0
KNN,No SMOTE,0,0,0.0
KNN,No SMOTE,0,0,0.0
KNN,No SMOTE,0,0,0.0
KNN,No SMOTE,0,0,0.0
KNN,No SMOTE,0,0,0.0
KNN,No SMOTE,0,0,0.0
KNN,No SMOTE,0,0,0.0
KNN,No SMOTE,0,0,0.0
KNN,No SMOTE,0,0,0.0
KNN,No SMOTE,0,0,0.0
KNN,No SMOTE,0,0,0.0
KNN,No SMOTE,0,0,0.0
KNN,No SMOTE,0,0,0.0
KNN,No SMOTE,0,0,0.0
KNN,No SMOTE,0,0,0.0
KNN,No SMOTE,0,0,0.0
KNN,No SMOTE,0,0,0.0
KNN,No SMOTE,0,0,0.0
KNN,No SMOTE,0,0,0.0
KNN,No SMOTE,0,0,0.0
KNN,No SMOTE,0,0,0.0
KNN,No SMOTE,0,0,0.0
KNN,No SMOTE,0,0,0.0
KNN,No SMOTE,0,0,0.0
KNN,No SMOTE,0,0,0.0
KNN,No SMOTE,0,0,0.0
KNN,No SMOTE,0,0,0.0
KNN,No SMOTE,0,0,0.0
KNN,No SMOTE,0,0,0.0
KNN,No SMOTE,0,0,0.0
KNN,No SMOTE,0,0,0.0
KNN,No SMOTE,0,0,0.0
KNN,No SMOTE,0,0,0.0
KNN,No SMOTE,0,0,0.0
KNN,No SMOTE,0,0,0.0
KNN,No SMOTE,0,0,0.0
KNN,No SMOTE,0,0,0.0
KNN,No SMOTE,0,0,0.0
KNN,No SMOTE,0,0,0.0
KNN,No SMOTE,0,0,0.0
KNN,No SMOTE,0,0,0.0
KNN,No SMOTE,0,0,0.0
KNN,No SMOTE,0,0,0.0
KNN,No SMOTE,0,0,0.0
KNN,No SMOTE,0,0,0.0
KNN,No SMOTE,0,0,0.0
KNN,No SMOTE,0,0,0.0
KNN,No SMOTE,0,0,0.0
KNN,No SMOTE,0,0,0.0
KNN,No SMOTE,0,0,0.0
KNN,No SMOTE,0,0,0.0
KNN,No SMOTE,0,0,0.0
KNN,No SMOTE,0,0,0.0
KNN,No SMOTE,0,0,0.0
KNN,No SMOTE,0,0,0.0
KNN,No SMOTE,0,0,0.0
KNN,No SMOTE,0,0,0.0
KNN,No SMOTE,0,0,0.0
KNN,No SMOTE,0,0,0.0
KNN,No SMOTE,0,0,0.0
KNN,No SMOTE,0,0,0.0
KNN,No SMOTE,0,0,0.0
KNN,No SMOTE,0,0,0.0
KNN,No SMOTE,0,0,0.0
KNN,No SMOTE,0,0,0.0
KNN,No SMOTE,0,0,0.0
KNN,No SMOTE,0,0,0.0
KNN,No SMOTE,0,0,0.0
KNN,No SMOTE,0,0,0.0
KNN,No SMOTE,0,0,0.0
KNN,No SMOTE,0,0,0.0
KNN,No SMOTE,0,0,0.0
KNN,No SMOTE,0,0,0.0
KNN,No SMOTE,0,0,0.0
KNN,No SMOTE,0,0,0.0
KNN,No SMOTE,0,0,0.0
KNN,No SMOTE,0,0,0.0
KNN,No SMOTE,0,0,0.0
KNN,No SMOTE,0,0,0.0
KNN,No SMOTE,0,0,0.0
KNN,No SMOTE,0,0,0.0
KNN,No SMOTE,0,0,0.0
KNN,No SMOTE,0,0,0.0
KNN,No SMOTE,0,0,0.0
KNN,No SMOTE,0,0,0.0
KNN,No SMOTE,0,0,0.0
KNN,No SMOTE,0,0,0.0
KNN,No SMOTE,0,0,0.0
KNN,No SMOTE,0,0,0.0
KNN,No SMOTE,0,0,0.0
KNN,No SMOTE,0,0,0.0
KNN,No SMOTE,0,0,0.0
KNN,No SMOTE,0,0,0.0
KNN,No SMOTE,0,0,0.0
KNN,No SMOTE,0,0,0.0
KNN,No SMOTE,0,0,0.0
KNN,No SMOTE,0,0,0.0
KNN,No SMOTE,0,0,0.0
KNN,No SMOTE,0,0,0.0
KNN,No SMOTE,0,0,0.0
KNN,No SMOTE,0,0,0.0
KNN,No SMOTE,0,0,0.0
KNN,No SMOTE,0,0,0.0
KNN,No SMOTE,0,0,0.0
KNN,No SMOTE,0,0,0.0
KNN,No SMOTE,0,0,0.0
KNN,No SMOTE,0,0,0.0
KNN,No SMOTE,0,0,0.0
KNN,No SMOTE,0,0,0.0
KNN,No SMOTE,0,0,0.0
KNN,No SMOTE,0,0,0.0
KNN,No SMOTE,0,0,0.0
KNN,No SMOTE,0,0,0.0
KNN,No SMOTE,0,0,0.0
KNN,No SMOTE,0,0,0.0
KNN,No SMOTE,0,0,0.0
KNN,No SMOTE,0,0,0.0
KNN,No SMOTE,0,0,0.0
KNN,No SMOTE,0,0,0.0
KNN,No SMOTE,0,0,0.0
KNN,No SMOTE,0,0,0.0
KNN,No SMOTE,0,0,0.0
KNN,No SMOTE,0,0,0.0
KNN,No SMOTE,0,0,0.0
KNN,No SMOTE,0,0,0.0
KNN,No SMOTE,0,0,0.0
KNN,No SMOTE,0,0,0.0
KNN,No SMOTE,0,0,0.0
KNN,No SMOTE,0,0,0.0
KNN,No SMOTE,0,0,0.0
KNN,No SMOTE,0,0,0.0
KNN,No SMOTE,0,0,0.0
KNN,No SMOTE,0,0,0.0
KNN,No SMOTE,0,0,0.0
KNN,No SMOTE,0,0,0.0
KNN,No SMOTE,0,0,0.0
KNN,No SMOTE,0,0,0.0
KNN,No SMOTE,0,0,0.0
KNN,No SMOTE,0,0,0.0
KNN,No SMOTE,0,0,0.0
KNN,No SMOTE,0,0,0.0
KNN,No SMOTE,0,0,0.0
KNN,No SMOTE,0,0,0.0
KNN,No SMOTE,0,0,0.0
KNN,No SMOTE,0,0,0.0
KNN,No SMOTE,0,0,0.0
KNN,No SMOTE,0,0,0.0
KNN,No SMOTE,0,0,0.0
KNN,No SMOTE,0,0,0.0
KNN,No SMOTE,0,0,0.0
KNN,No SMOTE,0,0,0.0
KNN,No SMOTE,0,0,0.0
KNN,No SMOTE,0,0,0.0
KNN,No SMOTE,0,0,0.0
KNN,No SMOTE,0,0,0.0
KNN,No SMOTE,0,0,0.0
KNN,No SMOTE,0,0,0.0
KNN,No SMOTE,0,0,0.0
KNN,No SMOTE,0,0,0.0
KNN,No SMOTE,0,0,0.0
KNN,No SMOTE,0,0,0.0
KNN,No SMOTE,0,0,0.0
KNN,No SMOTE,0,0,0.0
KNN,No SMOTE,0,0,0.0
KNN,No SMOTE,0,0,0.0
KNN,No SMOTE,0,0,0.0
KNN,No SMOTE,0,0,0.0
KNN,No SMOTE,0,0,0.0
KNN,No SMOTE,0,0,0.0
KNN,No SMOTE,0,0,0.0
KNN,No SMOTE,0,0,0.0
KNN,No SMOTE,0,0,0.0
KNN,No SMOTE,0,0,0.0
KNN,No SMOTE,0,0,0.0
KNN,No SMOTE,0,0,0.0
KNN,No SMOTE,0,0,0.0
KNN,No SMOTE,0,0,0.0
KNN,No SMOTE,0,0,0.0
KNN,No SMOTE,0,0,0.0
KNN,No SMOTE,0,0,0.0
KNN,No SMOTE,0,0,0.0
KNN,No SMOTE,0,0,0.0
KNN,No SMOTE,0,0,0.0
KNN,No SMOTE,0,0,0.0
KNN,No SMOTE,0,0,0.0
KNN,No SMOTE,0,0,0.0
KNN,No SMOTE,0,0,0.0
KNN,No SMOTE,0,0,0.0
KNN,No SMOTE,0,0,0.0
KNN,No SMOTE,0,0,0.0
KNN,No SMOTE,0,0,0.0
KNN,No SMOTE,0,0,0.0
KNN,No SMOTE,0,0,0.0
KNN,No SMOTE,0,0,0.0
KNN,No SMOTE,0,0,0.0
KNN,No SMOTE,0,0,0.0
KNN,No SMOTE,0,0,0.0
KNN,No SMOTE,0,0,0.0
KNN,No SMOTE,0,0,0.0
KNN,No SMOTE,0,0,0.0
KNN,No SMOTE,0,0,0.0
KNN,No SMOTE,0,0,0.0
KNN,No SMOTE,0,0,0.0
KNN,No SMOTE,0,0,0.0
KNN,No SMOTE,0,0,0.0
KNN,No SMOTE,0,0,0.0
KNN,No SMOTE,0,0,0.0
KNN,No SMOTE,0,0,0.0
KNN,No SMOTE,0,0,0.0
KNN,No SMOTE,0,0,0.0
KNN,No SMOTE,0,0,0.0
KNN,No SMOTE,0,0,0.0
KNN,No SMOTE,0,0,0.0
KNN,No SMOTE,0,0,0.0
KNN,No SMOTE,0,0,0.0
KNN,No SMOTE,0,0,0.0
KNN,No SMOTE,0,0,0.0
KNN,No SMOTE,0,0,0.0
KNN,No SMOTE,0,0,0.0
KNN,No SMOTE,0,0,0.0
KNN,No SMOTE,0,0,0.0
KNN,No SMOTE,0,0,0.0
KNN,No SMOTE,0,0,0.0
KNN,No SMOTE,0,0,0.0
KNN,No SMOTE,0,0,0.0
KNN,No SMOTE,0,0,0.0
KNN,No SMOTE,0,0,0.0
KNN,No SMOTE,0,0,0.0
KNN,No SMOTE,0,0,0.0
KNN,No SMOTE,0,0,0.0
KNN,No SMOTE,0,0,0.0
KNN,No SMOTE,0,0,0.0
KNN,No SMOTE,0,0,0.0
KNN,No SMOTE,0,0,0.0
KNN,No SMOTE,0,0,0.0
KNN,No SMOTE,0,0,0.0
KNN,No SMOTE,0,0,0.0
KNN,No SMOTE,0,0,0.0
KNN,No SMOTE,0,0,0.0
KNN,No SMOTE,0,0,0.0
KNN,No SMOTE,0,0,0.0
KNN,No SMOTE,0,0,0.0
KNN,No SMOTE,0,0,0.0
KNN,No SMOTE,0,0,0.0
KNN,No SMOTE,0,0,0.0
KNN,No SMOTE,0,0,0.0
KNN,No SMOTE,0,0,0.0
KNN,No SMOTE,0,0,0.0
KNN,No SMOTE,0,0,0.0
KNN,No SMOTE,0,0,0.0
KNN,No SMOTE,0,0,0.0
KNN,No SMOTE,0,0,0.0
KNN,No SMOTE,0,0,0.0
KNN,No SMOTE,0,0,0.0
KNN,No SMOTE,0,0,0.0
KNN,No SMOTE,0,0,0.0
KNN,No SMOTE,0,0,0.0
KNN,No SMOTE,0,0,0.0
KNN,No SMOTE,0,0,0.0
KNN,No SMOTE,0,0,0.0
KNN,No SMOTE,0,0,0.0
KNN,No SMOTE,0,0,0.0
KNN,No SMOTE,0,0,0.0
KNN,No SMOTE,0,0,0.0
KNN,No SMOTE,0,0,0.0
KNN,No SMOTE,0,0,0.0
KNN,No SMOTE,0,0,0.0
KNN,No SMOTE,0,0,0.0
KNN,No SMOTE,0,0,0.0
KNN,No SMOTE,0,0,0.0
KNN,No SMOTE,0,0,0.0
KNN,No SMOTE,0,0,0.0
KNN,No SMOTE,0,0,0.0
KNN,No SMOTE,0,0,0.0
KNN,No SMOTE,0,0,0.0
KNN,No SMOTE,0,0,0.0
KNN,No SMOTE,0,0,0.0
KNN,No SMOTE,0,0,0.0
KNN,No SMOTE,0,0,0.0
KNN,No SMOTE,0,0,0.0
KNN,No SMOTE,0,0,0.0
KNN,No SMOTE,0,0,0.0
KNN,No SMOTE,0,0,0.0
KNN,No SMOTE,0,0,0.0
KNN,No SMOTE,0,0,0.0
KNN,No SMOTE,0,0,0.0
KNN,No SMOTE,0,0,0.0
KNN,No SMOTE,0,0,0.0
KNN,No SMOTE,0,0,0.0
KNN,No SMOTE,0,0,0.0
KNN,No SMOTE,0,0,0.0
KNN,No SMOTE,0,0,0.0
KNN,No SMOTE,0,0,0.0
KNN,No SMOTE,0,0,0.0
KNN,No SMOTE,0,0,0.0
KNN,No SMOTE,0,0,0.0
KNN,No SMOTE,0,0,0.0
KNN,No SMOTE,0,0,0.0
KNN,No SMOTE,0,0,0.0
KNN,No SMOTE,0,0,0.0
KNN,No SMOTE,0,0,0.0
KNN,No SMOTE,0,0,0.0
KNN,No SMOTE,0,0,0.0
KNN,No SMOTE,0,0,0.0
KNN,No SMOTE,0,0,0.0
KNN,No SMOTE,0,0,0.0
KNN,No SMOTE,0,0,0.0
KNN,No SMOTE,0,0,0.0
KNN,No SMOTE,0,0,0.0
KNN,No SMOTE,0,0,0.0
KNN,No SMOTE,0,0,0.0
KNN,No SMOTE,0,0,0.0
KNN,No SMOTE,0,0,0.0
KNN,No SMOTE,0,0,0.0
KNN,No SMOTE,0,0,0.0
KNN,No SMOTE,0,0,0.0
KNN,No SMOTE,0,0,0.0
KNN,No SMOTE,0,0,0.0
KNN,No SMOTE,0,0,0.0
KNN,No SMOTE,0,0,0.0
KNN,No SMOTE,0,0,0.0
KNN,No SMOTE,0,0,0.0
KNN,No SMOTE,0,0,0.0
KNN,No SMOTE,0,0,0.0
KNN,No SMOTE,0,0,0.0
KNN,No SMOTE,0,0,0.0
KNN,No SMOTE,0,0,0.0
KNN,No SMOTE,0,0,0.0
KNN,No SMOTE,0,0,0.0
KNN,No SMOTE,0,0,0.0
KNN,No SMOTE,0,0,0.0
KNN,No SMOTE,0,0,0.0
KNN,No SMOTE,0,0,0.0
KNN,No SMOTE,0,0,0.0
KNN,No SMOTE,0,0,0.0
KNN,No SMOTE,0,0,0.0
KNN,No SMOTE,0,0,0.0
KNN,No SMOTE,0,0,0.0
KNN,No SMOTE,0,0,0.0
KNN,No SMOTE,0,0,0.0
KNN,No SMOTE,0,0,0.0
KNN,No SMOTE,0,0,0.0
KNN,No SMOTE,0,0,0.0
KNN,No SMOTE,0,0,0.0
KNN,No SMOTE,0,0,0.0
KNN,No SMOTE,0,0,0.0
KNN,No SMOTE,0,0,0.0
KNN,No SMOTE,0,0,0.0
KNN,No SMOTE,0,0,0.0
KNN,No SMOTE,0,0,0.0
KNN,No SMOTE,0,0,0.0
KNN,No SMOTE,0,0,0.0
KNN,No SMOTE,0,0,0.0
KNN,No SMOTE,0,0,0.0
KNN,No SMOTE,0,0,0.0
KNN,No SMOTE,0,0,0.0
KNN,No SMOTE,0,0,0.0
KNN,No SMOTE,0,0,0.0
KNN,No SMOTE,0,0,0.0
KNN,No SMOTE,0,0,0.0
KNN,No SMOTE,0,0,0.0
KNN,No SMOTE,0,0,0.0
KNN,No SMOTE,0,0,0.0
KNN,No SMOTE,0,0,0.0
KNN,No SMOTE,0,0,0.0
KNN,No SMOTE,0,0,0.0
KNN,No SMOTE,0,0,0.0
KNN,No SMOTE,0,0,0.0
KNN,No SMOTE,0,0,0.0
KNN,No SMOTE,0,0,0.0
KNN,No SMOTE,0,0,0.0
KNN,No SMOTE,0,0,0.0
KNN,No SMOTE,0,0,0.0
KNN,No SMOTE,0,0,0.0
KNN,No SMOTE,0,0,0.0
KNN,No SMOTE,0,0,0.0
KNN,No SMOTE,0,0,0.0
KNN,No SMOTE,0,0,0.0
KNN,No SMOTE,0,0,0.0
KNN,No SMOTE,0,0,0.0
KNN,No SMOTE,0,0,0.0
KNN,No SMOTE,0,0,0.0
KNN,No SMOTE,0,0,0.0
KNN,No SMOTE,0,0,0.0
KNN,No SMOTE,0,0,0.0
KNN,No SMOTE,0,0,0.0
KNN,No SMOTE,0,0,0.0
KNN,No SMOTE,0,0,0.0
KNN,No SMOTE,0,0,0.0
KNN,No SMOTE,0,0,0.0
KNN,No SMOTE,0,0,0.0
KNN,No SMOTE,0,0,0.0
KNN,No SMOTE,0,0,0.0
KNN,No SMOTE,0,0,0.0
KNN,No SMOTE,0,0,0.0
KNN,No SMOTE,0,0,0.0
KNN,No SMOTE,0,0,0.0
KNN,No SMOTE,0,0,0.0
KNN,No SMOTE,0,0,0.0
KNN,No SMOTE,0,0,0.0
KNN,No SMOTE,0,0,0.0
KNN,No SMOTE,0,0,0.0
KNN,No SMOTE,0,0,0.0
KNN,No SMOTE,0,0,0.0
KNN,No SMOTE,0,0,0.0
KNN,No SMOTE,0,0,0.0
KNN,No SMOTE,0,0,0.0
KNN,No SMOTE,0,0,0.0
KNN,No SMOTE,0,0,0.0
KNN,No SMOTE,0,0,0.0
KNN,No SMOTE,0,0,0.0
KNN,No SMOTE,0,0,0.0
KNN,No SMOTE,0,0,0.0
KNN,No SMOTE,0,0,0.0
KNN,No SMOTE,0,0,0.0
KNN,No SMOTE,0,0,0.0
KNN,No SMOTE,0,0,0.0
KNN,No SMOTE,0,0,0.0
KNN,No SMOTE,0,0,0.0
KNN,No SMOTE,0,0,0.0
KNN,No SMOTE,0,0,0.0
KNN,No SMOTE,0,0,0.0
KNN,No SMOTE,0,0,0.0
KNN,No SMOTE,0,0,0.0
KNN,No SMOTE,0,0,0.0
KNN,No SMOTE,0,0,0.0
KNN,No SMOTE,0,0,0.0
KNN,No SMOTE,0,0,0.0
KNN,No SMOTE,0,0,0.0
KNN,No SMOTE,0,0,0.0
KNN,No SMOTE,0,0,0.0
KNN,No SMOTE,0,0,0.0
KNN,No SMOTE,0,0,0.0
KNN,No SMOTE,0,0,0.0
KNN,No SMOTE,0,0,0.0
KNN,No SMOTE,0,0,0.0
KNN,No SMOTE,0,0,0.0
KNN,No SMOTE,0,0,0.0
KNN,No SMOTE,0,0,0.0
KNN,No SMOTE,0,0,0.0
KNN,No SMOTE,0,0,0.0
KNN,No SMOTE,0,0,0.0
KNN,No SMOTE,0,0,0.0
KNN,No SMOTE,0,0,0.0
KNN,No SMOTE,0,0,0.0
KNN,No SMOTE,0,0,0.0
KNN,No SMOTE,0,0,0.0
KNN,No SMOTE,0,0,0.0
KNN,No SMOTE,0,0,0.0
KNN,No SMOTE,0,0,0.0
KNN,No SMOTE,0,0,0.0
KNN,No SMOTE,0,0,0.0
KNN,No SMOTE,0,0,0.0
KNN,No SMOTE,0,0,0.0
KNN,No SMOTE,0,0,0.0
KNN,No SMOTE,0,0,0.0
KNN,No SMOTE,0,0,0.0
KNN,No SMOTE,0,0,0.0
KNN,No SMOTE,0,0,0.0
KNN,No SMOTE,0,0,0.0
KNN,No SMOTE,0,0,0.0
KNN,No SMOTE,0,0,0.0
KNN,No SMOTE,0,0,0.0
KNN,No SMOTE,0,0,0.0
KNN,No SMOTE,0,0,0.0
KNN,No SMOTE,0,0,0.0
KNN,No SMOTE,0,0,0.0
KNN,No SMOTE,0,0,0.0
KNN,No SMOTE,0,0,0.0
KNN,No SMOTE,0,0,0.0
KNN,No SMOTE,0,0,0.0
KNN,No SMOTE,0,0,0.0
KNN,No SMOTE,0,0,0.0
KNN,No SMOTE,0,0,0.0
KNN,No SMOTE,0,0,0.0
KNN,No SMOTE,0,0,0.0
KNN,No SMOTE,0,0,0.0
KNN,No SMOTE,0,0,0.0
KNN,No SMOTE,0,0,0.0
KNN,No SMOTE,0,0,0.0
KNN,No SMOTE,0,0,0.0
KNN,No SMOTE,0,0,0.0
KNN,No SMOTE,0,0,0.0
KNN,No SMOTE,0,0,0.0
KNN,No SMOTE,0,0,0.0
KNN,No SMOTE,0,0,0.0
KNN,No SMOTE,0,0,0.0
KNN,No SMOTE,0,0,0.0
KNN,No SMOTE,0,0,0.0
KNN,No SMOTE,0,0,0.0
KNN,No SMOTE,0,0,0.0
KNN,No SMOTE,0,0,0.0
KNN,No SMOTE,0,0,0.0
KNN,No SMOTE,0,0,0.0
KNN,No SMOTE,0,0,0.0
KNN,No SMOTE,0,0,0.0
KNN,No SMOTE,0,0,0.0
KNN,No SMOTE,0,0,0.0
KNN,No SMOTE,0,0,0.0
KNN,No SMOTE,0,0,0.0
KNN,No SMOTE,0,0,0.0
KNN,No SMOTE,0,0,0.0
KNN,No SMOTE,0,0,0.0
KNN,No SMOTE,0,0,0.0
KNN,No SMOTE,0,0,0.0
KNN,No SMOTE,0,0,0.0
KNN,No SMOTE,0,0,0.0
KNN,No SMOTE,0,0,0.0
KNN,No SMOTE,0,0,0.0
KNN,No SMOTE,0,0,0.0
KNN,No SMOTE,0,0,0.0
KNN,No SMOTE,0,0,0.0
KNN,No SMOTE,0,0,0.0
KNN,No SMOTE,0,0,0.0
KNN,No SMOTE,0,0,0.0
KNN,No SMOTE,0,0,0.0
KNN,No SMOTE,0,0,0.0
KNN,No SMOTE,0,0,0.0
KNN,No SMOTE,0,0,0.0
KNN,No SMOTE,0,0,0.0
KNN,No SMOTE,0,0,0.0
KNN,No SMOTE,0,0,0.0
KNN,No SMOTE,0,0,0.0
KNN,No SMOTE,0,0,0.0
KNN,No SMOTE,0,0,0.0
KNN,No SMOTE,0,0,0.0
KNN,No SMOTE,0,0,0.0
KNN,No SMOTE,0,0,0.0
KNN,No SMOTE,0,0,0.0
KNN,No SMOTE,0,0,0.0
KNN,No SMOTE,0,0,0.0
KNN,No SMOTE,0,0,0.0
KNN,No SMOTE,0,0,0.0
KNN,No SMOTE,0,0,0.0
KNN,No SMOTE,0,0,0.0
KNN,No SMOTE,0,0,0.0
KNN,No SMOTE,0,0,0.0
KNN,No SMOTE,0,0,0.0
KNN,No SMOTE,0,0,0.0
KNN,No SMOTE,0,0,0.0
KNN,No SMOTE,0,0,0.0
KNN,No SMOTE,0,0,0.0
KNN,No SMOTE,0,0,0.0
KNN,No SMOTE,0,0,0.0
KNN,No SMOTE,0,0,0.0
KNN,No SMOTE,0,0,0.0
KNN,No SMOTE,0,0,0.0
KNN,No SMOTE,0,0,0.0
KNN,No SMOTE,0,0,0.0
KNN,No SMOTE,0,0,0.0
KNN,No SMOTE,0,0,0.0
KNN,No SMOTE,0,0,0.0
KNN,No SMOTE,0,0,0.0
KNN,No SMOTE,0,0,0.0
KNN,No SMOTE,0,0,0.0
KNN,No SMOTE,0,0,0.0
KNN,No SMOTE,0,0,0.0
KNN,No SMOTE,0,0,0.0
KNN,No SMOTE,0,0,0.0
KNN,No SMOTE,0,0,0.0
KNN,No SMOTE,0,0,0.0
KNN,No SMOTE,0,0,0.0
KNN,No SMOTE,0,0,0.0
KNN,No SMOTE,0,0,0.0
KNN,No SMOTE,0,0,0.0
KNN,No SMOTE,0,0,0.0
KNN,No SMOTE,0,0,0.0
KNN,No SMOTE,0,0,0.0
KNN,No SMOTE,0,0,0.0
KNN,No SMOTE,0,0,0.0
KNN,No SMOTE,0,0,0.0
KNN,No SMOTE,0,0,0.0
KNN,No SMOTE,0,0,0.0
KNN,No SMOTE,0,0,0.0
KNN,No SMOTE,0,0,0.0
KNN,No SMOTE,0,0,0.0
KNN,No SMOTE,0,0,0.0
KNN,No SMOTE,0,0,0.0
KNN,No SMOTE,0,0,0.0
KNN,No SMOTE,0,0,0.0
KNN,No SMOTE,0,0,0.0
KNN,No SMOTE,0,0,0.0
KNN,No SMOTE,0,0,0.0
KNN,No SMOTE,0,0,0.0
KNN,No SMOTE,0,0,0.0
KNN,No SMOTE,0,0,0.0
KNN,No SMOTE,0,0,0.0
KNN,No SMOTE,0,0,0.0
KNN,No SMOTE,0,0,0.0
KNN,No SMOTE,0,0,0.0
KNN,No SMOTE,0,0,0.0
KNN,No SMOTE,0,0,0.0
KNN,No SMOTE,0,0,0.0
KNN,No SMOTE,0,0,0.0
KNN,No SMOTE,0,0,0.0
KNN,No SMOTE,0,0,0.0
KNN,No SMOTE,0,0,0.0
KNN,No SMOTE,0,0,0.0
KNN,No SMOTE,0,0,0.0
KNN,No SMOTE,0,0,0.0
KNN,No SMOTE,0,0,0.0
KNN,No SMOTE,0,0,0.0
KNN,No SMOTE,0,0,0.0
KNN,No SMOTE,0,0,0.0
KNN,No SMOTE,0,0,0.0
KNN,No SMOTE,0,0,0.0
KNN,No SMOTE,0,0,0.0
KNN,No SMOTE,0,0,0.0
KNN,No SMOTE,0,0,0.0
KNN,No SMOTE,0,0,0.0
KNN,No SMOTE,0,0,0.0
KNN,No SMOTE,0,0,0.0
KNN,No SMOTE,0,0,0.0
KNN,No SMOTE,0,0,0.0
KNN,No SMOTE,0,0,0.0
KNN,No SMOTE,0,0,0.0
KNN,No SMOTE,0,0,0.0
KNN,No SMOTE,0,0,0.0
KNN,No SMOTE,0,0,0.0
KNN,No SMOTE,0,0,0.0
KNN,No SMOTE,0,0,0.0
KNN,No SMOTE,0,0,0.0
KNN,No SMOTE,0,0,0.0
KNN,No SMOTE,0,0,0.0
KNN,No SMOTE,0,0,0.0
KNN,No SMOTE,0,0,0.0
KNN,No SMOTE,0,0,0.0
KNN,No SMOTE,0,0,0.0
KNN,No SMOTE,0,0,0.0
KNN,No SMOTE,0,0,0.0
KNN,No SMOTE,0,0,0.0
KNN,No SMOTE,0,0,0.0
KNN,No SMOTE,0,0,0.0
KNN,No SMOTE,0,0,0.0
KNN,No SMOTE,0,0,0.0
KNN,No SMOTE,0,0,0.0
KNN,No SMOTE,0,0,0.0
KNN,No SMOTE,0,0,0.0
KNN,No SMOTE,0,0,0.0
KNN,No SMOTE,0,0,0.0
KNN,No SMOTE,0,0,0.0
KNN,No SMOTE,0,0,0.0
KNN,No SMOTE,0,0,0.0
KNN,No SMOTE,0,0,0.0
KNN,No SMOTE,0,0,0.0
KNN,No SMOTE,0,0,0.0
KNN,No SMOTE,0,0,0.0
KNN,No SMOTE,0,0,0.0
KNN,No SMOTE,0,0,0.0
KNN,No SMOTE,0,0,0.0
KNN,No SMOTE,0,0,0.0
KNN,No SMOTE,0,0,0.0
KNN,No SMOTE,0,0,0.0
KNN,No SMOTE,0,0,0.0
KNN,No SMOTE,0,0,0.0
KNN,No SMOTE,0,0,0.0
KNN,No SMOTE,0,0,0.0
KNN,No SMOTE,0,0,0.0
KNN,No SMOTE,0,0,0.0
KNN,No SMOTE,0,0,0.0
KNN,No SMOTE,0,0,0.0
KNN,No SMOTE,0,0,0.0
KNN,No SMOTE,0,0,0.0
KNN,No SMOTE,0,0,0.0
KNN,No SMOTE,0,0,0.0
KNN,No SMOTE,0,0,0.0
KNN,No SMOTE,0,0,0.0
KNN,No SMOTE,0,0,0.0
KNN,No SMOTE,0,0,0.0
KNN,No SMOTE,0,0,0.0
KNN,No SMOTE,0,0,0.0
KNN,No SMOTE,0,0,0.0
KNN,No SMOTE,0,0,0.0
KNN,No SMOTE,0,0,0.0
KNN,No SMOTE,0,0,0.0
KNN,No SMOTE,0,0,0.0
KNN,No SMOTE,0,0,0.0
KNN,No SMOTE,0,0,0.0
KNN,No SMOTE,0,0,0.0
KNN,No SMOTE,0,0,0.0
KNN,No SMOTE,0,0,0.0
KNN,No SMOTE,0,0,0.0
KNN,No SMOTE,0,0,0.0
KNN,No SMOTE,0,0,0.0
KNN,No SMOTE,0,0,0.0
KNN,No SMOTE,0,0,0.0
KNN,No SMOTE,0,0,0.0
KNN,No SMOTE,0,0,0.0
KNN,No SMOTE,0,0,0.0
KNN,No SMOTE,0,0,0.0
KNN,No SMOTE,0,0,0.0
KNN,No SMOTE,0,0,0.0
KNN,No SMOTE,0,0,0.0
KNN,No SMOTE,0,0,0.0
KNN,No SMOTE,0,0,0.0
KNN,No SMOTE,0,0,0.0
KNN,No SMOTE,0,0,0.0
KNN,No SMOTE,0,0,0.0
KNN,No SMOTE,0,0,0.0
KNN,No SMOTE,0,0,0.0
KNN,No SMOTE,0,0,0.0
KNN,No SMOTE,0,0,0.0
KNN,No SMOTE,0,0,0.0
KNN,No SMOTE,0,0,0.0
KNN,No SMOTE,0,0,0.0
KNN,No SMOTE,0,0,0.0
KNN,No SMOTE,0,0,0.0
KNN,No SMOTE,0,0,0.0
KNN,No SMOTE,0,0,0.0
KNN,No SMOTE,0,0,0.0
KNN,No SMOTE,0,0,0.0
KNN,No SMOTE,0,0,0.0
KNN,No SMOTE,0,0,0.0
KNN,No SMOTE,0,0,0.0
KNN,No SMOTE,0,0,0.0
KNN,No SMOTE,0,0,0.0
KNN,No SMOTE,0,0,0.0
KNN,No SMOTE,0,0,0.0
KNN,No SMOTE,0,0,0.0
KNN,No SMOTE,0,0,0.0
KNN,No SMOTE,0,0,0.0
KNN,No SMOTE,0,0,0.0
KNN,No SMOTE,0,0,0.0
KNN,No SMOTE,0,0,0.0
KNN,No SMOTE,0,0,0.0
KNN,No SMOTE,0,0,0.0
KNN,No SMOTE,0,0,0.0
KNN,No SMOTE,0,0,0.0
KNN,No SMOTE,0,0,0.0
KNN,No SMOTE,0,0,0.0
KNN,No SMOTE,0,0,0.0
KNN,No SMOTE,0,0,0.0
KNN,No SMOTE,0,0,0.0
KNN,No SMOTE,0,0,0.0
KNN,No SMOTE,0,0,0.0
KNN,No SMOTE,0,0,0.0
KNN,No SMOTE,0,0,0.0
KNN,No SMOTE,0,0,0.0
KNN,No SMOTE,0,0,0.0
KNN,No SMOTE,0,0,0.0
KNN,No SMOTE,0,0,0.0
KNN,No SMOTE,0,0,0.0
KNN,No SMOTE,0,0,0.0
KNN,No SMOTE,0,0,0.0
KNN,No SMOTE,0,0,0.0
KNN,No SMOTE,0,0,0.0
KNN,No SMOTE,0,0,0.0
KNN,No SMOTE,0,0,0.0
KNN,No SMOTE,0,0,0.0
KNN,No SMOTE,0,0,0.0
KNN,No SMOTE,0,0,0.0
KNN,No SMOTE,0,0,0.0
KNN,No SMOTE,0,0,0.0
KNN,No SMOTE,0,0,0.0
KNN,No SMOTE,0,0,0.0
KNN,No SMOTE,0,0,0.0
KNN,No SMOTE,0,0,0.0
KNN,No SMOTE,0,0,0.0
KNN,No SMOTE,0,0,0.0
KNN,No SMOTE,0,0,0.0
KNN,No SMOTE,0,0,0.0
KNN,No SMOTE,0,0,0.0
KNN,No SMOTE,0,0,0.0
KNN,No SMOTE,0,0,0.0
KNN,No SMOTE,0,0,0.0
KNN,No SMOTE,0,0,0.0
KNN,No SMOTE,0,0,0.0
KNN,No SMOTE,0,0,0.0
KNN,No SMOTE,0,0,0.0
KNN,No SMOTE,0,0,0.0
KNN,No SMOTE,0,0,0.0
KNN,No SMOTE,0,0,0.0
KNN,No SMOTE,0,0,0.0
KNN,No SMOTE,1,1,1.0
KNN,No SMOTE,0,0,0.0
KNN,No SMOTE,0,0,0.0
KNN,No SMOTE,0,0,0.0
KNN,No SMOTE,0,0,0.0
KNN,No SMOTE,0,0,0.0
KNN,No SMOTE,0,0,0.0
KNN,No SMOTE,0,0,0.0
KNN,No SMOTE,0,0,0.0
KNN,No SMOTE,0,0,0.0
KNN,No SMOTE,0,0,0.0
KNN,No SMOTE,0,0,0.0
KNN,No SMOTE,0,0,0.0
KNN,No SMOTE,0,0,0.0
KNN,No SMOTE,0,0,0.0
KNN,No SMOTE,0,0,0.0
KNN,No SMOTE,0,0,0.0
KNN,No SMOTE,0,0,0.0
KNN,No SMOTE,0,0,0.0
KNN,No SMOTE,0,0,0.0
KNN,No SMOTE,0,0,0.0
KNN,No SMOTE,0,0,0.0
KNN,No SMOTE,0,0,0.0
KNN,No SMOTE,0,0,0.0
KNN,No SMOTE,0,0,0.0
KNN,No SMOTE,1,1,1.0
KNN,No SMOTE,0,0,0.0
KNN,No SMOTE,0,0,0.0
KNN,No SMOTE,0,0,0.0
KNN,No SMOTE,0,0,0.0
KNN,No SMOTE,0,0,0.0
KNN,No SMOTE,0,0,0.0
KNN,No SMOTE,0,0,0.0
KNN,No SMOTE,0,0,0.0
KNN,No SMOTE,0,0,0.0
KNN,No SMOTE,0,0,0.0
KNN,No SMOTE,0,0,0.0
KNN,No SMOTE,0,0,0.0
KNN,No SMOTE,0,0,0.0
KNN,No SMOTE,0,0,0.0
KNN,No SMOTE,0,0,0.0
KNN,No SMOTE,0,0,0.0
KNN,No SMOTE,0,0,0.0
KNN,No SMOTE,0,0,0.0
KNN,No SMOTE,0,0,0.0
KNN,No SMOTE,0,0,0.0
KNN,No SMOTE,0,0,0.0
KNN,No SMOTE,0,0,0.0
KNN,No SMOTE,0,0,0.0
KNN,No SMOTE,0,0,0.0
KNN,No SMOTE,0,0,0.0
KNN,No SMOTE,0,0,0.0
KNN,No SMOTE,0,0,0.0
KNN,No SMOTE,0,0,0.0
KNN,No SMOTE,0,0,0.0
KNN,No SMOTE,0,0,0.0
KNN,No SMOTE,0,0,0.0
KNN,No SMOTE,0,0,0.0
KNN,No SMOTE,0,0,0.0
KNN,No SMOTE,0,0,0.0
KNN,No SMOTE,0,0,0.0
KNN,No SMOTE,0,0,0.0
KNN,No SMOTE,0,0,0.0
KNN,No SMOTE,0,0,0.0
KNN,No SMOTE,0,0,0.0
KNN,No SMOTE,0,0,0.0
KNN,No SMOTE,0,0,0.0
KNN,No SMOTE,0,0,0.0
KNN,No SMOTE,0,0,0.0
KNN,No SMOTE,0,0,0.0
KNN,No SMOTE,0,0,0.0
KNN,No SMOTE,0,0,0.0
KNN,No SMOTE,0,0,0.0
KNN,No SMOTE,0,0,0.0
KNN,No SMOTE,0,0,0.0
KNN,No SMOTE,0,0,0.0
KNN,No SMOTE,0,0,0.0
KNN,No SMOTE,0,0,0.0
KNN,No SMOTE,0,0,0.0
KNN,No SMOTE,0,0,0.0
KNN,No SMOTE,0,0,0.0
KNN,No SMOTE,0,0,0.0
KNN,No SMOTE,0,0,0.0
KNN,No SMOTE,0,0,0.0
KNN,No SMOTE,0,0,0.0
KNN,No SMOTE,0,0,0.0
KNN,No SMOTE,0,0,0.0
KNN,No SMOTE,0,0,0.0
KNN,No SMOTE,0,0,0.0
KNN,No SMOTE,0,0,0.0
KNN,No SMOTE,0,0,0.0
KNN,No SMOTE,0,0,0.0
KNN,No SMOTE,0,0,0.0
KNN,No SMOTE,0,0,0.0
KNN,No SMOTE,0,0,0.0
KNN,No SMOTE,0,0,0.0
KNN,No SMOTE,0,0,0.0
KNN,No SMOTE,0,0,0.0
KNN,No SMOTE,0,0,0.0
KNN,No SMOTE,0,0,0.0
KNN,No SMOTE,0,0,0.0
KNN,No SMOTE,0,0,0.0
KNN,No SMOTE,0,0,0.0
KNN,No SMOTE,0,0,0.0
KNN,No SMOTE,0,0,0.0
KNN,No SMOTE,0,0,0.0
KNN,No SMOTE,0,0,0.0
KNN,No SMOTE,0,0,0.0
KNN,No SMOTE,0,0,0.0
KNN,No SMOTE,0,0,0.0
KNN,No SMOTE,0,0,0.0
KNN,No SMOTE,0,0,0.0
KNN,No SMOTE,0,0,0.0
KNN,No SMOTE,0,0,0.0
KNN,No SMOTE,0,0,0.0
KNN,No SMOTE,0,0,0.0
KNN,No SMOTE,0,0,0.0
KNN,No SMOTE,0,0,0.0
KNN,No SMOTE,0,0,0.0
KNN,No SMOTE,0,0,0.0
KNN,No SMOTE,0,0,0.0
KNN,No SMOTE,0,0,0.0
KNN,No SMOTE,0,0,0.0
KNN,No SMOTE,0,0,0.0
KNN,No SMOTE,0,0,0.0
KNN,No SMOTE,0,0,0.0
KNN,No SMOTE,0,0,0.0
KNN,No SMOTE,0,0,0.0
KNN,No SMOTE,0,0,0.0
KNN,No SMOTE,0,0,0.0
KNN,No SMOTE,0,0,0.0
KNN,No SMOTE,0,0,0.0
KNN,No SMOTE,0,0,0.0
KNN,No SMOTE,0,0,0.0
KNN,No SMOTE,0,0,0.0
KNN,No SMOTE,0,0,0.0
KNN,No SMOTE,0,0,0.0
KNN,No SMOTE,0,0,0.0
KNN,No SMOTE,0,0,0.0
KNN,No SMOTE,0,0,0.0
KNN,No SMOTE,0,0,0.0
KNN,No SMOTE,0,0,0.0
KNN,No SMOTE,0,0,0.0
KNN,No SMOTE,0,0,0.0
KNN,No SMOTE,0,0,0.0
KNN,No SMOTE,0,0,0.0
KNN,No SMOTE,0,0,0.0
KNN,No SMOTE,0,0,0.0
KNN,No SMOTE,0,0,0.0
KNN,No SMOTE,0,0,0.0
KNN,No SMOTE,0,0,0.0
KNN,No SMOTE,0,0,0.0
KNN,No SMOTE,0,0,0.0
KNN,No SMOTE,0,0,0.0
KNN,No SMOTE,0,0,0.0
KNN,No SMOTE,0,0,0.0
KNN,No SMOTE,0,0,0.0
KNN,No SMOTE,0,0,0.0
KNN,No SMOTE,0,0,0.0
KNN,No SMOTE,0,0,0.0
KNN,No SMOTE,0,0,0.0
KNN,No SMOTE,0,0,0.0
KNN,No SMOTE,0,0,0.0
KNN,No SMOTE,0,0,0.0
KNN,No SMOTE,0,0,0.0
KNN,No SMOTE,0,0,0.0
KNN,No SMOTE,0,0,0.0
KNN,No SMOTE,0,0,0.0
KNN,No SMOTE,0,0,0.0
KNN,No SMOTE,0,0,0.0
KNN,No SMOTE,0,0,0.0
KNN,No SMOTE,0,0,0.0
KNN,No SMOTE,0,0,0.0
KNN,No SMOTE,0,0,0.0
KNN,No SMOTE,0,0,0.0
KNN,No SMOTE,0,0,0.0
KNN,No SMOTE,0,0,0.0
KNN,No SMOTE,0,0,0.0
KNN,No SMOTE,0,0,0.0
KNN,No SMOTE,0,0,0.0
KNN,No SMOTE,0,0,0.0
KNN,No SMOTE,0,0,0.0
KNN,No SMOTE,0,0,0.0
KNN,No SMOTE,0,0,0.0
KNN,No SMOTE,0,0,0.0
KNN,No SMOTE,0,0,0.0
KNN,No SMOTE,0,0,0.0
KNN,No SMOTE,0,0,0.0
KNN,No SMOTE,0,0,0.0
KNN,No SMOTE,0,0,0.0
KNN,No SMOTE,0,0,0.0
KNN,No SMOTE,0,0,0.0
KNN,No SMOTE,0,0,0.0
KNN,No SMOTE,0,0,0.0
KNN,No SMOTE,0,0,0.0
KNN,No SMOTE,0,0,0.0
KNN,No SMOTE,0,0,0.0
KNN,No SMOTE,0,0,0.0
KNN,No SMOTE,0,0,0.0
KNN,No SMOTE,0,0,0.0
KNN,No SMOTE,0,0,0.0
KNN,No SMOTE,0,0,0.0
KNN,No SMOTE,0,0,0.0
KNN,No SMOTE,0,0,0.0
KNN,No SMOTE,0,0,0.0
KNN,No SMOTE,0,0,0.0
KNN,No SMOTE,0,0,0.0
KNN,No SMOTE,0,0,0.0
KNN,No SMOTE,0,0,0.0
KNN,No SMOTE,0,0,0.0
KNN,No SMOTE,0,0,0.0
KNN,No SMOTE,0,0,0.0
KNN,No SMOTE,0,0,0.0
KNN,No SMOTE,0,0,0.0
KNN,No SMOTE,0,0,0.0
KNN,No SMOTE,0,0,0.0
KNN,No SMOTE,0,0,0.0
KNN,No SMOTE,0,0,0.0
KNN,No SMOTE,0,0,0.0
KNN,No SMOTE,0,0,0.0
KNN,No SMOTE,0,0,0.0
KNN,No SMOTE,0,0,0.0
KNN,No SMOTE,0,0,0.0
KNN,No SMOTE,0,0,0.0
KNN,No SMOTE,0,0,0.0
KNN,No SMOTE,0,0,0.0
KNN,No SMOTE,0,0,0.0
KNN,No SMOTE,0,0,0.0
KNN,No SMOTE,0,0,0.0
KNN,No SMOTE,0,0,0.0
KNN,No SMOTE,0,0,0.0
KNN,No SMOTE,0,0,0.0
KNN,No SMOTE,0,0,0.0
KNN,No SMOTE,0,0,0.0
KNN,No SMOTE,0,0,0.0
KNN,No SMOTE,0,0,0.0
KNN,No SMOTE,0,0,0.0
KNN,No SMOTE,0,0,0.0
KNN,No SMOTE,0,0,0.0
KNN,No SMOTE,0,0,0.0
KNN,No SMOTE,0,0,0.0
KNN,No SMOTE,0,0,0.0
KNN,No SMOTE,0,0,0.0
KNN,No SMOTE,0,0,0.0
KNN,No SMOTE,0,0,0.0
KNN,No SMOTE,0,0,0.0
KNN,No SMOTE,0,0,0.0
KNN,No SMOTE,0,0,0.0
KNN,No SMOTE,0,0,0.0
KNN,No SMOTE,0,0,0.0
KNN,No SMOTE,0,0,0.0
KNN,No SMOTE,0,0,0.0
KNN,No SMOTE,0,0,0.0
KNN,No SMOTE,0,0,0.0
KNN,No SMOTE,0,0,0.0
KNN,No SMOTE,0,0,0.0
KNN,No SMOTE,0,0,0.0
KNN,No SMOTE,0,0,0.0
KNN,No SMOTE,0,0,0.0
KNN,No SMOTE,0,0,0.0
KNN,No SMOTE,0,0,0.0
KNN,No SMOTE,0,0,0.0
KNN,No SMOTE,0,0,0.0
KNN,No SMOTE,0,0,0.0
KNN,No SMOTE,0,0,0.0
KNN,No SMOTE,0,0,0.0
KNN,No SMOTE,0,0,0.0
KNN,No SMOTE,0,0,0.0
KNN,No SMOTE,0,0,0.0
KNN,No SMOTE,0,0,0.0
KNN,No SMOTE,0,0,0.0
KNN,No SMOTE,0,0,0.0
KNN,No SMOTE,0,0,0.0
KNN,No SMOTE,0,0,0.0
KNN,No SMOTE,0,0,0.0
KNN,No SMOTE,0,0,0.0
KNN,No SMOTE,0,0,0.0
KNN,No SMOTE,0,0,0.0
KNN,No SMOTE,0,0,0.0
KNN,No SMOTE,0,0,0.0
KNN,No SMOTE,0,0,0.0
KNN,No SMOTE,0,0,0.0
KNN,No SMOTE,0,0,0.0
KNN,No SMOTE,0,0,0.0
KNN,No SMOTE,0,0,0.0
KNN,No SMOTE,0,0,0.0
KNN,No SMOTE,0,0,0.0
KNN,No SMOTE,0,0,0.0
KNN,No SMOTE,0,0,0.0
KNN,No SMOTE,0,0,0.0
KNN,No SMOTE,0,0,0.0
KNN,No SMOTE,0,0,0.0
KNN,No SMOTE,0,0,0.0
KNN,No SMOTE,0,0,0.0
KNN,No SMOTE,0,0,0.0
KNN,No SMOTE,0,0,0.0
KNN,No SMOTE,0,0,0.0
KNN,No SMOTE,0,0,0.0
KNN,No SMOTE,0,0,0.0
KNN,No SMOTE,0,0,0.0
KNN,No SMOTE,0,0,0.0
KNN,No SMOTE,0,0,0.0
KNN,No SMOTE,0,0,0.0
KNN,No SMOTE,0,0,0.0
KNN,No SMOTE,0,0,0.0
KNN,No SMOTE,0,0,0.0
KNN,No SMOTE,0,0,0.0
KNN,No SMOTE,0,0,0.0
KNN,No SMOTE,0,0,0.0
KNN,No SMOTE,0,0,0.0
KNN,No SMOTE,0,0,0.0
KNN,No SMOTE,0,0,0.0
KNN,No SMOTE,0,0,0.0
KNN,No SMOTE,0,0,0.0
KNN,No SMOTE,0,0,0.0
KNN,No SMOTE,0,0,0.0
KNN,No SMOTE,0,0,0.0
KNN,No SMOTE,0,0,0.0
KNN,No SMOTE,0,0,0.0
KNN,No SMOTE,0,0,0.0
KNN,No SMOTE,0,0,0.0
KNN,No SMOTE,0,0,0.0
KNN,No SMOTE,0,0,0.0
KNN,No SMOTE,0,0,0.0
KNN,No SMOTE,0,0,0.0
KNN,No SMOTE,0,0,0.0
KNN,No SMOTE,0,0,0.0
KNN,No SMOTE,0,0,0.0
KNN,No SMOTE,0,0,0.0
KNN,No SMOTE,0,0,0.0
KNN,No SMOTE,0,0,0.0
KNN,No SMOTE,0,0,0.0
KNN,No SMOTE,0,0,0.0
KNN,No SMOTE,0,0,0.0
KNN,No SMOTE,0,0,0.0
KNN,No SMOTE,0,0,0.0
KNN,No SMOTE,0,0,0.0
KNN,No SMOTE,0,0,0.0
KNN,No SMOTE,0,0,0.0
KNN,No SMOTE,0,0,0.0
KNN,No SMOTE,0,0,0.0
KNN,No SMOTE,0,0,0.0
KNN,No SMOTE,0,0,0.0
KNN,No SMOTE,0,0,0.0
KNN,No SMOTE,0,0,0.0
KNN,No SMOTE,0,0,0.0
KNN,No SMOTE,0,0,0.0
KNN,No SMOTE,0,0,0.0
KNN,No SMOTE,0,0,0.0
KNN,No SMOTE,0,0,0.0
KNN,No SMOTE,0,0,0.0
KNN,No SMOTE,0,0,0.0
KNN,No SMOTE,0,0,0.0
KNN,No SMOTE,0,0,0.0
KNN,No SMOTE,0,0,0.0
KNN,No SMOTE,0,0,0.0
KNN,No SMOTE,0,0,0.0
KNN,No SMOTE,0,0,0.0
KNN,No SMOTE,0,0,0.0
KNN,No SMOTE,0,0,0.0
KNN,No SMOTE,0,0,0.0
KNN,No SMOTE,0,0,0.0
KNN,No SMOTE,0,0,0.0
KNN,No SMOTE,0,0,0.0
KNN,No SMOTE,0,0,0.0
KNN,No SMOTE,0,0,0.0
KNN,No SMOTE,0,0,0.0
KNN,No SMOTE,0,0,0.0
KNN,No SMOTE,0,0,0.0
KNN,No SMOTE,0,0,0.0
KNN,No SMOTE,0,0,0.0
KNN,No SMOTE,0,0,0.0
KNN,No SMOTE,0,0,0.0
KNN,No SMOTE,0,0,0.0
KNN,No SMOTE,0,0,0.0
KNN,No SMOTE,0,0,0.0
KNN,No SMOTE,0,0,0.0
KNN,No SMOTE,0,0,0.0
KNN,No SMOTE,0,0,0.0
KNN,No SMOTE,0,0,0.0
KNN,No SMOTE,0,0,0.0
KNN,No SMOTE,0,0,0.0
KNN,No SMOTE,0,0,0.0
KNN,No SMOTE,0,0,0.0
KNN,No SMOTE,0,0,0.0
KNN,No SMOTE,0,0,0.0
KNN,No SMOTE,0,0,0.0
KNN,No SMOTE,0,0,0.0
KNN,No SMOTE,0,0,0.0
KNN,No SMOTE,0,0,0.0
KNN,No SMOTE,0,0,0.0
KNN,No SMOTE,0,0,0.0
KNN,No SMOTE,0,0,0.0
KNN,No SMOTE,0,0,0.0
KNN,No SMOTE,0,0,0.0
KNN,No SMOTE,0,0,0.0
KNN,No SMOTE,0,0,0.0
KNN,No SMOTE,0,0,0.0
KNN,No SMOTE,0,0,0.0
KNN,No SMOTE,0,0,0.0
KNN,No SMOTE,0,0,0.0
KNN,No SMOTE,0,0,0.0
KNN,No SMOTE,0,0,0.0
KNN,No SMOTE,0,0,0.0
KNN,No SMOTE,0,0,0.0
KNN,No SMOTE,0,0,0.0
KNN,No SMOTE,0,0,0.0
KNN,No SMOTE,0,0,0.0
KNN,No SMOTE,0,0,0.0
KNN,No SMOTE,0,0,0.0
KNN,No SMOTE,0,0,0.0
KNN,No SMOTE,0,0,0.0
KNN,No SMOTE,0,0,0.0
KNN,No SMOTE,0,0,0.0
KNN,No SMOTE,0,0,0.0
KNN,No SMOTE,0,0,0.0
KNN,No SMOTE,0,0,0.0
KNN,No SMOTE,0,0,0.0
KNN,No SMOTE,0,0,0.0
KNN,No SMOTE,0,0,0.0
KNN,No SMOTE,0,0,0.0
KNN,No SMOTE,0,0,0.0
KNN,No SMOTE,0,0,0.0
KNN,No SMOTE,0,0,0.0
KNN,No SMOTE,0,0,0.0
KNN,No SMOTE,0,0,0.0
KNN,No SMOTE,0,0,0.0
KNN,No SMOTE,0,0,0.0
KNN,No SMOTE,0,0,0.0
KNN,No SMOTE,0,0,0.0
KNN,No SMOTE,0,0,0.0
KNN,No SMOTE,0,0,0.0
KNN,No SMOTE,0,0,0.0
KNN,No SMOTE,0,0,0.0
KNN,No SMOTE,0,0,0.0
KNN,No SMOTE,0,0,0.0
KNN,No SMOTE,0,0,0.0
KNN,No SMOTE,0,0,0.0
KNN,No SMOTE,0,0,0.0
KNN,No SMOTE,0,0,0.0
KNN,No SMOTE,0,0,0.0
KNN,No SMOTE,0,0,0.0
KNN,No SMOTE,0,0,0.0
KNN,No SMOTE,0,0,0.0
KNN,No SMOTE,0,0,0.0
KNN,No SMOTE,0,0,0.0
KNN,No SMOTE,0,0,0.0
KNN,No SMOTE,0,0,0.0
KNN,No SMOTE,0,0,0.0
KNN,No SMOTE,0,0,0.0
KNN,No SMOTE,0,0,0.0
KNN,No SMOTE,0,0,0.0
KNN,No SMOTE,0,0,0.0
KNN,No SMOTE,0,0,0.0
KNN,No SMOTE,0,0,0.0
KNN,No SMOTE,0,0,0.0
KNN,No SMOTE,0,0,0.0
KNN,No SMOTE,0,0,0.0
KNN,No SMOTE,0,0,0.0
KNN,No SMOTE,0,0,0.0
KNN,No SMOTE,0,0,0.0
KNN,No SMOTE,0,0,0.0
KNN,No SMOTE,0,0,0.0
KNN,No SMOTE,0,0,0.0
KNN,No SMOTE,0,0,0.0
KNN,No SMOTE,0,0,0.0
KNN,No SMOTE,0,0,0.0
KNN,No SMOTE,0,0,0.0
KNN,No SMOTE,0,0,0.0
KNN,No SMOTE,0,0,0.0
KNN,No SMOTE,0,0,0.0
KNN,No SMOTE,0,0,0.0
KNN,No SMOTE,0,0,0.0
KNN,No SMOTE,0,0,0.0
KNN,No SMOTE,0,0,0.0
KNN,No SMOTE,0,0,0.0
KNN,No SMOTE,0,0,0.0
KNN,No SMOTE,0,0,0.0
KNN,No SMOTE,0,0,0.0
KNN,No SMOTE,0,0,0.0
KNN,No SMOTE,0,0,0.0
KNN,No SMOTE,0,0,0.0
KNN,No SMOTE,0,0,0.0
KNN,No SMOTE,0,0,0.0
KNN,No SMOTE,0,0,0.0
KNN,No SMOTE,0,0,0.0
KNN,No SMOTE,0,0,0.0
KNN,No SMOTE,0,0,0.0
KNN,No SMOTE,0,0,0.0
KNN,No SMOTE,0,0,0.0
KNN,No SMOTE,0,0,0.0
KNN,No SMOTE,0,0,0.0
KNN,No SMOTE,0,0,0.0
KNN,No SMOTE,0,0,0.0
KNN,No SMOTE,0,0,0.0
KNN,No SMOTE,0,0,0.0
KNN,No SMOTE,0,0,0.0
KNN,No SMOTE,0,0,0.0
KNN,No SMOTE,0,0,0.0
KNN,No SMOTE,0,0,0.0
KNN,No SMOTE,0,0,0.0
KNN,No SMOTE,0,0,0.0
KNN,No SMOTE,0,0,0.0
KNN,No SMOTE,0,0,0.0
KNN,No SMOTE,0,0,0.0
KNN,No SMOTE,0,0,0.0
KNN,No SMOTE,0,0,0.0
KNN,No SMOTE,0,0,0.0
KNN,No SMOTE,0,0,0.0
KNN,No SMOTE,0,0,0.0
KNN,No SMOTE,0,0,0.0
KNN,No SMOTE,0,0,0.0
KNN,No SMOTE,0,0,0.0
KNN,No SMOTE,0,0,0.0
KNN,No SMOTE,0,0,0.0
KNN,No SMOTE,0,0,0.0
KNN,No SMOTE,0,0,0.0
KNN,No SMOTE,0,0,0.0
KNN,No SMOTE,0,0,0.0
KNN,No SMOTE,0,0,0.0
KNN,No SMOTE,0,0,0.0
KNN,No SMOTE,0,0,0.0
KNN,No SMOTE,0,0,0.0
KNN,No SMOTE,0,0,0.0
KNN,No SMOTE,0,0,0.0
KNN,No SMOTE,0,0,0.0
KNN,No SMOTE,0,0,0.0
KNN,No SMOTE,0,0,0.0
KNN,No SMOTE,0,0,0.0
KNN,No SMOTE,0,0,0.0
KNN,No SMOTE,0,0,0.0
KNN,No SMOTE,0,0,0.0
KNN,No SMOTE,0,0,0.0
KNN,No SMOTE,0,0,0.0
KNN,No SMOTE,0,0,0.0
KNN,No SMOTE,0,0,0.0
KNN,No SMOTE,0,0,0.0
KNN,No SMOTE,0,0,0.0
KNN,No SMOTE,0,0,0.0
KNN,No SMOTE,0,0,0.0
KNN,No SMOTE,0,0,0.0
KNN,No SMOTE,0,0,0.0
KNN,No SMOTE,0,0,0.0
KNN,No SMOTE,0,0,0.0
KNN,No SMOTE,0,0,0.0
KNN,No SMOTE,0,0,0.0
KNN,No SMOTE,0,0,0.0
KNN,No SMOTE,0,0,0.0
KNN,No SMOTE,0,0,0.0
KNN,No SMOTE,0,0,0.0
KNN,No SMOTE,0,0,0.0
KNN,No SMOTE,0,0,0.0
KNN,No SMOTE,0,0,0.0
KNN,No SMOTE,0,0,0.0
KNN,No SMOTE,0,0,0.0
KNN,No SMOTE,0,0,0.0
KNN,No SMOTE,0,0,0.0
KNN,No SMOTE,0,0,0.0
KNN,No SMOTE,0,0,0.0
KNN,No SMOTE,0,0,0.0
KNN,No SMOTE,0,0,0.0
KNN,No SMOTE,0,0,0.0
KNN,No SMOTE,0,0,0.0
KNN,No SMOTE,0,0,0.0
KNN,No SMOTE,0,0,0.0
KNN,No SMOTE,0,0,0.0
KNN,No SMOTE,0,0,0.0
KNN,No SMOTE,0,0,0.0
KNN,No SMOTE,0,0,0.0
KNN,No SMOTE,0,0,0.0
KNN,No SMOTE,0,0,0.0
KNN,No SMOTE,0,0,0.0
KNN,No SMOTE,0,0,0.0
KNN,No SMOTE,0,0,0.0
KNN,No SMOTE,0,0,0.0
KNN,No SMOTE,0,0,0.0
KNN,No SMOTE,0,0,0.0
KNN,No SMOTE,0,0,0.0
KNN,No SMOTE,0,0,0.0
KNN,No SMOTE,0,0,0.0
KNN,No SMOTE,0,0,0.0
KNN,No SMOTE,0,0,0.0
KNN,No SMOTE,0,0,0.0
KNN,No SMOTE,0,0,0.0
KNN,No SMOTE,0,0,0.0
KNN,No SMOTE,0,0,0.0
KNN,No SMOTE,0,0,0.0
KNN,No SMOTE,0,0,0.0
KNN,No SMOTE,0,0,0.0
KNN,No SMOTE,0,0,0.0
KNN,No SMOTE,0,0,0.0
KNN,No SMOTE,0,0,0.0
KNN,No SMOTE,0,0,0.0
KNN,No SMOTE,0,0,0.0
KNN,No SMOTE,0,0,0.0
KNN,No SMOTE,0,0,0.0
KNN,No SMOTE,0,0,0.0
KNN,No SMOTE,0,0,0.0
KNN,No SMOTE,0,0,0.0
KNN,No SMOTE,0,0,0.0
KNN,No SMOTE,0,0,0.0
KNN,No SMOTE,0,0,0.0
KNN,No SMOTE,0,0,0.0
KNN,No SMOTE,0,0,0.0
KNN,No SMOTE,0,0,0.0
KNN,No SMOTE,0,0,0.0
KNN,No SMOTE,0,0,0.0
KNN,No SMOTE,0,0,0.0
KNN,No SMOTE,0,0,0.0
KNN,No SMOTE,0,0,0.0
KNN,No SMOTE,0,0,0.0
KNN,No SMOTE,0,0,0.0
KNN,No SMOTE,0,0,0.0
KNN,No SMOTE,0,0,0.0
KNN,No SMOTE,0,0,0.0
KNN,No SMOTE,0,0,0.0
KNN,No SMOTE,0,0,0.0
KNN,No SMOTE,0,0,0.0
KNN,No SMOTE,0,0,0.0
KNN,No SMOTE,0,0,0.0
KNN,No SMOTE,0,0,0.0
KNN,No SMOTE,0,0,0.0
KNN,No SMOTE,0,0,0.2
KNN,No SMOTE,0,0,0.0
KNN,No SMOTE,0,0,0.0
KNN,No SMOTE,0,0,0.0
KNN,No SMOTE,0,0,0.0
KNN,No SMOTE,0,0,0.0
KNN,No SMOTE,0,0,0.0
KNN,No SMOTE,0,0,0.0
KNN,No SMOTE,0,0,0.0
KNN,No SMOTE,0,0,0.0
KNN,No SMOTE,0,0,0.0
KNN,No SMOTE,0,0,0.0
KNN,No SMOTE,0,0,0.0
KNN,No SMOTE,0,0,0.0
KNN,No SMOTE,0,0,0.0
KNN,No SMOTE,0,0,0.0
KNN,No SMOTE,0,0,0.0
KNN,No SMOTE,0,0,0.0
KNN,No SMOTE,0,0,0.0
KNN,No SMOTE,0,0,0.0
KNN,No SMOTE,0,0,0.0
KNN,No SMOTE,0,0,0.0
KNN,No SMOTE,0,0,0.0
KNN,No SMOTE,0,0,0.0
KNN,No SMOTE,0,0,0.0
KNN,No SMOTE,0,0,0.0
KNN,No SMOTE,0,0,0.0
KNN,No SMOTE,0,0,0.0
KNN,No SMOTE,0,0,0.0
KNN,No SMOTE,0,0,0.0
KNN,No SMOTE,0,0,0.0
KNN,No SMOTE,0,0,0.0
KNN,No SMOTE,0,0,0.0
KNN,No SMOTE,0,0,0.0
KNN,No SMOTE,0,0,0.0
KNN,No SMOTE,0,0,0.0
KNN,No SMOTE,0,0,0.0
KNN,No SMOTE,0,0,0.0
KNN,No SMOTE,0,0,0.0
KNN,No SMOTE,0,0,0.0
KNN,No SMOTE,0,0,0.0
KNN,No SMOTE,0,0,0.0
KNN,No SMOTE,0,0,0.0
KNN,No SMOTE,0,0,0.0
KNN,No SMOTE,0,0,0.0
KNN,No SMOTE,0,0,0.0
KNN,No SMOTE,0,0,0.0
KNN,No SMOTE,0,0,0.0
KNN,No SMOTE,0,0,0.0
KNN,No SMOTE,0,0,0.0
KNN,No SMOTE,0,0,0.0
KNN,No SMOTE,0,0,0.0
KNN,No SMOTE,0,0,0.0
KNN,No SMOTE,0,0,0.0
KNN,No SMOTE,0,0,0.0
KNN,No SMOTE,0,0,0.0
KNN,No SMOTE,0,0,0.0
KNN,No SMOTE,0,0,0.0
KNN,No SMOTE,0,0,0.0
KNN,No SMOTE,0,0,0.0
KNN,No SMOTE,0,0,0.0
KNN,No SMOTE,0,0,0.0
KNN,No SMOTE,0,0,0.0
KNN,No SMOTE,0,0,0.0
KNN,No SMOTE,0,0,0.0
KNN,No SMOTE,0,0,0.0
KNN,No SMOTE,0,0,0.0
KNN,No SMOTE,0,0,0.0
KNN,No SMOTE,0,0,0.0
KNN,No SMOTE,0,0,0.0
KNN,No SMOTE,0,0,0.0
KNN,No SMOTE,0,0,0.0
KNN,No SMOTE,0,0,0.0
KNN,No SMOTE,0,0,0.0
KNN,No SMOTE,0,0,0.0
KNN,No SMOTE,0,0,0.0
KNN,No SMOTE,0,0,0.0
KNN,No SMOTE,0,0,0.0
KNN,No SMOTE,0,0,0.0
KNN,No SMOTE,0,0,0.0
KNN,No SMOTE,0,0,0.0
KNN,No SMOTE,0,0,0.0
KNN,No SMOTE,0,0,0.0
KNN,No SMOTE,0,0,0.0
KNN,No SMOTE,0,0,0.0
KNN,No SMOTE,0,0,0.0
KNN,No SMOTE,0,0,0.0
KNN,No SMOTE,0,0,0.0
KNN,No SMOTE,0,0,0.0
KNN,No SMOTE,0,0,0.0
KNN,No SMOTE,0,0,0.0
KNN,No SMOTE,0,0,0.0
KNN,No SMOTE,0,0,0.0
KNN,No SMOTE,0,0,0.0
KNN,No SMOTE,0,0,0.0
KNN,No SMOTE,0,0,0.0
KNN,No SMOTE,0,0,0.0
KNN,No SMOTE,0,0,0.0
KNN,No SMOTE,1,0,0.2
KNN,No SMOTE,0,0,0.0
KNN,No SMOTE,0,0,0.0
KNN,No SMOTE,0,0,0.0
KNN,No SMOTE,0,0,0.0
KNN,No SMOTE,0,0,0.0
KNN,No SMOTE,0,0,0.0
KNN,No SMOTE,0,0,0.0
KNN,No SMOTE,0,0,0.0
KNN,No SMOTE,0,0,0.0
KNN,No SMOTE,0,0,0.0
KNN,No SMOTE,0,0,0.0
KNN,No SMOTE,0,0,0.0
KNN,No SMOTE,0,0,0.0
KNN,No SMOTE,0,0,0.0
KNN,No SMOTE,0,0,0.0
KNN,No SMOTE,0,0,0.0
KNN,No SMOTE,0,0,0.0
KNN,No SMOTE,0,0,0.0
KNN,No SMOTE,0,0,0.0
KNN,No SMOTE,0,0,0.0
KNN,No SMOTE,0,0,0.0
KNN,No SMOTE,0,0,0.0
KNN,No SMOTE,0,0,0.0
KNN,No SMOTE,0,0,0.0
KNN,No SMOTE,0,0,0.0
KNN,No SMOTE,0,0,0.0
KNN,No SMOTE,0,0,0.0
KNN,No SMOTE,0,0,0.0
KNN,No SMOTE,0,0,0.0
KNN,No SMOTE,0,0,0.0
KNN,No SMOTE,0,0,0.0
KNN,No SMOTE,0,0,0.0
KNN,No SMOTE,0,0,0.0
KNN,No SMOTE,0,0,0.0
KNN,No SMOTE,0,0,0.0
KNN,No SMOTE,0,0,0.0
KNN,No SMOTE,0,0,0.0
KNN,No SMOTE,0,0,0.0
KNN,No SMOTE,0,0,0.0
KNN,No SMOTE,0,0,0.0
KNN,No SMOTE,0,0,0.0
KNN,No SMOTE,0,0,0.0
KNN,No SMOTE,0,0,0.0
KNN,No SMOTE,0,0,0.0
KNN,No SMOTE,0,0,0.0
KNN,No SMOTE,0,0,0.0
KNN,No SMOTE,0,0,0.0
KNN,No SMOTE,0,0,0.0
KNN,No SMOTE,0,0,0.0
KNN,No SMOTE,0,0,0.0
KNN,No SMOTE,0,0,0.0
KNN,No SMOTE,0,0,0.0
KNN,No SMOTE,0,0,0.0
KNN,No SMOTE,0,0,0.0
KNN,No SMOTE,0,0,0.0
KNN,No SMOTE,0,0,0.0
KNN,No SMOTE,0,0,0.0
KNN,No SMOTE,0,0,0.0
KNN,No SMOTE,0,0,0.0
KNN,No SMOTE,0,0,0.0
KNN,No SMOTE,0,0,0.0
KNN,No SMOTE,0,0,0.0
KNN,No SMOTE,0,0,0.0
KNN,No SMOTE,0,0,0.0
KNN,No SMOTE,0,0,0.0
KNN,No SMOTE,0,0,0.0
KNN,No SMOTE,0,0,0.0
KNN,No SMOTE,0,0,0.0
KNN,No SMOTE,0,0,0.0
KNN,No SMOTE,0,0,0.0
KNN,No SMOTE,0,0,0.0
KNN,No SMOTE,0,0,0.0
KNN,No SMOTE,0,0,0.0
KNN,No SMOTE,0,0,0.0
KNN,No SMOTE,0,0,0.0
KNN,No SMOTE,0,0,0.0
KNN,No SMOTE,0,0,0.0
KNN,No SMOTE,0,0,0.0
KNN,No SMOTE,0,0,0.0
KNN,No SMOTE,0,0,0.0
KNN,No SMOTE,0,0,0.0
KNN,No SMOTE,0,0,0.0
KNN,No SMOTE,0,0,0.0
KNN,No SMOTE,0,0,0.0
KNN,No SMOTE,0,0,0.0
KNN,No SMOTE,0,0,0.0
KNN,No SMOTE,0,0,0.0
KNN,No SMOTE,0,0,0.0
KNN,No SMOTE,0,0,0.0
KNN,No SMOTE,0,0,0.0
KNN,No SMOTE,0,0,0.0
KNN,No SMOTE,0,0,0.0
KNN,No SMOTE,0,0,0.0
KNN,No SMOTE,0,0,0.0
KNN,No SMOTE,0,0,0.0
KNN,No SMOTE,0,0,0.0
KNN,No SMOTE,0,0,0.0
KNN,No SMOTE,0,0,0.0
KNN,No SMOTE,0,0,0.0
KNN,No SMOTE,0,0,0.0
KNN,No SMOTE,0,0,0.0
KNN,No SMOTE,0,0,0.0
KNN,No SMOTE,0,0,0.0
KNN,No SMOTE,0,0,0.0
KNN,No SMOTE,0,0,0.0
KNN,No SMOTE,0,0,0.0
KNN,No SMOTE,0,0,0.0
KNN,No SMOTE,0,0,0.0
KNN,No SMOTE,0,0,0.0
KNN,No SMOTE,0,0,0.0
KNN,No SMOTE,0,0,0.0
KNN,No SMOTE,0,0,0.0
KNN,No SMOTE,0,0,0.0
KNN,No SMOTE,0,0,0.0
KNN,No SMOTE,0,0,0.0
KNN,No SMOTE,0,0,0.0
KNN,No SMOTE,0,0,0.0
KNN,No SMOTE,0,0,0.0
KNN,No SMOTE,0,0,0.0
KNN,No SMOTE,0,0,0.0
KNN,No SMOTE,0,0,0.0
KNN,No SMOTE,0,0,0.0
KNN,No SMOTE,0,0,0.0
KNN,No SMOTE,0,0,0.0
KNN,No SMOTE,0,0,0.0
KNN,No SMOTE,0,0,0.0
KNN,No SMOTE,0,0,0.0
KNN,No SMOTE,0,0,0.0
KNN,No SMOTE,0,0,0.0
KNN,No SMOTE,0,0,0.0
KNN,No SMOTE,0,0,0.0
KNN,No SMOTE,0,0,0.0
KNN,No SMOTE,0,0,0.0
KNN,No SMOTE,0,0,0.0
KNN,No SMOTE,0,0,0.0
KNN,No SMOTE,0,0,0.0
KNN,No SMOTE,0,0,0.0
KNN,No SMOTE,0,0,0.0
KNN,No SMOTE,0,0,0.0
KNN,No SMOTE,0,0,0.0
KNN,No SMOTE,0,0,0.0
KNN,No SMOTE,0,0,0.0
KNN,No SMOTE,0,0,0.0
KNN,No SMOTE,0,0,0.0
KNN,No SMOTE,0,0,0.0
KNN,No SMOTE,0,0,0.0
KNN,No SMOTE,0,0,0.0
KNN,No SMOTE,0,0,0.0
KNN,No SMOTE,0,0,0.0
KNN,No SMOTE,0,0,0.0
KNN,No SMOTE,0,0,0.0
KNN,No SMOTE,0,0,0.0
KNN,No SMOTE,0,0,0.0
KNN,No SMOTE,0,0,0.0
KNN,No SMOTE,0,0,0.0
KNN,No SMOTE,0,0,0.0
KNN,No SMOTE,0,0,0.0
KNN,No SMOTE,0,0,0.0
KNN,No SMOTE,0,0,0.0
KNN,No SMOTE,0,0,0.0
KNN,No SMOTE,0,0,0.0
KNN,No SMOTE,0,0,0.0
KNN,No SMOTE,0,0,0.0
KNN,No SMOTE,0,0,0.0
KNN,No SMOTE,0,0,0.0
KNN,No SMOTE,0,0,0.0
KNN,No SMOTE,0,0,0.0
KNN,No SMOTE,0,0,0.0
KNN,No SMOTE,0,0,0.0
KNN,No SMOTE,0,0,0.0
KNN,No SMOTE,0,0,0.0
KNN,No SMOTE,0,0,0.0
KNN,No SMOTE,0,0,0.0
KNN,No SMOTE,0,0,0.0
KNN,No SMOTE,0,0,0.0
KNN,No SMOTE,0,0,0.0
KNN,No SMOTE,0,0,0.0
KNN,No SMOTE,0,0,0.0
KNN,No SMOTE,0,0,0.0
KNN,No SMOTE,0,0,0.0
KNN,No SMOTE,0,0,0.0
KNN,No SMOTE,0,0,0.0
KNN,No SMOTE,0,0,0.0
KNN,No SMOTE,0,0,0.0
KNN,No SMOTE,0,0,0.0
KNN,No SMOTE,0,0,0.0
KNN,No SMOTE,0,0,0.0
KNN,No SMOTE,0,0,0.0
KNN,No SMOTE,0,0,0.0
KNN,No SMOTE,0,0,0.0
KNN,No SMOTE,0,0,0.0
KNN,No SMOTE,0,0,0.0
KNN,No SMOTE,0,0,0.0
KNN,No SMOTE,0,0,0.0
KNN,No SMOTE,0,0,0.0
KNN,No SMOTE,0,0,0.0
KNN,No SMOTE,0,0,0.0
KNN,No SMOTE,0,0,0.0
KNN,No SMOTE,0,0,0.0
KNN,No SMOTE,0,0,0.0
KNN,No SMOTE,0,0,0.0
KNN,No SMOTE,0,0,0.0
KNN,No SMOTE,0,0,0.0
KNN,No SMOTE,0,0,0.0
KNN,No SMOTE,0,0,0.0
KNN,No SMOTE,0,0,0.0
KNN,No SMOTE,0,0,0.0
KNN,No SMOTE,0,0,0.0
KNN,No SMOTE,0,0,0.0
KNN,No SMOTE,0,0,0.0
KNN,No SMOTE,0,0,0.0
KNN,No SMOTE,0,0,0.0
KNN,No SMOTE,0,0,0.0
KNN,No SMOTE,0,0,0.0
KNN,No SMOTE,0,0,0.0
KNN,No SMOTE,0,0,0.0
KNN,No SMOTE,0,0,0.0
KNN,No SMOTE,0,0,0.0
KNN,No SMOTE,0,0,0.0
KNN,No SMOTE,0,0,0.0
KNN,No SMOTE,0,0,0.0
KNN,No SMOTE,0,0,0.0
KNN,No SMOTE,0,0,0.0
KNN,No SMOTE,0,0,0.0
KNN,No SMOTE,0,0,0.0
KNN,No SMOTE,0,0,0.0
KNN,No SMOTE,0,0,0.0
KNN,No SMOTE,0,0,0.0
KNN,No SMOTE,0,0,0.0
KNN,No SMOTE,0,0,0.0
KNN,No SMOTE,0,0,0.0
KNN,No SMOTE,0,0,0.0
KNN,No SMOTE,0,0,0.0
KNN,No SMOTE,0,0,0.0
KNN,No SMOTE,0,0,0.0
KNN,No SMOTE,0,0,0.0
KNN,No SMOTE,0,0,0.0
KNN,No SMOTE,0,0,0.0
KNN,No SMOTE,0,0,0.0
KNN,No SMOTE,0,0,0.0
KNN,No SMOTE,0,0,0.0
KNN,No SMOTE,0,0,0.0
KNN,No SMOTE,0,0,0.0
KNN,No SMOTE,0,0,0.0
KNN,No SMOTE,0,0,0.0
KNN,No SMOTE,0,0,0.0
KNN,No SMOTE,0,0,0.0
KNN,No SMOTE,0,0,0.0
KNN,No SMOTE,0,0,0.0
KNN,No SMOTE,0,0,0.0
KNN,No SMOTE,0,0,0.0
KNN,No SMOTE,0,0,0.0
KNN,No SMOTE,0,0,0.0
KNN,No SMOTE,0,0,0.0
KNN,No SMOTE,0,0,0.0
KNN,No SMOTE,0,0,0.0
KNN,No SMOTE,0,0,0.0
KNN,No SMOTE,0,0,0.0
KNN,No SMOTE,0,0,0.0
KNN,No SMOTE,0,0,0.0
KNN,No SMOTE,0,0,0.0
KNN,No SMOTE,0,0,0.0
KNN,No SMOTE,0,0,0.0
KNN,No SMOTE,0,0,0.0
KNN,No SMOTE,0,0,0.0
KNN,No SMOTE,0,0,0.0
KNN,No SMOTE,0,0,0.0
KNN,No SMOTE,0,0,0.0
KNN,No SMOTE,0,0,0.0
KNN,No SMOTE,0,0,0.0
KNN,No SMOTE,0,0,0.0
KNN,No SMOTE,0,0,0.0
KNN,No SMOTE,0,0,0.0
KNN,No SMOTE,0,0,0.0
KNN,No SMOTE,0,0,0.0
KNN,No SMOTE,0,0,0.0
KNN,No SMOTE,0,0,0.0
KNN,No SMOTE,0,0,0.0
KNN,No SMOTE,0,0,0.0
KNN,No SMOTE,0,0,0.0
KNN,No SMOTE,0,0,0.0
KNN,No SMOTE,0,0,0.0
KNN,No SMOTE,0,0,0.0
KNN,No SMOTE,0,0,0.2
KNN,No SMOTE,0,0,0.0
KNN,No SMOTE,0,0,0.0
KNN,No SMOTE,0,0,0.0
KNN,No SMOTE,0,0,0.0
KNN,No SMOTE,0,0,0.0
KNN,No SMOTE,0,0,0.0
KNN,No SMOTE,0,0,0.0
KNN,No SMOTE,0,0,0.0
KNN,No SMOTE,0,0,0.0
KNN,No SMOTE,0,0,0.0
KNN,No SMOTE,0,0,0.0
KNN,No SMOTE,0,0,0.0
KNN,No SMOTE,0,0,0.0
KNN,No SMOTE,0,0,0.0
KNN,No SMOTE,0,0,0.0
KNN,No SMOTE,0,0,0.0
KNN,No SMOTE,0,0,0.0
KNN,No SMOTE,0,0,0.0
KNN,No SMOTE,0,0,0.0
KNN,No SMOTE,0,0,0.0
KNN,No SMOTE,0,0,0.0
KNN,No SMOTE,0,0,0.0
KNN,No SMOTE,0,0,0.0
KNN,No SMOTE,0,0,0.0
KNN,No SMOTE,0,0,0.0
KNN,No SMOTE,0,0,0.0
KNN,No SMOTE,0,0,0.0
KNN,No SMOTE,0,0,0.0
KNN,No SMOTE,0,0,0.0
KNN,No SMOTE,0,0,0.0
KNN,No SMOTE,0,0,0.0
KNN,No SMOTE,0,0,0.0
KNN,No SMOTE,0,0,0.0
KNN,No SMOTE,0,0,0.0
KNN,No SMOTE,0,0,0.0
KNN,No SMOTE,0,0,0.0
KNN,No SMOTE,0,0,0.0
KNN,No SMOTE,0,0,0.0
KNN,No SMOTE,0,0,0.0
KNN,No SMOTE,0,0,0.0
KNN,No SMOTE,0,0,0.0
KNN,No SMOTE,0,0,0.0
KNN,No SMOTE,0,0,0.0
KNN,No SMOTE,0,0,0.0
KNN,No SMOTE,0,0,0.0
KNN,No SMOTE,0,0,0.0
KNN,No SMOTE,0,0,0.0
KNN,No SMOTE,0,0,0.0
KNN,No SMOTE,0,0,0.0
KNN,No SMOTE,0,0,0.0
KNN,No SMOTE,0,0,0.0
KNN,No SMOTE,0,0,0.0
KNN,No SMOTE,0,0,0.0
KNN,No SMOTE,0,0,0.0
KNN,No SMOTE,0,0,0.0
KNN,No SMOTE,0,0,0.0
KNN,No SMOTE,0,0,0.0
KNN,No SMOTE,0,0,0.0
KNN,No SMOTE,0,0,0.0
KNN,No SMOTE,0,0,0.0
KNN,No SMOTE,0,0,0.0
KNN,No SMOTE,0,0,0.0
KNN,No SMOTE,0,0,0.0
KNN,No SMOTE,0,0,0.0
KNN,No SMOTE,0,0,0.0
KNN,No SMOTE,0,0,0.0
KNN,No SMOTE,0,0,0.0
KNN,No SMOTE,0,0,0.0
KNN,No SMOTE,0,0,0.0
KNN,No SMOTE,0,0,0.0
KNN,No SMOTE,0,0,0.0
KNN,No SMOTE,0,0,0.0
KNN,No SMOTE,0,0,0.0
KNN,No SMOTE,0,0,0.0
KNN,No SMOTE,0,0,0.0
KNN,No SMOTE,0,0,0.0
KNN,No SMOTE,0,0,0.0
KNN,No SMOTE,0,0,0.0
KNN,No SMOTE,0,0,0.0
KNN,No SMOTE,0,0,0.0
KNN,No SMOTE,0,0,0.0
KNN,No SMOTE,0,0,0.0
KNN,No SMOTE,0,0,0.0
KNN,No SMOTE,0,0,0.0
KNN,No SMOTE,0,0,0.0
KNN,No SMOTE,0,0,0.0
KNN,No SMOTE,0,0,0.0
KNN,No SMOTE,0,0,0.0
KNN,No SMOTE,0,0,0.0
KNN,No SMOTE,0,0,0.0
KNN,No SMOTE,0,0,0.0
KNN,No SMOTE,0,0,0.0
KNN,No SMOTE,0,0,0.0
KNN,No SMOTE,0,0,0.0
KNN,No SMOTE,0,0,0.0
KNN,No SMOTE,0,0,0.0
KNN,No SMOTE,0,0,0.2
KNN,No SMOTE,0,0,0.0
KNN,No SMOTE,0,0,0.0
KNN,No SMOTE,0,0,0.0
KNN,No SMOTE,0,0,0.0
KNN,No SMOTE,0,0,0.0
KNN,No SMOTE,0,0,0.0
KNN,No SMOTE,0,0,0.0
KNN,No SMOTE,0,0,0.0
KNN,No SMOTE,0,0,0.0
KNN,No SMOTE,0,0,0.0
KNN,No SMOTE,0,0,0.0
KNN,No SMOTE,0,0,0.0
KNN,No SMOTE,0,0,0.0
KNN,No SMOTE,0,0,0.0
KNN,No SMOTE,0,0,0.0
KNN,No SMOTE,0,0,0.0
KNN,No SMOTE,0,0,0.0
KNN,No SMOTE,0,0,0.0
KNN,No SMOTE,0,0,0.0
KNN,No SMOTE,0,0,0.0
KNN,No SMOTE,0,0,0.0
KNN,No SMOTE,0,0,0.0
KNN,No SMOTE,0,0,0.0
KNN,No SMOTE,0,0,0.0
KNN,No SMOTE,0,0,0.0
KNN,No SMOTE,0,0,0.0
KNN,No SMOTE,0,0,0.0
KNN,No SMOTE,0,0,0.0
KNN,No SMOTE,0,0,0.0
KNN,No SMOTE,0,0,0.0
KNN,No SMOTE,0,0,0.0
KNN,No SMOTE,0,0,0.0
KNN,No SMOTE,0,0,0.0
KNN,No SMOTE,0,0,0.0
KNN,No SMOTE,0,0,0.0
KNN,No SMOTE,0,0,0.0
KNN,No SMOTE,0,0,0.0
KNN,No SMOTE,0,0,0.0
KNN,No SMOTE,0,0,0.0
KNN,No SMOTE,0,0,0.0
KNN,No SMOTE,0,0,0.0
KNN,No SMOTE,0,0,0.0
KNN,No SMOTE,0,0,0.0
KNN,No SMOTE,0,0,0.0
KNN,No SMOTE,0,0,0.0
KNN,No SMOTE,0,0,0.0
KNN,No SMOTE,0,0,0.0
KNN,No SMOTE,0,0,0.0
KNN,No SMOTE,0,0,0.0
KNN,No SMOTE,0,0,0.0
KNN,No SMOTE,0,0,0.0
KNN,No SMOTE,0,0,0.0
KNN,No SMOTE,0,0,0.0
KNN,No SMOTE,0,0,0.0
KNN,No SMOTE,0,0,0.0
KNN,No SMOTE,0,0,0.0
KNN,No SMOTE,0,0,0.0
KNN,No SMOTE,0,0,0.0
KNN,No SMOTE,0,0,0.0
KNN,No SMOTE,0,0,0.0
KNN,No SMOTE,0,0,0.0
KNN,No SMOTE,0,0,0.0
KNN,No SMOTE,0,0,0.0
KNN,No SMOTE,0,0,0.0
KNN,No SMOTE,0,0,0.0
KNN,No SMOTE,0,0,0.0
KNN,No SMOTE,0,0,0.0
KNN,No SMOTE,0,0,0.0
KNN,No SMOTE,0,0,0.0
KNN,No SMOTE,0,0,0.0
KNN,No SMOTE,0,0,0.0
KNN,No SMOTE,0,0,0.0
KNN,No SMOTE,0,0,0.0
KNN,No SMOTE,0,0,0.0
KNN,No SMOTE,0,0,0.0
KNN,No SMOTE,0,0,0.0
KNN,No SMOTE,0,0,0.0
KNN,No SMOTE,0,0,0.0
KNN,No SMOTE,0,0,0.0
KNN,No SMOTE,0,0,0.0
KNN,No SMOTE,0,0,0.0
KNN,No SMOTE,0,0,0.0
KNN,No SMOTE,0,0,0.0
KNN,No SMOTE,0,0,0.0
KNN,No SMOTE,0,0,0.0
KNN,No SMOTE,0,0,0.0
KNN,No SMOTE,0,0,0.0
KNN,No SMOTE,0,0,0.0
KNN,No SMOTE,0,0,0.0
KNN,No SMOTE,0,0,0.0
KNN,No SMOTE,0,0,0.0
KNN,No SMOTE,0,0,0.0
KNN,No SMOTE,0,0,0.0
KNN,No SMOTE,0,0,0.0
KNN,No SMOTE,0,0,0.0
KNN,No SMOTE,0,0,0.0
KNN,No SMOTE,0,0,0.0
KNN,No SMOTE,0,0,0.0
KNN,No SMOTE,0,0,0.0
KNN,No SMOTE,0,0,0.0
KNN,No SMOTE,0,0,0.0
KNN,No SMOTE,0,0,0.0
KNN,No SMOTE,0,0,0.0
KNN,No SMOTE,0,0,0.0
KNN,No SMOTE,0,0,0.0
KNN,No SMOTE,0,0,0.0
KNN,No SMOTE,0,0,0.0
KNN,No SMOTE,0,0,0.0
KNN,No SMOTE,0,0,0.0
KNN,No SMOTE,0,0,0.0
KNN,No SMOTE,0,0,0.0
KNN,No SMOTE,0,0,0.0
KNN,No SMOTE,0,0,0.0
KNN,No SMOTE,0,0,0.0
KNN,No SMOTE,0,0,0.0
KNN,No SMOTE,0,0,0.0
KNN,No SMOTE,0,0,0.0
KNN,No SMOTE,0,0,0.0
KNN,No SMOTE,0,0,0.0
KNN,No SMOTE,0,0,0.0
KNN,No SMOTE,0,0,0.0
KNN,No SMOTE,0,0,0.0
KNN,No SMOTE,0,0,0.0
KNN,No SMOTE,0,0,0.0
KNN,No SMOTE,0,0,0.0
KNN,No SMOTE,0,0,0.0
KNN,No SMOTE,0,0,0.0
KNN,No SMOTE,0,0,0.0
KNN,No SMOTE,0,0,0.0
KNN,No SMOTE,0,0,0.0
KNN,No SMOTE,0,0,0.0
KNN,No SMOTE,0,0,0.0
KNN,No SMOTE,0,0,0.0
KNN,No SMOTE,0,0,0.0
KNN,No SMOTE,0,0,0.0
KNN,No SMOTE,0,0,0.0
KNN,No SMOTE,0,0,0.0
KNN,No SMOTE,0,0,0.0
KNN,No SMOTE,0,0,0.0
KNN,No SMOTE,0,0,0.0
KNN,No SMOTE,0,0,0.0
KNN,No SMOTE,0,0,0.0
KNN,No SMOTE,0,0,0.0
KNN,No SMOTE,0,0,0.0
KNN,No SMOTE,0,0,0.0
KNN,No SMOTE,0,0,0.0
KNN,No SMOTE,0,0,0.0
KNN,No SMOTE,0,0,0.0
KNN,No SMOTE,0,0,0.0
KNN,No SMOTE,0,0,0.0
KNN,No SMOTE,0,0,0.0
KNN,No SMOTE,0,0,0.0
KNN,No SMOTE,0,0,0.0
KNN,No SMOTE,0,0,0.0
KNN,No SMOTE,0,0,0.0
KNN,No SMOTE,0,0,0.0
KNN,No SMOTE,0,0,0.0
KNN,No SMOTE,0,0,0.0
KNN,No SMOTE,0,0,0.0
KNN,No SMOTE,0,0,0.0
KNN,No SMOTE,0,0,0.0
KNN,No SMOTE,0,0,0.0
KNN,No SMOTE,0,0,0.0
KNN,No SMOTE,0,0,0.0
KNN,No SMOTE,0,0,0.0
KNN,No SMOTE,0,0,0.0
KNN,No SMOTE,0,0,0.0
KNN,No SMOTE,0,0,0.0
KNN,No SMOTE,0,0,0.0
KNN,No SMOTE,0,0,0.0
KNN,No SMOTE,0,0,0.0
KNN,No SMOTE,0,0,0.0
KNN,No SMOTE,0,0,0.0
KNN,No SMOTE,0,0,0.0
KNN,No SMOTE,0,0,0.0
KNN,No SMOTE,0,0,0.0
KNN,No SMOTE,0,0,0.0
KNN,No SMOTE,0,0,0.0
KNN,No SMOTE,0,0,0.0
KNN,No SMOTE,0,0,0.0
KNN,No SMOTE,0,0,0.0
KNN,No SMOTE,0,0,0.0
KNN,No SMOTE,0,0,0.0
KNN,No SMOTE,0,0,0.0
KNN,No SMOTE,0,0,0.0
KNN,No SMOTE,0,0,0.0
KNN,No SMOTE,0,0,0.0
KNN,No SMOTE,0,0,0.0
KNN,No SMOTE,0,0,0.0
KNN,No SMOTE,0,0,0.0
KNN,No SMOTE,0,0,0.0
KNN,No SMOTE,0,0,0.0
KNN,No SMOTE,0,0,0.0
KNN,No SMOTE,0,0,0.0
KNN,No SMOTE,0,0,0.0
KNN,No SMOTE,0,0,0.0
KNN,No SMOTE,0,0,0.0
KNN,No SMOTE,0,0,0.0
KNN,No SMOTE,0,0,0.0
KNN,No SMOTE,0,0,0.0
KNN,No SMOTE,0,0,0.0
KNN,No SMOTE,0,0,0.0
KNN,No SMOTE,0,0,0.0
KNN,No SMOTE,0,0,0.0
KNN,No SMOTE,0,0,0.0
KNN,No SMOTE,0,0,0.0
KNN,No SMOTE,0,0,0.0
KNN,No SMOTE,0,0,0.0
KNN,No SMOTE,0,0,0.0
KNN,No SMOTE,0,0,0.0
KNN,No SMOTE,0,0,0.0
KNN,No SMOTE,0,0,0.0
KNN,No SMOTE,0,0,0.0
KNN,No SMOTE,0,0,0.0
KNN,No SMOTE,0,0,0.0
KNN,No SMOTE,0,0,0.0
KNN,No SMOTE,0,0,0.0
KNN,No SMOTE,0,0,0.0
KNN,No SMOTE,0,0,0.0
KNN,No SMOTE,0,0,0.0
KNN,No SMOTE,0,0,0.0
KNN,No SMOTE,0,0,0.0
KNN,No SMOTE,0,0,0.0
KNN,No SMOTE,0,0,0.0
KNN,No SMOTE,0,0,0.0
KNN,No SMOTE,0,0,0.0
KNN,No SMOTE,0,0,0.0
KNN,No SMOTE,0,0,0.0
KNN,No SMOTE,0,0,0.0
KNN,No SMOTE,0,0,0.0
KNN,No SMOTE,0,0,0.0
KNN,No SMOTE,0,0,0.0
KNN,No SMOTE,0,0,0.0
KNN,No SMOTE,0,0,0.0
KNN,No SMOTE,0,0,0.0
KNN,No SMOTE,0,0,0.0
KNN,No SMOTE,0,0,0.0
KNN,No SMOTE,0,0,0.0
KNN,No SMOTE,0,0,0.0
KNN,No SMOTE,0,0,0.0
KNN,No SMOTE,0,0,0.0
KNN,No SMOTE,0,0,0.0
KNN,No SMOTE,0,0,0.0
KNN,No SMOTE,0,0,0.0
KNN,No SMOTE,0,0,0.0
KNN,No SMOTE,0,0,0.0
KNN,No SMOTE,0,0,0.0
KNN,No SMOTE,0,0,0.0
KNN,No SMOTE,0,0,0.0
KNN,No SMOTE,0,0,0.0
KNN,No SMOTE,0,0,0.0
KNN,No SMOTE,0,0,0.0
KNN,No SMOTE,0,0,0.0
KNN,No SMOTE,0,0,0.0
KNN,No SMOTE,0,0,0.0
KNN,No SMOTE,0,0,0.0
KNN,No SMOTE,0,0,0.0
KNN,No SMOTE,0,0,0.0
KNN,No SMOTE,0,0,0.0
KNN,No SMOTE,0,0,0.0
KNN,No SMOTE,0,0,0.0
KNN,No SMOTE,0,0,0.0
KNN,No SMOTE,0,0,0.0
KNN,No SMOTE,0,0,0.0
KNN,No SMOTE,0,0,0.0
KNN,No SMOTE,0,0,0.0
KNN,No SMOTE,0,0,0.0
KNN,No SMOTE,0,0,0.0
KNN,No SMOTE,0,0,0.0
KNN,No SMOTE,0,0,0.0
KNN,No SMOTE,0,0,0.0
KNN,No SMOTE,0,0,0.0
KNN,No SMOTE,0,0,0.0
KNN,No SMOTE,0,0,0.0
KNN,No SMOTE,0,0,0.0
KNN,No SMOTE,0,0,0.0
KNN,No SMOTE,0,0,0.0
KNN,No SMOTE,0,0,0.0
KNN,No SMOTE,0,0,0.0
KNN,No SMOTE,0,0,0.0
KNN,No SMOTE,0,0,0.0
KNN,No SMOTE,0,0,0.0
KNN,No SMOTE,0,0,0.0
KNN,No SMOTE,0,0,0.0
KNN,No SMOTE,0,0,0.0
KNN,No SMOTE,0,0,0.0
KNN,No SMOTE,0,0,0.0
KNN,No SMOTE,0,0,0.0
KNN,No SMOTE,0,0,0.0
KNN,No SMOTE,0,0,0.0
KNN,No SMOTE,0,0,0.0
KNN,No SMOTE,0,0,0.0
KNN,No SMOTE,0,0,0.0
KNN,No SMOTE,0,0,0.0
KNN,No SMOTE,0,0,0.0
KNN,No SMOTE,0,0,0.0
KNN,No SMOTE,0,0,0.0
KNN,No SMOTE,0,0,0.0
KNN,No SMOTE,0,0,0.0
KNN,No SMOTE,0,0,0.0
KNN,No SMOTE,0,0,0.0
KNN,No SMOTE,0,0,0.0
KNN,No SMOTE,0,0,0.0
KNN,No SMOTE,0,0,0.0
KNN,No SMOTE,0,0,0.0
KNN,No SMOTE,0,0,0.0
KNN,No SMOTE,0,0,0.0
KNN,No SMOTE,0,0,0.0
KNN,No SMOTE,0,0,0.0
KNN,No SMOTE,0,0,0.0
KNN,No SMOTE,0,0,0.0
KNN,No SMOTE,0,0,0.0
KNN,No SMOTE,0,0,0.0
KNN,No SMOTE,0,0,0.0
KNN,No SMOTE,0,0,0.0
KNN,No SMOTE,0,0,0.0
KNN,No SMOTE,0,0,0.0
KNN,No SMOTE,0,0,0.0
KNN,No SMOTE,0,0,0.0
KNN,No SMOTE,0,0,0.0
KNN,No SMOTE,0,0,0.0
KNN,No SMOTE,0,0,0.0
KNN,No SMOTE,0,0,0.0
KNN,No SMOTE,0,0,0.0
KNN,No SMOTE,0,0,0.0
KNN,No SMOTE,0,0,0.0
KNN,No SMOTE,0,0,0.0
KNN,No SMOTE,0,0,0.0
KNN,No SMOTE,0,0,0.0
KNN,No SMOTE,0,0,0.0
KNN,No SMOTE,0,0,0.0
KNN,No SMOTE,0,0,0.0
KNN,No SMOTE,0,0,0.0
KNN,No SMOTE,0,0,0.0
KNN,No SMOTE,0,0,0.0
KNN,No SMOTE,0,0,0.0
KNN,No SMOTE,0,0,0.0
KNN,No SMOTE,0,0,0.0
KNN,No SMOTE,0,0,0.0
KNN,No SMOTE,0,0,0.0
KNN,No SMOTE,0,0,0.0
KNN,No SMOTE,0,0,0.0
KNN,No SMOTE,0,0,0.0
KNN,No SMOTE,0,0,0.0
KNN,No SMOTE,0,0,0.0
KNN,No SMOTE,0,0,0.0
KNN,No SMOTE,0,0,0.0
KNN,No SMOTE,0,0,0.0
KNN,No SMOTE,0,0,0.0
KNN,No SMOTE,0,0,0.0
KNN,No SMOTE,0,0,0.0
KNN,No SMOTE,0,0,0.0
KNN,No SMOTE,0,0,0.0
KNN,No SMOTE,0,0,0.0
KNN,No SMOTE,0,0,0.0
KNN,No SMOTE,0,0,0.0
KNN,No SMOTE,0,0,0.0
KNN,No SMOTE,0,0,0.0
KNN,No SMOTE,0,0,0.0
KNN,No SMOTE,0,0,0.0
KNN,No SMOTE,0,0,0.0
KNN,No SMOTE,0,0,0.0
KNN,No SMOTE,0,0,0.0
KNN,No SMOTE,0,0,0.0
KNN,No SMOTE,0,0,0.0
KNN,No SMOTE,0,0,0.0
KNN,No SMOTE,0,0,0.0
KNN,No SMOTE,0,0,0.0
KNN,No SMOTE,0,0,0.0
KNN,No SMOTE,0,0,0.0
KNN,No SMOTE,0,0,0.0
KNN,No SMOTE,0,0,0.0
KNN,No SMOTE,0,0,0.0
KNN,No SMOTE,0,0,0.0
KNN,No SMOTE,0,0,0.0
KNN,No SMOTE,0,0,0.0
KNN,No SMOTE,0,0,0.0
KNN,No SMOTE,0,0,0.0
KNN,No SMOTE,0,0,0.0
KNN,No SMOTE,0,0,0.0
KNN,No SMOTE,0,0,0.0
KNN,No SMOTE,0,0,0.0
KNN,No SMOTE,0,0,0.0
KNN,No SMOTE,0,0,0.0
KNN,No SMOTE,0,0,0.0
KNN,No SMOTE,0,0,0.0
KNN,No SMOTE,0,0,0.0
KNN,No SMOTE,0,0,0.0
KNN,No SMOTE,0,0,0.0
KNN,No SMOTE,0,0,0.0
KNN,No SMOTE,0,0,0.0
KNN,No SMOTE,0,0,0.0
KNN,No SMOTE,0,0,0.0
KNN,No SMOTE,0,0,0.0
KNN,No SMOTE,0,0,0.0
KNN,No SMOTE,0,0,0.0
KNN,No SMOTE,0,0,0.0
KNN,No SMOTE,0,0,0.0
KNN,No SMOTE,0,0,0.0
KNN,No SMOTE,0,0,0.0
KNN,No SMOTE,0,0,0.0
KNN,No SMOTE,0,0,0.0
KNN,No SMOTE,0,0,0.0
KNN,No SMOTE,0,0,0.0
KNN,No SMOTE,0,0,0.0
KNN,No SMOTE,0,0,0.0
KNN,No SMOTE,0,0,0.0
KNN,No SMOTE,0,0,0.0
KNN,No SMOTE,0,0,0.0
KNN,No SMOTE,0,0,0.0
KNN,No SMOTE,0,0,0.0
KNN,No SMOTE,0,0,0.0
KNN,No SMOTE,0,0,0.0
KNN,No SMOTE,0,0,0.0
KNN,No SMOTE,0,0,0.0
KNN,No SMOTE,0,0,0.0
KNN,No SMOTE,0,0,0.0
KNN,No SMOTE,0,0,0.0
KNN,No SMOTE,0,0,0.0
KNN,No SMOTE,0,0,0.0
KNN,No SMOTE,0,0,0.0
KNN,No SMOTE,0,0,0.0
KNN,No SMOTE,0,0,0.0
KNN,No SMOTE,0,0,0.0
KNN,No SMOTE,0,0,0.0
KNN,No SMOTE,0,0,0.0
KNN,No SMOTE,0,0,0.0
KNN,No SMOTE,0,0,0.0
KNN,No SMOTE,0,0,0.0
KNN,No SMOTE,0,0,0.0
KNN,No SMOTE,0,0,0.0
KNN,No SMOTE,0,0,0.0
KNN,No SMOTE,0,0,0.0
KNN,No SMOTE,0,0,0.0
KNN,No SMOTE,0,0,0.0
KNN,No SMOTE,0,0,0.0
KNN,No SMOTE,0,0,0.0
KNN,No SMOTE,0,0,0.0
KNN,No SMOTE,0,0,0.0
KNN,No SMOTE,0,0,0.0
KNN,No SMOTE,0,0,0.0
KNN,No SMOTE,0,0,0.0
KNN,No SMOTE,0,0,0.0
KNN,No SMOTE,0,0,0.0
KNN,No SMOTE,0,0,0.0
KNN,No SMOTE,0,0,0.0
KNN,No SMOTE,0,0,0.0
KNN,No SMOTE,0,0,0.0
KNN,No SMOTE,0,0,0.0
KNN,No SMOTE,0,0,0.0
KNN,No SMOTE,0,0,0.0
KNN,No SMOTE,0,0,0.0
KNN,No SMOTE,0,0,0.0
KNN,No SMOTE,0,0,0.0
KNN,No SMOTE,0,0,0.0
KNN,No SMOTE,0,0,0.0
KNN,No SMOTE,0,0,0.0
KNN,No SMOTE,0,0,0.0
KNN,No SMOTE,0,0,0.0
KNN,No SMOTE,0,0,0.0
KNN,No SMOTE,0,0,0.0
KNN,No SMOTE,0,0,0.0
KNN,No SMOTE,0,0,0.0
KNN,No SMOTE,0,0,0.0
KNN,No SMOTE,0,0,0.0
KNN,No SMOTE,0,0,0.0
KNN,No SMOTE,0,0,0.0
KNN,No SMOTE,0,0,0.0
KNN,No SMOTE,0,0,0.0
KNN,No SMOTE,0,0,0.0
KNN,No SMOTE,0,0,0.0
KNN,No SMOTE,0,0,0.0
KNN,No SMOTE,0,0,0.0
KNN,No SMOTE,0,0,0.0
KNN,No SMOTE,0,0,0.0
KNN,No SMOTE,0,0,0.0
KNN,No SMOTE,0,0,0.0
KNN,No SMOTE,0,0,0.0
KNN,No SMOTE,0,0,0.0
KNN,No SMOTE,0,0,0.0
KNN,No SMOTE,0,0,0.0
KNN,No SMOTE,0,0,0.0
KNN,No SMOTE,0,0,0.0
KNN,No SMOTE,0,0,0.0
KNN,No SMOTE,0,0,0.0
KNN,No SMOTE,0,0,0.0
KNN,No SMOTE,0,0,0.0
KNN,No SMOTE,0,0,0.0
KNN,No SMOTE,0,0,0.0
KNN,No SMOTE,0,0,0.0
KNN,No SMOTE,0,0,0.0
KNN,No SMOTE,0,0,0.0
KNN,No SMOTE,0,0,0.0
KNN,No SMOTE,0,0,0.0
KNN,No SMOTE,0,0,0.0
KNN,No SMOTE,0,0,0.0
KNN,No SMOTE,0,0,0.0
KNN,No SMOTE,0,0,0.0
KNN,No SMOTE,0,0,0.0
KNN,No SMOTE,0,0,0.0
KNN,No SMOTE,0,0,0.0
KNN,No SMOTE,0,0,0.0
KNN,No SMOTE,0,0,0.0
KNN,No SMOTE,0,0,0.0
KNN,No SMOTE,0,0,0.0
KNN,No SMOTE,0,0,0.0
KNN,No SMOTE,0,0,0.0
KNN,No SMOTE,0,0,0.0
KNN,No SMOTE,0,0,0.0
KNN,No SMOTE,0,0,0.0
KNN,No SMOTE,0,0,0.0
KNN,No SMOTE,0,0,0.0
KNN,No SMOTE,0,0,0.0
KNN,No SMOTE,0,0,0.0
KNN,No SMOTE,0,0,0.0
KNN,No SMOTE,0,0,0.0
KNN,No SMOTE,0,0,0.0
KNN,No SMOTE,0,0,0.0
KNN,No SMOTE,0,0,0.0
KNN,No SMOTE,0,0,0.0
KNN,No SMOTE,0,0,0.0
KNN,No SMOTE,0,0,0.0
KNN,No SMOTE,0,0,0.0
KNN,No SMOTE,0,0,0.0
KNN,No SMOTE,0,0,0.0
KNN,No SMOTE,0,0,0.0
KNN,No SMOTE,0,0,0.0
KNN,No SMOTE,0,0,0.0
KNN,No SMOTE,0,0,0.0
KNN,No SMOTE,0,0,0.0
KNN,No SMOTE,0,0,0.0
KNN,No SMOTE,0,0,0.0
KNN,No SMOTE,0,0,0.0
KNN,No SMOTE,0,0,0.0
KNN,No SMOTE,0,0,0.0
KNN,No SMOTE,0,0,0.0
KNN,No SMOTE,0,0,0.0
KNN,No SMOTE,0,0,0.0
KNN,No SMOTE,0,0,0.0
KNN,No SMOTE,0,0,0.0
KNN,No SMOTE,0,0,0.0
KNN,No SMOTE,0,0,0.0
KNN,No SMOTE,0,0,0.0
KNN,No SMOTE,0,0,0.0
KNN,No SMOTE,0,0,0.0
KNN,No SMOTE,0,0,0.0
KNN,No SMOTE,0,0,0.0
KNN,No SMOTE,0,0,0.0
KNN,No SMOTE,0,0,0.0
KNN,No SMOTE,0,0,0.0
KNN,No SMOTE,0,0,0.0
KNN,No SMOTE,0,0,0.0
KNN,No SMOTE,0,0,0.0
KNN,No SMOTE,0,0,0.0
KNN,No SMOTE,0,0,0.0
KNN,No SMOTE,0,0,0.0
KNN,No SMOTE,0,0,0.0
KNN,No SMOTE,0,0,0.0
KNN,No SMOTE,0,0,0.0
KNN,No SMOTE,0,0,0.0
KNN,No SMOTE,0,0,0.0
KNN,No SMOTE,0,0,0.0
KNN,No SMOTE,0,0,0.0
KNN,No SMOTE,0,0,0.0
KNN,No SMOTE,0,0,0.0
KNN,No SMOTE,0,0,0.0
KNN,No SMOTE,0,0,0.0
KNN,No SMOTE,0,0,0.0
KNN,No SMOTE,0,0,0.0
KNN,No SMOTE,0,0,0.0
KNN,No SMOTE,0,0,0.0
KNN,No SMOTE,0,0,0.0
KNN,No SMOTE,0,0,0.0
KNN,No SMOTE,0,0,0.0
KNN,No SMOTE,0,0,0.0
KNN,No SMOTE,0,0,0.0
KNN,No SMOTE,0,0,0.0
KNN,No SMOTE,0,0,0.0
KNN,No SMOTE,0,0,0.0
KNN,No SMOTE,0,0,0.0
KNN,No SMOTE,0,0,0.0
KNN,No SMOTE,0,0,0.0
KNN,No SMOTE,0,0,0.0
KNN,No SMOTE,0,0,0.0
KNN,No SMOTE,0,0,0.0
KNN,No SMOTE,0,0,0.0
KNN,No SMOTE,0,0,0.0
KNN,No SMOTE,0,0,0.0
KNN,No SMOTE,0,0,0.0
KNN,No SMOTE,0,0,0.0
KNN,No SMOTE,0,0,0.0
KNN,No SMOTE,0,0,0.0
KNN,No SMOTE,0,0,0.0
KNN,No SMOTE,0,0,0.0
KNN,No SMOTE,0,0,0.0
KNN,No SMOTE,0,0,0.0
KNN,No SMOTE,0,0,0.0
KNN,No SMOTE,0,0,0.0
KNN,No SMOTE,0,0,0.0
KNN,No SMOTE,0,0,0.0
KNN,No SMOTE,0,0,0.0
KNN,No SMOTE,0,0,0.0
KNN,No SMOTE,0,0,0.0
KNN,No SMOTE,0,0,0.0
KNN,No SMOTE,0,0,0.0
KNN,No SMOTE,0,0,0.0
KNN,No SMOTE,0,0,0.0
KNN,No SMOTE,0,0,0.0
KNN,No SMOTE,0,0,0.0
KNN,No SMOTE,0,0,0.0
KNN,No SMOTE,0,0,0.0
KNN,No SMOTE,0,0,0.0
KNN,No SMOTE,0,0,0.0
KNN,No SMOTE,0,0,0.0
KNN,No SMOTE,0,0,0.0
KNN,No SMOTE,0,0,0.0
KNN,No SMOTE,0,0,0.0
KNN,No SMOTE,0,0,0.0
KNN,No SMOTE,0,0,0.0
KNN,No SMOTE,0,0,0.0
KNN,No SMOTE,0,0,0.0
KNN,No SMOTE,0,0,0.0
KNN,No SMOTE,0,0,0.0
KNN,No SMOTE,0,0,0.0
KNN,No SMOTE,0,0,0.0
KNN,No SMOTE,0,0,0.0
KNN,No SMOTE,0,0,0.0
KNN,No SMOTE,0,0,0.0
KNN,No SMOTE,0,0,0.0
KNN,No SMOTE,0,0,0.0
KNN,No SMOTE,0,0,0.0
KNN,No SMOTE,0,0,0.0
KNN,No SMOTE,0,0,0.0
KNN,No SMOTE,0,0,0.0
KNN,No SMOTE,0,0,0.0
KNN,No SMOTE,0,0,0.0
KNN,No SMOTE,0,0,0.0
KNN,No SMOTE,0,0,0.0
KNN,No SMOTE,0,0,0.0
KNN,No SMOTE,0,0,0.0
KNN,No SMOTE,0,0,0.0
KNN,No SMOTE,0,0,0.0
KNN,No SMOTE,0,0,0.0
KNN,No SMOTE,0,0,0.0
KNN,No SMOTE,0,0,0.0
KNN,No SMOTE,0,0,0.0
KNN,No SMOTE,0,0,0.0
KNN,No SMOTE,0,0,0.0
KNN,No SMOTE,0,0,0.0
KNN,No SMOTE,0,0,0.0
KNN,No SMOTE,0,0,0.0
KNN,No SMOTE,0,0,0.0
KNN,No SMOTE,0,0,0.0
KNN,No SMOTE,0,0,0.0
KNN,No SMOTE,0,0,0.0
KNN,No SMOTE,0,0,0.0
KNN,No SMOTE,0,0,0.0
KNN,No SMOTE,0,0,0.0
KNN,No SMOTE,0,0,0.0
KNN,No SMOTE,0,0,0.0
KNN,No SMOTE,0,0,0.0
KNN,No SMOTE,0,0,0.0
KNN,No SMOTE,0,0,0.0
KNN,No SMOTE,0,0,0.0
KNN,No SMOTE,0,0,0.0
KNN,No SMOTE,0,0,0.0
KNN,No SMOTE,0,0,0.0
KNN,No SMOTE,0,0,0.0
KNN,No SMOTE,0,0,0.0
KNN,No SMOTE,0,0,0.0
KNN,No SMOTE,0,0,0.0
KNN,No SMOTE,0,0,0.0
KNN,No SMOTE,0,0,0.0
KNN,No SMOTE,0,0,0.0
KNN,No SMOTE,0,0,0.0
KNN,No SMOTE,0,0,0.0
KNN,No SMOTE,0,0,0.0
KNN,No SMOTE,0,0,0.0
KNN,No SMOTE,0,0,0.0
KNN,No SMOTE,0,0,0.0
KNN,No SMOTE,0,0,0.0
KNN,No SMOTE,0,0,0.0
KNN,No SMOTE,0,0,0.0
KNN,No SMOTE,0,0,0.0
KNN,No SMOTE,0,0,0.0
KNN,No SMOTE,0,0,0.0
KNN,No SMOTE,0,0,0.0
KNN,No SMOTE,0,0,0.0
KNN,No SMOTE,0,0,0.0
KNN,No SMOTE,0,0,0.0
KNN,No SMOTE,0,0,0.0
KNN,No SMOTE,0,0,0.0
KNN,No SMOTE,0,0,0.0
KNN,No SMOTE,0,0,0.0
KNN,No SMOTE,0,0,0.0
KNN,No SMOTE,0,0,0.0
KNN,No SMOTE,0,0,0.0
KNN,No SMOTE,0,0,0.0
KNN,No SMOTE,0,0,0.0
KNN,No SMOTE,0,0,0.0
KNN,No SMOTE,0,0,0.0
KNN,No SMOTE,0,0,0.0
KNN,No SMOTE,0,0,0.0
KNN,No SMOTE,0,0,0.0
KNN,No SMOTE,0,0,0.0
KNN,No SMOTE,0,0,0.0
KNN,No SMOTE,0,0,0.0
KNN,No SMOTE,0,0,0.0
KNN,No SMOTE,0,0,0.0
KNN,No SMOTE,0,0,0.0
KNN,No SMOTE,0,0,0.0
KNN,No SMOTE,0,0,0.0
KNN,No SMOTE,0,0,0.0
KNN,No SMOTE,0,0,0.0
KNN,No SMOTE,0,0,0.0
KNN,No SMOTE,0,0,0.0
KNN,No SMOTE,0,0,0.0
KNN,No SMOTE,0,0,0.0
KNN,No SMOTE,0,0,0.0
KNN,No SMOTE,0,0,0.0
KNN,No SMOTE,0,0,0.0
KNN,No SMOTE,0,0,0.0
KNN,No SMOTE,0,0,0.0
KNN,No SMOTE,0,0,0.0
KNN,No SMOTE,0,0,0.0
KNN,No SMOTE,0,0,0.0
KNN,No SMOTE,0,0,0.0
KNN,No SMOTE,0,0,0.0
KNN,No SMOTE,0,0,0.0
KNN,No SMOTE,0,0,0.0
KNN,No SMOTE,0,0,0.0
KNN,No SMOTE,0,0,0.0
KNN,No SMOTE,0,0,0.0
KNN,No SMOTE,0,0,0.0
KNN,No SMOTE,0,0,0.0
KNN,No SMOTE,0,0,0.0
KNN,No SMOTE,0,0,0.0
KNN,No SMOTE,0,0,0.0
KNN,No SMOTE,0,0,0.0
KNN,No SMOTE,0,0,0.0
KNN,No SMOTE,0,0,0.0
KNN,No SMOTE,0,0,0.0
KNN,No SMOTE,0,0,0.0
KNN,No SMOTE,0,0,0.0
KNN,No SMOTE,0,0,0.0
KNN,No SMOTE,0,0,0.0
KNN,No SMOTE,0,0,0.0
KNN,No SMOTE,0,0,0.0
KNN,No SMOTE,0,0,0.0
KNN,No SMOTE,0,0,0.0
KNN,No SMOTE,0,0,0.0
KNN,No SMOTE,0,0,0.0
KNN,No SMOTE,0,0,0.0
KNN,No SMOTE,0,0,0.0
KNN,No SMOTE,0,0,0.0
KNN,No SMOTE,0,0,0.0
KNN,No SMOTE,0,0,0.0
KNN,No SMOTE,0,0,0.0
KNN,No SMOTE,0,0,0.0
KNN,No SMOTE,0,0,0.0
KNN,No SMOTE,0,0,0.0
KNN,No SMOTE,0,0,0.0
KNN,No SMOTE,0,0,0.0
KNN,No SMOTE,0,0,0.0
KNN,No SMOTE,0,0,0.0
KNN,No SMOTE,0,0,0.0
KNN,No SMOTE,0,0,0.0
KNN,No SMOTE,0,0,0.0
KNN,No SMOTE,0,0,0.0
KNN,No SMOTE,0,0,0.0
KNN,No SMOTE,0,0,0.0
KNN,No SMOTE,0,0,0.0
KNN,No SMOTE,0,0,0.0
KNN,No SMOTE,0,0,0.0
KNN,No SMOTE,0,0,0.0
KNN,No SMOTE,0,0,0.0
KNN,No SMOTE,0,0,0.0
KNN,No SMOTE,0,0,0.0
KNN,No SMOTE,0,0,0.0
KNN,No SMOTE,0,0,0.0
KNN,No SMOTE,0,0,0.0
KNN,No SMOTE,0,0,0.0
KNN,No SMOTE,0,0,0.0
KNN,No SMOTE,0,0,0.0
KNN,No SMOTE,0,0,0.0
KNN,No SMOTE,0,0,0.0
KNN,No SMOTE,0,0,0.0
KNN,No SMOTE,0,0,0.0
KNN,No SMOTE,0,0,0.0
KNN,No SMOTE,0,0,0.0
KNN,No SMOTE,0,0,0.0
KNN,No SMOTE,0,0,0.0
KNN,No SMOTE,0,0,0.0
KNN,No SMOTE,0,0,0.0
KNN,No SMOTE,0,0,0.0
KNN,No SMOTE,0,0,0.0
KNN,No SMOTE,0,0,0.0
KNN,No SMOTE,0,0,0.0
KNN,No SMOTE,0,0,0.0
KNN,No SMOTE,0,0,0.0
KNN,No SMOTE,0,0,0.0
KNN,No SMOTE,0,0,0.0
KNN,No SMOTE,0,0,0.0
KNN,No SMOTE,0,0,0.0
KNN,No SMOTE,0,0,0.0
KNN,No SMOTE,0,0,0.0
KNN,No SMOTE,0,0,0.0
KNN,No SMOTE,0,0,0.0
KNN,No SMOTE,0,0,0.0
KNN,No SMOTE,0,0,0.0
KNN,No SMOTE,0,0,0.0
KNN,No SMOTE,0,0,0.0
KNN,No SMOTE,0,0,0.0
KNN,No SMOTE,0,0,0.0
KNN,No SMOTE,0,0,0.0
KNN,No SMOTE,0,0,0.0
KNN,No SMOTE,0,0,0.0
KNN,No SMOTE,0,0,0.0
KNN,No SMOTE,0,0,0.0
KNN,No SMOTE,0,0,0.0
KNN,No SMOTE,0,0,0.0
KNN,No SMOTE,0,0,0.0
KNN,No SMOTE,0,0,0.0
KNN,No SMOTE,0,0,0.0
KNN,No SMOTE,0,0,0.0
KNN,No SMOTE,0,0,0.0
KNN,No SMOTE,0,0,0.0
KNN,No SMOTE,0,0,0.0
KNN,No SMOTE,0,0,0.0
KNN,No SMOTE,0,0,0.0
KNN,No SMOTE,0,0,0.0
KNN,No SMOTE,0,0,0.0
KNN,No SMOTE,0,0,0.0
KNN,No SMOTE,0,0,0.0
KNN,No SMOTE,0,0,0.0
KNN,No SMOTE,0,0,0.0
KNN,No SMOTE,0,0,0.0
KNN,No SMOTE,0,0,0.0
KNN,No SMOTE,0,0,0.0
KNN,No SMOTE,0,0,0.0
KNN,No SMOTE,0,0,0.0
KNN,No SMOTE,0,0,0.0
KNN,No SMOTE,0,0,0.0
KNN,No SMOTE,0,0,0.0
KNN,No SMOTE,0,0,0.0
KNN,No SMOTE,0,0,0.0
KNN,No SMOTE,0,0,0.0
KNN,No SMOTE,0,0,0.0
KNN,No SMOTE,0,0,0.0
KNN,No SMOTE,0,0,0.0
KNN,No SMOTE,0,0,0.0
KNN,No SMOTE,0,0,0.0
KNN,No SMOTE,0,0,0.0
KNN,No SMOTE,0,0,0.0
KNN,No SMOTE,0,0,0.0
KNN,No SMOTE,0,0,0.0
KNN,No SMOTE,0,0,0.0
KNN,No SMOTE,0,0,0.0
KNN,No SMOTE,0,0,0.0
KNN,No SMOTE,0,0,0.0
KNN,No SMOTE,0,0,0.0
KNN,No SMOTE,0,0,0.0
KNN,No SMOTE,0,0,0.0
KNN,No SMOTE,0,0,0.0
KNN,No SMOTE,0,0,0.0
KNN,No SMOTE,0,0,0.0
KNN,No SMOTE,0,0,0.0
KNN,No SMOTE,0,0,0.0
KNN,No SMOTE,0,0,0.0
KNN,No SMOTE,0,0,0.0
KNN,No SMOTE,0,0,0.0
KNN,No SMOTE,0,0,0.0
KNN,No SMOTE,0,0,0.0
KNN,No SMOTE,0,0,0.0
KNN,No SMOTE,0,0,0.0
KNN,No SMOTE,0,0,0.0
KNN,No SMOTE,0,0,0.0
KNN,No SMOTE,0,0,0.0
KNN,No SMOTE,0,0,0.0
KNN,No SMOTE,0,0,0.0
KNN,No SMOTE,0,0,0.0
KNN,No SMOTE,0,0,0.0
KNN,No SMOTE,0,0,0.0
KNN,No SMOTE,0,0,0.0
KNN,No SMOTE,0,0,0.0
KNN,No SMOTE,0,0,0.0
KNN,No SMOTE,0,0,0.0
KNN,No SMOTE,0,0,0.0
KNN,No SMOTE,0,0,0.0
KNN,No SMOTE,0,0,0.0
KNN,No SMOTE,0,0,0.0
KNN,No SMOTE,0,0,0.0
KNN,No SMOTE,0,0,0.0
KNN,No SMOTE,0,0,0.0
KNN,No SMOTE,0,0,0.0
KNN,No SMOTE,0,0,0.0
KNN,No SMOTE,0,0,0.0
KNN,No SMOTE,0,0,0.0
KNN,No SMOTE,0,0,0.0
KNN,No SMOTE,0,0,0.0
KNN,No SMOTE,0,0,0.0
KNN,No SMOTE,0,0,0.0
KNN,No SMOTE,0,0,0.0
KNN,No SMOTE,0,0,0.0
KNN,No SMOTE,0,0,0.0
KNN,No SMOTE,0,0,0.0
KNN,No SMOTE,0,0,0.0
KNN,No SMOTE,0,0,0.0
KNN,No SMOTE,0,0,0.0
KNN,No SMOTE,0,0,0.0
KNN,No SMOTE,0,0,0.0
KNN,No SMOTE,0,0,0.0
KNN,No SMOTE,0,0,0.0
KNN,No SMOTE,0,0,0.0
KNN,No SMOTE,0,0,0.0
KNN,No SMOTE,0,0,0.0
KNN,No SMOTE,0,0,0.0
KNN,No SMOTE,0,0,0.0
KNN,No SMOTE,0,0,0.0
KNN,No SMOTE,0,0,0.0
KNN,No SMOTE,0,0,0.0
KNN,No SMOTE,0,0,0.0
KNN,No SMOTE,0,0,0.0
KNN,No SMOTE,0,0,0.0
KNN,No SMOTE,0,0,0.0
KNN,No SMOTE,0,0,0.0
KNN,No SMOTE,0,0,0.0
KNN,No SMOTE,0,0,0.0
KNN,No SMOTE,0,0,0.0
KNN,No SMOTE,0,0,0.0
KNN,No SMOTE,0,0,0.0
KNN,No SMOTE,0,0,0.0
KNN,No SMOTE,0,0,0.0
KNN,No SMOTE,0,0,0.0
KNN,No SMOTE,0,0,0.0
KNN,No SMOTE,0,0,0.0
KNN,No SMOTE,0,0,0.0
KNN,No SMOTE,0,0,0.0
KNN,No SMOTE,0,0,0.0
KNN,No SMOTE,0,0,0.0
KNN,No SMOTE,0,0,0.0
KNN,No SMOTE,0,0,0.0
KNN,No SMOTE,0,0,0.0
KNN,No SMOTE,0,0,0.0
KNN,No SMOTE,0,0,0.0
KNN,No SMOTE,0,0,0.0
KNN,No SMOTE,0,0,0.0
KNN,No SMOTE,0,0,0.0
KNN,No SMOTE,0,0,0.0
KNN,No SMOTE,0,0,0.0
KNN,No SMOTE,0,0,0.0
KNN,No SMOTE,0,0,0.0
KNN,No SMOTE,0,0,0.0
KNN,No SMOTE,0,0,0.0
KNN,No SMOTE,0,0,0.0
KNN,No SMOTE,0,0,0.0
KNN,No SMOTE,0,0,0.0
KNN,No SMOTE,0,0,0.0
KNN,No SMOTE,0,0,0.0
KNN,No SMOTE,0,0,0.0
KNN,No SMOTE,0,0,0.0
KNN,No SMOTE,0,0,0.0
KNN,No SMOTE,0,0,0.0
KNN,No SMOTE,0,0,0.0
KNN,No SMOTE,0,0,0.0
KNN,No SMOTE,0,0,0.0
KNN,No SMOTE,0,0,0.0
KNN,No SMOTE,0,0,0.0
KNN,No SMOTE,0,0,0.0
KNN,No SMOTE,0,0,0.0
KNN,No SMOTE,0,0,0.0
KNN,No SMOTE,0,0,0.0
KNN,No SMOTE,0,0,0.0
KNN,No SMOTE,0,0,0.0
KNN,No SMOTE,0,0,0.0
KNN,No SMOTE,0,0,0.0
KNN,No SMOTE,0,0,0.0
KNN,No SMOTE,0,0,0.0
KNN,No SMOTE,0,0,0.0
KNN,No SMOTE,0,0,0.0
KNN,No SMOTE,0,0,0.0
KNN,No SMOTE,0,0,0.0
KNN,No SMOTE,0,0,0.0
KNN,No SMOTE,0,0,0.0
KNN,No SMOTE,0,0,0.0
KNN,No SMOTE,0,0,0.0
KNN,No SMOTE,0,0,0.0
KNN,No SMOTE,0,0,0.0
KNN,No SMOTE,0,0,0.0
KNN,No SMOTE,0,0,0.0
KNN,No SMOTE,0,0,0.0
KNN,No SMOTE,0,0,0.0
KNN,No SMOTE,0,0,0.0
KNN,No SMOTE,0,0,0.0
KNN,No SMOTE,0,0,0.0
KNN,No SMOTE,0,0,0.0
KNN,No SMOTE,0,0,0.0
KNN,No SMOTE,0,0,0.0
KNN,No SMOTE,0,0,0.0
KNN,No SMOTE,0,0,0.0
KNN,No SMOTE,0,0,0.0
KNN,No SMOTE,0,0,0.0
KNN,No SMOTE,0,0,0.0
KNN,No SMOTE,0,0,0.0
KNN,No SMOTE,0,0,0.0
KNN,No SMOTE,0,0,0.0
KNN,No SMOTE,0,0,0.0
KNN,No SMOTE,0,0,0.0
KNN,No SMOTE,0,0,0.0
KNN,No SMOTE,0,0,0.0
KNN,No SMOTE,0,0,0.0
KNN,No SMOTE,0,0,0.0
KNN,No SMOTE,0,0,0.0
KNN,No SMOTE,0,0,0.0
KNN,No SMOTE,0,0,0.0
KNN,No SMOTE,0,0,0.0
KNN,No SMOTE,0,0,0.0
KNN,No SMOTE,0,0,0.0
KNN,No SMOTE,0,0,0.0
KNN,No SMOTE,0,0,0.0
KNN,No SMOTE,0,0,0.0
KNN,No SMOTE,0,0,0.0
KNN,No SMOTE,0,0,0.0
KNN,No SMOTE,0,0,0.0
KNN,No SMOTE,0,0,0.0
KNN,No SMOTE,0,0,0.0
KNN,No SMOTE,0,0,0.0
KNN,No SMOTE,0,0,0.0
KNN,No SMOTE,0,0,0.0
KNN,No SMOTE,0,0,0.0
KNN,No SMOTE,0,0,0.0
KNN,No SMOTE,0,0,0.0
KNN,No SMOTE,0,0,0.0
KNN,No SMOTE,0,0,0.0
KNN,No SMOTE,0,0,0.0
KNN,No SMOTE,0,0,0.0
KNN,No SMOTE,0,0,0.0
KNN,No SMOTE,0,0,0.0
KNN,No SMOTE,0,0,0.0
KNN,No SMOTE,0,0,0.0
KNN,No SMOTE,0,0,0.0
KNN,No SMOTE,0,0,0.0
KNN,No SMOTE,0,0,0.0
KNN,No SMOTE,0,0,0.0
KNN,No SMOTE,0,0,0.0
KNN,No SMOTE,0,0,0.0
KNN,No SMOTE,0,0,0.0
KNN,No SMOTE,0,0,0.0
KNN,No SMOTE,0,0,0.0
KNN,No SMOTE,0,0,0.0
KNN,No SMOTE,0,0,0.0
KNN,No SMOTE,0,0,0.0
KNN,No SMOTE,0,0,0.0
